     1     1
    CDC1    15    11     1     0     0
     1 BACKWARD OMEGA   
    15    11    30     0   60.984 -139.059   750.0
     1 PRESSURE
     1     1    15    11    30     0     0     0     0.0   60.984 -139.059    750.0    799.3
     1     1    15    11    29    23     0     0    -1.0   60.815 -139.051    694.6    807.8
     1     1    15    11    29    22     0     0    -2.0   60.627 -139.066    633.5    818.1
     1     1    15    11    29    21     0     0    -3.0   60.421 -139.102    566.9    829.0
     1     1    15    11    29    20     0     0    -4.0   60.202 -139.156    495.8    840.6
     1     1    15    11    29    19     0     0    -5.0   59.972 -139.223    422.3    853.8
     1     1    15    11    29    18     0     0    -6.0   59.745 -139.293    352.1    870.3
     1     1    15    11    29    17     0     0    -7.0   59.540 -139.332    292.5    884.5
     1     1    15    11    29    16     0     0    -8.0   59.359 -139.316    245.1    896.4
     1     1    15    11    29    15     0     0    -9.0   59.196 -139.256    207.6    906.8
     1     1    15    11    29    14     0     0   -10.0   59.044 -139.157    177.4    915.1
     1     1    15    11    29    13     0     0   -11.0   58.897 -139.024    152.3    922.5
     1     1    15    11    29    12     0     0   -12.0   58.753 -138.857    131.4    929.6
     1     1    15    11    29    11     0     0   -13.0   58.612 -138.658    113.3    936.0
     1     1    15    11    29    10     0     0   -14.0   58.479 -138.427     97.1    942.0
     1     1    15    11    29     9     0     0   -15.0   58.354 -138.158     82.8    947.5
     1     1    15    11    29     8     0     0   -16.0   58.236 -137.848     70.4    952.0
     1     1    15    11    29     7     0     0   -17.0   58.122 -137.495     59.3    955.5
     1     1    15    11    29     6     0     0   -18.0   58.009 -137.107     49.0    957.8
     1     1    15    11    29     5     0     0   -19.0   57.887 -136.695     39.9    960.3
     1     1    15    11    29     4     0     0   -20.0   57.747 -136.262     32.3    963.0
     1     1    15    11    29     3     0     0   -21.0   57.590 -135.809     25.9    965.6
     1     1    15    11    29     2     0     0   -22.0   57.420 -135.339     20.6    967.4
     1     1    15    11    29     1     0     0   -23.0   57.232 -134.864     16.0    967.6
     1     1    15    11    29     0     0     0   -24.0   57.028 -134.404     11.5    966.2
     1     1    15    11    28    23     0     0   -25.0   56.818 -133.971      6.8    965.3
     1     1    15    11    28    22     0     0   -26.0   56.612 -133.568      1.7    964.7
     1     1    15    11    28    21     0     0   -27.0   56.409 -133.187      0.0    964.7
     1     1    15    11    28    20     0     0   -28.0   56.210 -132.819      0.0    965.2
     1     1    15    11    28    19     0     0   -29.0   56.017 -132.459      0.0    965.6
     1     1    15    11    28    18     0     0   -30.0   55.837 -132.106      0.0    963.9
     1     1    15    11    28    17     0     0   -31.0   55.672 -131.760      0.0    961.7
     1     1    15    11    28    16     0     0   -32.0   55.517 -131.418      0.0    959.4
     1     1    15    11    28    15     0     0   -33.0   55.375 -131.082      0.0    956.9
     1     1    15    11    28    14     0     0   -34.0   55.248 -130.753      0.0    954.1
     1     1    15    11    28    13     0     0   -35.0   55.138 -130.431      0.0    951.0
     1     1    15    11    28    12     0     0   -36.0   55.045 -130.118      0.0    947.7
     1     1    15    11    28    11     0     0   -37.0   54.972 -129.819      0.0    944.8
     1     1    15    11    28    10     0     0   -38.0   54.920 -129.536      0.0    941.8
     1     1    15    11    28     9     0     0   -39.0   54.889 -129.269      0.0    938.5
     1     1    15    11    28     8     0     0   -40.0   54.878 -129.014      0.0    935.0
     1     1    15    11    28     7     0     0   -41.0   54.888 -128.771      0.0    931.1
     1     1    15    11    28     6     0     0   -42.0   54.919 -128.536      0.0    927.0
     1     1    15    11    28     5     0     0   -43.0   54.967 -128.306      0.0    922.7
     1     1    15    11    28     4     0     0   -44.0   55.024 -128.076      0.0    918.2
     1     1    15    11    28     3     0     0   -45.0   55.087 -127.852      0.0    913.8
     1     1    15    11    28     2     0     0   -46.0   55.152 -127.634      0.2    909.5
     1     1    15    11    28     1     0     0   -47.0   55.217 -127.423      0.5    906.4
     1     1    15    11    28     0     0     0   -48.0   55.273 -127.218      0.8    904.9
     1     1    15    11    27    23     0     0   -49.0   55.323 -127.037      1.3    903.7
     1     1    15    11    27    22     0     0   -50.0   55.371 -126.896      1.9    902.6
     1     1    15    11    27    21     0     0   -51.0   55.418 -126.796      2.6    901.7
     1     1    15    11    27    20     0     0   -52.0   55.466 -126.735      3.4    901.0
     1     1    15    11    27    19     0     0   -53.0   55.517 -126.709      4.4    900.3
     1     1    15    11    27    18     0     0   -54.0   55.570 -126.719      5.5    899.8
     1     1    15    11    27    17     0     0   -55.0   55.620 -126.747      6.7    899.0
     1     1    15    11    27    16     0     0   -56.0   55.662 -126.778      7.8    898.4
     1     1    15    11    27    15     0     0   -57.0   55.698 -126.813      9.0    897.9
     1     1    15    11    27    14     0     0   -58.0   55.727 -126.851     10.3    897.3
     1     1    15    11    27    13     0     0   -59.0   55.751 -126.893     11.8    896.6
     1     1    15    11    27    12     0     0   -60.0   55.771 -126.941     13.6    896.0
     1     1    15    11    27    11     0     0   -61.0   55.794 -127.002     15.8    895.4
     1     1    15    11    27    10     0     0   -62.0   55.828 -127.085     18.4    894.5
     1     1    15    11    27     9     0     0   -63.0   55.873 -127.193     21.3    893.5
     1     1    15    11    27     8     0     0   -64.0   55.926 -127.327     24.8    892.3
     1     1    15    11    27     7     0     0   -65.0   55.986 -127.488     28.7    890.9
     1     1    15    11    27     6     0     0   -66.0   56.047 -127.677     33.2    891.6
     1     1    15    11    27     5     0     0   -67.0   56.099 -127.877     38.1    892.8
     1     1    15    11    27     4     0     0   -68.0   56.138 -128.073     43.8    894.0
     1     1    15    11    27     3     0     0   -69.0   56.165 -128.260     50.2    895.3
     1     1    15    11    27     2     0     0   -70.0   56.180 -128.436     57.5    896.7
     1     1    15    11    27     1     0     0   -71.0   56.185 -128.599     65.8    898.1
     1     1    15    11    27     0     0     0   -72.0   56.180 -128.748     75.2    899.4
