     1     1
    CDC1    15    11     1     0     0
     1 BACKWARD OMEGA   
    15    11     6     6   60.984 -139.059   750.0
     1 PRESSURE
     1     1    15    11     6     6     0     0     0.0   60.984 -139.059    750.0    795.3
     1     1    15    11     6     5     0     0    -1.0   60.503 -138.896    621.9    817.3
     1     1    15    11     6     4     0     0    -2.0   60.046 -138.660    485.2    840.5
     1     1    15    11     6     3     0     0    -3.0   59.633 -138.338    360.6    870.8
     1     1    15    11     6     2     0     0    -4.0   59.280 -137.923    267.3    894.5
     1     1    15    11     6     1     0     0    -5.0   58.980 -137.422    203.2    912.1
     1     1    15    11     6     0     0     0    -6.0   58.721 -136.873    157.4    923.4
     1     1    15    11     5    23     0     0    -7.0   58.506 -136.328    123.7    931.8
     1     1    15    11     5    22     0     0    -8.0   58.341 -135.828     99.4    937.7
     1     1    15    11     5    21     0     0    -9.0   58.223 -135.385     82.1    941.7
     1     1    15    11     5    20     0     0   -10.0   58.145 -135.004     69.5    943.7
     1     1    15    11     5    19     0     0   -11.0   58.089 -134.677     59.7    942.1
     1     1    15    11     5    18     0     0   -12.0   58.045 -134.395     51.8    940.5
     1     1    15    11     5    17     0     0   -13.0   58.014 -134.148     45.8    938.4
     1     1    15    11     5    16     0     0   -14.0   57.993 -133.931     41.4    936.3
     1     1    15    11     5    15     0     0   -15.0   57.985 -133.743     38.6    934.2
     1     1    15    11     5    14     0     0   -16.0   57.990 -133.584     37.3    932.1
     1     1    15    11     5    13     0     0   -17.0   58.007 -133.451     37.7    929.8
     1     1    15    11     5    12     0     0   -18.0   58.036 -133.347     39.7    927.6
     1     1    15    11     5    11     0     0   -19.0   58.076 -133.271     42.4    925.0
     1     1    15    11     5    10     0     0   -20.0   58.128 -133.217     44.5    922.6
     1     1    15    11     5     9     0     0   -21.0   58.192 -133.182     46.0    920.4
     1     1    15    11     5     8     0     0   -22.0   58.266 -133.163     46.8    918.2
     1     1    15    11     5     7     0     0   -23.0   58.352 -133.157     46.9    916.1
     1     1    15    11     5     6     0     0   -24.0   58.448 -133.161     46.5    913.8
     1     1    15    11     5     5     0     0   -25.0   58.544 -133.186     46.1    911.6
     1     1    15    11     5     4     0     0   -26.0   58.626 -133.243     45.8    909.9
     1     1    15    11     5     3     0     0   -27.0   58.699 -133.333     45.7    908.9
     1     1    15    11     5     2     0     0   -28.0   58.762 -133.458     45.6    908.4
     1     1    15    11     5     1     0     0   -29.0   58.819 -133.621     45.5    908.5
     1     1    15    11     5     0     0     0   -30.0   58.873 -133.822     45.3    909.0
     1     1    15    11     4    23     0     0   -31.0   58.922 -134.033     44.6    909.6
     1     1    15    11     4    22     0     0   -32.0   58.965 -134.221     43.0    910.1
     1     1    15    11     4    21     0     0   -33.0   59.003 -134.388     40.8    910.4
     1     1    15    11     4    20     0     0   -34.0   59.036 -134.536     38.0    910.7
     1     1    15    11     4    19     0     0   -35.0   59.065 -134.665     34.7    910.9
     1     1    15    11     4    18     0     0   -36.0   59.089 -134.776     31.2    910.9
     1     1    15    11     4    17     0     0   -37.0   59.112 -134.874     27.7    911.4
     1     1    15    11     4    16     0     0   -38.0   59.135 -134.965     24.5    911.6
     1     1    15    11     4    15     0     0   -39.0   59.158 -135.048     21.6    911.6
     1     1    15    11     4    14     0     0   -40.0   59.182 -135.123     18.9    911.2
     1     1    15    11     4    13     0     0   -41.0   59.205 -135.188     16.6    910.9
     1     1    15    11     4    12     0     0   -42.0   59.229 -135.244     14.6    910.4
     1     1    15    11     4    11     0     0   -43.0   59.244 -135.265     12.8    909.6
     1     1    15    11     4    10     0     0   -44.0   59.241 -135.228     11.1    909.1
     1     1    15    11     4     9     0     0   -45.0   59.216 -135.133      9.7    908.9
     1     1    15    11     4     8     0     0   -46.0   59.167 -134.981      8.4    908.7
     1     1    15    11     4     7     0     0   -47.0   59.089 -134.781      6.8    908.2
     1     1    15    11     4     6     0     0   -48.0   58.981 -134.544      5.2    908.1
     1     1    15    11     4     5     0     0   -49.0   58.845 -134.300      3.3    909.8
     1     1    15    11     4     4     0     0   -50.0   58.688 -134.072      1.0    911.9
     1     1    15    11     4     3     0     0   -51.0   58.513 -133.856      0.0    914.5
     1     1    15    11     4     2     0     0   -52.0   58.324 -133.644      0.0    917.2
     1     1    15    11     4     1     0     0   -53.0   58.122 -133.423      0.0    919.8
     1     1    15    11     4     0     0     0   -54.0   57.912 -133.177      0.0    922.0
     1     1    15    11     3    23     0     0   -55.0   57.705 -132.915      0.0    923.7
     1     1    15    11     3    22     0     0   -56.0   57.505 -132.660      0.0    924.8
     1     1    15    11     3    21     0     0   -57.0   57.310 -132.435      0.0    927.0
     1     1    15    11     3    20     0     0   -58.0   57.125 -132.262      0.0    929.2
     1     1    15    11     3    19     0     0   -59.0   56.953 -132.138      0.0    931.9
     1     1    15    11     3    18     0     0   -60.0   56.795 -132.058      0.0    935.0
     1     1    15    11     3    17     0     0   -61.0   56.656 -132.011      0.0    938.0
     1     1    15    11     3    16     0     0   -62.0   56.544 -131.992      0.0    940.9
     1     1    15    11     3    15     0     0   -63.0   56.457 -132.000      0.0    943.6
     1     1    15    11     3    14     0     0   -64.0   56.397 -132.036      0.0    946.2
     1     1    15    11     3    13     0     0   -65.0   56.364 -132.100      0.0    948.6
     1     1    15    11     3    12     0     0   -66.0   56.358 -132.189      0.0    950.9
     1     1    15    11     3    11     0     0   -67.0   56.370 -132.294      0.0    952.3
     1     1    15    11     3    10     0     0   -68.0   56.389 -132.405      0.0    953.7
     1     1    15    11     3     9     0     0   -69.0   56.415 -132.524      0.0    955.0
     1     1    15    11     3     8     0     0   -70.0   56.447 -132.650      0.0    955.7
     1     1    15    11     3     7     0     0   -71.0   56.485 -132.782      0.0    956.4
     1     1    15    11     3     6     0     0   -72.0   56.532 -132.918      0.0    957.1
