     1     1
    CDC1    15    12     1     0     0
     1 BACKWARD OMEGA   
    15    12     9    18   60.984 -139.059   750.0
     1 PRESSURE
     1     1    15    12     9    18     0     0     0.0   60.984 -139.059    750.0    783.8
     1     1    15    12     9    17     0     0    -1.0   60.653 -138.935    704.3    793.0
     1     1    15    12     9    16     0     0    -2.0   60.298 -138.782    647.1    804.6
     1     1    15    12     9    15     0     0    -3.0   59.920 -138.600    579.1    818.8
     1     1    15    12     9    14     0     0    -4.0   59.529 -138.400    506.7    838.3
     1     1    15    12     9    13     0     0    -5.0   59.133 -138.190    435.1    858.0
     1     1    15    12     9    12     0     0    -6.0   58.732 -137.966    367.2    877.6
     1     1    15    12     9    11     0     0    -7.0   58.338 -137.724    309.3    895.5
     1     1    15    12     9    10     0     0    -8.0   57.954 -137.473    264.0    911.3
     1     1    15    12     9     9     0     0    -9.0   57.572 -137.222    228.6    925.3
     1     1    15    12     9     8     0     0   -10.0   57.190 -137.003    200.6    933.4
     1     1    15    12     9     7     0     0   -11.0   56.806 -136.848    178.5    939.5
     1     1    15    12     9     6     0     0   -12.0   56.415 -136.765    160.9    945.9
     1     1    15    12     9     5     0     0   -13.0   56.006 -136.751    146.1    952.6
     1     1    15    12     9     4     0     0   -14.0   55.575 -136.805    133.4    959.7
     1     1    15    12     9     3     0     0   -15.0   55.110 -136.938    123.0    966.8
     1     1    15    12     9     2     0     0   -16.0   54.618 -137.153    114.0    968.3
     1     1    15    12     9     1     0     0   -17.0   54.112 -137.447    106.1    967.7
     1     1    15    12     9     0     0     0   -18.0   53.592 -137.833     99.0    966.0
     1     1    15    12     8    23     0     0   -19.0   53.067 -138.339     92.9    964.0
     1     1    15    12     8    22     0     0   -20.0   52.536 -138.988     87.6    962.0
     1     1    15    12     8    21     0     0   -21.0   52.010 -139.726     83.3    962.1
     1     1    15    12     8    20     0     0   -22.0   51.510 -140.483     80.3    964.3
     1     1    15    12     8    19     0     0   -23.0   51.040 -141.272     78.4    967.3
     1     1    15    12     8    18     0     0   -24.0   50.594 -142.111     77.5    970.5
     1     1    15    12     8    17     0     0   -25.0   50.170 -143.005     77.1    971.6
     1     1    15    12     8    16     0     0   -26.0   49.766 -143.947     77.0    969.4
     1     1    15    12     8    15     0     0   -27.0   49.383 -144.931     76.9    966.6
     1     1    15    12     8    14     0     0   -28.0   49.029 -145.944     76.7    965.4
     1     1    15    12     8    13     0     0   -29.0   48.713 -146.986     76.2    964.3
     1     1    15    12     8    12     0     0   -30.0   48.442 -148.050     75.4    964.8
     1     1    15    12     8    11     0     0   -31.0   48.218 -149.097     74.9    966.3
     1     1    15    12     8    10     0     0   -32.0   48.038 -150.102     75.0    967.2
     1     1    15    12     8     9     0     0   -33.0   47.888 -151.065     75.3    968.3
     1     1    15    12     8     8     0     0   -34.0   47.763 -151.984     75.5    969.3
     1     1    15    12     8     7     0     0   -35.0   47.664 -152.864     75.3    970.1
     1     1    15    12     8     6     0     0   -36.0   47.589 -153.706     74.5    971.1
     1     1    15    12     8     5     0     0   -37.0   47.530 -154.502     72.9    971.3
     1     1    15    12     8     4     0     0   -38.0   47.475 -155.260     70.4    971.2
     1     1    15    12     8     3     0     0   -39.0   47.422 -155.997     67.6    970.9
     1     1    15    12     8     2     0     0   -40.0   47.372 -156.726     64.5    970.8
     1     1    15    12     8     1     0     0   -41.0   47.335 -157.453     61.3    971.0
     1     1    15    12     8     0     0     0   -42.0   47.314 -158.187     58.2    970.2
     1     1    15    12     7    23     0     0   -43.0   47.303 -158.898     55.1    969.7
     1     1    15    12     7    22     0     0   -44.0   47.295 -159.548     52.1    969.2
     1     1    15    12     7    21     0     0   -45.0   47.287 -160.146     49.2    968.5
     1     1    15    12     7    20     0     0   -46.0   47.280 -160.702     46.5    967.2
     1     1    15    12     7    19     0     0   -47.0   47.279 -161.225     44.0    965.9
     1     1    15    12     7    18     0     0   -48.0   47.290 -161.719     41.6    964.4
     1     1    15    12     7    17     0     0   -49.0   47.296 -162.184     39.4    963.7
     1     1    15    12     7    16     0     0   -50.0   47.282 -162.623     37.2    963.1
     1     1    15    12     7    15     0     0   -51.0   47.250 -163.045     35.0    963.0
     1     1    15    12     7    14     0     0   -52.0   47.204 -163.455     32.9    962.8
     1     1    15    12     7    13     0     0   -53.0   47.146 -163.856     30.9    962.5
     1     1    15    12     7    12     0     0   -54.0   47.079 -164.254     28.9    962.2
     1     1    15    12     7    11     0     0   -55.0   46.998 -164.659     27.1    963.0
     1     1    15    12     7    10     0     0   -56.0   46.899 -165.076     25.5    963.9
     1     1    15    12     7     9     0     0   -57.0   46.779 -165.489     24.0    965.4
     1     1    15    12     7     8     0     0   -58.0   46.640 -165.890     22.5    966.7
     1     1    15    12     7     7     0     0   -59.0   46.474 -166.273     21.0    967.7
     1     1    15    12     7     6     0     0   -60.0   46.276 -166.632     19.5    968.6
     1     1    15    12     7     5     0     0   -61.0   46.064 -167.002     18.0    970.0
     1     1    15    12     7     4     0     0   -62.0   45.857 -167.418     16.6    971.6
     1     1    15    12     7     3     0     0   -63.0   45.652 -167.877     15.3    973.1
     1     1    15    12     7     2     0     0   -64.0   45.447 -168.379     14.1    974.3
     1     1    15    12     7     1     0     0   -65.0   45.223 -168.923     13.0    975.6
     1     1    15    12     7     0     0     0   -66.0   44.957 -169.509     12.0    976.7
     1     1    15    12     6    23     0     0   -67.0   44.676 -170.114     11.1    976.5
     1     1    15    12     6    22     0     0   -68.0   44.433 -170.722     10.3    976.1
     1     1    15    12     6    21     0     0   -69.0   44.229 -171.337      9.7    976.0
     1     1    15    12     6    20     0     0   -70.0   44.050 -171.965      9.1    976.3
     1     1    15    12     6    19     0     0   -71.0   43.883 -172.606      8.7    977.0
     1     1    15    12     6    18     0     0   -72.0   43.716 -173.257      8.3    978.1
