     1     1
    CDC1    15    12     1     0     0
     1 BACKWARD OMEGA   
    15    12     8     0   60.984 -139.059   750.0
     1 PRESSURE
     1     1    15    12     8     0     0     0     0.0   60.984 -139.059    750.0    790.8
     1     1    15    12     7    23     0     0    -1.0   60.914 -139.217    768.1    790.1
     1     1    15    12     7    22     0     0    -2.0   60.843 -139.359    784.5    789.7
     1     1    15    12     7    21     0     0    -3.0   60.771 -139.483    799.0    789.5
     1     1    15    12     7    20     0     0    -4.0   60.698 -139.589    811.6    789.5
     1     1    15    12     7    19     0     0    -5.0   60.625 -139.674    822.3    789.7
     1     1    15    12     7    18     0     0    -6.0   60.553 -139.738    830.9    790.0
     1     1    15    12     7    17     0     0    -7.0   60.484 -139.789    837.7    790.3
     1     1    15    12     7    16     0     0    -8.0   60.424 -139.835    842.5    790.6
     1     1    15    12     7    15     0     0    -9.0   60.373 -139.881    845.4    791.0
     1     1    15    12     7    14     0     0   -10.0   60.331 -139.930    846.2    791.4
     1     1    15    12     7    13     0     0   -11.0   60.298 -139.982    845.1    791.8
     1     1    15    12     7    12     0     0   -12.0   60.275 -140.041    842.2    792.5
     1     1    15    12     7    11     0     0   -13.0   60.255 -140.084    838.3    792.9
     1     1    15    12     7    10     0     0   -14.0   60.231 -140.093    834.7    793.2
     1     1    15    12     7     9     0     0   -15.0   60.203 -140.068    831.0    793.4
     1     1    15    12     7     8     0     0   -16.0   60.170 -140.009    827.1    793.5
     1     1    15    12     7     7     0     0   -17.0   60.132 -139.917    823.0    793.8
     1     1    15    12     7     6     0     0   -18.0   60.086 -139.791    818.5    794.3
     1     1    15    12     7     5     0     0   -19.0   60.038 -139.642    814.9    795.4
     1     1    15    12     7     4     0     0   -20.0   59.996 -139.479    812.9    796.1
     1     1    15    12     7     3     0     0   -21.0   59.960 -139.304    812.7    797.1
     1     1    15    12     7     2     0     0   -22.0   59.929 -139.118    814.2    797.7
     1     1    15    12     7     1     0     0   -23.0   59.902 -138.921    817.4    798.0
     1     1    15    12     7     0     0     0   -24.0   59.881 -138.714    822.2    797.9
     1     1    15    12     6    23     0     0   -25.0   59.857 -138.490    829.2    797.9
     1     1    15    12     6    22     0     0   -26.0   59.822 -138.242    838.2    797.9
     1     1    15    12     6    21     0     0   -27.0   59.776 -137.970    849.5    798.0
     1     1    15    12     6    20     0     0   -28.0   59.717 -137.672    863.4    798.2
     1     1    15    12     6    19     0     0   -29.0   59.646 -137.346    879.7    798.1
     1     1    15    12     6    18     0     0   -30.0   59.558 -136.994    898.2    797.8
     1     1    15    12     6    17     0     0   -31.0   59.452 -136.614    913.0    797.5
     1     1    15    12     6    16     0     0   -32.0   59.326 -136.204    919.1    798.9
     1     1    15    12     6    15     0     0   -33.0   59.177 -135.758    915.3    801.8
     1     1    15    12     6    14     0     0   -34.0   59.003 -135.270    901.0    806.0
     1     1    15    12     6    13     0     0   -35.0   58.797 -134.737    875.3    810.0
     1     1    15    12     6    12     0     0   -36.0   58.553 -134.163    838.6    813.4
     1     1    15    12     6    11     0     0   -37.0   58.281 -133.574    798.2    817.2
     1     1    15    12     6    10     0     0   -38.0   57.996 -132.993    760.8    819.3
     1     1    15    12     6     9     0     0   -39.0   57.701 -132.420    724.7    820.4
     1     1    15    12     6     8     0     0   -40.0   57.405 -131.871    689.5    820.4
     1     1    15    12     6     7     0     0   -41.0   57.116 -131.364    655.0    821.7
     1     1    15    12     6     6     0     0   -42.0   56.839 -130.903    619.2    823.8
     1     1    15    12     6     5     0     0   -43.0   56.568 -130.482    583.4    827.1
     1     1    15    12     6     4     0     0   -44.0   56.294 -130.090    549.9    830.5
     1     1    15    12     6     3     0     0   -45.0   56.025 -129.715    520.9    835.2
     1     1    15    12     6     2     0     0   -46.0   55.766 -129.343    497.5    839.3
     1     1    15    12     6     1     0     0   -47.0   55.514 -128.955    480.1    841.9
     1     1    15    12     6     0     0     0   -48.0   55.257 -128.535    469.6    843.1
     1     1    15    12     5    23     0     0   -49.0   54.967 -128.101    460.2    842.7
     1     1    15    12     5    22     0     0   -50.0   54.632 -127.694    443.2    844.2
     1     1    15    12     5    21     0     0   -51.0   54.264 -127.329    416.3    849.2
     1     1    15    12     5    20     0     0   -52.0   53.872 -126.998    378.5    856.9
     1     1    15    12     5    19     0     0   -53.0   53.466 -126.696    329.0    864.5
     1     1    15    12     5    18     0     0   -54.0   53.059 -126.416    269.0    872.8
     1     1    15    12     5    17     0     0   -55.0   52.675 -126.129    209.1    881.2
     1     1    15    12     5    16     0     0   -56.0   52.329 -125.829    160.4    886.2
     1     1    15    12     5    15     0     0   -57.0   52.020 -125.529    123.8    890.5
     1     1    15    12     5    14     0     0   -58.0   51.743 -125.240     95.9    893.8
     1     1    15    12     5    13     0     0   -59.0   51.493 -124.968     71.8    896.9
     1     1    15    12     5    12     0     0   -60.0   51.266 -124.708     50.0    899.3
     1     1    15    12     5    11     0     0   -61.0   51.062 -124.470     31.5    901.6
     1     1    15    12     5    10     0     0   -62.0   50.885 -124.270     17.8    904.1
     1     1    15    12     5     9     0     0   -63.0   50.731 -124.111      8.4    905.5
     1     1    15    12     5     8     0     0   -64.0   50.592 -123.995      1.8    906.3
     1     1    15    12     5     7     0     0   -65.0   50.457 -123.923      0.0    907.8
     1     1    15    12     5     6     0     0   -66.0   50.325 -123.889      0.0    909.7
     1     1    15    12     5     5     0     0   -67.0   50.191 -123.865      0.0    911.3
     1     1    15    12     5     4     0     0   -68.0   50.053 -123.825      0.0    912.7
     1     1    15    12     5     3     0     0   -69.0   49.911 -123.775      0.0    915.5
     1     1    15    12     5     2     0     0   -70.0   49.766 -123.724      0.0    919.2
     1     1    15    12     5     1     0     0   -71.0   49.616 -123.675      0.0    923.2
     1     1    15    12     5     0     0     0   -72.0   49.461 -123.632      0.0    927.4
