     1     1
    CDC1    15    11     1     0     0
     1 BACKWARD OMEGA   
    15    11    17    12   60.984 -139.059   750.0
     1 PRESSURE
     1     1    15    11    17    12     0     0     0.0   60.984 -139.059    750.0    787.1
     1     1    15    11    17    11     0     0    -1.0   60.946 -139.049    713.6    791.6
     1     1    15    11    17    10     0     0    -2.0   60.917 -139.021    683.9    795.0
     1     1    15    11    17     9     0     0    -3.0   60.897 -138.976    660.8    797.5
     1     1    15    11    17     8     0     0    -4.0   60.885 -138.910    643.9    799.2
     1     1    15    11    17     7     0     0    -5.0   60.882 -138.824    633.2    800.0
     1     1    15    11    17     6     0     0    -6.0   60.885 -138.714    628.3    800.0
     1     1    15    11    17     5     0     0    -7.0   60.895 -138.595    628.0    799.8
     1     1    15    11    17     4     0     0    -8.0   60.914 -138.480    630.1    799.3
     1     1    15    11    17     3     0     0    -9.0   60.940 -138.367    635.2    798.3
     1     1    15    11    17     2     0     0   -10.0   60.972 -138.255    643.2    797.0
     1     1    15    11    17     1     0     0   -11.0   61.010 -138.145    654.4    795.2
     1     1    15    11    17     0     0     0   -12.0   61.052 -138.036    668.8    793.0
     1     1    15    11    16    23     0     0   -13.0   61.089 -137.921    684.7    790.7
     1     1    15    11    16    22     0     0   -14.0   61.116 -137.793    700.3    788.7
     1     1    15    11    16    21     0     0   -15.0   61.132 -137.655    715.6    787.0
     1     1    15    11    16    20     0     0   -16.0   61.137 -137.508    730.6    785.5
     1     1    15    11    16    19     0     0   -17.0   61.132 -137.352    744.9    784.0
     1     1    15    11    16    18     0     0   -18.0   61.114 -137.187    758.4    782.8
     1     1    15    11    16    17     0     0   -19.0   61.077 -137.029    770.4    782.7
     1     1    15    11    16    16     0     0   -20.0   61.015 -136.891    779.3    783.3
     1     1    15    11    16    15     0     0   -21.0   60.930 -136.774    785.8    784.6
     1     1    15    11    16    14     0     0   -22.0   60.823 -136.676    789.7    786.6
     1     1    15    11    16    13     0     0   -23.0   60.693 -136.595    791.3    789.1
     1     1    15    11    16    12     0     0   -24.0   60.541 -136.525    790.5    792.3
     1     1    15    11    16    11     0     0   -25.0   60.381 -136.464    787.4    795.2
     1     1    15    11    16    10     0     0   -26.0   60.227 -136.411    782.4    798.2
     1     1    15    11    16     9     0     0   -27.0   60.082 -136.369    775.4    801.3
     1     1    15    11    16     8     0     0   -28.0   59.944 -136.339    766.5    805.3
     1     1    15    11    16     7     0     0   -29.0   59.814 -136.321    755.7    810.4
     1     1    15    11    16     6     0     0   -30.0   59.691 -136.312    743.1    815.7
     1     1    15    11    16     5     0     0   -31.0   59.568 -136.312    729.0    820.9
     1     1    15    11    16     4     0     0   -32.0   59.438 -136.320    712.8    826.6
     1     1    15    11    16     3     0     0   -33.0   59.302 -136.342    695.0    832.8
     1     1    15    11    16     2     0     0   -34.0   59.161 -136.383    675.9    839.5
     1     1    15    11    16     1     0     0   -35.0   59.016 -136.449    655.7    846.8
     1     1    15    11    16     0     0     0   -36.0   58.867 -136.548    635.1    854.5
     1     1    15    11    15    23     0     0   -37.0   58.720 -136.667    612.4    862.0
     1     1    15    11    15    22     0     0   -38.0   58.584 -136.796    586.1    869.5
     1     1    15    11    15    21     0     0   -39.0   58.460 -136.935    556.4    877.2
     1     1    15    11    15    20     0     0   -40.0   58.349 -137.088    523.6    885.1
     1     1    15    11    15    19     0     0   -41.0   58.255 -137.256    488.0    893.0
     1     1    15    11    15    18     0     0   -42.0   58.178 -137.442    449.9    901.0
     1     1    15    11    15    17     0     0   -43.0   58.116 -137.634    412.5    908.7
     1     1    15    11    15    16     0     0   -44.0   58.062 -137.824    378.6    915.3
     1     1    15    11    15    15     0     0   -45.0   58.014 -138.023    348.6    920.7
     1     1    15    11    15    14     0     0   -46.0   57.971 -138.239    322.5    925.6
     1     1    15    11    15    13     0     0   -47.0   57.930 -138.479    299.7    930.4
     1     1    15    11    15    12     0     0   -48.0   57.890 -138.750    280.0    934.9
     1     1    15    11    15    11     0     0   -49.0   57.857 -139.042    263.0    939.3
     1     1    15    11    15    10     0     0   -50.0   57.833 -139.343    248.7    943.1
     1     1    15    11    15     9     0     0   -51.0   57.820 -139.650    236.8    946.4
     1     1    15    11    15     8     0     0   -52.0   57.815 -139.963    227.0    949.0
     1     1    15    11    15     7     0     0   -53.0   57.820 -140.269    218.9    951.6
     1     1    15    11    15     6     0     0   -54.0   57.831 -140.555    211.7    953.8
     1     1    15    11    15     5     0     0   -55.0   57.847 -140.838    204.2    955.6
     1     1    15    11    15     4     0     0   -56.0   57.867 -141.135    195.5    957.6
     1     1    15    11    15     3     0     0   -57.0   57.894 -141.449    185.7    959.3
     1     1    15    11    15     2     0     0   -58.0   57.928 -141.782    174.9    960.9
     1     1    15    11    15     1     0     0   -59.0   57.974 -142.135    163.2    962.3
     1     1    15    11    15     0     0     0   -60.0   58.032 -142.509    150.7    963.5
     1     1    15    11    14    23     0     0   -61.0   58.100 -142.910    140.3    964.6
     1     1    15    11    14    22     0     0   -62.0   58.178 -143.337    134.8    964.8
     1     1    15    11    14    21     0     0   -63.0   58.272 -143.776    134.1    963.9
     1     1    15    11    14    20     0     0   -64.0   58.388 -144.209    138.1    961.7
     1     1    15    11    14    19     0     0   -65.0   58.528 -144.616    147.0    958.1
     1     1    15    11    14    18     0     0   -66.0   58.695 -144.985    161.3    952.7
     1     1    15    11    14    17     0     0   -67.0   58.877 -145.298    179.3    945.7
     1     1    15    11    14    16     0     0   -68.0   59.061 -145.553    199.2    938.7
     1     1    15    11    14    15     0     0   -69.0   59.248 -145.757    220.8    930.6
     1     1    15    11    14    14     0     0   -70.0   59.436 -145.918    243.2    922.4
     1     1    15    11    14    13     0     0   -71.0   59.625 -146.037    265.8    914.2
     1     1    15    11    14    12     0     0   -72.0   59.815 -146.119    287.6    906.0
