     1     1
    CDC1    16     1     1     0     0
     1 BACKWARD OMEGA   
    16     1     5    18   60.984 -139.059   750.0
     1 PRESSURE
     1     1    16     1     5    18     0     0     0.0   60.984 -139.059    750.0    805.4
     1     1    16     1     5    17     0     0    -1.0   60.945 -138.966    777.0    802.9
     1     1    16     1     5    16     0     0    -2.0   60.890 -138.859    800.9    801.1
     1     1    16     1     5    15     0     0    -3.0   60.821 -138.738    821.6    799.9
     1     1    16     1     5    14     0     0    -4.0   60.739 -138.606    838.8    799.2
     1     1    16     1     5    13     0     0    -5.0   60.643 -138.463    852.5    799.0
     1     1    16     1     5    12     0     0    -6.0   60.535 -138.311    862.3    799.4
     1     1    16     1     5    11     0     0    -7.0   60.417 -138.157    868.8    800.8
     1     1    16     1     5    10     0     0    -8.0   60.291 -138.001    871.7    802.6
     1     1    16     1     5     9     0     0    -9.0   60.158 -137.844    871.3    804.8
     1     1    16     1     5     8     0     0   -10.0   60.015 -137.680    867.3    807.5
     1     1    16     1     5     7     0     0   -11.0   59.863 -137.510    861.2    812.6
     1     1    16     1     5     6     0     0   -12.0   59.700 -137.332    853.5    818.0
     1     1    16     1     5     5     0     0   -13.0   59.530 -137.142    846.9    823.0
     1     1    16     1     5     4     0     0   -14.0   59.358 -136.934    844.9    827.2
     1     1    16     1     5     3     0     0   -15.0   59.185 -136.709    846.6    831.0
     1     1    16     1     5     2     0     0   -16.0   59.010 -136.467    851.9    834.3
     1     1    16     1     5     1     0     0   -17.0   58.834 -136.210    860.5    837.0
     1     1    16     1     5     0     0     0   -18.0   58.658 -135.940    872.3    839.3
     1     1    16     1     4    23     0     0   -19.0   58.482 -135.670    884.7    841.3
     1     1    16     1     4    22     0     0   -20.0   58.304 -135.413    893.8    843.8
     1     1    16     1     4    21     0     0   -21.0   58.125 -135.165    900.4    846.6
     1     1    16     1     4    20     0     0   -22.0   57.944 -134.925    904.5    849.0
     1     1    16     1     4    19     0     0   -23.0   57.762 -134.691    906.1    850.4
     1     1    16     1     4    18     0     0   -24.0   57.577 -134.458    905.6    851.8
     1     1    16     1     4    17     0     0   -25.0   57.392 -134.218    905.4    852.3
     1     1    16     1     4    16     0     0   -26.0   57.209 -133.968    909.2    851.8
     1     1    16     1     4    15     0     0   -27.0   57.029 -133.711    917.3    850.9
     1     1    16     1     4    14     0     0   -28.0   56.853 -133.453    929.6    849.5
     1     1    16     1     4    13     0     0   -29.0   56.681 -133.196    946.4    847.8
     1     1    16     1     4    12     0     0   -30.0   56.513 -132.944    967.8    845.7
     1     1    16     1     4    11     0     0   -31.0   56.345 -132.695    992.2    843.2
     1     1    16     1     4    10     0     0   -32.0   56.174 -132.444   1017.9    840.6
     1     1    16     1     4     9     0     0   -33.0   56.001 -132.193   1044.1    837.1
     1     1    16     1     4     8     0     0   -34.0   55.829 -131.944   1070.5    833.7
     1     1    16     1     4     7     0     0   -35.0   55.658 -131.696   1096.8    830.2
     1     1    16     1     4     6     0     0   -36.0   55.492 -131.450   1123.0    826.8
     1     1    16     1     4     5     0     0   -37.0   55.335 -131.214   1149.4    823.8
     1     1    16     1     4     4     0     0   -38.0   55.190 -130.993   1175.7    820.7
     1     1    16     1     4     3     0     0   -39.0   55.055 -130.788   1201.9    817.8
     1     1    16     1     4     2     0     0   -40.0   54.925 -130.604   1227.5    814.8
     1     1    16     1     4     1     0     0   -41.0   54.799 -130.444   1253.1    812.0
     1     1    16     1     4     0     0     0   -42.0   54.673 -130.311   1278.9    809.7
     1     1    16     1     3    23     0     0   -43.0   54.544 -130.192   1299.6    807.4
     1     1    16     1     3    22     0     0   -44.0   54.412 -130.072   1311.7    806.7
     1     1    16     1     3    21     0     0   -45.0   54.276 -129.949   1314.8    807.1
     1     1    16     1     3    20     0     0   -46.0   54.136 -129.818   1309.1    808.4
     1     1    16     1     3    19     0     0   -47.0   53.993 -129.676   1295.1    810.4
     1     1    16     1     3    18     0     0   -48.0   53.846 -129.521   1273.8    813.1
     1     1    16     1     3    17     0     0   -49.0   53.701 -129.357   1252.5    816.0
     1     1    16     1     3    16     0     0   -50.0   53.561 -129.193   1237.3    817.4
     1     1    16     1     3    15     0     0   -51.0   53.424 -129.028   1228.6    818.0
     1     1    16     1     3    14     0     0   -52.0   53.287 -128.864   1226.7    817.9
     1     1    16     1     3    13     0     0   -53.0   53.150 -128.701   1231.7    817.0
     1     1    16     1     3    12     0     0   -54.0   53.008 -128.539   1243.7    815.5
     1     1    16     1     3    11     0     0   -55.0   52.860 -128.379   1258.4    813.6
     1     1    16     1     3    10     0     0   -56.0   52.706 -128.219   1270.3    812.5
     1     1    16     1     3     9     0     0   -57.0   52.547 -128.057   1278.7    811.7
     1     1    16     1     3     8     0     0   -58.0   52.386 -127.891   1282.0    811.0
     1     1    16     1     3     7     0     0   -59.0   52.224 -127.724   1279.0    811.0
     1     1    16     1     3     6     0     0   -60.0   52.065 -127.557   1269.0    812.0
     1     1    16     1     3     5     0     0   -61.0   51.906 -127.385   1256.1    813.3
     1     1    16     1     3     4     0     0   -62.0   51.748 -127.206   1244.7    813.9
     1     1    16     1     3     3     0     0   -63.0   51.589 -127.022   1234.9    814.4
     1     1    16     1     3     2     0     0   -64.0   51.431 -126.831   1226.7    814.5
     1     1    16     1     3     1     0     0   -65.0   51.273 -126.636   1220.2    814.4
     1     1    16     1     3     0     0     0   -66.0   51.115 -126.438   1215.6    814.1
     1     1    16     1     2    23     0     0   -67.0   50.956 -126.231   1211.7    813.4
     1     1    16     1     2    22     0     0   -68.0   50.797 -126.009   1208.0    812.6
     1     1    16     1     2    21     0     0   -69.0   50.640 -125.769   1205.3    811.4
     1     1    16     1     2    20     0     0   -70.0   50.487 -125.510   1204.7    809.8
     1     1    16     1     2    19     0     0   -71.0   50.339 -125.228   1207.3    807.5
     1     1    16     1     2    18     0     0   -72.0   50.197 -124.921   1214.2    804.4
