     1     1
    CDC1    16     4     1     0     0
     1 BACKWARD OMEGA   
    16     4    19     0   60.984 -139.059   750.0
     1 PRESSURE
     1     1    16     4    19     0     0     0     0.0   60.984 -139.059    750.0    811.0
     1     1    16     4    18    23     0     0    -1.0   61.008 -139.469    721.5    813.7
     1     1    16     4    18    22     0     0    -2.0   61.029 -139.821    696.2    815.9
     1     1    16     4    18    21     0     0    -3.0   61.052 -140.120    673.0    818.1
     1     1    16     4    18    20     0     0    -4.0   61.077 -140.371    651.4    820.5
     1     1    16     4    18    19     0     0    -5.0   61.105 -140.578    630.5    822.5
     1     1    16     4    18    18     0     0    -6.0   61.136 -140.745    609.8    824.4
     1     1    16     4    18    17     0     0    -7.0   61.158 -140.879    591.4    826.9
     1     1    16     4    18    16     0     0    -8.0   61.156 -140.983    577.5    828.9
     1     1    16     4    18    15     0     0    -9.0   61.130 -141.058    568.0    830.9
     1     1    16     4    18    14     0     0   -10.0   61.083 -141.104    562.4    832.8
     1     1    16     4    18    13     0     0   -11.0   61.013 -141.120    560.4    834.7
     1     1    16     4    18    12     0     0   -12.0   60.922 -141.105    561.8    836.6
     1     1    16     4    18    11     0     0   -13.0   60.812 -141.075    563.1    838.1
     1     1    16     4    18    10     0     0   -14.0   60.689 -141.045    561.7    840.5
     1     1    16     4    18     9     0     0   -15.0   60.550 -141.019    557.3    843.5
     1     1    16     4    18     8     0     0   -16.0   60.396 -140.999    549.7    847.1
     1     1    16     4    18     7     0     0   -17.0   60.226 -140.988    539.1    851.5
     1     1    16     4    18     6     0     0   -18.0   60.040 -140.992    525.5    856.6
     1     1    16     4    18     5     0     0   -19.0   59.855 -140.982    507.6    864.1
     1     1    16     4    18     4     0     0   -20.0   59.685 -140.931    484.0    872.4
     1     1    16     4    18     3     0     0   -21.0   59.529 -140.843    455.6    880.6
     1     1    16     4    18     2     0     0   -22.0   59.385 -140.720    423.6    888.8
     1     1    16     4    18     1     0     0   -23.0   59.248 -140.564    388.9    897.0
     1     1    16     4    18     0     0     0   -24.0   59.117 -140.376    352.5    904.5
     1     1    16     4    17    23     0     0   -25.0   58.995 -140.173    318.7    911.4
     1     1    16     4    17    22     0     0   -26.0   58.887 -139.970    291.1    916.9
     1     1    16     4    17    21     0     0   -27.0   58.794 -139.769    269.1    921.9
     1     1    16     4    17    20     0     0   -28.0   58.718 -139.570    252.2    925.7
     1     1    16     4    17    19     0     0   -29.0   58.659 -139.371    239.9    928.4
     1     1    16     4    17    18     0     0   -30.0   58.618 -139.169    231.4    930.0
     1     1    16     4    17    17     0     0   -31.0   58.589 -138.964    225.2    931.5
     1     1    16     4    17    16     0     0   -32.0   58.567 -138.759    219.6    932.8
     1     1    16     4    17    15     0     0   -33.0   58.554 -138.552    214.6    933.7
     1     1    16     4    17    14     0     0   -34.0   58.551 -138.344    210.1    934.2
     1     1    16     4    17    13     0     0   -35.0   58.560 -138.137    206.2    934.2
     1     1    16     4    17    12     0     0   -36.0   58.581 -137.931    202.8    933.7
     1     1    16     4    17    11     0     0   -37.0   58.602 -137.729    199.8    933.2
     1     1    16     4    17    10     0     0   -38.0   58.610 -137.532    197.0    933.1
     1     1    16     4    17     9     0     0   -39.0   58.602 -137.341    194.2    933.0
     1     1    16     4    17     8     0     0   -40.0   58.579 -137.154    191.5    933.2
     1     1    16     4    17     7     0     0   -41.0   58.544 -136.974    188.9    933.9
     1     1    16     4    17     6     0     0   -42.0   58.497 -136.801    186.3    935.0
     1     1    16     4    17     5     0     0   -43.0   58.440 -136.634    183.1    936.0
     1     1    16     4    17     4     0     0   -44.0   58.375 -136.471    178.9    937.3
     1     1    16     4    17     3     0     0   -45.0   58.301 -136.311    173.7    938.9
     1     1    16     4    17     2     0     0   -46.0   58.220 -136.152    167.7    940.9
     1     1    16     4    17     1     0     0   -47.0   58.132 -135.995    161.0    943.1
     1     1    16     4    17     0     0     0   -48.0   58.037 -135.839    153.8    945.5
     1     1    16     4    16    23     0     0   -49.0   57.942 -135.682    146.2    947.6
     1     1    16     4    16    22     0     0   -50.0   57.851 -135.526    138.5    949.6
     1     1    16     4    16    21     0     0   -51.0   57.765 -135.370    130.5    951.5
     1     1    16     4    16    20     0     0   -52.0   57.684 -135.216    122.4    953.3
     1     1    16     4    16    19     0     0   -53.0   57.608 -135.063    114.3    955.0
     1     1    16     4    16    18     0     0   -54.0   57.535 -134.913    106.0    955.9
     1     1    16     4    16    17     0     0   -55.0   57.457 -134.770     96.9    956.3
     1     1    16     4    16    16     0     0   -56.0   57.370 -134.636     86.8    957.1
     1     1    16     4    16    15     0     0   -57.0   57.274 -134.510     76.0    958.5
     1     1    16     4    16    14     0     0   -58.0   57.171 -134.393     64.8    959.7
     1     1    16     4    16    13     0     0   -59.0   57.062 -134.281     53.6    961.1
     1     1    16     4    16    12     0     0   -60.0   56.949 -134.173     42.7    962.7
     1     1    16     4    16    11     0     0   -61.0   56.835 -134.066     33.4    964.4
     1     1    16     4    16    10     0     0   -62.0   56.719 -133.962     26.2    965.9
     1     1    16     4    16     9     0     0   -63.0   56.600 -133.860     20.6    967.5
     1     1    16     4    16     8     0     0   -64.0   56.477 -133.763     16.4    969.2
     1     1    16     4    16     7     0     0   -65.0   56.348 -133.671     13.2    971.0
     1     1    16     4    16     6     0     0   -66.0   56.213 -133.587     10.8    973.1
     1     1    16     4    16     5     0     0   -67.0   56.072 -133.514      8.9    975.1
     1     1    16     4    16     4     0     0   -68.0   55.928 -133.457      7.4    977.4
     1     1    16     4    16     3     0     0   -69.0   55.778 -133.417      6.1    980.1
     1     1    16     4    16     2     0     0   -70.0   55.621 -133.399      5.0    983.2
     1     1    16     4    16     1     0     0   -71.0   55.457 -133.405      4.1    986.9
     1     1    16     4    16     0     0     0   -72.0   55.285 -133.439      3.2    991.1
