     1     1
    CDC1    16     2     1     0     0
     1 BACKWARD OMEGA   
    16     2     4    12   60.984 -139.059   750.0
     1 PRESSURE
     1     1    16     2     4    12     0     0     0.0   60.984 -139.059    750.0    794.1
     1     1    16     2     4    11     0     0    -1.0   60.668 -138.622    743.3    799.3
     1     1    16     2     4    10     0     0    -2.0   60.345 -138.213    725.8    806.3
     1     1    16     2     4     9     0     0    -3.0   60.025 -137.846    697.0    814.2
     1     1    16     2     4     8     0     0    -4.0   59.711 -137.527    659.9    827.4
     1     1    16     2     4     7     0     0    -5.0   59.407 -137.254    616.2    841.0
     1     1    16     2     4     6     0     0    -6.0   59.117 -137.026    568.0    854.2
     1     1    16     2     4     5     0     0    -7.0   58.833 -136.801    518.8    867.4
     1     1    16     2     4     4     0     0    -8.0   58.544 -136.546    471.4    880.2
     1     1    16     2     4     3     0     0    -9.0   58.255 -136.272    427.7    892.4
     1     1    16     2     4     2     0     0   -10.0   57.968 -135.993    389.1    903.7
     1     1    16     2     4     1     0     0   -11.0   57.689 -135.718    356.3    913.1
     1     1    16     2     4     0     0     0   -12.0   57.421 -135.454    329.2    920.3
     1     1    16     2     3    23     0     0   -13.0   57.167 -135.182    306.8    925.5
     1     1    16     2     3    22     0     0   -14.0   56.926 -134.879    288.8    929.1
     1     1    16     2     3    21     0     0   -15.0   56.698 -134.546    273.3    930.5
     1     1    16     2     3    20     0     0   -16.0   56.482 -134.183    259.3    931.5
     1     1    16     2     3    19     0     0   -17.0   56.278 -133.792    245.9    932.2
     1     1    16     2     3    18     0     0   -18.0   56.088 -133.371    232.4    932.6
     1     1    16     2     3    17     0     0   -19.0   55.908 -132.931    219.2    934.0
     1     1    16     2     3    16     0     0   -20.0   55.734 -132.479    206.7    935.2
     1     1    16     2     3    15     0     0   -21.0   55.550 -132.015    194.4    933.5
     1     1    16     2     3    14     0     0   -22.0   55.344 -131.540    182.9    931.7
     1     1    16     2     3    13     0     0   -23.0   55.114 -131.043    173.4    929.8
     1     1    16     2     3    12     0     0   -24.0   54.862 -130.519    167.0    926.6
     1     1    16     2     3    11     0     0   -25.0   54.593 -129.999    161.6    923.5
     1     1    16     2     3    10     0     0   -26.0   54.332 -129.516    154.6    922.4
     1     1    16     2     3     9     0     0   -27.0   54.093 -129.077    145.9    921.5
     1     1    16     2     3     8     0     0   -28.0   53.875 -128.678    136.0    920.9
     1     1    16     2     3     7     0     0   -29.0   53.679 -128.317    125.2    920.4
     1     1    16     2     3     6     0     0   -30.0   53.502 -127.991    114.1    920.1
     1     1    16     2     3     5     0     0   -31.0   53.339 -127.699    103.6    919.6
     1     1    16     2     3     4     0     0   -32.0   53.180 -127.439     94.3    919.6
     1     1    16     2     3     3     0     0   -33.0   53.024 -127.210     86.6    920.2
     1     1    16     2     3     2     0     0   -34.0   52.866 -127.012     80.5    920.7
     1     1    16     2     3     1     0     0   -35.0   52.707 -126.846     75.7    921.3
     1     1    16     2     3     0     0     0   -36.0   52.544 -126.710     72.1    921.8
     1     1    16     2     2    23     0     0   -37.0   52.387 -126.597     68.8    922.6
     1     1    16     2     2    22     0     0   -38.0   52.246 -126.497     65.1    923.7
     1     1    16     2     2    21     0     0   -39.0   52.122 -126.409     61.1    924.8
     1     1    16     2     2    20     0     0   -40.0   52.015 -126.334     57.0    925.8
     1     1    16     2     2    19     0     0   -41.0   51.924 -126.270     52.9    926.9
     1     1    16     2     2    18     0     0   -42.0   51.849 -126.218     48.7    927.9
     1     1    16     2     2    17     0     0   -43.0   51.784 -126.166     44.7    928.3
     1     1    16     2     2    16     0     0   -44.0   51.721 -126.104     40.8    928.4
     1     1    16     2     2    15     0     0   -45.0   51.663 -126.031     37.0    928.2
     1     1    16     2     2    14     0     0   -46.0   51.610 -125.950     33.4    927.8
     1     1    16     2     2    13     0     0   -47.0   51.563 -125.861     30.0    927.2
     1     1    16     2     2    12     0     0   -48.0   51.521 -125.765     26.8    926.3
     1     1    16     2     2    11     0     0   -49.0   51.484 -125.672     24.0    925.5
     1     1    16     2     2    10     0     0   -50.0   51.449 -125.593     21.8    924.8
     1     1    16     2     2     9     0     0   -51.0   51.414 -125.526     20.1    924.3
     1     1    16     2     2     8     0     0   -52.0   51.380 -125.473     18.8    924.0
     1     1    16     2     2     7     0     0   -53.0   51.346 -125.432     17.9    923.8
     1     1    16     2     2     6     0     0   -54.0   51.310 -125.403     17.2    923.8
     1     1    16     2     2     5     0     0   -55.0   51.274 -125.387     16.6    924.1
     1     1    16     2     2     4     0     0   -56.0   51.241 -125.385     15.7    924.7
     1     1    16     2     2     3     0     0   -57.0   51.210 -125.397     14.6    925.5
     1     1    16     2     2     2     0     0   -58.0   51.181 -125.422     13.4    926.6
     1     1    16     2     2     1     0     0   -59.0   51.153 -125.460     12.1    928.0
     1     1    16     2     2     0     0     0   -60.0   51.126 -125.511     10.8    929.5
     1     1    16     2     1    23     0     0   -61.0   51.096 -125.559      9.6    931.0
     1     1    16     2     1    22     0     0   -62.0   51.061 -125.593      8.7    932.0
     1     1    16     2     1    21     0     0   -63.0   51.021 -125.615      7.7    933.0
     1     1    16     2     1    20     0     0   -64.0   50.976 -125.625      6.7    933.8
     1     1    16     2     1    19     0     0   -65.0   50.928 -125.625      5.8    934.5
     1     1    16     2     1    18     0     0   -66.0   50.878 -125.616      4.9    935.0
     1     1    16     2     1    17     0     0   -67.0   50.835 -125.613      4.0    935.6
     1     1    16     2     1    16     0     0   -68.0   50.808 -125.630      3.3    936.4
     1     1    16     2     1    15     0     0   -69.0   50.796 -125.666      2.5    937.2
     1     1    16     2     1    14     0     0   -70.0   50.799 -125.722      1.9    938.2
     1     1    16     2     1    13     0     0   -71.0   50.817 -125.798      1.4    939.4
     1     1    16     2     1    12     0     0   -72.0   50.849 -125.894      1.0    940.7
