     1     1
    CDC1    15    11     1     0     0
     1 BACKWARD OMEGA   
    15    11    19    18   60.984 -139.059   750.0
     1 PRESSURE
     1     1    15    11    19    18     0     0     0.0   60.984 -139.059    750.0    811.9
     1     1    15    11    19    17     0     0    -1.0   60.970 -139.538    731.2    814.7
     1     1    15    11    19    16     0     0    -2.0   60.957 -140.002    719.8    816.4
     1     1    15    11    19    15     0     0    -3.0   60.944 -140.454    716.8    818.1
     1     1    15    11    19    14     0     0    -4.0   60.933 -140.895    722.4    818.9
     1     1    15    11    19    13     0     0    -5.0   60.925 -141.333    736.3    818.8
     1     1    15    11    19    12     0     0    -6.0   60.920 -141.772    758.2    817.9
     1     1    15    11    19    11     0     0    -7.0   60.921 -142.222    783.5    816.1
     1     1    15    11    19    10     0     0    -8.0   60.928 -142.683    807.4    815.5
     1     1    15    11    19     9     0     0    -9.0   60.940 -143.152    830.3    815.9
     1     1    15    11    19     8     0     0   -10.0   60.957 -143.626    852.0    816.4
     1     1    15    11    19     7     0     0   -11.0   60.983 -144.107    873.1    816.9
     1     1    15    11    19     6     0     0   -12.0   61.016 -144.597    894.0    817.4
     1     1    15    11    19     5     0     0   -13.0   61.056 -145.082    917.6    816.8
     1     1    15    11    19     4     0     0   -14.0   61.099 -145.549    947.8    814.6
     1     1    15    11    19     3     0     0   -15.0   61.144 -145.995    983.2    811.8
     1     1    15    11    19     2     0     0   -16.0   61.194 -146.422   1023.8    808.3
     1     1    15    11    19     1     0     0   -17.0   61.252 -146.831   1069.5    804.1
     1     1    15    11    19     0     0     0   -18.0   61.319 -147.225   1120.0    799.1
     1     1    15    11    18    23     0     0   -19.0   61.399 -147.621   1175.4    793.6
     1     1    15    11    18    22     0     0   -20.0   61.493 -148.035   1234.2    787.3
     1     1    15    11    18    21     0     0   -21.0   61.601 -148.470   1296.9    780.4
     1     1    15    11    18    20     0     0   -22.0   61.725 -148.927   1364.1    772.8
     1     1    15    11    18    19     0     0   -23.0   61.867 -149.406   1436.6    764.8
     1     1    15    11    18    18     0     0   -24.0   62.029 -149.908   1515.5    756.4
     1     1    15    11    18    17     0     0   -25.0   62.203 -150.417   1595.2    747.3
     1     1    15    11    18    16     0     0   -26.0   62.376 -150.911   1669.8    739.8
     1     1    15    11    18    15     0     0   -27.0   62.550 -151.385   1740.9    733.8
     1     1    15    11    18    14     0     0   -28.0   62.725 -151.832   1809.7    730.8
     1     1    15    11    18    13     0     0   -29.0   62.901 -152.247   1874.8    728.0
     1     1    15    11    18    12     0     0   -30.0   63.079 -152.629   1936.5    725.2
     1     1    15    11    18    11     0     0   -31.0   63.254 -152.976   1995.5    722.4
     1     1    15    11    18    10     0     0   -32.0   63.424 -153.293   2051.1    719.7
     1     1    15    11    18     9     0     0   -33.0   63.588 -153.584   2103.5    717.0
     1     1    15    11    18     8     0     0   -34.0   63.747 -153.849   2152.3    714.4
     1     1    15    11    18     7     0     0   -35.0   63.900 -154.089   2197.0    711.9
     1     1    15    11    18     6     0     0   -36.0   64.048 -154.300   2237.1    709.6
     1     1    15    11    18     5     0     0   -37.0   64.184 -154.471   2275.3    707.6
     1     1    15    11    18     4     0     0   -38.0   64.306 -154.595   2313.1    705.1
     1     1    15    11    18     3     0     0   -39.0   64.413 -154.670   2351.8    702.2
     1     1    15    11    18     2     0     0   -40.0   64.506 -154.696   2391.7    698.9
     1     1    15    11    18     1     0     0   -41.0   64.583 -154.673   2433.2    695.3
     1     1    15    11    18     0     0     0   -42.0   64.644 -154.599   2476.6    691.1
     1     1    15    11    17    23     0     0   -43.0   64.695 -154.493   2518.2    686.5
     1     1    15    11    17    22     0     0   -44.0   64.744 -154.371   2555.8    682.5
     1     1    15    11    17    21     0     0   -45.0   64.792 -154.234   2589.0    678.9
     1     1    15    11    17    20     0     0   -46.0   64.839 -154.084   2617.7    675.7
     1     1    15    11    17    19     0     0   -47.0   64.887 -153.922   2642.0    672.9
     1     1    15    11    17    18     0     0   -48.0   64.936 -153.747   2662.0    670.5
     1     1    15    11    17    17     0     0   -49.0   64.991 -153.558   2678.8    668.4
     1     1    15    11    17    16     0     0   -50.0   65.054 -153.355   2693.5    665.6
     1     1    15    11    17    15     0     0   -51.0   65.124 -153.139   2706.8    662.7
     1     1    15    11    17    14     0     0   -52.0   65.202 -152.911   2718.9    659.9
     1     1    15    11    17    13     0     0   -53.0   65.287 -152.669   2730.3    657.1
     1     1    15    11    17    12     0     0   -54.0   65.377 -152.413   2741.1    654.3
     1     1    15    11    17    11     0     0   -55.0   65.471 -152.137   2751.7    651.7
     1     1    15    11    17    10     0     0   -56.0   65.566 -151.836   2760.7    649.1
     1     1    15    11    17     9     0     0   -57.0   65.658 -151.508   2768.2    646.6
     1     1    15    11    17     8     0     0   -58.0   65.746 -151.154   2773.9    644.3
     1     1    15    11    17     7     0     0   -59.0   65.826 -150.774   2777.1    642.2
     1     1    15    11    17     6     0     0   -60.0   65.897 -150.367   2776.9    640.4
     1     1    15    11    17     5     0     0   -61.0   65.951 -149.941   2772.6    638.9
     1     1    15    11    17     4     0     0   -62.0   65.986 -149.510   2764.1    638.2
     1     1    15    11    17     3     0     0   -63.0   66.001 -149.079   2751.5    637.9
     1     1    15    11    17     2     0     0   -64.0   65.996 -148.653   2735.2    638.1
     1     1    15    11    17     1     0     0   -65.0   65.972 -148.235   2715.6    638.6
     1     1    15    11    17     0     0     0   -66.0   65.928 -147.831   2693.3    639.4
     1     1    15    11    16    23     0     0   -67.0   65.870 -147.444   2670.5    640.8
     1     1    15    11    16    22     0     0   -68.0   65.808 -147.075   2651.6    642.0
     1     1    15    11    16    21     0     0   -69.0   65.743 -146.726   2636.9    642.7
     1     1    15    11    16    20     0     0   -70.0   65.677 -146.398   2627.3    643.0
     1     1    15    11    16    19     0     0   -71.0   65.609 -146.094   2623.4    642.7
     1     1    15    11    16    18     0     0   -72.0   65.541 -145.815   2626.0    641.9
