     1     1
    CDC1    16     4     1     0     0
     1 BACKWARD OMEGA   
    16     4    15     0   60.984 -139.059   750.0
     1 PRESSURE
     1     1    16     4    15     0     0     0     0.0   60.984 -139.059    750.0    806.0
     1     1    16     4    14    23     0     0    -1.0   60.872 -138.830    726.5    809.6
     1     1    16     4    14    22     0     0    -2.0   60.754 -138.614    695.5    814.6
     1     1    16     4    14    21     0     0    -3.0   60.630 -138.408    657.5    820.5
     1     1    16     4    14    20     0     0    -4.0   60.497 -138.213    613.2    827.4
     1     1    16     4    14    19     0     0    -5.0   60.356 -138.028    563.9    834.5
     1     1    16     4    14    18     0     0    -6.0   60.207 -137.854    511.7    842.0
     1     1    16     4    14    17     0     0    -7.0   60.059 -137.687    464.2    850.3
     1     1    16     4    14    16     0     0    -8.0   59.923 -137.526    427.1    858.0
     1     1    16     4    14    15     0     0    -9.0   59.801 -137.374    399.7    864.8
     1     1    16     4    14    14     0     0   -10.0   59.693 -137.231    380.8    870.2
     1     1    16     4    14    13     0     0   -11.0   59.600 -137.096    369.6    874.0
     1     1    16     4    14    12     0     0   -12.0   59.520 -136.969    365.5    876.5
     1     1    16     4    14    11     0     0   -13.0   59.443 -136.854    364.5    878.3
     1     1    16     4    14    10     0     0   -14.0   59.358 -136.751    362.8    880.8
     1     1    16     4    14     9     0     0   -15.0   59.265 -136.659    360.7    883.6
     1     1    16     4    14     8     0     0   -16.0   59.164 -136.577    358.3    886.7
     1     1    16     4    14     7     0     0   -17.0   59.053 -136.503    355.9    890.1
     1     1    16     4    14     6     0     0   -18.0   58.933 -136.436    353.7    893.9
     1     1    16     4    14     5     0     0   -19.0   58.800 -136.367    351.3    897.7
     1     1    16     4    14     4     0     0   -20.0   58.652 -136.286    348.4    901.9
     1     1    16     4    14     3     0     0   -21.0   58.488 -136.191    344.9    906.5
     1     1    16     4    14     2     0     0   -22.0   58.308 -136.082    341.0    911.6
     1     1    16     4    14     1     0     0   -23.0   58.111 -135.955    336.5    916.9
     1     1    16     4    14     0     0     0   -24.0   57.897 -135.809    331.5    922.6
     1     1    16     4    13    23     0     0   -25.0   57.676 -135.650    327.5    928.0
     1     1    16     4    13    22     0     0   -26.0   57.460 -135.483    325.9    932.1
     1     1    16     4    13    21     0     0   -27.0   57.255 -135.311    325.9    933.9
     1     1    16     4    13    20     0     0   -28.0   57.062 -135.133    327.7    935.5
     1     1    16     4    13    19     0     0   -29.0   56.883 -134.950    330.8    936.4
     1     1    16     4    13    18     0     0   -30.0   56.717 -134.762    334.8    935.9
     1     1    16     4    13    17     0     0   -31.0   56.558 -134.570    339.5    935.0
     1     1    16     4    13    16     0     0   -32.0   56.397 -134.371    344.8    934.2
     1     1    16     4    13    15     0     0   -33.0   56.230 -134.168    351.1    933.5
     1     1    16     4    13    14     0     0   -34.0   56.056 -133.961    358.2    932.9
     1     1    16     4    13    13     0     0   -35.0   55.870 -133.753    366.4    932.7
     1     1    16     4    13    12     0     0   -36.0   55.671 -133.546    375.8    932.8
     1     1    16     4    13    11     0     0   -37.0   55.460 -133.349    382.9    933.4
     1     1    16     4    13    10     0     0   -38.0   55.240 -133.175    384.1    935.6
     1     1    16     4    13     9     0     0   -39.0   55.013 -133.026    379.5    939.2
     1     1    16     4    13     8     0     0   -40.0   54.779 -132.904    368.2    941.3
     1     1    16     4    13     7     0     0   -41.0   54.538 -132.808    350.5    944.5
     1     1    16     4    13     6     0     0   -42.0   54.291 -132.742    327.2    949.0
     1     1    16     4    13     5     0     0   -43.0   54.034 -132.689    303.2    954.4
     1     1    16     4    13     4     0     0   -44.0   53.769 -132.644    282.2    959.4
     1     1    16     4    13     3     0     0   -45.0   53.498 -132.619    264.1    964.4
     1     1    16     4    13     2     0     0   -46.0   53.224 -132.624    249.1    969.3
     1     1    16     4    13     1     0     0   -47.0   52.948 -132.671    237.3    973.8
     1     1    16     4    13     0     0     0   -48.0   52.673 -132.771    229.4    977.9
     1     1    16     4    12    23     0     0   -49.0   52.394 -132.916    224.0    979.7
     1     1    16     4    12    22     0     0   -50.0   52.106 -133.093    219.4    979.8
     1     1    16     4    12    21     0     0   -51.0   51.807 -133.307    214.7    979.7
     1     1    16     4    12    20     0     0   -52.0   51.497 -133.570    209.3    979.3
     1     1    16     4    12    19     0     0   -53.0   51.175 -133.896    202.7    978.8
     1     1    16     4    12    18     0     0   -54.0   50.844 -134.299    194.9    977.8
     1     1    16     4    12    17     0     0   -55.0   50.513 -134.773    187.5    976.3
     1     1    16     4    12    16     0     0   -56.0   50.192 -135.299    181.3    973.8
     1     1    16     4    12    15     0     0   -57.0   49.891 -135.874    175.6    972.0
     1     1    16     4    12    14     0     0   -58.0   49.619 -136.487    171.1    971.4
     1     1    16     4    12    13     0     0   -59.0   49.385 -137.136    168.4    970.7
     1     1    16     4    12    12     0     0   -60.0   49.194 -137.830    167.8    971.3
     1     1    16     4    12    11     0     0   -61.0   49.029 -138.545    168.1    973.8
     1     1    16     4    12    10     0     0   -62.0   48.872 -139.256    168.3    976.0
     1     1    16     4    12     9     0     0   -63.0   48.722 -139.973    168.3    977.7
     1     1    16     4    12     8     0     0   -64.0   48.571 -140.695    167.6    978.8
     1     1    16     4    12     7     0     0   -65.0   48.413 -141.427    166.4    979.6
     1     1    16     4    12     6     0     0   -66.0   48.254 -142.181    164.7    980.3
     1     1    16     4    12     5     0     0   -67.0   48.096 -142.958    163.4    979.8
     1     1    16     4    12     4     0     0   -68.0   47.937 -143.754    163.0    978.0
     1     1    16     4    12     3     0     0   -69.0   47.782 -144.575    163.2    976.0
     1     1    16     4    12     2     0     0   -70.0   47.633 -145.422    164.0    974.2
     1     1    16     4    12     1     0     0   -71.0   47.489 -146.290    165.0    972.7
     1     1    16     4    12     0     0     0   -72.0   47.350 -147.166    165.8    971.8
