     1     1
    CDC1    15    10     1     0     0
     1 BACKWARD OMEGA   
    15    10    17     6   60.984 -139.059   750.0
     1 PRESSURE
     1     1    15    10    17     6     0     0     0.0   60.984 -139.059    750.0    799.7
     1     1    15    10    17     5     0     0    -1.0   60.629 -138.910    698.9    810.4
     1     1    15    10    17     4     0     0    -2.0   60.275 -138.724    640.4    822.5
     1     1    15    10    17     3     0     0    -3.0   59.931 -138.496    574.4    836.2
     1     1    15    10    17     2     0     0    -4.0   59.605 -138.216    506.6    853.5
     1     1    15    10    17     1     0     0    -5.0   59.301 -137.885    440.6    869.6
     1     1    15    10    17     0     0     0    -6.0   59.021 -137.504    377.8    884.9
     1     1    15    10    16    23     0     0    -7.0   58.761 -137.085    324.9    897.2
     1     1    15    10    16    22     0     0    -8.0   58.518 -136.647    285.3    906.9
     1     1    15    10    16    21     0     0    -9.0   58.293 -136.201    255.8    914.8
     1     1    15    10    16    20     0     0   -10.0   58.089 -135.756    234.2    921.1
     1     1    15    10    16    19     0     0   -11.0   57.909 -135.317    218.9    926.0
     1     1    15    10    16    18     0     0   -12.0   57.755 -134.893    208.8    928.5
     1     1    15    10    16    17     0     0   -13.0   57.626 -134.494    200.0    927.4
     1     1    15    10    16    16     0     0   -14.0   57.520 -134.125    189.9    926.1
     1     1    15    10    16    15     0     0   -15.0   57.437 -133.785    178.8    924.3
     1     1    15    10    16    14     0     0   -16.0   57.375 -133.472    167.2    922.4
     1     1    15    10    16    13     0     0   -17.0   57.334 -133.180    155.3    920.4
     1     1    15    10    16    12     0     0   -18.0   57.316 -132.907    143.5    918.3
     1     1    15    10    16    11     0     0   -19.0   57.310 -132.649    132.0    916.4
     1     1    15    10    16    10     0     0   -20.0   57.301 -132.400    120.8    914.4
     1     1    15    10    16     9     0     0   -21.0   57.283 -132.155    109.9    912.3
     1     1    15    10    16     8     0     0   -22.0   57.258 -131.917     99.6    910.5
     1     1    15    10    16     7     0     0   -23.0   57.232 -131.691     90.1    908.7
     1     1    15    10    16     6     0     0   -24.0   57.212 -131.480     81.6    906.9
     1     1    15    10    16     5     0     0   -25.0   57.196 -131.282     74.4    905.1
     1     1    15    10    16     4     0     0   -26.0   57.182 -131.090     69.1    902.8
     1     1    15    10    16     3     0     0   -27.0   57.168 -130.903     65.3    900.5
     1     1    15    10    16     2     0     0   -28.0   57.152 -130.721     62.7    898.1
     1     1    15    10    16     1     0     0   -29.0   57.130 -130.541     61.3    895.9
     1     1    15    10    16     0     0     0   -30.0   57.102 -130.363     60.8    893.8
     1     1    15    10    15    23     0     0   -31.0   57.074 -130.197     60.6    891.7
     1     1    15    10    15    22     0     0   -32.0   57.055 -130.054     59.7    890.0
     1     1    15    10    15    21     0     0   -33.0   57.042 -129.928     58.4    889.1
     1     1    15    10    15    20     0     0   -34.0   57.029 -129.815     56.6    888.8
     1     1    15    10    15    19     0     0   -35.0   57.016 -129.712     54.4    888.5
     1     1    15    10    15    18     0     0   -36.0   57.004 -129.618     51.8    888.4
     1     1    15    10    15    17     0     0   -37.0   56.990 -129.527     49.2    888.4
     1     1    15    10    15    16     0     0   -38.0   56.975 -129.434     46.8    888.3
     1     1    15    10    15    15     0     0   -39.0   56.957 -129.340     44.8    888.3
     1     1    15    10    15    14     0     0   -40.0   56.938 -129.246     43.1    888.3
     1     1    15    10    15    13     0     0   -41.0   56.918 -129.151     41.5    888.2
     1     1    15    10    15    12     0     0   -42.0   56.898 -129.058     40.2    888.2
     1     1    15    10    15    11     0     0   -43.0   56.887 -128.971     39.6    887.7
     1     1    15    10    15    10     0     0   -44.0   56.889 -128.894     40.1    886.9
     1     1    15    10    15     9     0     0   -45.0   56.903 -128.827     41.8    885.8
     1     1    15    10    15     8     0     0   -46.0   56.930 -128.770     44.9    884.5
     1     1    15    10    15     7     0     0   -47.0   56.967 -128.722     49.5    882.9
     1     1    15    10    15     6     0     0   -48.0   57.017 -128.681     56.1    881.1
     1     1    15    10    15     5     0     0   -49.0   57.073 -128.658     64.8    879.1
     1     1    15    10    15     4     0     0   -50.0   57.130 -128.664     75.8    877.0
     1     1    15    10    15     3     0     0   -51.0   57.187 -128.696     89.9    874.4
     1     1    15    10    15     2     0     0   -52.0   57.247 -128.754    108.2    871.6
     1     1    15    10    15     1     0     0   -53.0   57.311 -128.836    131.3    868.6
     1     1    15    10    15     0     0     0   -54.0   57.381 -128.942    160.2    865.3
     1     1    15    10    14    23     0     0   -55.0   57.456 -129.070    193.3    861.6
     1     1    15    10    14    22     0     0   -56.0   57.535 -129.223    227.6    857.7
     1     1    15    10    14    21     0     0   -57.0   57.620 -129.409    262.7    855.1
     1     1    15    10    14    20     0     0   -58.0   57.708 -129.633    298.7    852.7
     1     1    15    10    14    19     0     0   -59.0   57.801 -129.902    336.1    850.6
     1     1    15    10    14    18     0     0   -60.0   57.896 -130.219    374.7    850.5
     1     1    15    10    14    17     0     0   -61.0   57.983 -130.567    410.0    850.8
     1     1    15    10    14    16     0     0   -62.0   58.055 -130.931    437.8    852.5
     1     1    15    10    14    15     0     0   -63.0   58.111 -131.305    458.1    855.2
     1     1    15    10    14    14     0     0   -64.0   58.152 -131.684    470.6    858.8
     1     1    15    10    14    13     0     0   -65.0   58.178 -132.061    474.9    863.3
     1     1    15    10    14    12     0     0   -66.0   58.191 -132.430    470.7    868.8
     1     1    15    10    14    11     0     0   -67.0   58.185 -132.788    460.4    874.5
     1     1    15    10    14    10     0     0   -68.0   58.158 -133.134    447.3    880.5
     1     1    15    10    14     9     0     0   -69.0   58.114 -133.469    431.1    887.2
     1     1    15    10    14     8     0     0   -70.0   58.054 -133.792    411.8    894.6
     1     1    15    10    14     7     0     0   -71.0   57.982 -134.104    389.3    902.8
     1     1    15    10    14     6     0     0   -72.0   57.899 -134.407    363.8    911.5
