     1     1
    CDC1    15    11     1     0     0
     1 BACKWARD OMEGA   
    15    11    10    12   60.984 -139.059   750.0
     1 PRESSURE
     1     1    15    11    10    12     0     0     0.0   60.984 -139.059    750.0    791.4
     1     1    15    11    10    11     0     0    -1.0   60.969 -139.064    718.4    795.3
     1     1    15    11    10    10     0     0    -2.0   60.946 -139.090    686.0    799.6
     1     1    15    11    10     9     0     0    -3.0   60.916 -139.138    652.9    804.3
     1     1    15    11    10     8     0     0    -4.0   60.879 -139.206    618.6    809.3
     1     1    15    11    10     7     0     0    -5.0   60.836 -139.294    583.3    814.2
     1     1    15    11    10     6     0     0    -6.0   60.787 -139.403    546.7    819.3
     1     1    15    11    10     5     0     0    -7.0   60.732 -139.530    507.6    824.6
     1     1    15    11    10     4     0     0    -8.0   60.676 -139.672    465.0    830.6
     1     1    15    11    10     3     0     0    -9.0   60.620 -139.825    419.3    837.4
     1     1    15    11    10     2     0     0   -10.0   60.566 -139.987    371.4    844.7
     1     1    15    11    10     1     0     0   -11.0   60.514 -140.163    323.9    851.8
     1     1    15    11    10     0     0     0   -12.0   60.468 -140.364    279.7    858.7
     1     1    15    11     9    23     0     0   -13.0   60.417 -140.589    238.9    865.4
     1     1    15    11     9    22     0     0   -14.0   60.353 -140.836    202.0    872.4
     1     1    15    11     9    21     0     0   -15.0   60.277 -141.109    168.4    878.7
     1     1    15    11     9    20     0     0   -16.0   60.190 -141.414    138.2    885.2
     1     1    15    11     9    19     0     0   -17.0   60.096 -141.758    112.1    892.1
     1     1    15    11     9    18     0     0   -18.0   60.002 -142.152     91.0    899.1
     1     1    15    11     9    17     0     0   -19.0   59.903 -142.549     73.7    907.4
     1     1    15    11     9    16     0     0   -20.0   59.789 -142.891     56.1    915.9
     1     1    15    11     9    15     0     0   -21.0   59.658 -143.192     38.0    925.3
     1     1    15    11     9    14     0     0   -22.0   59.509 -143.484     23.0    935.2
     1     1    15    11     9    13     0     0   -23.0   59.339 -143.801     13.0    945.6
     1     1    15    11     9    12     0     0   -24.0   59.152 -144.169      5.0    954.9
     1     1    15    11     9    11     0     0   -25.0   58.954 -144.570      0.0    965.5
     1     1    15    11     9    10     0     0   -26.0   58.745 -144.954      0.0    976.0
     1     1    15    11     9     9     0     0   -27.0   58.515 -145.305      0.0    985.8
     1     1    15    11     9     8     0     0   -28.0   58.256 -145.622      0.0    995.6
     1     1    15    11     9     7     0     0   -29.0   57.957 -145.919      0.0   1006.0
     1     1    15    11     9     6     0     0   -30.0   57.606 -146.217      0.0   1017.2
     1     1    15    11     9     5     0     0   -31.0   57.232 -146.555      0.0   1019.5
     1     1    15    11     9     4     0     0   -32.0   56.878 -146.928      0.0   1017.3
     1     1    15    11     9     3     0     0   -33.0   56.535 -147.317      0.0   1014.6
     1     1    15    11     9     2     0     0   -34.0   56.193 -147.717      0.0   1010.9
     1     1    15    11     9     1     0     0   -35.0   55.842 -148.133      0.0   1006.5
     1     1    15    11     9     0     0     0   -36.0   55.467 -148.577      0.0   1002.0
     1     1    15    11     8    23     0     0   -37.0   55.079 -149.084      0.0    997.8
     1     1    15    11     8    22     0     0   -38.0   54.701 -149.639      0.0    999.7
     1     1    15    11     8    21     0     0   -39.0   54.346 -150.200      0.0   1003.5
     1     1    15    11     8    20     0     0   -40.0   54.020 -150.761      0.0   1007.9
     1     1    15    11     8    19     0     0   -41.0   53.718 -151.328      0.0   1012.2
     1     1    15    11     8    18     0     0   -42.0   53.428 -151.903      0.0   1016.3
     1     1    15    11     8    17     0     0   -43.0   53.147 -152.495      0.0   1020.1
     1     1    15    11     8    16     0     0   -44.0   52.871 -153.109      0.0   1022.0
     1     1    15    11     8    15     0     0   -45.0   52.595 -153.744      0.0   1023.4
     1     1    15    11     8    14     0     0   -46.0   52.321 -154.393      0.0   1023.3
     1     1    15    11     8    13     0     0   -47.0   52.054 -155.037      0.0   1022.6
     1     1    15    11     8    12     0     0   -48.0   51.795 -155.669      0.0   1021.8
     1     1    15    11     8    11     0     0   -49.0   51.545 -156.288      0.0   1020.9
     1     1    15    11     8    10     0     0   -50.0   51.301 -156.894      0.0   1020.2
     1     1    15    11     8     9     0     0   -51.0   51.060 -157.482      0.2   1019.7
     1     1    15    11     8     8     0     0   -52.0   50.821 -158.047      0.5   1021.0
     1     1    15    11     8     7     0     0   -53.0   50.583 -158.583      0.9   1022.7
     1     1    15    11     8     6     0     0   -54.0   50.347 -159.090      1.4   1024.7
     1     1    15    11     8     5     0     0   -55.0   50.109 -159.587      2.0   1026.3
     1     1    15    11     8     4     0     0   -56.0   49.865 -160.092      2.8   1028.3
     1     1    15    11     8     3     0     0   -57.0   49.626 -160.598      3.6   1029.9
     1     1    15    11     8     2     0     0   -58.0   49.397 -161.100      4.4   1031.2
     1     1    15    11     8     1     0     0   -59.0   49.179 -161.597      5.3   1032.2
     1     1    15    11     8     0     0     0   -60.0   48.973 -162.086      6.3   1032.8
     1     1    15    11     7    23     0     0   -61.0   48.780 -162.568      7.2   1033.0
     1     1    15    11     7    22     0     0   -62.0   48.598 -163.043      8.1   1032.5
     1     1    15    11     7    21     0     0   -63.0   48.431 -163.514      9.0   1032.2
     1     1    15    11     7    20     0     0   -64.0   48.281 -163.981     10.0   1031.9
     1     1    15    11     7    19     0     0   -65.0   48.152 -164.446     11.1   1031.4
     1     1    15    11     7    18     0     0   -66.0   48.046 -164.913     12.7   1030.9
     1     1    15    11     7    17     0     0   -67.0   47.948 -165.378     14.5   1030.4
     1     1    15    11     7    16     0     0   -68.0   47.842 -165.837     16.6   1030.3
     1     1    15    11     7    15     0     0   -69.0   47.730 -166.295     18.8   1030.4
     1     1    15    11     7    14     0     0   -70.0   47.615 -166.755     21.1   1030.9
     1     1    15    11     7    13     0     0   -71.0   47.502 -167.222     23.5   1031.6
     1     1    15    11     7    12     0     0   -72.0   47.394 -167.694     26.0   1032.2
