     1     1
    CDC1    16     1     1     0     0
     1 BACKWARD OMEGA   
    16     1    13    12   60.984 -139.059   750.0
     1 PRESSURE
     1     1    16     1    13    12     0     0     0.0   60.984 -139.059    750.0    792.7
     1     1    16     1    13    11     0     0    -1.0   60.893 -138.726    763.6    792.7
     1     1    16     1    13    10     0     0    -2.0   60.789 -138.406    779.3    792.6
     1     1    16     1    13     9     0     0    -3.0   60.671 -138.099    796.8    792.4
     1     1    16     1    13     8     0     0    -4.0   60.540 -137.803    815.7    792.1
     1     1    16     1    13     7     0     0    -5.0   60.395 -137.516    835.6    791.9
     1     1    16     1    13     6     0     0    -6.0   60.236 -137.240    855.6    791.5
     1     1    16     1    13     5     0     0    -7.0   60.068 -136.969    871.2    791.4
     1     1    16     1    13     4     0     0    -8.0   59.896 -136.700    877.7    794.0
     1     1    16     1    13     3     0     0    -9.0   59.719 -136.432    875.0    798.5
     1     1    16     1    13     2     0     0   -10.0   59.534 -136.160    863.6    803.9
     1     1    16     1    13     1     0     0   -11.0   59.337 -135.877    845.2    810.1
     1     1    16     1    13     0     0     0   -12.0   59.126 -135.575    821.4    817.2
     1     1    16     1    12    23     0     0   -13.0   58.895 -135.269    796.9    825.4
     1     1    16     1    12    22     0     0   -14.0   58.643 -134.967    774.9    833.0
     1     1    16     1    12    21     0     0   -15.0   58.374 -134.662    754.5    839.0
     1     1    16     1    12    20     0     0   -16.0   58.093 -134.348    736.2    844.4
     1     1    16     1    12    19     0     0   -17.0   57.801 -134.018    720.2    849.1
     1     1    16     1    12    18     0     0   -18.0   57.502 -133.668    707.1    852.8
     1     1    16     1    12    17     0     0   -19.0   57.185 -133.335    690.7    855.8
     1     1    16     1    12    16     0     0   -20.0   56.840 -133.037    665.0    862.3
     1     1    16     1    12    15     0     0   -21.0   56.469 -132.749    632.0    870.9
     1     1    16     1    12    14     0     0   -22.0   56.076 -132.443    594.5    880.3
     1     1    16     1    12    13     0     0   -23.0   55.666 -132.104    556.2    888.4
     1     1    16     1    12    12     0     0   -24.0   55.241 -131.722    520.3    896.1
     1     1    16     1    12    11     0     0   -25.0   54.813 -131.329    488.2    901.6
     1     1    16     1    12    10     0     0   -26.0   54.398 -130.974    459.2    905.9
     1     1    16     1    12     9     0     0   -27.0   54.001 -130.663    432.6    911.2
     1     1    16     1    12     8     0     0   -28.0   53.624 -130.388    407.8    917.4
     1     1    16     1    12     7     0     0   -29.0   53.270 -130.144    384.8    924.1
     1     1    16     1    12     6     0     0   -30.0   52.941 -129.934    363.3    930.2
     1     1    16     1    12     5     0     0   -31.0   52.627 -129.739    342.9    935.0
     1     1    16     1    12     4     0     0   -32.0   52.323 -129.552    322.1    938.1
     1     1    16     1    12     3     0     0   -33.0   52.030 -129.381    300.0    940.9
     1     1    16     1    12     2     0     0   -34.0   51.750 -129.227    277.0    944.4
     1     1    16     1    12     1     0     0   -35.0   51.487 -129.087    254.2    948.2
     1     1    16     1    12     0     0     0   -36.0   51.246 -128.960    232.6    952.1
     1     1    16     1    11    23     0     0   -37.0   51.009 -128.832    210.1    955.6
     1     1    16     1    11    22     0     0   -38.0   50.759 -128.687    185.3    959.4
     1     1    16     1    11    21     0     0   -39.0   50.498 -128.523    159.3    963.0
     1     1    16     1    11    20     0     0   -40.0   50.225 -128.338    133.8    966.9
     1     1    16     1    11    19     0     0   -41.0   49.937 -128.124    110.5    970.8
     1     1    16     1    11    18     0     0   -42.0   49.630 -127.880     90.7    975.0
     1     1    16     1    11    17     0     0   -43.0   49.315 -127.598     75.3    979.7
     1     1    16     1    11    16     0     0   -44.0   49.005 -127.275     63.0    982.3
     1     1    16     1    11    15     0     0   -45.0   48.701 -126.930     51.7    985.1
     1     1    16     1    11    14     0     0   -46.0   48.404 -126.562     42.5    988.5
     1     1    16     1    11    13     0     0   -47.0   48.119 -126.166     35.9    992.2
     1     1    16     1    11    12     0     0   -48.0   47.848 -125.741     32.3    996.1
     1     1    16     1    11    11     0     0   -49.0   47.597 -125.299     30.9   1000.7
     1     1    16     1    11    10     0     0   -50.0   47.371 -124.868     30.7   1000.7
     1     1    16     1    11     9     0     0   -51.0   47.169 -124.468     31.4    995.6
     1     1    16     1    11     8     0     0   -52.0   46.990 -124.107     33.0    990.4
     1     1    16     1    11     7     0     0   -53.0   46.828 -123.778     35.8    984.9
     1     1    16     1    11     6     0     0   -54.0   46.683 -123.476     40.1    979.3
     1     1    16     1    11     5     0     0   -55.0   46.554 -123.204     45.1    973.5
     1     1    16     1    11     4     0     0   -56.0   46.443 -122.962     50.0    968.1
     1     1    16     1    11     3     0     0   -57.0   46.350 -122.746     54.7    963.1
     1     1    16     1    11     2     0     0   -58.0   46.272 -122.552     59.2    958.5
     1     1    16     1    11     1     0     0   -59.0   46.203 -122.374     63.5    954.5
     1     1    16     1    11     0     0     0   -60.0   46.138 -122.205     67.2    950.8
     1     1    16     1    10    23     0     0   -61.0   46.073 -122.040     71.0    947.8
     1     1    16     1    10    22     0     0   -62.0   46.007 -121.881     75.6    944.5
     1     1    16     1    10    21     0     0   -63.0   45.937 -121.727     81.2    940.9
     1     1    16     1    10    20     0     0   -64.0   45.865 -121.580     87.9    937.2
     1     1    16     1    10    19     0     0   -65.0   45.791 -121.441     95.9    933.3
     1     1    16     1    10    18     0     0   -66.0   45.714 -121.311    105.5    929.3
     1     1    16     1    10    17     0     0   -67.0   45.637 -121.187    116.3    924.6
     1     1    16     1    10    16     0     0   -68.0   45.558 -121.065    128.2    919.8
     1     1    16     1    10    15     0     0   -69.0   45.479 -120.945    141.1    915.0
     1     1    16     1    10    14     0     0   -70.0   45.402 -120.827    155.0    910.2
     1     1    16     1    10    13     0     0   -71.0   45.328 -120.711    169.8    905.3
     1     1    16     1    10    12     0     0   -72.0   45.258 -120.595    185.5    900.6
