     1     1
    CDC1    15    10     1     0     0
     1 BACKWARD OMEGA   
    15    10    24     6   60.984 -139.059   750.0
     1 PRESSURE
     1     1    15    10    24     6     0     0     0.0   60.984 -139.059    750.0    813.8
     1     1    15    10    24     5     0     0    -1.0   60.775 -139.145    719.9    820.2
     1     1    15    10    24     4     0     0    -2.0   60.566 -139.213    683.7    827.9
     1     1    15    10    24     3     0     0    -3.0   60.360 -139.268    642.1    836.3
     1     1    15    10    24     2     0     0    -4.0   60.161 -139.317    596.1    845.3
     1     1    15    10    24     1     0     0    -5.0   59.975 -139.367    549.1    854.1
     1     1    15    10    24     0     0     0    -6.0   59.804 -139.424    505.4    864.7
     1     1    15    10    23    23     0     0    -7.0   59.641 -139.495    467.3    874.2
     1     1    15    10    23    22     0     0    -8.0   59.476 -139.576    435.8    883.2
     1     1    15    10    23    21     0     0    -9.0   59.308 -139.667    409.3    892.0
     1     1    15    10    23    20     0     0   -10.0   59.137 -139.766    386.3    900.8
     1     1    15    10    23    19     0     0   -11.0   58.963 -139.874    365.5    909.3
     1     1    15    10    23    18     0     0   -12.0   58.786 -139.990    345.9    917.8
     1     1    15    10    23    17     0     0   -13.0   58.612 -140.111    327.0    926.7
     1     1    15    10    23    16     0     0   -14.0   58.446 -140.238    309.4    935.2
     1     1    15    10    23    15     0     0   -15.0   58.287 -140.375    293.5    943.3
     1     1    15    10    23    14     0     0   -16.0   58.135 -140.526    280.0    951.0
     1     1    15    10    23    13     0     0   -17.0   57.991 -140.694    269.2    958.3
     1     1    15    10    23    12     0     0   -18.0   57.852 -140.884    261.5    965.1
     1     1    15    10    23    11     0     0   -19.0   57.716 -141.093    256.2    971.4
     1     1    15    10    23    10     0     0   -20.0   57.583 -141.320    252.3    977.6
     1     1    15    10    23     9     0     0   -21.0   57.455 -141.568    249.8    982.1
     1     1    15    10    23     8     0     0   -22.0   57.335 -141.839    248.7    983.5
     1     1    15    10    23     7     0     0   -23.0   57.226 -142.136    249.0    984.7
     1     1    15    10    23     6     0     0   -24.0   57.130 -142.462    250.9    985.6
     1     1    15    10    23     5     0     0   -25.0   57.038 -142.810    252.8    986.1
     1     1    15    10    23     4     0     0   -26.0   56.941 -143.175    253.1    986.9
     1     1    15    10    23     3     0     0   -27.0   56.842 -143.559    252.3    987.7
     1     1    15    10    23     2     0     0   -28.0   56.745 -143.967    251.3    988.4
     1     1    15    10    23     1     0     0   -29.0   56.654 -144.405    250.6    989.0
     1     1    15    10    23     0     0     0   -30.0   56.573 -144.877    251.1    989.3
     1     1    15    10    22    23     0     0   -31.0   56.500 -145.369    253.0    988.1
     1     1    15    10    22    22     0     0   -32.0   56.429 -145.864    255.8    986.2
     1     1    15    10    22    21     0     0   -33.0   56.362 -146.362    259.4    984.1
     1     1    15    10    22    20     0     0   -34.0   56.302 -146.865    263.7    981.8
     1     1    15    10    22    19     0     0   -35.0   56.250 -147.377    268.5    979.5
     1     1    15    10    22    18     0     0   -36.0   56.208 -147.897    273.7    976.4
     1     1    15    10    22    17     0     0   -37.0   56.171 -148.429    280.0    973.7
     1     1    15    10    22    16     0     0   -38.0   56.134 -148.973    288.0    970.7
     1     1    15    10    22    15     0     0   -39.0   56.098 -149.532    298.2    967.5
     1     1    15    10    22    14     0     0   -40.0   56.067 -150.104    310.7    964.2
     1     1    15    10    22    13     0     0   -41.0   56.040 -150.683    325.1    961.0
     1     1    15    10    22    12     0     0   -42.0   56.024 -151.265    341.0    957.9
     1     1    15    10    22    11     0     0   -43.0   56.019 -151.838    357.6    954.7
     1     1    15    10    22    10     0     0   -44.0   56.027 -152.390    374.0    951.7
     1     1    15    10    22     9     0     0   -45.0   56.046 -152.921    390.8    949.3
     1     1    15    10    22     8     0     0   -46.0   56.078 -153.431    408.3    946.8
     1     1    15    10    22     7     0     0   -47.0   56.122 -153.917    426.1    944.2
     1     1    15    10    22     6     0     0   -48.0   56.179 -154.378    443.8    941.5
     1     1    15    10    22     5     0     0   -49.0   56.250 -154.821    462.0    938.8
     1     1    15    10    22     4     0     0   -50.0   56.337 -155.255    480.8    935.9
     1     1    15    10    22     3     0     0   -51.0   56.438 -155.678    499.1    933.0
     1     1    15    10    22     2     0     0   -52.0   56.548 -156.090    516.0    930.3
     1     1    15    10    22     1     0     0   -53.0   56.665 -156.491    531.0    927.7
     1     1    15    10    22     0     0     0   -54.0   56.787 -156.879    543.3    925.3
     1     1    15    10    21    23     0     0   -55.0   56.912 -157.243    552.9    923.3
     1     1    15    10    21    22     0     0   -56.0   57.039 -157.571    560.4    921.5
     1     1    15    10    21    21     0     0   -57.0   57.168 -157.862    566.3    920.4
     1     1    15    10    21    20     0     0   -58.0   57.298 -158.118    570.8    919.4
     1     1    15    10    21    19     0     0   -59.0   57.427 -158.337    574.3    918.5
     1     1    15    10    21    18     0     0   -60.0   57.555 -158.520    577.5    917.7
     1     1    15    10    21    17     0     0   -61.0   57.682 -158.681    579.3    916.6
     1     1    15    10    21    16     0     0   -62.0   57.810 -158.834    578.5    916.1
     1     1    15    10    21    15     0     0   -63.0   57.937 -158.981    575.5    915.8
     1     1    15    10    21    14     0     0   -64.0   58.065 -159.125    570.5    915.9
     1     1    15    10    21    13     0     0   -65.0   58.191 -159.268    563.9    916.2
     1     1    15    10    21    12     0     0   -66.0   58.317 -159.412    555.8    916.7
     1     1    15    10    21    11     0     0   -67.0   58.436 -159.537    548.4    917.3
     1     1    15    10    21    10     0     0   -68.0   58.544 -159.621    543.4    917.3
     1     1    15    10    21     9     0     0   -69.0   58.641 -159.665    541.0    917.0
     1     1    15    10    21     8     0     0   -70.0   58.728 -159.667    541.1    916.4
     1     1    15    10    21     7     0     0   -71.0   58.806 -159.628    543.9    915.3
     1     1    15    10    21     6     0     0   -72.0   58.874 -159.547    549.5    913.8
