     1     1
    CDC1    15    11     1     0     0
     1 BACKWARD OMEGA   
    15    11    19    12   60.984 -139.059   750.0
     1 PRESSURE
     1     1    15    11    19    12     0     0     0.0   60.984 -139.059    750.0    808.5
     1     1    15    11    19    11     0     0    -1.0   61.041 -139.502    773.3    804.9
     1     1    15    11    19    10     0     0    -2.0   61.098 -139.953    795.0    801.7
     1     1    15    11    19     9     0     0    -3.0   61.156 -140.410    815.5    799.5
     1     1    15    11    19     8     0     0    -4.0   61.214 -140.868    834.6    797.7
     1     1    15    11    19     7     0     0    -5.0   61.276 -141.327    852.6    796.0
     1     1    15    11    19     6     0     0    -6.0   61.343 -141.785    869.8    794.3
     1     1    15    11    19     5     0     0    -7.0   61.417 -142.236    889.5    792.1
     1     1    15    11    19     4     0     0    -8.0   61.495 -142.675    916.4    788.9
     1     1    15    11    19     3     0     0    -9.0   61.577 -143.100    950.6    785.1
     1     1    15    11    19     2     0     0   -10.0   61.664 -143.508    992.2    780.4
     1     1    15    11    19     1     0     0   -11.0   61.757 -143.901   1041.7    774.5
     1     1    15    11    19     0     0     0   -12.0   61.858 -144.279   1100.0    767.4
     1     1    15    11    18    23     0     0   -13.0   61.966 -144.659   1165.9    759.8
     1     1    15    11    18    22     0     0   -14.0   62.079 -145.055   1235.9    752.2
     1     1    15    11    18    21     0     0   -15.0   62.197 -145.470   1309.6    744.2
     1     1    15    11    18    20     0     0   -16.0   62.324 -145.907   1386.2    736.0
     1     1    15    11    18    19     0     0   -17.0   62.462 -146.370   1465.9    727.6
     1     1    15    11    18    18     0     0   -18.0   62.615 -146.855   1551.0    722.9
     1     1    15    11    18    17     0     0   -19.0   62.773 -147.323   1631.8    719.1
     1     1    15    11    18    16     0     0   -20.0   62.923 -147.735   1701.8    716.4
     1     1    15    11    18    15     0     0   -21.0   63.062 -148.088   1760.8    714.2
     1     1    15    11    18    14     0     0   -22.0   63.192 -148.381   1809.6    712.6
     1     1    15    11    18    13     0     0   -23.0   63.311 -148.618   1848.9    711.4
     1     1    15    11    18    12     0     0   -24.0   63.420 -148.799   1879.3    710.6
     1     1    15    11    18    11     0     0   -25.0   63.522 -148.930   1906.8    710.2
     1     1    15    11    18    10     0     0   -26.0   63.622 -149.018   1936.2    708.7
     1     1    15    11    18     9     0     0   -27.0   63.719 -149.065   1967.2    706.8
     1     1    15    11    18     8     0     0   -28.0   63.812 -149.069   1999.4    704.6
     1     1    15    11    18     7     0     0   -29.0   63.900 -149.033   2032.3    702.0
     1     1    15    11    18     6     0     0   -30.0   63.983 -148.956   2065.9    699.2
     1     1    15    11    18     5     0     0   -31.0   64.055 -148.842   2098.9    696.0
     1     1    15    11    18     4     0     0   -32.0   64.109 -148.697   2130.5    692.8
     1     1    15    11    18     3     0     0   -33.0   64.145 -148.520   2160.8    689.2
     1     1    15    11    18     2     0     0   -34.0   64.162 -148.311   2189.7    685.4
     1     1    15    11    18     1     0     0   -35.0   64.162 -148.069   2217.3    681.3
     1     1    15    11    18     0     0     0   -36.0   64.143 -147.795   2243.3    677.1
     1     1    15    11    17    23     0     0   -37.0   64.124 -147.492   2268.0    672.7
     1     1    15    11    17    22     0     0   -38.0   64.122 -147.161   2292.8    668.6
     1     1    15    11    17    21     0     0   -39.0   64.134 -146.803   2316.8    664.6
     1     1    15    11    17    20     0     0   -40.0   64.159 -146.415   2340.2    660.7
     1     1    15    11    17    19     0     0   -41.0   64.196 -145.998   2362.8    657.0
     1     1    15    11    17    18     0     0   -42.0   64.244 -145.550   2384.7    653.5
     1     1    15    11    17    17     0     0   -43.0   64.289 -145.083   2402.7    650.0
     1     1    15    11    17    16     0     0   -44.0   64.314 -144.613   2413.7    648.0
     1     1    15    11    17    15     0     0   -45.0   64.321 -144.149   2417.0    646.5
     1     1    15    11    17    14     0     0   -46.0   64.307 -143.696   2412.4    645.5
     1     1    15    11    17    13     0     0   -47.0   64.274 -143.256   2399.6    644.8
     1     1    15    11    17    12     0     0   -48.0   64.219 -142.833   2378.2    644.6
     1     1    15    11    17    11     0     0   -49.0   64.145 -142.423   2351.0    645.1
     1     1    15    11    17    10     0     0   -50.0   64.052 -142.023   2322.6    645.7
     1     1    15    11    17     9     0     0   -51.0   63.942 -141.634   2293.8    646.1
     1     1    15    11    17     8     0     0   -52.0   63.814 -141.255   2265.6    646.1
     1     1    15    11    17     7     0     0   -53.0   63.668 -140.885   2239.2    645.7
     1     1    15    11    17     6     0     0   -54.0   63.503 -140.524   2215.9    644.6
     1     1    15    11    17     5     0     0   -55.0   63.322 -140.197   2196.6    642.8
     1     1    15    11    17     4     0     0   -56.0   63.135 -139.928   2182.2    640.5
     1     1    15    11    17     3     0     0   -57.0   62.942 -139.715   2173.1    637.7
     1     1    15    11    17     2     0     0   -58.0   62.746 -139.557   2169.5    634.5
     1     1    15    11    17     1     0     0   -59.0   62.548 -139.454   2171.7    630.8
     1     1    15    11    17     0     0     0   -60.0   62.353 -139.404   2184.9    631.0
     1     1    15    11    16    23     0     0   -61.0   62.166 -139.403   2202.5    631.9
     1     1    15    11    16    22     0     0   -62.0   61.990 -139.447   2221.2    632.8
     1     1    15    11    16    21     0     0   -63.0   61.824 -139.529   2238.9    633.7
     1     1    15    11    16    20     0     0   -64.0   61.668 -139.646   2254.6    634.7
     1     1    15    11    16    19     0     0   -65.0   61.522 -139.793   2267.3    635.8
     1     1    15    11    16    18     0     0   -66.0   61.388 -139.967   2276.4    637.1
     1     1    15    11    16    17     0     0   -67.0   61.257 -140.166   2283.6    639.8
     1     1    15    11    16    16     0     0   -68.0   61.121 -140.388   2288.1    642.8
     1     1    15    11    16    15     0     0   -69.0   60.980 -140.631   2291.1    646.1
     1     1    15    11    16    14     0     0   -70.0   60.832 -140.890   2293.0    649.8
     1     1    15    11    16    13     0     0   -71.0   60.675 -141.163   2294.3    653.9
     1     1    15    11    16    12     0     0   -72.0   60.508 -141.444   2295.4    658.2
