     1     1
    CDC1    16     3     1     0     0
     1 BACKWARD OMEGA   
    16     3     5    18   60.984 -139.059   750.0
     1 PRESSURE
     1     1    16     3     5    18     0     0     0.0   60.984 -139.059    750.0    789.5
     1     1    16     3     5    17     0     0    -1.0   60.923 -138.787    760.2    788.7
     1     1    16     3     5    16     0     0    -2.0   60.845 -138.508    763.1    789.2
     1     1    16     3     5    15     0     0    -3.0   60.748 -138.229    758.1    790.8
     1     1    16     3     5    14     0     0    -4.0   60.630 -137.954    744.7    793.5
     1     1    16     3     5    13     0     0    -5.0   60.488 -137.690    722.2    797.5
     1     1    16     3     5    12     0     0    -6.0   60.317 -137.443    690.2    803.0
     1     1    16     3     5    11     0     0    -7.0   60.130 -137.206    652.8    810.0
     1     1    16     3     5    10     0     0    -8.0   59.939 -136.965    614.3    817.6
     1     1    16     3     5     9     0     0    -9.0   59.747 -136.718    576.3    826.6
     1     1    16     3     5     8     0     0   -10.0   59.557 -136.467    538.9    835.2
     1     1    16     3     5     7     0     0   -11.0   59.369 -136.219    501.7    843.7
     1     1    16     3     5     6     0     0   -12.0   59.183 -135.980    463.9    852.1
     1     1    16     3     5     5     0     0   -13.0   59.003 -135.740    428.1    860.2
     1     1    16     3     5     4     0     0   -14.0   58.832 -135.484    396.8    867.2
     1     1    16     3     5     3     0     0   -15.0   58.668 -135.212    369.8    873.1
     1     1    16     3     5     2     0     0   -16.0   58.512 -134.921    346.8    877.3
     1     1    16     3     5     1     0     0   -17.0   58.363 -134.609    327.2    879.1
     1     1    16     3     5     0     0     0   -18.0   58.223 -134.273    310.4    879.8
     1     1    16     3     4    23     0     0   -19.0   58.094 -133.922    294.4    879.7
     1     1    16     3     4    22     0     0   -20.0   57.979 -133.568    277.8    879.2
     1     1    16     3     4    21     0     0   -21.0   57.881 -133.209    260.7    878.1
     1     1    16     3     4    20     0     0   -22.0   57.800 -132.847    243.6    876.5
     1     1    16     3     4    19     0     0   -23.0   57.738 -132.483    226.6    874.3
     1     1    16     3     4    18     0     0   -24.0   57.681 -132.113    209.4    871.3
     1     1    16     3     4    17     0     0   -25.0   57.607 -131.731    191.6    868.7
     1     1    16     3     4    16     0     0   -26.0   57.500 -131.332    173.0    865.4
     1     1    16     3     4    15     0     0   -27.0   57.357 -130.915    153.9    863.7
     1     1    16     3     4    14     0     0   -28.0   57.178 -130.480    135.0    862.6
     1     1    16     3     4    13     0     0   -29.0   56.966 -130.023    116.9    861.9
     1     1    16     3     4    12     0     0   -30.0   56.750 -129.548    101.6    864.4
     1     1    16     3     4    11     0     0   -31.0   56.560 -129.085     89.2    865.6
     1     1    16     3     4    10     0     0   -32.0   56.398 -128.660     78.2    866.1
     1     1    16     3     4     9     0     0   -33.0   56.255 -128.273     68.5    866.0
     1     1    16     3     4     8     0     0   -34.0   56.126 -127.928     59.5    865.4
     1     1    16     3     4     7     0     0   -35.0   56.004 -127.627     50.9    865.1
     1     1    16     3     4     6     0     0   -36.0   55.889 -127.371     42.8    866.6
     1     1    16     3     4     5     0     0   -37.0   55.775 -127.138     35.5    869.8
     1     1    16     3     4     4     0     0   -38.0   55.659 -126.910     29.2    872.8
     1     1    16     3     4     3     0     0   -39.0   55.543 -126.690     23.8    875.5
     1     1    16     3     4     2     0     0   -40.0   55.427 -126.479     19.2    878.0
     1     1    16     3     4     1     0     0   -41.0   55.311 -126.279     15.5    880.3
     1     1    16     3     4     0     0     0   -42.0   55.194 -126.091     12.6    882.3
     1     1    16     3     3    23     0     0   -43.0   55.085 -125.925     10.4    882.9
     1     1    16     3     3    22     0     0   -44.0   54.986 -125.794      8.6    883.0
     1     1    16     3     3    21     0     0   -45.0   54.896 -125.695      6.8    882.7
     1     1    16     3     3    20     0     0   -46.0   54.808 -125.624      5.1    882.5
     1     1    16     3     3    19     0     0   -47.0   54.723 -125.580      3.3    882.4
     1     1    16     3     3    18     0     0   -48.0   54.636 -125.561      1.6    882.5
     1     1    16     3     3    17     0     0   -49.0   54.550 -125.526      0.0    882.3
     1     1    16     3     3    16     0     0   -50.0   54.468 -125.439      0.0    881.8
     1     1    16     3     3    15     0     0   -51.0   54.389 -125.301      0.0    880.8
     1     1    16     3     3    14     0     0   -52.0   54.311 -125.116      0.0    879.2
     1     1    16     3     3    13     0     0   -53.0   54.235 -124.882      0.0    877.9
     1     1    16     3     3    12     0     0   -54.0   54.156 -124.600      0.0    876.9
     1     1    16     3     3    11     0     0   -55.0   54.070 -124.309      0.0    876.6
     1     1    16     3     3    10     0     0   -56.0   53.974 -124.044      0.0    876.1
     1     1    16     3     3     9     0     0   -57.0   53.871 -123.801      0.0    875.3
     1     1    16     3     3     8     0     0   -58.0   53.762 -123.577      0.0    874.3
     1     1    16     3     3     7     0     0   -59.0   53.648 -123.369      0.0    873.0
     1     1    16     3     3     6     0     0   -60.0   53.532 -123.170      0.0    871.6
     1     1    16     3     3     5     0     0   -61.0   53.415 -122.984      0.0    869.7
     1     1    16     3     3     4     0     0   -62.0   53.296 -122.814      0.0    867.5
     1     1    16     3     3     3     0     0   -63.0   53.174 -122.665      0.0    865.2
     1     1    16     3     3     2     0     0   -64.0   53.046 -122.540      0.0    862.8
     1     1    16     3     3     1     0     0   -65.0   52.913 -122.446      0.8    860.6
     1     1    16     3     3     0     0     0   -66.0   52.772 -122.386      2.4    858.5
     1     1    16     3     2    23     0     0   -67.0   52.629 -122.357      4.1    857.1
     1     1    16     3     2    22     0     0   -68.0   52.486 -122.351      5.4    856.2
     1     1    16     3     2    21     0     0   -69.0   52.347 -122.355      6.1    858.7
     1     1    16     3     2    20     0     0   -70.0   52.217 -122.361      6.2    861.2
     1     1    16     3     2    19     0     0   -71.0   52.094 -122.367      5.8    863.5
     1     1    16     3     2    18     0     0   -72.0   51.974 -122.372      4.9    865.7
