     1     1
    CDC1    16     4     1     0     0
     1 BACKWARD OMEGA   
    16     4     5     0   60.984 -139.059   750.0
     1 PRESSURE
     1     1    16     4     5     0     0     0     0.0   60.984 -139.059    750.0    805.0
     1     1    16     4     4    23     0     0    -1.0   60.794 -138.770    723.5    810.4
     1     1    16     4     4    22     0     0    -2.0   60.609 -138.505    698.7    815.6
     1     1    16     4     4    21     0     0    -3.0   60.432 -138.259    676.5    820.3
     1     1    16     4     4    20     0     0    -4.0   60.263 -138.032    657.4    824.4
     1     1    16     4     4    19     0     0    -5.0   60.102 -137.821    641.9    827.9
     1     1    16     4     4    18     0     0    -6.0   59.950 -137.626    630.7    831.6
     1     1    16     4     4    17     0     0    -7.0   59.812 -137.435    621.6    836.5
     1     1    16     4     4    16     0     0    -8.0   59.688 -137.231    611.9    840.9
     1     1    16     4     4    15     0     0    -9.0   59.580 -137.009    602.5    844.6
     1     1    16     4     4    14     0     0   -10.0   59.486 -136.769    593.9    847.5
     1     1    16     4     4    13     0     0   -11.0   59.407 -136.508    586.6    849.6
     1     1    16     4     4    12     0     0   -12.0   59.342 -136.224    581.1    851.0
     1     1    16     4     4    11     0     0   -13.0   59.282 -135.921    576.3    852.2
     1     1    16     4     4    10     0     0   -14.0   59.217 -135.607    570.4    853.7
     1     1    16     4     4     9     0     0   -15.0   59.148 -135.282    563.3    855.3
     1     1    16     4     4     8     0     0   -16.0   59.072 -134.948    554.3    856.9
     1     1    16     4     4     7     0     0   -17.0   58.989 -134.608    543.1    857.1
     1     1    16     4     4     6     0     0   -18.0   58.898 -134.261    529.5    857.5
     1     1    16     4     4     5     0     0   -19.0   58.805 -133.924    514.3    858.1
     1     1    16     4     4     4     0     0   -20.0   58.712 -133.608    499.0    858.7
     1     1    16     4     4     3     0     0   -21.0   58.621 -133.315    483.8    859.4
     1     1    16     4     4     2     0     0   -22.0   58.531 -133.041    469.1    860.2
     1     1    16     4     4     1     0     0   -23.0   58.443 -132.786    455.2    861.0
     1     1    16     4     4     0     0     0   -24.0   58.357 -132.547    442.5    861.7
     1     1    16     4     3    23     0     0   -25.0   58.270 -132.329    430.8    861.6
     1     1    16     4     3    22     0     0   -26.0   58.183 -132.135    420.3    861.6
     1     1    16     4     3    21     0     0   -27.0   58.095 -131.965    410.9    861.7
     1     1    16     4     3    20     0     0   -28.0   58.008 -131.818    402.1    861.9
     1     1    16     4     3    19     0     0   -29.0   57.921 -131.691    393.9    862.4
     1     1    16     4     3    18     0     0   -30.0   57.834 -131.586    385.8    863.1
     1     1    16     4     3    17     0     0   -31.0   57.752 -131.492    379.5    863.7
     1     1    16     4     3    16     0     0   -32.0   57.679 -131.405    376.6    863.7
     1     1    16     4     3    15     0     0   -33.0   57.615 -131.328    377.3    863.3
     1     1    16     4     3    14     0     0   -34.0   57.559 -131.261    381.6    862.4
     1     1    16     4     3    13     0     0   -35.0   57.512 -131.207    389.5    861.3
     1     1    16     4     3    12     0     0   -36.0   57.473 -131.167    401.2    860.1
     1     1    16     4     3    11     0     0   -37.0   57.446 -131.152    412.2    859.0
     1     1    16     4     3    10     0     0   -38.0   57.433 -131.171    417.9    859.2
     1     1    16     4     3     9     0     0   -39.0   57.436 -131.224    418.7    860.3
     1     1    16     4     3     8     0     0   -40.0   57.455 -131.311    414.9    862.2
     1     1    16     4     3     7     0     0   -41.0   57.490 -131.431    406.5    864.9
     1     1    16     4     3     6     0     0   -42.0   57.541 -131.585    394.0    868.7
     1     1    16     4     3     5     0     0   -43.0   57.597 -131.771    381.6    873.1
     1     1    16     4     3     4     0     0   -44.0   57.649 -131.984    373.5    876.9
     1     1    16     4     3     3     0     0   -45.0   57.697 -132.221    369.0    880.6
     1     1    16     4     3     2     0     0   -46.0   57.740 -132.478    367.6    884.3
     1     1    16     4     3     1     0     0   -47.0   57.779 -132.753    369.1    887.6
     1     1    16     4     3     0     0     0   -48.0   57.816 -133.043    373.2    890.9
     1     1    16     4     2    23     0     0   -49.0   57.849 -133.349    375.3    894.2
     1     1    16     4     2    22     0     0   -50.0   57.876 -133.667    370.4    899.1
     1     1    16     4     2    21     0     0   -51.0   57.895 -133.995    359.0    904.7
     1     1    16     4     2    20     0     0   -52.0   57.908 -134.327    341.5    911.2
     1     1    16     4     2    19     0     0   -53.0   57.913 -134.659    319.2    918.4
     1     1    16     4     2    18     0     0   -54.0   57.911 -134.984    293.7    926.1
     1     1    16     4     2    17     0     0   -55.0   57.903 -135.284    269.3    931.6
     1     1    16     4     2    16     0     0   -56.0   57.896 -135.556    249.4    935.8
     1     1    16     4     2    15     0     0   -57.0   57.890 -135.808    233.1    939.6
     1     1    16     4     2    14     0     0   -58.0   57.889 -136.049    219.7    942.9
     1     1    16     4     2    13     0     0   -59.0   57.893 -136.286    208.6    945.8
     1     1    16     4     2    12     0     0   -60.0   57.903 -136.524    199.3    948.3
     1     1    16     4     2    11     0     0   -61.0   57.912 -136.773    190.9    950.8
     1     1    16     4     2    10     0     0   -62.0   57.909 -137.040    182.5    953.7
     1     1    16     4     2     9     0     0   -63.0   57.894 -137.328    174.4    957.2
     1     1    16     4     2     8     0     0   -64.0   57.866 -137.633    166.6    960.6
     1     1    16     4     2     7     0     0   -65.0   57.820 -137.951    158.2    964.1
     1     1    16     4     2     6     0     0   -66.0   57.755 -138.277    149.1    968.5
     1     1    16     4     2     5     0     0   -67.0   57.677 -138.585    138.8    973.6
     1     1    16     4     2     4     0     0   -68.0   57.593 -138.848    126.8    979.1
     1     1    16     4     2     3     0     0   -69.0   57.505 -139.073    112.9    984.9
     1     1    16     4     2     2     0     0   -70.0   57.414 -139.265     97.2    988.6
     1     1    16     4     2     1     0     0   -71.0   57.323 -139.429     80.4    992.3
     1     1    16     4     2     0     0     0   -72.0   57.233 -139.569     63.1    995.3
