     1     1
    CDC1    16     1     1     0     0
     1 BACKWARD OMEGA   
    16     1    28    18   60.984 -139.059   750.0
     1 PRESSURE
     1     1    16     1    28    18     0     0     0.0   60.984 -139.059    750.0    785.1
     1     1    16     1    28    17     0     0    -1.0   60.641 -138.858    688.2    796.0
     1     1    16     1    28    16     0     0    -2.0   60.277 -138.612    608.5    810.1
     1     1    16     1    28    15     0     0    -3.0   59.896 -138.326    510.5    827.4
     1     1    16     1    28    14     0     0    -4.0   59.512 -138.035    401.7    851.8
     1     1    16     1    28    13     0     0    -5.0   59.136 -137.750    297.2    875.5
     1     1    16     1    28    12     0     0    -6.0   58.769 -137.460    209.1    897.6
     1     1    16     1    28    11     0     0    -7.0   58.411 -137.168    144.6    914.5
     1     1    16     1    28    10     0     0    -8.0   58.059 -136.876    101.0    928.8
     1     1    16     1    28     9     0     0    -9.0   57.709 -136.582     71.2    940.7
     1     1    16     1    28     8     0     0   -10.0   57.361 -136.287     50.0    948.8
     1     1    16     1    28     7     0     0   -11.0   57.018 -136.007     34.8    954.3
     1     1    16     1    28     6     0     0   -12.0   56.678 -135.749     24.6    960.0
     1     1    16     1    28     5     0     0   -13.0   56.334 -135.502     17.9    965.9
     1     1    16     1    28     4     0     0   -14.0   55.975 -135.255     13.4    972.4
     1     1    16     1    28     3     0     0   -15.0   55.594 -135.004     10.6    979.6
     1     1    16     1    28     2     0     0   -16.0   55.181 -134.746      8.8    984.9
     1     1    16     1    28     1     0     0   -17.0   54.734 -134.482      7.4    986.9
     1     1    16     1    28     0     0     0   -18.0   54.260 -134.225      6.3    987.1
     1     1    16     1    27    23     0     0   -19.0   53.777 -133.995      5.2    988.2
     1     1    16     1    27    22     0     0   -20.0   53.294 -133.808      4.3    990.5
     1     1    16     1    27    21     0     0   -21.0   52.802 -133.664      3.5    993.6
     1     1    16     1    27    20     0     0   -22.0   52.299 -133.561      2.7    995.8
     1     1    16     1    27    19     0     0   -23.0   51.790 -133.494      1.2    995.6
     1     1    16     1    27    18     0     0   -24.0   51.277 -133.460      0.0    995.5
     1     1    16     1    27    17     0     0   -25.0   50.750 -133.428      0.0    995.5
     1     1    16     1    27    16     0     0   -26.0   50.201 -133.369      0.0    995.5
     1     1    16     1    27    15     0     0   -27.0   49.632 -133.295      0.0    995.4
     1     1    16     1    27    14     0     0   -28.0   49.053 -133.227      0.0    995.2
     1     1    16     1    27    13     0     0   -29.0   48.465 -133.186      0.0    994.8
     1     1    16     1    27    12     0     0   -30.0   47.867 -133.196      0.0    994.0
     1     1    16     1    27    11     0     0   -31.0   47.267 -133.254      0.0    994.2
     1     1    16     1    27    10     0     0   -32.0   46.668 -133.324      0.0    994.5
     1     1    16     1    27     9     0     0   -33.0   46.068 -133.385      0.0    994.8
     1     1    16     1    27     8     0     0   -34.0   45.462 -133.430      0.0    994.9
     1     1    16     1    27     7     0     0   -35.0   44.847 -133.453      0.0    995.7
     1     1    16     1    27     6     0     0   -36.0   44.218 -133.451      0.0    998.6
     1     1    16     1    27     5     0     0   -37.0   43.584 -133.455      0.0   1002.0
     1     1    16     1    27     4     0     0   -38.0   42.955 -133.498      0.0   1005.1
     1     1    16     1    27     3     0     0   -39.0   42.335 -133.575      0.0   1007.6
     1     1    16     1    27     2     0     0   -40.0   41.728 -133.670      0.0   1008.8
     1     1    16     1    27     1     0     0   -41.0   41.137 -133.767      0.0   1009.7
     1     1    16     1    27     0     0     0   -42.0   40.565 -133.864      0.0   1010.5
     1     1    16     1    26    23     0     0   -43.0   40.016 -133.954      0.0   1011.3
     1     1    16     1    26    22     0     0   -44.0   39.496 -134.026      0.0   1013.1
     1     1    16     1    26    21     0     0   -45.0   39.004 -134.072      0.0   1014.7
     1     1    16     1    26    20     0     0   -46.0   38.538 -134.094      0.0   1016.3
     1     1    16     1    26    19     0     0   -47.0   38.096 -134.091      0.0   1017.8
     1     1    16     1    26    18     0     0   -48.0   37.674 -134.063      0.0   1019.2
     1     1    16     1    26    17     0     0   -49.0   37.268 -134.022      0.0   1019.4
     1     1    16     1    26    16     0     0   -50.0   36.874 -133.983      0.0   1019.0
     1     1    16     1    26    15     0     0   -51.0   36.489 -133.948      0.0   1018.6
     1     1    16     1    26    14     0     0   -52.0   36.113 -133.920      0.0   1018.1
     1     1    16     1    26    13     0     0   -53.0   35.742 -133.902      0.0   1017.5
     1     1    16     1    26    12     0     0   -54.0   35.376 -133.896      0.2   1016.9
     1     1    16     1    26    11     0     0   -55.0   35.008 -133.894      0.3   1016.1
     1     1    16     1    26    10     0     0   -56.0   34.634 -133.879      0.4   1016.5
     1     1    16     1    26     9     0     0   -57.0   34.255 -133.845      0.4   1017.0
     1     1    16     1    26     8     0     0   -58.0   33.871 -133.794      0.2   1017.4
     1     1    16     1    26     7     0     0   -59.0   33.481 -133.727      0.0   1017.9
     1     1    16     1    26     6     0     0   -60.0   33.087 -133.647      0.0   1018.4
     1     1    16     1    26     5     0     0   -61.0   32.702 -133.572      0.0   1018.8
     1     1    16     1    26     4     0     0   -62.0   32.342 -133.517      0.0   1019.3
     1     1    16     1    26     3     0     0   -63.0   32.013 -133.481      0.0   1019.7
     1     1    16     1    26     2     0     0   -64.0   31.718 -133.462      0.0   1019.9
     1     1    16     1    26     1     0     0   -65.0   31.450 -133.465      0.0   1020.1
     1     1    16     1    26     0     0     0   -66.0   31.207 -133.491      0.0   1020.2
     1     1    16     1    25    23     0     0   -67.0   30.973 -133.530      0.0   1020.7
     1     1    16     1    25    22     0     0   -68.0   30.739 -133.571      0.1   1021.3
     1     1    16     1    25    21     0     0   -69.0   30.504 -133.616      0.4   1021.9
     1     1    16     1    25    20     0     0   -70.0   30.267 -133.666      0.8   1022.7
     1     1    16     1    25    19     0     0   -71.0   30.029 -133.722      1.4   1023.5
     1     1    16     1    25    18     0     0   -72.0   29.790 -133.782      2.0   1023.6
