     1     1
    CDC1    16     4     1     0     0
     1 BACKWARD OMEGA   
    16     4    18    18   60.984 -139.059   750.0
     1 PRESSURE
     1     1    16     4    18    18     0     0     0.0   60.984 -139.059    750.0    807.4
     1     1    16     4    18    17     0     0    -1.0   61.009 -139.183    726.0    810.4
     1     1    16     4    18    16     0     0    -2.0   61.005 -139.290    706.9    813.0
     1     1    16     4    18    15     0     0    -3.0   60.973 -139.379    692.5    815.7
     1     1    16     4    18    14     0     0    -4.0   60.914 -139.449    682.6    818.3
     1     1    16     4    18    13     0     0    -5.0   60.827 -139.497    676.8    820.8
     1     1    16     4    18    12     0     0    -6.0   60.713 -139.519    674.4    823.5
     1     1    16     4    18    11     0     0    -7.0   60.577 -139.528    671.2    825.6
     1     1    16     4    18    10     0     0    -8.0   60.424 -139.540    663.4    829.1
     1     1    16     4    18     9     0     0    -9.0   60.254 -139.559    650.7    833.5
     1     1    16     4    18     8     0     0   -10.0   60.067 -139.590    632.8    838.8
     1     1    16     4    18     7     0     0   -11.0   59.863 -139.637    610.4    847.5
     1     1    16     4    18     6     0     0   -12.0   59.647 -139.702    585.0    857.6
     1     1    16     4    18     5     0     0   -13.0   59.435 -139.750    556.0    867.9
     1     1    16     4    18     4     0     0   -14.0   59.238 -139.753    523.0    878.2
     1     1    16     4    18     3     0     0   -15.0   59.054 -139.716    486.9    888.5
     1     1    16     4    18     2     0     0   -16.0   58.879 -139.645    448.8    898.7
     1     1    16     4    18     1     0     0   -17.0   58.710 -139.545    409.9    908.9
     1     1    16     4    18     0     0     0   -18.0   58.545 -139.423    371.1    918.9
     1     1    16     4    17    23     0     0   -19.0   58.388 -139.295    336.5    927.5
     1     1    16     4    17    22     0     0   -20.0   58.247 -139.169    309.0    934.6
     1     1    16     4    17    21     0     0   -21.0   58.124 -139.046    287.3    940.4
     1     1    16     4    17    20     0     0   -22.0   58.020 -138.921    270.8    945.1
     1     1    16     4    17    19     0     0   -23.0   57.936 -138.793    258.6    948.6
     1     1    16     4    17    18     0     0   -24.0   57.873 -138.657    250.2    950.9
     1     1    16     4    17    17     0     0   -25.0   57.826 -138.511    243.8    952.9
     1     1    16     4    17    16     0     0   -26.0   57.793 -138.355    237.8    954.6
     1     1    16     4    17    15     0     0   -27.0   57.775 -138.188    231.9    955.6
     1     1    16     4    17    14     0     0   -28.0   57.774 -138.010    226.4    956.0
     1     1    16     4    17    13     0     0   -29.0   57.791 -137.823    220.9    955.7
     1     1    16     4    17    12     0     0   -30.0   57.828 -137.628    215.7    954.7
     1     1    16     4    17    11     0     0   -31.0   57.866 -137.429    210.7    953.5
     1     1    16     4    17    10     0     0   -32.0   57.884 -137.227    206.1    952.5
     1     1    16     4    17     9     0     0   -33.0   57.882 -137.024    201.6    952.1
     1     1    16     4    17     8     0     0   -34.0   57.864 -136.821    197.3    952.2
     1     1    16     4    17     7     0     0   -35.0   57.831 -136.620    193.0    952.6
     1     1    16     4    17     6     0     0   -36.0   57.785 -136.424    188.8    953.4
     1     1    16     4    17     5     0     0   -37.0   57.732 -136.233    184.0    954.1
     1     1    16     4    17     4     0     0   -38.0   57.672 -136.044    178.2    955.0
     1     1    16     4    17     3     0     0   -39.0   57.608 -135.857    171.7    956.1
     1     1    16     4    17     2     0     0   -40.0   57.539 -135.673    164.4    957.4
     1     1    16     4    17     1     0     0   -41.0   57.465 -135.491    156.7    958.5
     1     1    16     4    17     0     0     0   -42.0   57.388 -135.313    148.5    959.3
     1     1    16     4    16    23     0     0   -43.0   57.308 -135.142    140.1    960.0
     1     1    16     4    16    22     0     0   -44.0   57.231 -134.978    131.3    960.8
     1     1    16     4    16    21     0     0   -45.0   57.152 -134.822    122.1    960.7
     1     1    16     4    16    20     0     0   -46.0   57.069 -134.673    112.4    961.0
     1     1    16     4    16    19     0     0   -47.0   56.983 -134.532    102.2    961.6
     1     1    16     4    16    18     0     0   -48.0   56.894 -134.396     91.8    962.6
     1     1    16     4    16    17     0     0   -49.0   56.801 -134.267     81.1    963.9
     1     1    16     4    16    16     0     0   -50.0   56.702 -134.144     70.2    965.4
     1     1    16     4    16    15     0     0   -51.0   56.601 -134.025     59.4    966.6
     1     1    16     4    16    14     0     0   -52.0   56.498 -133.910     49.0    968.0
     1     1    16     4    16    13     0     0   -53.0   56.394 -133.796     39.3    969.6
     1     1    16     4    16    12     0     0   -54.0   56.292 -133.683     30.6    971.1
     1     1    16     4    16    11     0     0   -55.0   56.189 -133.571     23.5    972.7
     1     1    16     4    16    10     0     0   -56.0   56.083 -133.463     18.2    974.1
     1     1    16     4    16     9     0     0   -57.0   55.973 -133.360     14.3    975.7
     1     1    16     4    16     8     0     0   -58.0   55.857 -133.264     11.5    977.4
     1     1    16     4    16     7     0     0   -59.0   55.734 -133.175      9.3    979.1
     1     1    16     4    16     6     0     0   -60.0   55.603 -133.097      7.7    981.0
     1     1    16     4    16     5     0     0   -61.0   55.464 -133.032      6.3    983.3
     1     1    16     4    16     4     0     0   -62.0   55.320 -132.985      5.2    986.0
     1     1    16     4    16     3     0     0   -63.0   55.167 -132.959      4.3    989.2
     1     1    16     4    16     2     0     0   -64.0   55.005 -132.957      3.6    992.9
     1     1    16     4    16     1     0     0   -65.0   54.831 -132.982      2.9    995.1
     1     1    16     4    16     0     0     0   -66.0   54.643 -133.036      2.1    997.6
     1     1    16     4    15    23     0     0   -67.0   54.444 -133.101      1.3    999.6
     1     1    16     4    15    22     0     0   -68.0   54.235 -133.157      0.2   1001.5
     1     1    16     4    15    21     0     0   -69.0   54.013 -133.210      0.0   1003.5
     1     1    16     4    15    20     0     0   -70.0   53.777 -133.263      0.0   1005.4
     1     1    16     4    15    19     0     0   -71.0   53.523 -133.325      0.0   1007.5
     1     1    16     4    15    18     0     0   -72.0   53.249 -133.401      0.0   1009.6
