     1     1
    CDC1    15    12     1     0     0
     1 BACKWARD OMEGA   
    15    12    14    18   60.984 -139.059   750.0
     1 PRESSURE
     1     1    15    12    14    18     0     0     0.0   60.984 -139.059    750.0    797.4
     1     1    15    12    14    17     0     0    -1.0   60.817 -139.420    663.9    810.3
     1     1    15    12    14    16     0     0    -2.0   60.623 -139.705    578.8    823.6
     1     1    15    12    14    15     0     0    -3.0   60.400 -139.895    494.6    837.0
     1     1    15    12    14    14     0     0    -4.0   60.145 -139.966    411.8    851.6
     1     1    15    12    14    13     0     0    -5.0   59.861 -139.899    334.6    868.6
     1     1    15    12    14    12     0     0    -6.0   59.556 -139.701    270.7    886.9
     1     1    15    12    14    11     0     0    -7.0   59.252 -139.441    222.6    903.9
     1     1    15    12    14    10     0     0    -8.0   58.966 -139.180    186.8    918.1
     1     1    15    12    14     9     0     0    -9.0   58.701 -138.921    159.9    930.2
     1     1    15    12    14     8     0     0   -10.0   58.457 -138.663    139.1    941.2
     1     1    15    12    14     7     0     0   -11.0   58.239 -138.401    123.4    950.7
     1     1    15    12    14     6     0     0   -12.0   58.050 -138.133    111.6    958.7
     1     1    15    12    14     5     0     0   -13.0   57.901 -137.880    103.2    963.8
     1     1    15    12    14     4     0     0   -14.0   57.795 -137.664     97.7    967.0
     1     1    15    12    14     3     0     0   -15.0   57.729 -137.488     94.5    968.4
     1     1    15    12    14     2     0     0   -16.0   57.699 -137.353     93.1    967.9
     1     1    15    12    14     1     0     0   -17.0   57.700 -137.258     93.5    966.5
     1     1    15    12    14     0     0     0   -18.0   57.730 -137.201     95.7    964.1
     1     1    15    12    13    23     0     0   -19.0   57.776 -137.174     98.5    961.2
     1     1    15    12    13    22     0     0   -20.0   57.828 -137.169    100.9    958.5
     1     1    15    12    13    21     0     0   -21.0   57.884 -137.186    102.8    955.9
     1     1    15    12    13    20     0     0   -22.0   57.945 -137.221    104.1    953.3
     1     1    15    12    13    19     0     0   -23.0   58.011 -137.274    104.9    950.8
     1     1    15    12    13    18     0     0   -24.0   58.083 -137.344    105.2    948.4
     1     1    15    12    13    17     0     0   -25.0   58.157 -137.422    105.1    946.2
     1     1    15    12    13    16     0     0   -26.0   58.232 -137.502    104.6    943.9
     1     1    15    12    13    15     0     0   -27.0   58.307 -137.583    103.5    941.5
     1     1    15    12    13    14     0     0   -28.0   58.381 -137.665    101.8    939.1
     1     1    15    12    13    13     0     0   -29.0   58.454 -137.750     99.7    936.8
     1     1    15    12    13    12     0     0   -30.0   58.526 -137.839     96.9    934.6
     1     1    15    12    13    11     0     0   -31.0   58.595 -137.929     93.7    932.5
     1     1    15    12    13    10     0     0   -32.0   58.658 -138.018     90.0    930.6
     1     1    15    12    13     9     0     0   -33.0   58.718 -138.106     85.9    928.9
     1     1    15    12    13     8     0     0   -34.0   58.774 -138.191     81.3    927.4
     1     1    15    12    13     7     0     0   -35.0   58.825 -138.275     76.3    926.2
     1     1    15    12    13     6     0     0   -36.0   58.874 -138.357     71.0    925.0
     1     1    15    12    13     5     0     0   -37.0   58.914 -138.433     66.0    924.3
     1     1    15    12    13     4     0     0   -38.0   58.940 -138.501     61.9    923.9
     1     1    15    12    13     3     0     0   -39.0   58.953 -138.565     58.7    923.8
     1     1    15    12    13     2     0     0   -40.0   58.953 -138.626     56.3    924.1
     1     1    15    12    13     1     0     0   -41.0   58.940 -138.686     54.6    924.8
     1     1    15    12    13     0     0     0   -42.0   58.917 -138.747     53.7    925.8
     1     1    15    12    12    23     0     0   -43.0   58.887 -138.799     52.7    926.9
     1     1    15    12    12    22     0     0   -44.0   58.855 -138.829     50.7    928.2
     1     1    15    12    12    21     0     0   -45.0   58.822 -138.836     48.0    929.5
     1     1    15    12    12    20     0     0   -46.0   58.788 -138.818     44.5    930.9
     1     1    15    12    12    19     0     0   -47.0   58.754 -138.772     40.5    932.3
     1     1    15    12    12    18     0     0   -48.0   58.718 -138.696     36.2    933.6
     1     1    15    12    12    17     0     0   -49.0   58.680 -138.606     32.0    935.2
     1     1    15    12    12    16     0     0   -50.0   58.634 -138.522     28.5    936.9
     1     1    15    12    12    15     0     0   -51.0   58.580 -138.444     25.6    938.9
     1     1    15    12    12    14     0     0   -52.0   58.518 -138.375     23.1    941.1
     1     1    15    12    12    13     0     0   -53.0   58.449 -138.316     20.9    943.5
     1     1    15    12    12    12     0     0   -54.0   58.372 -138.268     19.1    946.2
     1     1    15    12    12    11     0     0   -55.0   58.288 -138.213     17.4    949.3
     1     1    15    12    12    10     0     0   -56.0   58.198 -138.130     15.7    952.4
     1     1    15    12    12     9     0     0   -57.0   58.103 -138.020     14.0    955.6
     1     1    15    12    12     8     0     0   -58.0   58.002 -137.879     12.5    958.8
     1     1    15    12    12     7     0     0   -59.0   57.897 -137.707     11.1    962.1
     1     1    15    12    12     6     0     0   -60.0   57.786 -137.503      9.9    965.3
     1     1    15    12    12     5     0     0   -61.0   57.677 -137.273      8.9    967.3
     1     1    15    12    12     4     0     0   -62.0   57.575 -137.027      7.8    968.9
     1     1    15    12    12     3     0     0   -63.0   57.481 -136.763      6.9    969.6
     1     1    15    12    12     2     0     0   -64.0   57.396 -136.487      6.0    968.9
     1     1    15    12    12     1     0     0   -65.0   57.321 -136.202      5.2    968.1
     1     1    15    12    12     0     0     0   -66.0   57.255 -135.907      4.6    967.1
     1     1    15    12    11    23     0     0   -67.0   57.204 -135.618      4.2    965.6
     1     1    15    12    11    22     0     0   -68.0   57.173 -135.348      3.9    964.0
     1     1    15    12    11    21     0     0   -69.0   57.160 -135.095      3.9    962.2
     1     1    15    12    11    20     0     0   -70.0   57.162 -134.860      4.0    959.0
     1     1    15    12    11    19     0     0   -71.0   57.174 -134.644      4.2    955.0
     1     1    15    12    11    18     0     0   -72.0   57.196 -134.446      4.5    951.1
