     1     1
    CDC1    16     3     1     0     0
     1 BACKWARD OMEGA   
    16     3    24     0   60.984 -139.059   750.0
     1 PRESSURE
     1     1    16     3    24     0     0     0     0.0   60.984 -139.059    750.0    801.8
     1     1    16     3    23    23     0     0    -1.0   60.895 -138.724    755.9    802.3
     1     1    16     3    23    22     0     0    -2.0   60.784 -138.365    762.3    802.9
     1     1    16     3    23    21     0     0    -3.0   60.651 -137.982    769.1    803.8
     1     1    16     3    23    20     0     0    -4.0   60.494 -137.576    776.0    804.9
     1     1    16     3    23    19     0     0    -5.0   60.315 -137.151    782.5    805.8
     1     1    16     3    23    18     0     0    -6.0   60.115 -136.710    788.2    807.1
     1     1    16     3    23    17     0     0    -7.0   59.903 -136.275    789.5    810.2
     1     1    16     3    23    16     0     0    -8.0   59.687 -135.866    783.2    815.6
     1     1    16     3    23    15     0     0    -9.0   59.465 -135.481    768.9    821.7
     1     1    16     3    23    14     0     0   -10.0   59.238 -135.115    746.8    828.5
     1     1    16     3    23    13     0     0   -11.0   59.004 -134.762    716.9    835.0
     1     1    16     3    23    12     0     0   -12.0   58.765 -134.415    680.0    841.7
     1     1    16     3    23    11     0     0   -13.0   58.521 -134.080    640.5    849.4
     1     1    16     3    23    10     0     0   -14.0   58.272 -133.764    601.8    856.2
     1     1    16     3    23     9     0     0   -15.0   58.023 -133.470    565.2    862.2
     1     1    16     3    23     8     0     0   -16.0   57.780 -133.205    531.6    867.7
     1     1    16     3    23     7     0     0   -17.0   57.546 -132.974    501.6    872.8
     1     1    16     3    23     6     0     0   -18.0   57.323 -132.783    476.1    878.3
     1     1    16     3    23     5     0     0   -19.0   57.110 -132.618    454.7    883.3
     1     1    16     3    23     4     0     0   -20.0   56.911 -132.470    437.2    888.0
     1     1    16     3    23     3     0     0   -21.0   56.724 -132.334    423.0    891.9
     1     1    16     3    23     2     0     0   -22.0   56.547 -132.209    411.8    895.4
     1     1    16     3    23     1     0     0   -23.0   56.382 -132.100    403.5    898.6
     1     1    16     3    23     0     0     0   -24.0   56.229 -132.009    398.2    901.5
     1     1    16     3    22    23     0     0   -25.0   56.087 -131.929    393.4    903.7
     1     1    16     3    22    22     0     0   -26.0   55.956 -131.852    386.2    906.3
     1     1    16     3    22    21     0     0   -27.0   55.836 -131.779    376.7    909.0
     1     1    16     3    22    20     0     0   -28.0   55.729 -131.710    364.9    911.6
     1     1    16     3    22    19     0     0   -29.0   55.634 -131.646    351.0    914.1
     1     1    16     3    22    18     0     0   -30.0   55.553 -131.586    334.8    916.6
     1     1    16     3    22    17     0     0   -31.0   55.481 -131.533    317.6    918.7
     1     1    16     3    22    16     0     0   -32.0   55.411 -131.490    300.4    920.9
     1     1    16     3    22    15     0     0   -33.0   55.343 -131.455    283.4    923.1
     1     1    16     3    22    14     0     0   -34.0   55.279 -131.429    267.0    925.5
     1     1    16     3    22    13     0     0   -35.0   55.217 -131.410    251.2    927.9
     1     1    16     3    22    12     0     0   -36.0   55.159 -131.398    236.1    930.3
     1     1    16     3    22    11     0     0   -37.0   55.101 -131.384    223.2    932.8
     1     1    16     3    22    10     0     0   -38.0   55.039 -131.360    213.4    934.7
     1     1    16     3    22     9     0     0   -39.0   54.974 -131.327    206.7    936.0
     1     1    16     3    22     8     0     0   -40.0   54.906 -131.287    203.1    936.4
     1     1    16     3    22     7     0     0   -41.0   54.836 -131.241    202.4    936.5
     1     1    16     3    22     6     0     0   -42.0   54.763 -131.189    205.0    936.0
     1     1    16     3    22     5     0     0   -43.0   54.688 -131.125    210.8    934.9
     1     1    16     3    22     4     0     0   -44.0   54.610 -131.048    220.0    933.2
     1     1    16     3    22     3     0     0   -45.0   54.528 -130.957    232.8    931.0
     1     1    16     3    22     2     0     0   -46.0   54.442 -130.854    249.1    928.3
     1     1    16     3    22     1     0     0   -47.0   54.352 -130.737    269.0    925.1
     1     1    16     3    22     0     0     0   -48.0   54.257 -130.609    292.6    921.5
     1     1    16     3    21    23     0     0   -49.0   54.158 -130.476    318.0    918.0
     1     1    16     3    21    22     0     0   -50.0   54.054 -130.343    342.9    914.9
     1     1    16     3    21    21     0     0   -51.0   53.946 -130.209    367.1    912.2
     1     1    16     3    21    20     0     0   -52.0   53.830 -130.071    390.5    909.5
     1     1    16     3    21    19     0     0   -53.0   53.704 -129.928    412.3    906.7
     1     1    16     3    21    18     0     0   -54.0   53.567 -129.778    431.8    904.2
     1     1    16     3    21    17     0     0   -55.0   53.414 -129.621    447.2    902.0
     1     1    16     3    21    16     0     0   -56.0   53.244 -129.455    457.0    900.8
     1     1    16     3    21    15     0     0   -57.0   53.057 -129.283    461.3    900.4
     1     1    16     3    21    14     0     0   -58.0   52.852 -129.107    460.5    900.7
     1     1    16     3    21    13     0     0   -59.0   52.628 -128.928    455.0    901.8
     1     1    16     3    21    12     0     0   -60.0   52.384 -128.748    444.6    903.1
     1     1    16     3    21    11     0     0   -61.0   52.123 -128.572    431.0    904.9
     1     1    16     3    21    10     0     0   -62.0   51.848 -128.402    415.6    907.2
     1     1    16     3    21     9     0     0   -63.0   51.556 -128.240    399.3    910.2
     1     1    16     3    21     8     0     0   -64.0   51.249 -128.090    382.6    913.8
     1     1    16     3    21     7     0     0   -65.0   50.926 -127.955    366.0    917.8
     1     1    16     3    21     6     0     0   -66.0   50.587 -127.838    350.0    922.3
     1     1    16     3    21     5     0     0   -67.0   50.240 -127.729    336.5    927.4
     1     1    16     3    21     4     0     0   -68.0   49.894 -127.614    326.6    932.1
     1     1    16     3    21     3     0     0   -69.0   49.551 -127.499    319.5    937.2
     1     1    16     3    21     2     0     0   -70.0   49.215 -127.390    313.9    941.9
     1     1    16     3    21     1     0     0   -71.0   48.885 -127.296    308.6    947.0
     1     1    16     3    21     0     0     0   -72.0   48.560 -127.221    302.8    952.5
