     1     1
    CDC1    15    11     1     0     0
     1 BACKWARD OMEGA   
    15    11    22    18   60.984 -139.059   750.0
     1 PRESSURE
     1     1    15    11    22    18     0     0     0.0   60.984 -139.059    750.0    809.0
     1     1    15    11    22    17     0     0    -1.0   61.114 -139.620    760.3    805.9
     1     1    15    11    22    16     0     0    -2.0   61.222 -140.200    762.7    804.8
     1     1    15    11    22    15     0     0    -3.0   61.307 -140.795    757.6    805.8
     1     1    15    11    22    14     0     0    -4.0   61.374 -141.405    745.6    807.7
     1     1    15    11    22    13     0     0    -5.0   61.426 -142.029    728.4    810.5
     1     1    15    11    22    12     0     0    -6.0   61.465 -142.667    707.5    814.3
     1     1    15    11    22    11     0     0    -7.0   61.503 -143.316    687.3    819.7
     1     1    15    11    22    10     0     0    -8.0   61.547 -143.973    670.4    824.0
     1     1    15    11    22     9     0     0    -9.0   61.602 -144.641    656.7    827.6
     1     1    15    11    22     8     0     0   -10.0   61.669 -145.321    646.1    831.0
     1     1    15    11    22     7     0     0   -11.0   61.750 -146.016    638.8    834.4
     1     1    15    11    22     6     0     0   -12.0   61.851 -146.732    635.9    837.0
     1     1    15    11    22     5     0     0   -13.0   61.967 -147.484    637.3    839.1
     1     1    15    11    22     4     0     0   -14.0   62.083 -148.282    640.9    840.3
     1     1    15    11    22     3     0     0   -15.0   62.197 -149.124    646.8    842.0
     1     1    15    11    22     2     0     0   -16.0   62.306 -150.011    655.2    844.1
     1     1    15    11    22     1     0     0   -17.0   62.405 -150.930    664.5    846.4
     1     1    15    11    22     0     0     0   -18.0   62.485 -151.868    673.4    850.1
     1     1    15    11    21    23     0     0   -19.0   62.553 -152.801    680.5    854.7
     1     1    15    11    21    22     0     0   -20.0   62.620 -153.708    681.9    860.0
     1     1    15    11    21    21     0     0   -21.0   62.686 -154.597    676.3    866.0
     1     1    15    11    21    20     0     0   -22.0   62.754 -155.480    664.0    873.0
     1     1    15    11    21    19     0     0   -23.0   62.826 -156.363    645.9    880.8
     1     1    15    11    21    18     0     0   -24.0   62.904 -157.257    623.7    889.1
     1     1    15    11    21    17     0     0   -25.0   62.981 -158.140    601.1    897.3
     1     1    15    11    21    16     0     0   -26.0   63.050 -158.982    580.3    904.5
     1     1    15    11    21    15     0     0   -27.0   63.114 -159.778    560.4    911.1
     1     1    15    11    21    14     0     0   -28.0   63.178 -160.523    540.5    915.8
     1     1    15    11    21    13     0     0   -29.0   63.247 -161.219    520.2    919.7
     1     1    15    11    21    12     0     0   -30.0   63.323 -161.865    499.1    923.3
     1     1    15    11    21    11     0     0   -31.0   63.404 -162.463    479.6    927.6
     1     1    15    11    21    10     0     0   -32.0   63.490 -163.017    463.5    929.9
     1     1    15    11    21     9     0     0   -33.0   63.578 -163.527    451.2    931.6
     1     1    15    11    21     8     0     0   -34.0   63.670 -163.991    442.3    932.6
     1     1    15    11    21     7     0     0   -35.0   63.764 -164.408    436.7    933.1
     1     1    15    11    21     6     0     0   -36.0   63.860 -164.774    434.3    933.1
     1     1    15    11    21     5     0     0   -37.0   63.961 -165.101    434.9    932.8
     1     1    15    11    21     4     0     0   -38.0   64.068 -165.397    437.6    932.1
     1     1    15    11    21     3     0     0   -39.0   64.181 -165.666    442.6    931.0
     1     1    15    11    21     2     0     0   -40.0   64.301 -165.907    449.8    929.6
     1     1    15    11    21     1     0     0   -41.0   64.426 -166.122    459.1    928.0
     1     1    15    11    21     0     0     0   -42.0   64.555 -166.314    470.5    926.0
     1     1    15    11    20    23     0     0   -43.0   64.688 -166.479    482.2    923.9
     1     1    15    11    20    22     0     0   -44.0   64.826 -166.610    492.6    922.2
     1     1    15    11    20    21     0     0   -45.0   64.970 -166.707    501.7    920.6
     1     1    15    11    20    20     0     0   -46.0   65.123 -166.760    509.5    919.6
     1     1    15    11    20    19     0     0   -47.0   65.288 -166.760    516.2    918.7
     1     1    15    11    20    18     0     0   -48.0   65.463 -166.701    521.8    917.8
     1     1    15    11    20    17     0     0   -49.0   65.645 -166.577    525.2    916.5
     1     1    15    11    20    16     0     0   -50.0   65.828 -166.382    524.7    915.6
     1     1    15    11    20    15     0     0   -51.0   66.009 -166.112    519.9    915.0
     1     1    15    11    20    14     0     0   -52.0   66.183 -165.768    510.4    914.6
     1     1    15    11    20    13     0     0   -53.0   66.346 -165.347    495.6    914.5
     1     1    15    11    20    12     0     0   -54.0   66.493 -164.850    475.1    914.6
     1     1    15    11    20    11     0     0   -55.0   66.619 -164.293    452.4    914.8
     1     1    15    11    20    10     0     0   -56.0   66.718 -163.696    432.6    914.0
     1     1    15    11    20     9     0     0   -57.0   66.785 -163.068    416.4    912.5
     1     1    15    11    20     8     0     0   -58.0   66.816 -162.420    404.9    910.3
     1     1    15    11    20     7     0     0   -59.0   66.806 -161.775    398.6    907.8
     1     1    15    11    20     6     0     0   -60.0   66.753 -161.150    397.9    904.9
     1     1    15    11    20     5     0     0   -61.0   66.651 -160.531    400.5    903.1
     1     1    15    11    20     4     0     0   -62.0   66.494 -159.896    404.2    902.1
     1     1    15    11    20     3     0     0   -63.0   66.283 -159.251    408.4    902.0
     1     1    15    11    20     2     0     0   -64.0   66.019 -158.593    412.9    902.5
     1     1    15    11    20     1     0     0   -65.0   65.703 -157.910    417.4    903.8
     1     1    15    11    20     0     0     0   -66.0   65.333 -157.188    421.8    906.2
     1     1    15    11    19    23     0     0   -67.0   64.921 -156.506    424.4    908.5
     1     1    15    11    19    22     0     0   -68.0   64.472 -155.959    419.7    906.3
     1     1    15    11    19    21     0     0   -69.0   63.985 -155.547    406.0    904.9
     1     1    15    11    19    20     0     0   -70.0   63.467 -155.239    384.2    904.4
     1     1    15    11    19    19     0     0   -71.0   62.925 -155.008    355.7    904.2
     1     1    15    11    19    18     0     0   -72.0   62.372 -154.829    323.1    906.1
