     1     1
    CDC1    16     1     1     0     0
     1 BACKWARD OMEGA   
    16     1    11     0   60.984 -139.059   750.0
     1 PRESSURE
     1     1    16     1    11     0     0     0     0.0   60.984 -139.059    750.0    808.0
     1     1    16     1    10    23     0     0    -1.0   60.700 -138.437    706.1    817.1
     1     1    16     1    10    22     0     0    -2.0   60.411 -137.874    663.6    826.5
     1     1    16     1    10    21     0     0    -3.0   60.111 -137.360    624.5    835.5
     1     1    16     1    10    20     0     0    -4.0   59.804 -136.894    594.0    845.5
     1     1    16     1    10    19     0     0    -5.0   59.502 -136.475    575.8    854.9
     1     1    16     1    10    18     0     0    -6.0   59.210 -136.095    569.2    862.4
     1     1    16     1    10    17     0     0    -7.0   58.925 -135.743    565.7    868.5
     1     1    16     1    10    16     0     0    -8.0   58.649 -135.414    558.0    875.5
     1     1    16     1    10    15     0     0    -9.0   58.378 -135.104    546.6    882.4
     1     1    16     1    10    14     0     0   -10.0   58.111 -134.812    532.2    888.0
     1     1    16     1    10    13     0     0   -11.0   57.844 -134.535    515.4    892.9
     1     1    16     1    10    12     0     0   -12.0   57.576 -134.271    497.2    897.7
     1     1    16     1    10    11     0     0   -13.0   57.317 -134.029    481.5    901.6
     1     1    16     1    10    10     0     0   -14.0   57.076 -133.820    470.7    904.5
     1     1    16     1    10     9     0     0   -15.0   56.853 -133.641    463.9    907.3
     1     1    16     1    10     8     0     0   -16.0   56.645 -133.489    459.8    909.9
     1     1    16     1    10     7     0     0   -17.0   56.452 -133.361    457.6    912.4
     1     1    16     1    10     6     0     0   -18.0   56.275 -133.254    456.6    914.9
     1     1    16     1    10     5     0     0   -19.0   56.104 -133.157    455.6    917.5
     1     1    16     1    10     4     0     0   -20.0   55.931 -133.057    453.9    920.3
     1     1    16     1    10     3     0     0   -21.0   55.756 -132.954    452.3    923.2
     1     1    16     1    10     2     0     0   -22.0   55.580 -132.846    451.5    926.0
     1     1    16     1    10     1     0     0   -23.0   55.401 -132.732    452.1    928.7
     1     1    16     1    10     0     0     0   -24.0   55.220 -132.611    454.8    931.2
     1     1    16     1     9    23     0     0   -25.0   55.043 -132.487    458.5    933.0
     1     1    16     1     9    22     0     0   -26.0   54.881 -132.373    460.2    932.9
     1     1    16     1     9    21     0     0   -27.0   54.731 -132.276    459.5    932.9
     1     1    16     1     9    20     0     0   -28.0   54.596 -132.196    456.2    933.4
     1     1    16     1     9    19     0     0   -29.0   54.475 -132.133    450.1    934.4
     1     1    16     1     9    18     0     0   -30.0   54.370 -132.085    441.1    935.9
     1     1    16     1     9    17     0     0   -31.0   54.264 -132.029    430.2    937.2
     1     1    16     1     9    16     0     0   -32.0   54.139 -131.945    418.5    938.4
     1     1    16     1     9    15     0     0   -33.0   53.996 -131.834    406.6    939.6
     1     1    16     1     9    14     0     0   -34.0   53.834 -131.702    394.8    940.8
     1     1    16     1     9    13     0     0   -35.0   53.654 -131.550    383.4    942.1
     1     1    16     1     9    12     0     0   -36.0   53.455 -131.381    372.9    943.3
     1     1    16     1     9    11     0     0   -37.0   53.241 -131.203    362.7    944.8
     1     1    16     1     9    10     0     0   -38.0   53.018 -131.021    352.0    946.8
     1     1    16     1     9     9     0     0   -39.0   52.785 -130.831    340.4    949.2
     1     1    16     1     9     8     0     0   -40.0   52.542 -130.627    327.8    952.0
     1     1    16     1     9     7     0     0   -41.0   52.290 -130.409    313.1    953.2
     1     1    16     1     9     6     0     0   -42.0   52.035 -130.177    295.9    954.5
     1     1    16     1     9     5     0     0   -43.0   51.777 -129.925    278.4    956.1
     1     1    16     1     9     4     0     0   -44.0   51.517 -129.654    263.0    956.2
     1     1    16     1     9     3     0     0   -45.0   51.256 -129.370    250.4    956.0
     1     1    16     1     9     2     0     0   -46.0   50.993 -129.074    241.0    955.6
     1     1    16     1     9     1     0     0   -47.0   50.730 -128.762    234.7    955.0
     1     1    16     1     9     0     0     0   -48.0   50.467 -128.434    231.5    954.1
     1     1    16     1     8    23     0     0   -49.0   50.204 -128.095    228.4    953.5
     1     1    16     1     8    22     0     0   -50.0   49.944 -127.748    223.0    954.1
     1     1    16     1     8    21     0     0   -51.0   49.684 -127.400    216.3    955.3
     1     1    16     1     8    20     0     0   -52.0   49.422 -127.060    210.0    956.2
     1     1    16     1     8    19     0     0   -53.0   49.155 -126.728    204.8    957.8
     1     1    16     1     8    18     0     0   -54.0   48.883 -126.403    201.3    960.2
     1     1    16     1     8    17     0     0   -55.0   48.617 -126.085    200.1    963.0
     1     1    16     1     8    16     0     0   -56.0   48.369 -125.780    201.3    965.7
     1     1    16     1     8    15     0     0   -57.0   48.141 -125.490    204.6    968.4
     1     1    16     1     8    14     0     0   -58.0   47.935 -125.219    209.4    971.1
     1     1    16     1     8    13     0     0   -59.0   47.751 -124.970    215.3    973.3
     1     1    16     1     8    12     0     0   -60.0   47.593 -124.746    221.6    974.2
     1     1    16     1     8    11     0     0   -61.0   47.453 -124.550    228.7    973.6
     1     1    16     1     8    10     0     0   -62.0   47.320 -124.383    238.0    969.9
     1     1    16     1     8     9     0     0   -63.0   47.193 -124.240    249.7    965.9
     1     1    16     1     8     8     0     0   -64.0   47.069 -124.120    263.7    961.8
     1     1    16     1     8     7     0     0   -65.0   46.948 -124.018    279.8    957.6
     1     1    16     1     8     6     0     0   -66.0   46.827 -123.931    298.1    953.3
     1     1    16     1     8     5     0     0   -67.0   46.708 -123.861    317.2    949.0
     1     1    16     1     8     4     0     0   -68.0   46.591 -123.807    335.6    945.1
     1     1    16     1     8     3     0     0   -69.0   46.473 -123.768    353.3    941.6
     1     1    16     1     8     2     0     0   -70.0   46.356 -123.744    370.6    938.3
     1     1    16     1     8     1     0     0   -71.0   46.238 -123.734    387.4    935.1
     1     1    16     1     8     0     0     0   -72.0   46.118 -123.738    403.8    931.9
