     1     1
    CDC1    16     1     1     0     0
     1 BACKWARD OMEGA   
    16     1     4     6   60.984 -139.059   750.0
     1 PRESSURE
     1     1    16     1     4     6     0     0     0.0   60.984 -139.059    750.0    808.2
     1     1    16     1     4     5     0     0    -1.0   60.834 -138.656    782.0    807.3
     1     1    16     1     4     4     0     0    -2.0   60.694 -138.292    815.7    806.0
     1     1    16     1     4     3     0     0    -3.0   60.565 -137.964    851.6    804.4
     1     1    16     1     4     2     0     0    -4.0   60.450 -137.669    890.4    802.4
     1     1    16     1     4     1     0     0    -5.0   60.351 -137.409    932.9    799.3
     1     1    16     1     4     0     0     0    -6.0   60.268 -137.186    980.2    795.3
     1     1    16     1     3    23     0     0    -7.0   60.199 -137.006   1032.2    790.8
     1     1    16     1     3    22     0     0    -8.0   60.140 -136.873   1087.0    786.0
     1     1    16     1     3    21     0     0    -9.0   60.093 -136.784   1145.0    781.1
     1     1    16     1     3    20     0     0   -10.0   60.057 -136.739   1206.2    775.9
     1     1    16     1     3    19     0     0   -11.0   60.035 -136.738   1270.7    770.3
     1     1    16     1     3    18     0     0   -12.0   60.029 -136.784   1338.6    763.9
     1     1    16     1     3    17     0     0   -13.0   60.023 -136.895   1405.1    756.9
     1     1    16     1     3    16     0     0   -14.0   60.002 -137.079   1466.9    751.3
     1     1    16     1     3    15     0     0   -15.0   59.961 -137.331   1522.6    747.4
     1     1    16     1     3    14     0     0   -16.0   59.900 -137.642   1570.4    745.0
     1     1    16     1     3    13     0     0   -17.0   59.816 -138.005   1608.9    744.3
     1     1    16     1     3    12     0     0   -18.0   59.705 -138.410   1636.5    745.6
     1     1    16     1     3    11     0     0   -19.0   59.567 -138.807   1653.5    748.9
     1     1    16     1     3    10     0     0   -20.0   59.405 -139.156   1661.7    753.6
     1     1    16     1     3     9     0     0   -21.0   59.221 -139.459   1660.7    759.7
     1     1    16     1     3     8     0     0   -22.0   59.018 -139.719   1650.0    767.4
     1     1    16     1     3     7     0     0   -23.0   58.802 -139.940   1628.8    776.6
     1     1    16     1     3     6     0     0   -24.0   58.573 -140.129   1596.9    787.6
     1     1    16     1     3     5     0     0   -25.0   58.329 -140.288   1553.8    800.1
     1     1    16     1     3     4     0     0   -26.0   58.067 -140.417   1499.4    814.3
     1     1    16     1     3     3     0     0   -27.0   57.790 -140.524   1433.9    830.4
     1     1    16     1     3     2     0     0   -28.0   57.500 -140.615   1357.7    848.4
     1     1    16     1     3     1     0     0   -29.0   57.196 -140.713   1273.4    859.5
     1     1    16     1     3     0     0     0   -30.0   56.880 -140.846   1194.9    868.9
     1     1    16     1     2    23     0     0   -31.0   56.558 -141.005   1126.4    877.4
     1     1    16     1     2    22     0     0   -32.0   56.236 -141.176   1069.6    884.3
     1     1    16     1     2    21     0     0   -33.0   55.909 -141.365   1025.0    889.8
     1     1    16     1     2    20     0     0   -34.0   55.574 -141.585    993.3    893.5
     1     1    16     1     2    19     0     0   -35.0   55.228 -141.846    975.6    895.2
     1     1    16     1     2    18     0     0   -36.0   54.872 -142.155    973.0    894.8
     1     1    16     1     2    17     0     0   -37.0   54.507 -142.488    979.2    892.4
     1     1    16     1     2    16     0     0   -38.0   54.130 -142.827    987.3    890.4
     1     1    16     1     2    15     0     0   -39.0   53.742 -143.183    999.3    888.2
     1     1    16     1     2    14     0     0   -40.0   53.347 -143.571   1017.9    885.4
     1     1    16     1     2    13     0     0   -41.0   52.949 -144.004   1045.7    881.9
     1     1    16     1     2    12     0     0   -42.0   52.554 -144.499   1086.2    877.4
     1     1    16     1     2    11     0     0   -43.0   52.164 -145.022   1136.8    870.6
     1     1    16     1     2    10     0     0   -44.0   51.782 -145.536   1190.7    862.7
     1     1    16     1     2     9     0     0   -45.0   51.411 -146.045   1246.0    855.0
     1     1    16     1     2     8     0     0   -46.0   51.056 -146.566   1303.4    847.0
     1     1    16     1     2     7     0     0   -47.0   50.719 -147.112   1362.8    838.1
     1     1    16     1     2     6     0     0   -48.0   50.402 -147.694   1424.3    829.6
     1     1    16     1     2     5     0     0   -49.0   50.097 -148.310   1483.5    822.5
     1     1    16     1     2     4     0     0   -50.0   49.790 -148.950   1533.2    816.9
     1     1    16     1     2     3     0     0   -51.0   49.479 -149.611   1572.0    812.4
     1     1    16     1     2     2     0     0   -52.0   49.167 -150.299   1599.6    809.1
     1     1    16     1     2     1     0     0   -53.0   48.859 -151.022   1617.4    806.8
     1     1    16     1     2     0     0     0   -54.0   48.552 -151.787   1627.0    805.7
     1     1    16     1     1    23     0     0   -55.0   48.247 -152.585   1633.7    805.2
     1     1    16     1     1    22     0     0   -56.0   47.960 -153.404   1644.0    803.5
     1     1    16     1     1    21     0     0   -57.0   47.702 -154.252   1658.7    801.7
     1     1    16     1     1    20     0     0   -58.0   47.471 -155.138   1676.6    800.0
     1     1    16     1     1    19     0     0   -59.0   47.279 -156.052   1696.3    797.3
     1     1    16     1     1    18     0     0   -60.0   47.128 -156.983   1716.9    794.6
     1     1    16     1     1    17     0     0   -61.0   47.023 -157.930   1738.2    792.2
     1     1    16     1     1    16     0     0   -62.0   46.974 -158.890   1760.4    789.4
     1     1    16     1     1    15     0     0   -63.0   46.979 -159.861   1781.7    786.7
     1     1    16     1     1    14     0     0   -64.0   47.028 -160.836   1799.4    783.5
     1     1    16     1     1    13     0     0   -65.0   47.111 -161.802   1813.1    780.6
     1     1    16     1     1    12     0     0   -66.0   47.216 -162.750   1822.2    778.5
     1     1    16     1     1    11     0     0   -67.0   47.344 -163.650   1832.5    777.9
     1     1    16     1     1    10     0     0   -68.0   47.496 -164.485   1849.3    776.0
     1     1    16     1     1     9     0     0   -69.0   47.661 -165.251   1870.5    774.3
     1     1    16     1     1     8     0     0   -70.0   47.826 -165.947   1892.4    773.1
     1     1    16     1     1     7     0     0   -71.0   47.981 -166.585   1911.2    771.9
     1     1    16     1     1     6     0     0   -72.0   48.118 -167.172   1924.9    770.9
