     1     1
    CDC1    16     1     1     0     0
     1 BACKWARD OMEGA   
    16     1     3    12   60.984 -139.059   750.0
     1 PRESSURE
     1     1    16     1     3    12     0     0     0.0   60.984 -139.059    750.0    810.2
     1     1    16     1     3    11     0     0    -1.0   60.800 -139.432    741.4    814.0
     1     1    16     1     3    10     0     0    -2.0   60.597 -139.737    722.2    819.9
     1     1    16     1     3     9     0     0    -3.0   60.377 -139.967    691.4    827.4
     1     1    16     1     3     8     0     0    -4.0   60.144 -140.121    647.9    836.9
     1     1    16     1     3     7     0     0    -5.0   59.900 -140.206    593.1    849.7
     1     1    16     1     3     6     0     0    -6.0   59.649 -140.254    534.7    864.8
     1     1    16     1     3     5     0     0    -7.0   59.396 -140.287    477.6    879.9
     1     1    16     1     3     4     0     0    -8.0   59.142 -140.310    421.8    895.2
     1     1    16     1     3     3     0     0    -9.0   58.890 -140.328    367.4    910.4
     1     1    16     1     3     2     0     0   -10.0   58.642 -140.348    314.5    924.6
     1     1    16     1     3     1     0     0   -11.0   58.395 -140.374    263.0    939.2
     1     1    16     1     3     0     0     0   -12.0   58.151 -140.413    212.5    954.3
     1     1    16     1     2    23     0     0   -13.0   57.909 -140.446    165.0    968.3
     1     1    16     1     2    22     0     0   -14.0   57.671 -140.454    122.8    981.3
     1     1    16     1     2    21     0     0   -15.0   57.440 -140.438     87.3    992.0
     1     1    16     1     2    20     0     0   -16.0   57.217 -140.409     61.6    995.2
     1     1    16     1     2    19     0     0   -17.0   56.999 -140.375     45.9    996.7
     1     1    16     1     2    18     0     0   -18.0   56.784 -140.340     37.7    997.6
     1     1    16     1     2    17     0     0   -19.0   56.559 -140.296     32.2    997.8
     1     1    16     1     2    16     0     0   -20.0   56.316 -140.244     26.4    998.7
     1     1    16     1     2    15     0     0   -21.0   56.060 -140.196     20.6    999.9
     1     1    16     1     2    14     0     0   -22.0   55.796 -140.163     14.9   1001.4
     1     1    16     1     2    13     0     0   -23.0   55.529 -140.160     10.0   1003.0
     1     1    16     1     2    12     0     0   -24.0   55.259 -140.195      4.9   1003.7
     1     1    16     1     2    11     0     0   -25.0   54.984 -140.251      0.0   1003.9
     1     1    16     1     2    10     0     0   -26.0   54.705 -140.302      0.0   1002.2
     1     1    16     1     2     9     0     0   -27.0   54.423 -140.340      0.0   1000.5
     1     1    16     1     2     8     0     0   -28.0   54.140 -140.377      0.0    998.9
     1     1    16     1     2     7     0     0   -29.0   53.856 -140.428      0.0    997.3
     1     1    16     1     2     6     0     0   -30.0   53.572 -140.506      0.0    995.7
     1     1    16     1     2     5     0     0   -31.0   53.283 -140.592      0.0    994.8
     1     1    16     1     2     4     0     0   -32.0   52.978 -140.655      0.0    993.9
     1     1    16     1     2     3     0     0   -33.0   52.653 -140.698      0.0    992.8
     1     1    16     1     2     2     0     0   -34.0   52.307 -140.713      0.0    992.4
     1     1    16     1     2     1     0     0   -35.0   51.937 -140.682      0.0    992.6
     1     1    16     1     2     0     0     0   -36.0   51.546 -140.609      0.0    992.9
     1     1    16     1     1    23     0     0   -37.0   51.140 -140.507      0.0    993.8
     1     1    16     1     1    22     0     0   -38.0   50.724 -140.378      0.0    994.5
     1     1    16     1     1    21     0     0   -39.0   50.295 -140.212      0.0    995.0
     1     1    16     1     1    20     0     0   -40.0   49.847 -139.994      0.0    995.3
     1     1    16     1     1    19     0     0   -41.0   49.380 -139.717      0.0    995.9
     1     1    16     1     1    18     0     0   -42.0   48.892 -139.383      0.0    996.8
     1     1    16     1     1    17     0     0   -43.0   48.390 -139.011      0.0    998.7
     1     1    16     1     1    16     0     0   -44.0   47.882 -138.625      0.0   1000.8
     1     1    16     1     1    15     0     0   -45.0   47.366 -138.235      0.0   1002.7
     1     1    16     1     1    14     0     0   -46.0   46.847 -137.853      0.0   1003.9
     1     1    16     1     1    13     0     0   -47.0   46.330 -137.486      0.0   1005.7
     1     1    16     1     1    12     0     0   -48.0   45.824 -137.141      0.0   1007.3
     1     1    16     1     1    11     0     0   -49.0   45.342 -136.834      0.0   1009.5
     1     1    16     1     1    10     0     0   -50.0   44.889 -136.569      0.0   1011.5
     1     1    16     1     1     9     0     0   -51.0   44.466 -136.334      0.0   1013.1
     1     1    16     1     1     8     0     0   -52.0   44.072 -136.118      0.0   1014.4
     1     1    16     1     1     7     0     0   -53.0   43.703 -135.914      0.0   1015.6
     1     1    16     1     1     6     0     0   -54.0   43.357 -135.715      0.0   1016.8
     1     1    16     1     1     5     0     0   -55.0   43.035 -135.512      0.0   1017.6
     1     1    16     1     1     4     0     0   -56.0   42.736 -135.299      0.0   1018.5
     1     1    16     1     1     3     0     0   -57.0   42.453 -135.074      0.0   1019.5
     1     1    16     1     1     2     0     0   -58.0   42.184 -134.847      0.0   1019.4
     1     1    16     1     1     1     0     0   -59.0   41.926 -134.628      0.0   1019.1
     1     1    16     1     1     0     0     0   -60.0   41.675 -134.418      0.0   1018.8
