     1     1
    CDC1    16     4     1     0     0
     1 BACKWARD OMEGA   
    16     4    11    18   60.984 -139.059   750.0
     1 PRESSURE
     1     1    16     4    11    18     0     0     0.0   60.984 -139.059    750.0    807.3
     1     1    16     4    11    17     0     0    -1.0   60.859 -139.216    735.1    811.1
     1     1    16     4    11    16     0     0    -2.0   60.728 -139.360    718.9    815.2
     1     1    16     4    11    15     0     0    -3.0   60.593 -139.494    701.1    819.6
     1     1    16     4    11    14     0     0    -4.0   60.455 -139.617    681.5    824.4
     1     1    16     4    11    13     0     0    -5.0   60.315 -139.731    659.7    829.5
     1     1    16     4    11    12     0     0    -6.0   60.174 -139.836    635.3    835.0
     1     1    16     4    11    11     0     0    -7.0   60.031 -139.942    610.6    841.0
     1     1    16     4    11    10     0     0    -8.0   59.881 -140.054    589.1    848.0
     1     1    16     4    11     9     0     0    -9.0   59.725 -140.169    571.1    855.5
     1     1    16     4    11     8     0     0   -10.0   59.564 -140.287    555.9    863.1
     1     1    16     4    11     7     0     0   -11.0   59.399 -140.406    543.4    870.6
     1     1    16     4    11     6     0     0   -12.0   59.230 -140.529    533.2    878.1
     1     1    16     4    11     5     0     0   -13.0   59.059 -140.635    523.7    885.3
     1     1    16     4    11     4     0     0   -14.0   58.888 -140.709    513.6    892.7
     1     1    16     4    11     3     0     0   -15.0   58.716 -140.758    502.7    900.1
     1     1    16     4    11     2     0     0   -16.0   58.545 -140.786    491.1    907.5
     1     1    16     4    11     1     0     0   -17.0   58.377 -140.797    478.6    914.8
     1     1    16     4    11     0     0     0   -18.0   58.211 -140.796    465.4    922.2
     1     1    16     4    10    23     0     0   -19.0   58.037 -140.796    450.6    930.1
     1     1    16     4    10    22     0     0   -20.0   57.846 -140.807    433.3    939.1
     1     1    16     4    10    21     0     0   -21.0   57.638 -140.832    414.8    949.1
     1     1    16     4    10    20     0     0   -22.0   57.410 -140.874    395.7    957.0
     1     1    16     4    10    19     0     0   -23.0   57.164 -140.941    375.9    960.5
     1     1    16     4    10    18     0     0   -24.0   56.899 -141.037    356.1    963.8
     1     1    16     4    10    17     0     0   -25.0   56.620 -141.137    338.0    966.7
     1     1    16     4    10    16     0     0   -26.0   56.333 -141.216    323.2    968.8
     1     1    16     4    10    15     0     0   -27.0   56.032 -141.276    311.4    970.6
     1     1    16     4    10    14     0     0   -28.0   55.716 -141.319    302.2    971.9
     1     1    16     4    10    13     0     0   -29.0   55.378 -141.349    295.3    973.0
     1     1    16     4    10    12     0     0   -30.0   55.016 -141.368    290.4    973.9
     1     1    16     4    10    11     0     0   -31.0   54.642 -141.382    286.6    974.1
     1     1    16     4    10    10     0     0   -32.0   54.271 -141.392    282.7    974.3
     1     1    16     4    10     9     0     0   -33.0   53.900 -141.400    278.6    974.6
     1     1    16     4    10     8     0     0   -34.0   53.523 -141.406    273.9    974.9
     1     1    16     4    10     7     0     0   -35.0   53.137 -141.411    268.1    975.2
     1     1    16     4    10     6     0     0   -36.0   52.736 -141.416    260.8    975.7
     1     1    16     4    10     5     0     0   -37.0   52.329 -141.411    252.1    977.1
     1     1    16     4    10     4     0     0   -38.0   51.930 -141.380    242.5    979.3
     1     1    16     4    10     3     0     0   -39.0   51.541 -141.318    231.9    981.6
     1     1    16     4    10     2     0     0   -40.0   51.158 -141.227    220.8    983.9
     1     1    16     4    10     1     0     0   -41.0   50.780 -141.108    209.4    986.2
     1     1    16     4    10     0     0     0   -42.0   50.403 -140.962    198.1    988.4
     1     1    16     4     9    23     0     0   -43.0   50.028 -140.803    187.1    990.6
     1     1    16     4     9    22     0     0   -44.0   49.659 -140.648    176.0    992.6
     1     1    16     4     9    21     0     0   -45.0   49.297 -140.497    165.2    994.6
     1     1    16     4     9    20     0     0   -46.0   48.941 -140.347    154.3    996.8
     1     1    16     4     9    19     0     0   -47.0   48.589 -140.195    143.1    999.2
     1     1    16     4     9    18     0     0   -48.0   48.242 -140.039    131.5   1001.8
     1     1    16     4     9    17     0     0   -49.0   47.904 -139.882    120.1   1004.4
     1     1    16     4     9    16     0     0   -50.0   47.583 -139.726    109.7   1007.1
     1     1    16     4     9    15     0     0   -51.0   47.284 -139.575    100.5   1008.7
     1     1    16     4     9    14     0     0   -52.0   47.010 -139.434     92.5   1009.9
     1     1    16     4     9    13     0     0   -53.0   46.761 -139.300     85.5   1010.9
     1     1    16     4     9    12     0     0   -54.0   46.540 -139.171     79.3   1012.0
     1     1    16     4     9    11     0     0   -55.0   46.350 -139.054     74.1   1012.9
     1     1    16     4     9    10     0     0   -56.0   46.193 -138.955     70.1   1013.6
     1     1    16     4     9     9     0     0   -57.0   46.066 -138.871     67.3   1014.1
     1     1    16     4     9     8     0     0   -58.0   45.969 -138.801     65.6   1014.7
     1     1    16     4     9     7     0     0   -59.0   45.898 -138.743     64.8   1015.2
     1     1    16     4     9     6     0     0   -60.0   45.854 -138.698     65.1   1015.6
     1     1    16     4     9     5     0     0   -61.0   45.825 -138.667     66.4   1015.7
     1     1    16     4     9     4     0     0   -62.0   45.801 -138.655     68.8   1015.6
     1     1    16     4     9     3     0     0   -63.0   45.783 -138.661     72.2   1015.5
     1     1    16     4     9     2     0     0   -64.0   45.768 -138.685     76.8   1015.1
     1     1    16     4     9     1     0     0   -65.0   45.754 -138.731     82.9   1014.3
     1     1    16     4     9     0     0     0   -66.0   45.742 -138.799     90.8   1013.2
     1     1    16     4     8    23     0     0   -67.0   45.731 -138.883    100.2   1011.8
     1     1    16     4     8    22     0     0   -68.0   45.722 -138.977    111.1   1010.4
     1     1    16     4     8    21     0     0   -69.0   45.716 -139.079    123.5   1008.8
     1     1    16     4     8    20     0     0   -70.0   45.712 -139.186    137.9   1007.1
     1     1    16     4     8    19     0     0   -71.0   45.712 -139.299    154.4   1005.2
     1     1    16     4     8    18     0     0   -72.0   45.716 -139.414    173.4   1003.0
