     1     1
    CDC1    15    11     1     0     0
     1 BACKWARD OMEGA   
    15    11    24     6   60.984 -139.059   750.0
     1 PRESSURE
     1     1    15    11    24     6     0     0     0.0   60.984 -139.059    750.0    817.9
     1     1    15    11    24     5     0     0    -1.0   60.842 -139.777    719.8    824.8
     1     1    15    11    24     4     0     0    -2.0   60.694 -140.405    688.3    833.2
     1     1    15    11    24     3     0     0    -3.0   60.546 -140.946    656.7    842.1
     1     1    15    11    24     2     0     0    -4.0   60.402 -141.406    625.9    851.0
     1     1    15    11    24     1     0     0    -5.0   60.263 -141.794    596.9    859.2
     1     1    15    11    24     0     0     0    -6.0   60.134 -142.122    570.5    866.6
     1     1    15    11    23    23     0     0    -7.0   60.019 -142.399    546.9    873.0
     1     1    15    11    23    22     0     0    -8.0   59.923 -142.629    527.5    880.0
     1     1    15    11    23    21     0     0    -9.0   59.843 -142.818    512.6    886.0
     1     1    15    11    23    20     0     0   -10.0   59.777 -142.970    502.4    890.6
     1     1    15    11    23    19     0     0   -11.0   59.725 -143.087    496.9    893.9
     1     1    15    11    23    18     0     0   -12.0   59.687 -143.171    496.0    895.8
     1     1    15    11    23    17     0     0   -13.0   59.662 -143.260    497.5    896.7
     1     1    15    11    23    16     0     0   -14.0   59.649 -143.386    499.0    897.8
     1     1    15    11    23    15     0     0   -15.0   59.647 -143.547    500.6    898.7
     1     1    15    11    23    14     0     0   -16.0   59.655 -143.742    502.3    899.6
     1     1    15    11    23    13     0     0   -17.0   59.673 -143.967    504.4    900.4
     1     1    15    11    23    12     0     0   -18.0   59.702 -144.220    507.2    901.1
     1     1    15    11    23    11     0     0   -19.0   59.733 -144.486    512.8    901.6
     1     1    15    11    23    10     0     0   -20.0   59.760 -144.752    522.3    901.6
     1     1    15    11    23     9     0     0   -21.0   59.785 -145.021    536.0    901.2
     1     1    15    11    23     8     0     0   -22.0   59.808 -145.293    553.7    900.0
     1     1    15    11    23     7     0     0   -23.0   59.834 -145.570    575.4    898.5
     1     1    15    11    23     6     0     0   -24.0   59.863 -145.854    601.2    896.6
     1     1    15    11    23     5     0     0   -25.0   59.886 -146.146    624.3    894.6
     1     1    15    11    23     4     0     0   -26.0   59.890 -146.447    637.0    895.0
     1     1    15    11    23     3     0     0   -27.0   59.874 -146.756    639.0    897.3
     1     1    15    11    23     2     0     0   -28.0   59.835 -147.075    630.0    901.6
     1     1    15    11    23     1     0     0   -29.0   59.771 -147.404    610.3    907.8
     1     1    15    11    23     0     0     0   -30.0   59.685 -147.750    580.8    914.1
     1     1    15    11    22    23     0     0   -31.0   59.597 -148.119    552.8    921.1
     1     1    15    11    22    22     0     0   -32.0   59.523 -148.516    535.5    925.1
     1     1    15    11    22    21     0     0   -33.0   59.457 -148.938    527.1    927.8
     1     1    15    11    22    20     0     0   -34.0   59.391 -149.380    526.5    929.6
     1     1    15    11    22    19     0     0   -35.0   59.317 -149.838    532.5    930.7
     1     1    15    11    22    18     0     0   -36.0   59.229 -150.310    544.1    930.1
     1     1    15    11    22    17     0     0   -37.0   59.132 -150.803    558.2    928.6
     1     1    15    11    22    16     0     0   -38.0   59.027 -151.320    571.7    927.5
     1     1    15    11    22    15     0     0   -39.0   58.909 -151.856    584.7    926.6
     1     1    15    11    22    14     0     0   -40.0   58.772 -152.409    597.2    926.0
     1     1    15    11    22    13     0     0   -41.0   58.613 -152.974    608.6    926.2
     1     1    15    11    22    12     0     0   -42.0   58.425 -153.547    617.3    927.1
     1     1    15    11    22    11     0     0   -43.0   58.231 -154.138    626.7    927.5
     1     1    15    11    22    10     0     0   -44.0   58.057 -154.753    641.3    926.1
     1     1    15    11    22     9     0     0   -45.0   57.907 -155.382    661.5    924.8
     1     1    15    11    22     8     0     0   -46.0   57.781 -156.013    686.2    923.2
     1     1    15    11    22     7     0     0   -47.0   57.677 -156.635    713.9    920.8
     1     1    15    11    22     6     0     0   -48.0   57.590 -157.239    744.1    917.7
     1     1    15    11    22     5     0     0   -49.0   57.509 -157.835    775.0    915.0
     1     1    15    11    22     4     0     0   -50.0   57.423 -158.433    804.5    913.2
     1     1    15    11    22     3     0     0   -51.0   57.334 -159.032    833.3    911.6
     1     1    15    11    22     2     0     0   -52.0   57.241 -159.630    862.3    910.0
     1     1    15    11    22     1     0     0   -53.0   57.145 -160.224    892.7    908.4
     1     1    15    11    22     0     0     0   -54.0   57.045 -160.815    925.4    906.4
     1     1    15    11    21    23     0     0   -55.0   56.947 -161.409    958.0    902.8
     1     1    15    11    21    22     0     0   -56.0   56.858 -162.011    989.7    899.6
     1     1    15    11    21    21     0     0   -57.0   56.785 -162.620   1022.7    896.2
     1     1    15    11    21    20     0     0   -58.0   56.732 -163.237   1058.9    892.2
     1     1    15    11    21    19     0     0   -59.0   56.702 -163.863   1100.2    887.7
     1     1    15    11    21    18     0     0   -60.0   56.695 -164.494   1147.9    882.7
     1     1    15    11    21    17     0     0   -61.0   56.695 -165.152   1195.1    876.6
     1     1    15    11    21    16     0     0   -62.0   56.683 -165.853   1234.3    872.4
     1     1    15    11    21    15     0     0   -63.0   56.661 -166.595   1266.2    869.4
     1     1    15    11    21    14     0     0   -64.0   56.632 -167.377   1292.6    867.3
     1     1    15    11    21    13     0     0   -65.0   56.598 -168.196   1315.2    864.8
     1     1    15    11    21    12     0     0   -66.0   56.562 -169.047   1337.1    862.4
     1     1    15    11    21    11     0     0   -67.0   56.524 -169.892   1359.7    859.3
     1     1    15    11    21    10     0     0   -68.0   56.482 -170.698   1384.2    855.0
     1     1    15    11    21     9     0     0   -69.0   56.440 -171.469   1410.0    850.5
     1     1    15    11    21     8     0     0   -70.0   56.401 -172.211   1437.5    846.1
     1     1    15    11    21     7     0     0   -71.0   56.367 -172.931   1465.9    841.6
     1     1    15    11    21     6     0     0   -72.0   56.344 -173.637   1494.3    837.1
