     1     1
    CDC1    16     3     1     0     0
     1 BACKWARD OMEGA   
    16     3    13    18   60.984 -139.059   750.0
     1 PRESSURE
     1     1    16     3    13    18     0     0     0.0   60.984 -139.059    750.0    793.6
     1     1    16     3    13    17     0     0    -1.0   60.939 -138.956    771.0    792.1
     1     1    16     3    13    16     0     0    -2.0   60.886 -138.845    789.4    791.0
     1     1    16     3    13    15     0     0    -3.0   60.825 -138.726    805.1    790.4
     1     1    16     3    13    14     0     0    -4.0   60.755 -138.598    817.8    790.2
     1     1    16     3    13    13     0     0    -5.0   60.675 -138.464    827.6    790.4
     1     1    16     3    13    12     0     0    -6.0   60.586 -138.322    834.3    791.1
     1     1    16     3    13    11     0     0    -7.0   60.480 -138.164    839.7    792.0
     1     1    16     3    13    10     0     0    -8.0   60.352 -137.982    846.1    792.9
     1     1    16     3    13     9     0     0    -9.0   60.201 -137.776    853.2    794.0
     1     1    16     3    13     8     0     0   -10.0   60.024 -137.546    861.0    795.4
     1     1    16     3    13     7     0     0   -11.0   59.822 -137.288    869.5    799.1
     1     1    16     3    13     6     0     0   -12.0   59.595 -136.994    877.4    803.6
     1     1    16     3    13     5     0     0   -13.0   59.365 -136.660    884.9    807.9
     1     1    16     3    13     4     0     0   -14.0   59.154 -136.289    891.5    811.3
     1     1    16     3    13     3     0     0   -15.0   58.955 -135.889    896.0    814.1
     1     1    16     3    13     2     0     0   -16.0   58.764 -135.467    896.8    816.7
     1     1    16     3    13     1     0     0   -17.0   58.576 -135.026    892.2    819.3
     1     1    16     3    13     0     0     0   -18.0   58.390 -134.572    879.6    819.6
     1     1    16     3    12    23     0     0   -19.0   58.207 -134.100    864.8    819.6
     1     1    16     3    12    22     0     0   -20.0   58.028 -133.604    853.4    817.9
     1     1    16     3    12    21     0     0   -21.0   57.853 -133.085    845.1    814.9
     1     1    16     3    12    20     0     0   -22.0   57.682 -132.546    839.8    810.6
     1     1    16     3    12    19     0     0   -23.0   57.518 -131.993    836.6    804.3
     1     1    16     3    12    18     0     0   -24.0   57.357 -131.441    836.0    798.1
     1     1    16     3    12    17     0     0   -25.0   57.187 -130.915    833.8    792.9
     1     1    16     3    12    16     0     0   -26.0   56.999 -130.432    827.6    789.6
     1     1    16     3    12    15     0     0   -27.0   56.797 -129.983    818.0    787.5
     1     1    16     3    12    14     0     0   -28.0   56.583 -129.563    806.9    789.0
     1     1    16     3    12    13     0     0   -29.0   56.360 -129.163    794.6    790.6
     1     1    16     3    12    12     0     0   -30.0   56.126 -128.769    781.9    792.1
     1     1    16     3    12    11     0     0   -31.0   55.883 -128.375    768.8    793.8
     1     1    16     3    12    10     0     0   -32.0   55.631 -127.981    753.2    795.4
     1     1    16     3    12     9     0     0   -33.0   55.371 -127.582    734.7    796.9
     1     1    16     3    12     8     0     0   -34.0   55.102 -127.174    714.6    801.4
     1     1    16     3    12     7     0     0   -35.0   54.829 -126.763    692.6    805.8
     1     1    16     3    12     6     0     0   -36.0   54.553 -126.360    667.2    809.3
     1     1    16     3    12     5     0     0   -37.0   54.281 -125.981    641.8    812.8
     1     1    16     3    12     4     0     0   -38.0   54.017 -125.638    619.4    814.9
     1     1    16     3    12     3     0     0   -39.0   53.761 -125.329    599.0    816.1
     1     1    16     3    12     2     0     0   -40.0   53.512 -125.050    579.6    816.6
     1     1    16     3    12     1     0     0   -41.0   53.271 -124.799    560.6    817.8
     1     1    16     3    12     0     0     0   -42.0   53.038 -124.572    540.8    818.8
     1     1    16     3    11    23     0     0   -43.0   52.813 -124.359    521.1    819.6
     1     1    16     3    11    22     0     0   -44.0   52.593 -124.150    502.5    819.7
     1     1    16     3    11    21     0     0   -45.0   52.381 -123.946    486.5    821.2
     1     1    16     3    11    20     0     0   -46.0   52.180 -123.749    473.8    823.3
     1     1    16     3    11    19     0     0   -47.0   51.989 -123.557    463.5    825.0
     1     1    16     3    11    18     0     0   -48.0   51.806 -123.367    454.3    826.3
     1     1    16     3    11    17     0     0   -49.0   51.627 -123.201    445.6    827.6
     1     1    16     3    11    16     0     0   -50.0   51.443 -123.076    437.6    829.5
     1     1    16     3    11    15     0     0   -51.0   51.254 -122.984    431.0    831.9
     1     1    16     3    11    14     0     0   -52.0   51.056 -122.917    426.3    834.4
     1     1    16     3    11    13     0     0   -53.0   50.849 -122.865    424.1    837.1
     1     1    16     3    11    12     0     0   -54.0   50.630 -122.819    424.9    839.8
     1     1    16     3    11    11     0     0   -55.0   50.405 -122.780    424.6    841.8
     1     1    16     3    11    10     0     0   -56.0   50.183 -122.752    419.1    845.2
     1     1    16     3    11     9     0     0   -57.0   49.966 -122.738    409.0    849.9
     1     1    16     3    11     8     0     0   -58.0   49.760 -122.746    396.2    858.5
     1     1    16     3    11     7     0     0   -59.0   49.572 -122.779    381.2    867.1
     1     1    16     3    11     6     0     0   -60.0   49.397 -122.828    363.9    875.8
     1     1    16     3    11     5     0     0   -61.0   49.231 -122.898    339.1    883.2
     1     1    16     3    11     4     0     0   -62.0   49.066 -122.991    303.1    892.8
     1     1    16     3    11     3     0     0   -63.0   48.902 -123.103    259.0    904.0
     1     1    16     3    11     2     0     0   -64.0   48.736 -123.231    210.1    916.6
     1     1    16     3    11     1     0     0   -65.0   48.566 -123.377    158.6    929.1
     1     1    16     3    11     0     0     0   -66.0   48.390 -123.544    105.8    942.5
     1     1    16     3    10    23     0     0   -67.0   48.200 -123.715     59.6    956.3
     1     1    16     3    10    22     0     0   -68.0   47.992 -123.885     27.4    968.2
     1     1    16     3    10    21     0     0   -69.0   47.767 -124.076      6.2    978.6
     1     1    16     3    10    20     0     0   -70.0   47.525 -124.312      0.0    988.3
     1     1    16     3    10    19     0     0   -71.0   47.266 -124.603      0.0    991.2
     1     1    16     3    10    18     0     0   -72.0   46.989 -124.950      0.0    994.7
