     1     1
    CDC1    16     1     1     0     0
     1 BACKWARD OMEGA   
    16     1    29     6   60.984 -139.059   750.0
     1 PRESSURE
     1     1    16     1    29     6     0     0     0.0   60.984 -139.059    750.0    790.8
     1     1    16     1    29     5     0     0    -1.0   60.733 -139.205    700.1    799.8
     1     1    16     1    29     4     0     0    -2.0   60.456 -139.277    647.0    809.9
     1     1    16     1    29     3     0     0    -3.0   60.153 -139.280    589.5    820.8
     1     1    16     1    29     2     0     0    -4.0   59.829 -139.231    528.9    834.8
     1     1    16     1    29     1     0     0    -5.0   59.498 -139.164    468.9    851.7
     1     1    16     1    29     0     0     0    -6.0   59.168 -139.102    411.3    868.6
     1     1    16     1    28    23     0     0    -7.0   58.846 -139.053    354.3    884.7
     1     1    16     1    28    22     0     0    -8.0   58.534 -139.022    298.5    900.4
     1     1    16     1    28    21     0     0    -9.0   58.227 -139.009    247.1    916.0
     1     1    16     1    28    20     0     0   -10.0   57.918 -139.017    201.8    931.6
     1     1    16     1    28    19     0     0   -11.0   57.603 -139.047    162.8    945.4
     1     1    16     1    28    18     0     0   -12.0   57.279 -139.102    129.8    954.1
     1     1    16     1    28    17     0     0   -13.0   56.939 -139.173    103.8    960.3
     1     1    16     1    28    16     0     0   -14.0   56.577 -139.257     84.1    965.9
     1     1    16     1    28    15     0     0   -15.0   56.193 -139.367     69.2    970.1
     1     1    16     1    28    14     0     0   -16.0   55.788 -139.516     57.6    973.6
     1     1    16     1    28    13     0     0   -17.0   55.363 -139.719     48.3    976.6
     1     1    16     1    28    12     0     0   -18.0   54.918 -139.988     40.8    978.3
     1     1    16     1    28    11     0     0   -19.0   54.459 -140.298     34.9    976.9
     1     1    16     1    28    10     0     0   -20.0   53.997 -140.623     30.4    975.8
     1     1    16     1    28     9     0     0   -21.0   53.534 -140.973     26.9    975.0
     1     1    16     1    28     8     0     0   -22.0   53.072 -141.359     24.4    974.4
     1     1    16     1    28     7     0     0   -23.0   52.611 -141.796     22.6    974.1
     1     1    16     1    28     6     0     0   -24.0   52.152 -142.285     21.5    975.2
     1     1    16     1    28     5     0     0   -25.0   51.692 -142.807     20.9    976.6
     1     1    16     1    28     4     0     0   -26.0   51.227 -143.347     20.4    977.0
     1     1    16     1    28     3     0     0   -27.0   50.753 -143.918     20.3    976.3
     1     1    16     1    28     2     0     0   -28.0   50.263 -144.537     20.2    974.7
     1     1    16     1    28     1     0     0   -29.0   49.764 -145.218     20.3    972.5
     1     1    16     1    28     0     0     0   -30.0   49.287 -145.948     20.3    970.9
     1     1    16     1    27    23     0     0   -31.0   48.852 -146.707     20.1    969.0
     1     1    16     1    27    22     0     0   -32.0   48.457 -147.490     19.6    966.9
     1     1    16     1    27    21     0     0   -33.0   48.096 -148.303     18.9    967.4
     1     1    16     1    27    20     0     0   -34.0   47.768 -149.150     18.2    967.7
     1     1    16     1    27    19     0     0   -35.0   47.472 -150.044     17.6    968.0
     1     1    16     1    27    18     0     0   -36.0   47.218 -150.967     17.2    969.5
     1     1    16     1    27    17     0     0   -37.0   47.010 -151.887     16.9    970.1
     1     1    16     1    27    16     0     0   -38.0   46.850 -152.801     16.8    970.0
     1     1    16     1    27    15     0     0   -39.0   46.736 -153.710     16.8    969.7
     1     1    16     1    27    14     0     0   -40.0   46.672 -154.615     16.8    969.0
     1     1    16     1    27    13     0     0   -41.0   46.657 -155.516     16.9    968.7
     1     1    16     1    27    12     0     0   -42.0   46.691 -156.397     16.9    969.1
     1     1    16     1    27    11     0     0   -43.0   46.782 -157.243     16.8    969.5
     1     1    16     1    27    10     0     0   -44.0   46.934 -158.040     16.2    969.6
     1     1    16     1    27     9     0     0   -45.0   47.137 -158.783     15.3    969.7
     1     1    16     1    27     8     0     0   -46.0   47.381 -159.465     14.2    969.9
     1     1    16     1    27     7     0     0   -47.0   47.664 -160.083     13.0    969.7
     1     1    16     1    27     6     0     0   -48.0   47.977 -160.631     11.8    968.8
     1     1    16     1    27     5     0     0   -49.0   48.310 -161.103     10.8    968.9
     1     1    16     1    27     4     0     0   -50.0   48.655 -161.499      9.9    969.4
     1     1    16     1    27     3     0     0   -51.0   49.001 -161.821      9.1    970.1
     1     1    16     1    27     2     0     0   -52.0   49.341 -162.073      8.4    971.0
     1     1    16     1    27     1     0     0   -53.0   49.670 -162.255      7.6    971.8
     1     1    16     1    27     0     0     0   -54.0   49.986 -162.369      7.0    972.5
     1     1    16     1    26    23     0     0   -55.0   50.275 -162.421      6.3    972.2
     1     1    16     1    26    22     0     0   -56.0   50.526 -162.422      5.8    971.7
     1     1    16     1    26    21     0     0   -57.0   50.741 -162.382      5.3    970.9
     1     1    16     1    26    20     0     0   -58.0   50.922 -162.306      4.9    970.1
     1     1    16     1    26    19     0     0   -59.0   51.069 -162.196      4.5    969.3
     1     1    16     1    26    18     0     0   -60.0   51.183 -162.053      4.2    968.5
     1     1    16     1    26    17     0     0   -61.0   51.268 -161.897      4.0    968.0
     1     1    16     1    26    16     0     0   -62.0   51.328 -161.752      3.7    967.7
     1     1    16     1    26    15     0     0   -63.0   51.365 -161.620      3.5    967.4
     1     1    16     1    26    14     0     0   -64.0   51.380 -161.503      3.2    967.1
     1     1    16     1    26    13     0     0   -65.0   51.373 -161.403      3.0    966.9
     1     1    16     1    26    12     0     0   -66.0   51.345 -161.316      2.8    966.8
     1     1    16     1    26    11     0     0   -67.0   51.302 -161.256      2.6    966.6
     1     1    16     1    26    10     0     0   -68.0   51.247 -161.238      2.4    966.6
     1     1    16     1    26     9     0     0   -69.0   51.179 -161.261      2.2    966.6
     1     1    16     1    26     8     0     0   -70.0   51.101 -161.324      2.1    966.8
     1     1    16     1    26     7     0     0   -71.0   51.010 -161.426      2.0    967.0
     1     1    16     1    26     6     0     0   -72.0   50.909 -161.563      1.9    967.3
