     1     1
    CDC1    15    12     1     0     0
     1 BACKWARD OMEGA   
    15    12    16     0   60.984 -139.059   750.0
     1 PRESSURE
     1     1    15    12    16     0     0     0     0.0   60.984 -139.059    750.0    811.8
     1     1    15    12    15    23     0     0    -1.0   60.843 -139.509    697.0    820.5
     1     1    15    12    15    22     0     0    -2.0   60.716 -139.937    649.5    828.5
     1     1    15    12    15    21     0     0    -3.0   60.602 -140.339    607.4    836.9
     1     1    15    12    15    20     0     0    -4.0   60.503 -140.710    571.3    843.9
     1     1    15    12    15    19     0     0    -5.0   60.416 -141.047    541.2    850.1
     1     1    15    12    15    18     0     0    -6.0   60.337 -141.349    516.7    855.6
     1     1    15    12    15    17     0     0    -7.0   60.265 -141.641    494.2    860.0
     1     1    15    12    15    16     0     0    -8.0   60.196 -141.953    471.5    865.2
     1     1    15    12    15    15     0     0    -9.0   60.136 -142.286    450.5    870.3
     1     1    15    12    15    14     0     0   -10.0   60.085 -142.644    432.9    875.6
     1     1    15    12    15    13     0     0   -11.0   60.045 -143.027    419.8    881.1
     1     1    15    12    15    12     0     0   -12.0   60.017 -143.434    411.9    885.9
     1     1    15    12    15    11     0     0   -13.0   59.999 -143.846    405.7    889.5
     1     1    15    12    15    10     0     0   -14.0   59.989 -144.245    398.3    893.5
     1     1    15    12    15     9     0     0   -15.0   59.992 -144.641    389.8    897.2
     1     1    15    12    15     8     0     0   -16.0   60.014 -145.040    380.7    900.5
     1     1    15    12    15     7     0     0   -17.0   60.053 -145.444    371.7    902.7
     1     1    15    12    15     6     0     0   -18.0   60.110 -145.852    363.8    904.3
     1     1    15    12    15     5     0     0   -19.0   60.167 -146.267    354.8    905.9
     1     1    15    12    15     4     0     0   -20.0   60.207 -146.687    342.1    908.8
     1     1    15    12    15     3     0     0   -21.0   60.231 -147.105    326.0    912.4
     1     1    15    12    15     2     0     0   -22.0   60.239 -147.518    307.3    916.7
     1     1    15    12    15     1     0     0   -23.0   60.228 -147.923    286.0    919.6
     1     1    15    12    15     0     0     0   -24.0   60.197 -148.322    262.7    923.3
     1     1    15    12    14    23     0     0   -25.0   60.156 -148.697    241.0    927.2
     1     1    15    12    14    22     0     0   -26.0   60.116 -149.034    223.5    930.1
     1     1    15    12    14    21     0     0   -27.0   60.076 -149.337    209.4    932.4
     1     1    15    12    14    20     0     0   -28.0   60.037 -149.607    198.2    934.2
     1     1    15    12    14    19     0     0   -29.0   59.999 -149.848    189.6    935.3
     1     1    15    12    14    18     0     0   -30.0   59.959 -150.061    183.5    935.9
     1     1    15    12    14    17     0     0   -31.0   59.913 -150.256    178.6    936.4
     1     1    15    12    14    16     0     0   -32.0   59.853 -150.443    174.0    937.2
     1     1    15    12    14    15     0     0   -33.0   59.780 -150.625    169.5    938.2
     1     1    15    12    14    14     0     0   -34.0   59.693 -150.808    165.0    939.5
     1     1    15    12    14    13     0     0   -35.0   59.592 -150.995    160.4    940.9
     1     1    15    12    14    12     0     0   -36.0   59.474 -151.192    155.7    942.5
     1     1    15    12    14    11     0     0   -37.0   59.341 -151.382    148.2    944.8
     1     1    15    12    14    10     0     0   -38.0   59.194 -151.548    136.5    948.1
     1     1    15    12    14     9     0     0   -39.0   59.034 -151.696    121.8    952.1
     1     1    15    12    14     8     0     0   -40.0   58.863 -151.838    105.5    956.4
     1     1    15    12    14     7     0     0   -41.0   58.680 -151.989     89.3    960.9
     1     1    15    12    14     6     0     0   -42.0   58.481 -152.171     74.5    965.2
     1     1    15    12    14     5     0     0   -43.0   58.259 -152.384     62.9    968.7
     1     1    15    12    14     4     0     0   -44.0   58.009 -152.599     54.5    972.3
     1     1    15    12    14     3     0     0   -45.0   57.730 -152.801     47.9    976.1
     1     1    15    12    14     2     0     0   -46.0   57.425 -152.982     42.3    979.2
     1     1    15    12    14     1     0     0   -47.0   57.100 -153.146     37.1    979.6
     1     1    15    12    14     0     0     0   -48.0   56.758 -153.314     32.2    980.2
     1     1    15    12    13    23     0     0   -49.0   56.407 -153.503     27.8    981.8
     1     1    15    12    13    22     0     0   -50.0   56.054 -153.705     24.1    983.3
     1     1    15    12    13    21     0     0   -51.0   55.694 -153.922     21.1    984.7
     1     1    15    12    13    20     0     0   -52.0   55.322 -154.159     18.5    986.3
     1     1    15    12    13    19     0     0   -53.0   54.936 -154.425     16.2    988.2
     1     1    15    12    13    18     0     0   -54.0   54.541 -154.699     14.1    991.1
     1     1    15    12    13    17     0     0   -55.0   54.140 -154.984     12.2    994.5
     1     1    15    12    13    16     0     0   -56.0   53.732 -155.306     10.6    997.1
     1     1    15    12    13    15     0     0   -57.0   53.308 -155.683      9.2    998.8
     1     1    15    12    13    14     0     0   -58.0   52.860 -156.139      8.0    999.6
     1     1    15    12    13    13     0     0   -59.0   52.376 -156.694      6.9    998.9
     1     1    15    12    13    12     0     0   -60.0   51.855 -157.314      6.1    997.0
     1     1    15    12    13    11     0     0   -61.0   51.322 -157.931      5.1    997.6
     1     1    15    12    13    10     0     0   -62.0   50.799 -158.518      3.6    999.3
     1     1    15    12    13     9     0     0   -63.0   50.270 -159.080      2.0   1001.7
     1     1    15    12    13     8     0     0   -64.0   49.717 -159.619      0.2   1005.1
     1     1    15    12    13     7     0     0   -65.0   49.140 -160.124      0.0   1008.6
     1     1    15    12    13     6     0     0   -66.0   48.543 -160.597      0.0   1010.8
     1     1    15    12    13     5     0     0   -67.0   47.945 -161.076      0.0   1011.7
     1     1    15    12    13     4     0     0   -68.0   47.364 -161.587      0.0   1011.6
     1     1    15    12    13     3     0     0   -69.0   46.807 -162.113      0.0   1011.2
     1     1    15    12    13     2     0     0   -70.0   46.284 -162.633      0.0   1011.4
     1     1    15    12    13     1     0     0   -71.0   45.794 -163.136      0.0   1012.7
     1     1    15    12    13     0     0     0   -72.0   45.336 -163.608      0.0   1014.3
