     1     1
    CDC1    16     2     1     0     0
     1 BACKWARD OMEGA   
    16     2    29    12   60.984 -139.059   750.0
     1 PRESSURE
     1     1    16     2    29    12     0     0     0.0   60.984 -139.059    750.0    806.0
     1     1    16     2    29    11     0     0    -1.0   60.954 -139.473    760.7    805.2
     1     1    16     2    29    10     0     0    -2.0   60.908 -139.875    764.9    805.7
     1     1    16     2    29     9     0     0    -3.0   60.843 -140.264    761.8    807.8
     1     1    16     2    29     8     0     0    -4.0   60.756 -140.644    750.5    811.6
     1     1    16     2    29     7     0     0    -5.0   60.645 -141.015    729.6    816.9
     1     1    16     2    29     6     0     0    -6.0   60.510 -141.386    697.7    824.1
     1     1    16     2    29     5     0     0    -7.0   60.354 -141.728    660.2    833.0
     1     1    16     2    29     4     0     0    -8.0   60.182 -142.012    622.1    841.5
     1     1    16     2    29     3     0     0    -9.0   59.995 -142.233    583.7    849.9
     1     1    16     2    29     2     0     0   -10.0   59.789 -142.393    547.9    860.8
     1     1    16     2    29     1     0     0   -11.0   59.559 -142.509    516.7    871.7
     1     1    16     2    29     0     0     0   -12.0   59.307 -142.592    489.7    883.0
     1     1    16     2    28    23     0     0   -13.0   59.041 -142.670    465.7    894.2
     1     1    16     2    28    22     0     0   -14.0   58.767 -142.763    443.4    905.8
     1     1    16     2    28    21     0     0   -15.0   58.483 -142.876    423.2    917.6
     1     1    16     2    28    20     0     0   -16.0   58.187 -143.017    405.3    929.7
     1     1    16     2    28    19     0     0   -17.0   57.877 -143.192    390.4    942.0
     1     1    16     2    28    18     0     0   -18.0   57.548 -143.412    378.8    954.1
     1     1    16     2    28    17     0     0   -19.0   57.199 -143.626    366.1    955.0
     1     1    16     2    28    16     0     0   -20.0   56.826 -143.792    351.3    954.1
     1     1    16     2    28    15     0     0   -21.0   56.430 -143.943    335.4    952.9
     1     1    16     2    28    14     0     0   -22.0   56.008 -144.116    319.3    951.4
     1     1    16     2    28    13     0     0   -23.0   55.556 -144.355    303.8    949.1
     1     1    16     2    28    12     0     0   -24.0   55.069 -144.713    289.4    945.5
     1     1    16     2    28    11     0     0   -25.0   54.581 -145.152    276.3    945.9
     1     1    16     2    28    10     0     0   -26.0   54.129 -145.599    264.2    946.7
     1     1    16     2    28     9     0     0   -27.0   53.719 -146.075    252.9    947.8
     1     1    16     2    28     8     0     0   -28.0   53.347 -146.613    242.6    949.0
     1     1    16     2    28     7     0     0   -29.0   53.012 -147.246    233.5    950.5
     1     1    16     2    28     6     0     0   -30.0   52.716 -147.999    225.8    952.6
     1     1    16     2    28     5     0     0   -31.0   52.450 -148.831    219.0    954.4
     1     1    16     2    28     4     0     0   -32.0   52.214 -149.685    211.9    954.7
     1     1    16     2    28     3     0     0   -33.0   52.017 -150.543    204.0    955.3
     1     1    16     2    28     2     0     0   -34.0   51.859 -151.415    195.9    955.9
     1     1    16     2    28     1     0     0   -35.0   51.741 -152.311    187.7    956.7
     1     1    16     2    28     0     0     0   -36.0   51.660 -153.228    179.6    955.9
     1     1    16     2    27    23     0     0   -37.0   51.622 -154.130    171.6    955.4
     1     1    16     2    27    22     0     0   -38.0   51.635 -154.995    164.0    955.2
     1     1    16     2    27    21     0     0   -39.0   51.684 -155.809    156.7    955.7
     1     1    16     2    27    20     0     0   -40.0   51.751 -156.557    149.8    956.4
     1     1    16     2    27    19     0     0   -41.0   51.825 -157.240    143.4    957.3
     1     1    16     2    27    18     0     0   -42.0   51.895 -157.855    137.6    958.8
     1     1    16     2    27    17     0     0   -43.0   51.944 -158.390    132.5    960.5
     1     1    16     2    27    16     0     0   -44.0   51.960 -158.846    128.0    961.8
     1     1    16     2    27    15     0     0   -45.0   51.946 -159.238    124.1    963.0
     1     1    16     2    27    14     0     0   -46.0   51.906 -159.580    120.8    964.0
     1     1    16     2    27    13     0     0   -47.0   51.841 -159.883    117.9    964.9
     1     1    16     2    27    12     0     0   -48.0   51.760 -160.156    115.5    965.5
     1     1    16     2    27    11     0     0   -49.0   51.673 -160.411    113.3    965.7
     1     1    16     2    27    10     0     0   -50.0   51.583 -160.655    111.8    966.0
     1     1    16     2    27     9     0     0   -51.0   51.495 -160.892    110.7    966.4
     1     1    16     2    27     8     0     0   -52.0   51.408 -161.122    110.0    966.8
     1     1    16     2    27     7     0     0   -53.0   51.325 -161.348    109.8    967.2
     1     1    16     2    27     6     0     0   -54.0   51.246 -161.571    110.0    967.6
     1     1    16     2    27     5     0     0   -55.0   51.167 -161.796    110.7    968.0
     1     1    16     2    27     4     0     0   -56.0   51.080 -162.030    111.7    968.3
     1     1    16     2    27     3     0     0   -57.0   50.985 -162.273    113.0    968.6
     1     1    16     2    27     2     0     0   -58.0   50.882 -162.529    114.6    968.8
     1     1    16     2    27     1     0     0   -59.0   50.775 -162.798    116.4    968.4
     1     1    16     2    27     0     0     0   -60.0   50.670 -163.082    118.3    967.9
     1     1    16     2    26    23     0     0   -61.0   50.570 -163.387    120.5    967.6
     1     1    16     2    26    22     0     0   -62.0   50.480 -163.716    122.7    967.1
     1     1    16     2    26    21     0     0   -63.0   50.399 -164.066    125.0    966.6
     1     1    16     2    26    20     0     0   -64.0   50.328 -164.436    127.4    966.0
     1     1    16     2    26    19     0     0   -65.0   50.265 -164.824    130.1    965.3
     1     1    16     2    26    18     0     0   -66.0   50.213 -165.228    132.9    964.6
     1     1    16     2    26    17     0     0   -67.0   50.175 -165.656    135.6    963.7
     1     1    16     2    26    16     0     0   -68.0   50.156 -166.112    137.7    962.9
     1     1    16     2    26    15     0     0   -69.0   50.160 -166.595    139.5    962.0
     1     1    16     2    26    14     0     0   -70.0   50.192 -167.102    141.3    961.0
     1     1    16     2    26    13     0     0   -71.0   50.258 -167.628    143.3    960.2
     1     1    16     2    26    12     0     0   -72.0   50.356 -168.161    145.7    960.3
