     1     1
    CDC1    15    12     1     0     0
     1 BACKWARD OMEGA   
    15    12    18     0   60.984 -139.059   750.0
     1 PRESSURE
     1     1    15    12    18     0     0     0     0.0   60.984 -139.059    750.0    793.7
     1     1    15    12    17    23     0     0    -1.0   60.732 -138.536    732.4    798.6
     1     1    15    12    17    22     0     0    -2.0   60.473 -137.980    706.7    804.8
     1     1    15    12    17    21     0     0    -3.0   60.213 -137.395    672.2    811.9
     1     1    15    12    17    20     0     0    -4.0   59.959 -136.782    629.3    819.9
     1     1    15    12    17    19     0     0    -5.0   59.717 -136.157    581.6    830.6
     1     1    15    12    17    18     0     0    -6.0   59.491 -135.533    531.4    840.1
     1     1    15    12    17    17     0     0    -7.0   59.274 -134.914    482.0    849.2
     1     1    15    12    17    16     0     0    -8.0   59.054 -134.303    436.2    854.6
     1     1    15    12    17    15     0     0    -9.0   58.831 -133.701    394.1    859.2
     1     1    15    12    17    14     0     0   -10.0   58.611 -133.114    355.3    862.4
     1     1    15    12    17    13     0     0   -11.0   58.398 -132.546    319.7    864.2
     1     1    15    12    17    12     0     0   -12.0   58.184 -132.000    286.6    864.4
     1     1    15    12    17    11     0     0   -13.0   57.969 -131.485    256.9    863.9
     1     1    15    12    17    10     0     0   -14.0   57.757 -131.012    230.3    862.6
     1     1    15    12    17     9     0     0   -15.0   57.543 -130.579    205.6    860.9
     1     1    15    12    17     8     0     0   -16.0   57.332 -130.189    183.3    861.6
     1     1    15    12    17     7     0     0   -17.0   57.140 -129.850    165.4    863.8
     1     1    15    12    17     6     0     0   -18.0   56.977 -129.563    152.7    866.6
     1     1    15    12    17     5     0     0   -19.0   56.838 -129.319    144.8    868.6
     1     1    15    12    17     4     0     0   -20.0   56.713 -129.107    141.2    870.0
     1     1    15    12    17     3     0     0   -21.0   56.602 -128.925    141.4    871.0
     1     1    15    12    17     2     0     0   -22.0   56.503 -128.769    145.1    871.6
     1     1    15    12    17     1     0     0   -23.0   56.414 -128.638    152.3    871.8
     1     1    15    12    17     0     0     0   -24.0   56.333 -128.529    163.0    871.8
     1     1    15    12    16    23     0     0   -25.0   56.260 -128.442    176.0    871.2
     1     1    15    12    16    22     0     0   -26.0   56.195 -128.376    190.5    870.8
     1     1    15    12    16    21     0     0   -27.0   56.138 -128.330    206.4    869.8
     1     1    15    12    16    20     0     0   -28.0   56.091 -128.305    224.0    868.6
     1     1    15    12    16    19     0     0   -29.0   56.052 -128.300    243.5    867.4
     1     1    15    12    16    18     0     0   -30.0   56.022 -128.312    265.3    866.0
     1     1    15    12    16    17     0     0   -31.0   56.008 -128.352    287.9    864.6
     1     1    15    12    16    16     0     0   -32.0   56.011 -128.429    309.4    863.8
     1     1    15    12    16    15     0     0   -33.0   56.034 -128.546    329.6    863.3
     1     1    15    12    16    14     0     0   -34.0   56.077 -128.705    348.1    863.1
     1     1    15    12    16    13     0     0   -35.0   56.139 -128.910    364.1    863.5
     1     1    15    12    16    12     0     0   -36.0   56.219 -129.165    377.0    864.1
     1     1    15    12    16    11     0     0   -37.0   56.307 -129.448    387.3    864.7
     1     1    15    12    16    10     0     0   -38.0   56.392 -129.737    396.5    865.2
     1     1    15    12    16     9     0     0   -39.0   56.474 -130.030    404.1    866.0
     1     1    15    12    16     8     0     0   -40.0   56.553 -130.327    409.6    869.0
     1     1    15    12    16     7     0     0   -41.0   56.626 -130.628    412.2    872.6
     1     1    15    12    16     6     0     0   -42.0   56.691 -130.936    411.7    877.0
     1     1    15    12    16     5     0     0   -43.0   56.750 -131.255    408.0    881.9
     1     1    15    12    16     4     0     0   -44.0   56.808 -131.588    401.1    887.5
     1     1    15    12    16     3     0     0   -45.0   56.864 -131.929    390.9    893.7
     1     1    15    12    16     2     0     0   -46.0   56.919 -132.275    377.7    900.5
     1     1    15    12    16     1     0     0   -47.0   56.975 -132.623    361.6    906.9
     1     1    15    12    16     0     0     0   -48.0   57.035 -132.975    343.5    912.8
     1     1    15    12    15    23     0     0   -49.0   57.095 -133.337    324.3    918.7
     1     1    15    12    15    22     0     0   -50.0   57.148 -133.712    305.5    925.2
     1     1    15    12    15    21     0     0   -51.0   57.195 -134.095    287.4    931.9
     1     1    15    12    15    20     0     0   -52.0   57.236 -134.484    270.5    938.9
     1     1    15    12    15    19     0     0   -53.0   57.272 -134.875    255.1    945.9
     1     1    15    12    15    18     0     0   -54.0   57.305 -135.272    241.3    950.8
     1     1    15    12    15    17     0     0   -55.0   57.333 -135.685    228.4    954.7
     1     1    15    12    15    16     0     0   -56.0   57.353 -136.119    215.4    959.2
     1     1    15    12    15    15     0     0   -57.0   57.366 -136.581    203.1    964.0
     1     1    15    12    15    14     0     0   -58.0   57.375 -137.080    192.1    968.8
     1     1    15    12    15    13     0     0   -59.0   57.382 -137.623    182.2    973.2
     1     1    15    12    15    12     0     0   -60.0   57.387 -138.204    171.5    976.1
     1     1    15    12    15    11     0     0   -61.0   57.396 -138.811    158.1    979.5
     1     1    15    12    15    10     0     0   -62.0   57.407 -139.444    140.9    983.6
     1     1    15    12    15     9     0     0   -63.0   57.422 -140.101    120.1    988.6
     1     1    15    12    15     8     0     0   -64.0   57.430 -140.788     99.4    995.1
     1     1    15    12    15     7     0     0   -65.0   57.427 -141.506     83.5   1000.9
     1     1    15    12    15     6     0     0   -66.0   57.411 -142.259     73.7   1005.5
     1     1    15    12    15     5     0     0   -67.0   57.379 -143.034     67.8   1009.7
     1     1    15    12    15     4     0     0   -68.0   57.325 -143.817     62.7   1014.0
     1     1    15    12    15     3     0     0   -69.0   57.247 -144.606     58.8   1018.0
     1     1    15    12    15     2     0     0   -70.0   57.149 -145.397     56.7   1019.3
     1     1    15    12    15     1     0     0   -71.0   57.042 -146.178     55.5   1018.0
     1     1    15    12    15     0     0     0   -72.0   56.933 -146.945     55.3   1016.2
