     1     1
    CDC1    15    12     1     0     0
     1 BACKWARD OMEGA   
    15    12    13    18   60.984 -139.059   750.0
     1 PRESSURE
     1     1    15    12    13    18     0     0     0.0   60.984 -139.059    750.0    799.5
     1     1    15    12    13    17     0     0    -1.0   60.967 -139.045    783.0    795.7
     1     1    15    12    13    16     0     0    -2.0   60.955 -139.049    808.4    793.0
     1     1    15    12    13    15     0     0    -3.0   60.949 -139.072    826.2    791.0
     1     1    15    12    13    14     0     0    -4.0   60.949 -139.111    836.1    789.7
     1     1    15    12    13    13     0     0    -5.0   60.955 -139.168    838.3    789.1
     1     1    15    12    13    12     0     0    -6.0   60.968 -139.242    832.8    789.2
     1     1    15    12    13    11     0     0    -7.0   60.978 -139.322    821.4    790.1
     1     1    15    12    13    10     0     0    -8.0   60.974 -139.398    805.0    791.6
     1     1    15    12    13     9     0     0    -9.0   60.957 -139.472    783.5    793.8
     1     1    15    12    13     8     0     0   -10.0   60.927 -139.543    756.6    796.8
     1     1    15    12    13     7     0     0   -11.0   60.884 -139.614    723.9    800.7
     1     1    15    12    13     6     0     0   -12.0   60.829 -139.685    685.1    805.5
     1     1    15    12    13     5     0     0   -13.0   60.767 -139.761    645.5    811.5
     1     1    15    12    13     4     0     0   -14.0   60.701 -139.841    610.7    816.6
     1     1    15    12    13     3     0     0   -15.0   60.631 -139.923    580.7    820.7
     1     1    15    12    13     2     0     0   -16.0   60.554 -140.004    555.5    824.5
     1     1    15    12    13     1     0     0   -17.0   60.471 -140.084    535.1    828.2
     1     1    15    12    13     0     0     0   -18.0   60.380 -140.162    519.4    831.6
     1     1    15    12    12    23     0     0   -19.0   60.280 -140.238    502.3    834.9
     1     1    15    12    12    22     0     0   -20.0   60.173 -140.311    478.4    839.7
     1     1    15    12    12    21     0     0   -21.0   60.056 -140.380    447.3    845.6
     1     1    15    12    12    20     0     0   -22.0   59.933 -140.445    410.0    853.7
     1     1    15    12    12    19     0     0   -23.0   59.808 -140.506    368.2    863.6
     1     1    15    12    12    18     0     0   -24.0   59.682 -140.555    325.1    872.9
     1     1    15    12    12    17     0     0   -25.0   59.558 -140.596    287.0    882.1
     1     1    15    12    12    16     0     0   -26.0   59.438 -140.638    256.6    889.9
     1     1    15    12    12    15     0     0   -27.0   59.320 -140.684    232.1    897.2
     1     1    15    12    12    14     0     0   -28.0   59.203 -140.738    211.9    904.1
     1     1    15    12    12    13     0     0   -29.0   59.086 -140.801    195.0    910.7
     1     1    15    12    12    12     0     0   -30.0   58.969 -140.877    180.1    916.6
     1     1    15    12    12    11     0     0   -31.0   58.850 -140.953    165.7    922.6
     1     1    15    12    12    10     0     0   -32.0   58.724 -141.016    151.0    929.0
     1     1    15    12    12     9     0     0   -33.0   58.590 -141.069    136.7    935.7
     1     1    15    12    12     8     0     0   -34.0   58.445 -141.115    123.6    942.6
     1     1    15    12    12     7     0     0   -35.0   58.288 -141.159    112.2    949.8
     1     1    15    12    12     6     0     0   -36.0   58.116 -141.206    103.0    957.3
     1     1    15    12    12     5     0     0   -37.0   57.928 -141.263     95.6    965.4
     1     1    15    12    12     4     0     0   -38.0   57.726 -141.336     89.1    974.0
     1     1    15    12    12     3     0     0   -39.0   57.509 -141.433     83.5    983.2
     1     1    15    12    12     2     0     0   -40.0   57.283 -141.558     78.1    985.4
     1     1    15    12    12     1     0     0   -41.0   57.057 -141.714     72.6    987.2
     1     1    15    12    12     0     0     0   -42.0   56.832 -141.914     67.2    988.7
     1     1    15    12    11    23     0     0   -43.0   56.618 -142.166     62.5    990.1
     1     1    15    12    11    22     0     0   -44.0   56.424 -142.474     58.9    991.3
     1     1    15    12    11    21     0     0   -45.0   56.249 -142.834     56.1    992.2
     1     1    15    12    11    20     0     0   -46.0   56.091 -143.241     53.6    992.9
     1     1    15    12    11    19     0     0   -47.0   55.944 -143.699     51.9    993.2
     1     1    15    12    11    18     0     0   -48.0   55.801 -144.213     51.0    993.0
     1     1    15    12    11    17     0     0   -49.0   55.652 -144.786     50.5    992.2
     1     1    15    12    11    16     0     0   -50.0   55.488 -145.417     49.7    989.9
     1     1    15    12    11    15     0     0   -51.0   55.311 -146.107     48.6    986.6
     1     1    15    12    11    14     0     0   -52.0   55.120 -146.872     47.0    982.5
     1     1    15    12    11    13     0     0   -53.0   54.918 -147.718     44.8    979.6
     1     1    15    12    11    12     0     0   -54.0   54.726 -148.609     41.7    980.0
     1     1    15    12    11    11     0     0   -55.0   54.564 -149.499     38.3    980.7
     1     1    15    12    11    10     0     0   -56.0   54.432 -150.362     35.0    982.4
     1     1    15    12    11     9     0     0   -57.0   54.326 -151.191     32.1    985.0
     1     1    15    12    11     8     0     0   -58.0   54.240 -151.987     29.6    987.2
     1     1    15    12    11     7     0     0   -59.0   54.166 -152.756     27.6    989.2
     1     1    15    12    11     6     0     0   -60.0   54.099 -153.505     26.1    991.0
     1     1    15    12    11     5     0     0   -61.0   54.037 -154.233     24.7    992.0
     1     1    15    12    11     4     0     0   -62.0   53.983 -154.945     23.4    992.9
     1     1    15    12    11     3     0     0   -63.0   53.936 -155.640     22.2    993.4
     1     1    15    12    11     2     0     0   -64.0   53.888 -156.320     21.3    993.8
     1     1    15    12    11     1     0     0   -65.0   53.839 -156.989     20.7    994.2
     1     1    15    12    11     0     0     0   -66.0   53.784 -157.649     20.4    994.4
     1     1    15    12    10    23     0     0   -67.0   53.729 -158.294     20.3    993.6
     1     1    15    12    10    22     0     0   -68.0   53.680 -158.919     20.1    992.8
     1     1    15    12    10    21     0     0   -69.0   53.639 -159.525     19.9    992.0
     1     1    15    12    10    20     0     0   -70.0   53.609 -160.116     19.7    991.3
     1     1    15    12    10    19     0     0   -71.0   53.588 -160.693     19.4    990.7
     1     1    15    12    10    18     0     0   -72.0   53.577 -161.254     19.1    990.3
