     1     1
    CDC1    16     4     1     0     0
     1 BACKWARD OMEGA   
    16     4    28    12   60.984 -139.059   750.0
     1 PRESSURE
     1     1    16     4    28    12     0     0     0.0   60.984 -139.059    750.0    807.6
     1     1    16     4    28    11     0     0    -1.0   60.655 -138.730    717.0    816.1
     1     1    16     4    28    10     0     0    -2.0   60.318 -138.400    680.3    825.5
     1     1    16     4    28     9     0     0    -3.0   59.975 -138.076    641.1    835.9
     1     1    16     4    28     8     0     0    -4.0   59.635 -137.779    604.4    851.1
     1     1    16     4    28     7     0     0    -5.0   59.302 -137.517    571.9    864.8
     1     1    16     4    28     6     0     0    -6.0   58.976 -137.281    543.2    877.2
     1     1    16     4    28     5     0     0    -7.0   58.658 -137.055    515.1    888.7
     1     1    16     4    28     4     0     0    -8.0   58.350 -136.830    485.8    900.2
     1     1    16     4    28     3     0     0    -9.0   58.051 -136.610    455.7    911.5
     1     1    16     4    28     2     0     0   -10.0   57.763 -136.403    425.2    922.5
     1     1    16     4    28     1     0     0   -11.0   57.485 -136.213    394.9    933.2
     1     1    16     4    28     0     0     0   -12.0   57.218 -136.046    366.1    940.0
     1     1    16     4    27    23     0     0   -13.0   56.964 -135.900    340.6    946.0
     1     1    16     4    27    22     0     0   -14.0   56.727 -135.775    317.6    951.6
     1     1    16     4    27    21     0     0   -15.0   56.508 -135.670    296.5    957.0
     1     1    16     4    27    20     0     0   -16.0   56.304 -135.587    276.6    962.4
     1     1    16     4    27    19     0     0   -17.0   56.116 -135.527    257.4    967.6
     1     1    16     4    27    18     0     0   -18.0   55.942 -135.492    238.6    972.7
     1     1    16     4    27    17     0     0   -19.0   55.774 -135.477    221.9    978.1
     1     1    16     4    27    16     0     0   -20.0   55.602 -135.476    209.0    982.9
     1     1    16     4    27    15     0     0   -21.0   55.424 -135.489    200.0    987.2
     1     1    16     4    27    14     0     0   -22.0   55.240 -135.515    195.3    990.9
     1     1    16     4    27    13     0     0   -23.0   55.049 -135.552    195.1    994.3
     1     1    16     4    27    12     0     0   -24.0   54.854 -135.599    199.3    994.8
     1     1    16     4    27    11     0     0   -25.0   54.657 -135.644    206.3    993.6
     1     1    16     4    27    10     0     0   -26.0   54.456 -135.675    214.2    992.4
     1     1    16     4    27     9     0     0   -27.0   54.251 -135.693    223.1    991.1
     1     1    16     4    27     8     0     0   -28.0   54.038 -135.697    232.7    989.7
     1     1    16     4    27     7     0     0   -29.0   53.817 -135.687    243.1    988.3
     1     1    16     4    27     6     0     0   -30.0   53.587 -135.661    254.1    986.8
     1     1    16     4    27     5     0     0   -31.0   53.353 -135.631    267.0    985.2
     1     1    16     4    27     4     0     0   -32.0   53.124 -135.606    283.6    983.0
     1     1    16     4    27     3     0     0   -33.0   52.900 -135.589    304.2    980.5
     1     1    16     4    27     2     0     0   -34.0   52.680 -135.582    329.2    977.6
     1     1    16     4    27     1     0     0   -35.0   52.465 -135.585    358.7    974.1
     1     1    16     4    27     0     0     0   -36.0   52.257 -135.606    392.3    969.5
     1     1    16     4    26    23     0     0   -37.0   52.051 -135.654    421.7    963.4
     1     1    16     4    26    22     0     0   -38.0   51.843 -135.732    439.6    960.0
     1     1    16     4    26    21     0     0   -39.0   51.634 -135.837    446.2    957.9
     1     1    16     4    26    20     0     0   -40.0   51.422 -135.969    442.2    957.2
     1     1    16     4    26    19     0     0   -41.0   51.209 -136.124    428.5    957.8
     1     1    16     4    26    18     0     0   -42.0   50.993 -136.301    405.7    959.6
     1     1    16     4    26    17     0     0   -43.0   50.779 -136.499    379.9    962.0
     1     1    16     4    26    16     0     0   -44.0   50.574 -136.725    356.9    963.0
     1     1    16     4    26    15     0     0   -45.0   50.377 -136.982    336.8    963.8
     1     1    16     4    26    14     0     0   -46.0   50.189 -137.272    320.0    964.3
     1     1    16     4    26    13     0     0   -47.0   50.012 -137.599    306.5    964.9
     1     1    16     4    26    12     0     0   -48.0   49.844 -137.955    296.1    967.0
     1     1    16     4    26    11     0     0   -49.0   49.685 -138.338    288.5    969.5
     1     1    16     4    26    10     0     0   -50.0   49.533 -138.747    283.6    971.6
     1     1    16     4    26     9     0     0   -51.0   49.388 -139.175    281.7    973.4
     1     1    16     4    26     8     0     0   -52.0   49.248 -139.611    282.7    974.9
     1     1    16     4    26     7     0     0   -53.0   49.115 -140.048    287.0    975.7
     1     1    16     4    26     6     0     0   -54.0   48.988 -140.484    294.1    975.3
     1     1    16     4    26     5     0     0   -55.0   48.858 -140.919    303.0    973.9
     1     1    16     4    26     4     0     0   -56.0   48.722 -141.357    313.3    972.7
     1     1    16     4    26     3     0     0   -57.0   48.588 -141.805    325.4    971.4
     1     1    16     4    26     2     0     0   -58.0   48.463 -142.269    339.8    969.9
     1     1    16     4    26     1     0     0   -59.0   48.347 -142.752    356.3    967.3
     1     1    16     4    26     0     0     0   -60.0   48.231 -143.258    374.6    963.6
     1     1    16     4    25    23     0     0   -61.0   48.107 -143.776    393.9    959.6
     1     1    16     4    25    22     0     0   -62.0   47.976 -144.300    413.9    955.6
     1     1    16     4    25    21     0     0   -63.0   47.851 -144.832    436.0    951.5
     1     1    16     4    25    20     0     0   -64.0   47.732 -145.367    460.6    947.4
     1     1    16     4    25    19     0     0   -65.0   47.612 -145.900    487.4    943.4
     1     1    16     4    25    18     0     0   -66.0   47.493 -146.426    517.6    939.5
     1     1    16     4    25    17     0     0   -67.0   47.370 -146.968    548.6    935.2
     1     1    16     4    25    16     0     0   -68.0   47.237 -147.549    576.8    932.1
     1     1    16     4    25    15     0     0   -69.0   47.095 -148.177    603.0    929.8
     1     1    16     4    25    14     0     0   -70.0   46.941 -148.852    628.0    928.1
     1     1    16     4    25    13     0     0   -71.0   46.785 -149.569    655.2    925.9
     1     1    16     4    25    12     0     0   -72.0   46.634 -150.320    687.1    922.8
