     1     1
    CDC1    16     4     1     0     0
     1 BACKWARD OMEGA   
    16     4    23     6   60.984 -139.059   750.0
     1 PRESSURE
     1     1    16     4    23     6     0     0     0.0   60.984 -139.059    750.0    805.5
     1     1    16     4    23     5     0     0    -1.0   60.896 -138.874    768.8    805.0
     1     1    16     4    23     4     0     0    -2.0   60.798 -138.706    787.9    804.7
     1     1    16     4    23     3     0     0    -3.0   60.693 -138.555    807.8    804.3
     1     1    16     4    23     2     0     0    -4.0   60.582 -138.423    828.8    804.0
     1     1    16     4    23     1     0     0    -5.0   60.465 -138.313    851.1    803.7
     1     1    16     4    23     0     0     0    -6.0   60.344 -138.228    875.1    803.3
     1     1    16     4    22    23     0     0    -7.0   60.220 -138.162    897.3    803.0
     1     1    16     4    22    22     0     0    -8.0   60.095 -138.108    913.3    803.4
     1     1    16     4    22    21     0     0    -9.0   59.970 -138.066    923.5    804.9
     1     1    16     4    22    20     0     0   -10.0   59.846 -138.032    928.2    808.4
     1     1    16     4    22    19     0     0   -11.0   59.724 -138.002    927.3    812.4
     1     1    16     4    22    18     0     0   -12.0   59.605 -137.978    921.1    816.9
     1     1    16     4    22    17     0     0   -13.0   59.483 -137.945    909.3    821.8
     1     1    16     4    22    16     0     0   -14.0   59.350 -137.885    891.3    827.6
     1     1    16     4    22    15     0     0   -15.0   59.208 -137.801    867.7    834.0
     1     1    16     4    22    14     0     0   -16.0   59.058 -137.693    838.8    841.2
     1     1    16     4    22    13     0     0   -17.0   58.900 -137.563    805.4    849.0
     1     1    16     4    22    12     0     0   -18.0   58.736 -137.411    768.1    857.2
     1     1    16     4    22    11     0     0   -19.0   58.574 -137.248    732.3    865.7
     1     1    16     4    22    10     0     0   -20.0   58.424 -137.083    703.1    872.5
     1     1    16     4    22     9     0     0   -21.0   58.286 -136.919    680.2    878.3
     1     1    16     4    22     8     0     0   -22.0   58.159 -136.757    663.5    883.0
     1     1    16     4    22     7     0     0   -23.0   58.043 -136.597    652.8    886.6
     1     1    16     4    22     6     0     0   -24.0   57.937 -136.440    647.8    889.3
     1     1    16     4    22     5     0     0   -25.0   57.835 -136.287    644.7    891.0
     1     1    16     4    22     4     0     0   -26.0   57.733 -136.143    639.2    893.5
     1     1    16     4    22     3     0     0   -27.0   57.630 -136.014    631.3    896.3
     1     1    16     4    22     2     0     0   -28.0   57.525 -135.904    620.9    899.5
     1     1    16     4    22     1     0     0   -29.0   57.417 -135.813    607.3    902.1
     1     1    16     4    22     0     0     0   -30.0   57.302 -135.742    590.6    905.0
     1     1    16     4    21    23     0     0   -31.0   57.186 -135.679    571.4    908.2
     1     1    16     4    21    22     0     0   -32.0   57.073 -135.614    550.7    911.5
     1     1    16     4    21    21     0     0   -33.0   56.962 -135.547    528.4    915.0
     1     1    16     4    21    20     0     0   -34.0   56.853 -135.479    504.3    918.7
     1     1    16     4    21    19     0     0   -35.0   56.747 -135.411    478.5    922.7
     1     1    16     4    21    18     0     0   -36.0   56.644 -135.345    451.0    927.0
     1     1    16     4    21    17     0     0   -37.0   56.551 -135.277    425.9    931.6
     1     1    16     4    21    16     0     0   -38.0   56.474 -135.205    406.9    934.7
     1     1    16     4    21    15     0     0   -39.0   56.412 -135.127    393.9    936.9
     1     1    16     4    21    14     0     0   -40.0   56.363 -135.041    386.4    938.1
     1     1    16     4    21    13     0     0   -41.0   56.326 -134.945    384.2    938.0
     1     1    16     4    21    12     0     0   -42.0   56.299 -134.836    386.5    936.6
     1     1    16     4    21    11     0     0   -43.0   56.281 -134.717    391.1    934.9
     1     1    16     4    21    10     0     0   -44.0   56.274 -134.590    396.4    933.1
     1     1    16     4    21     9     0     0   -45.0   56.277 -134.454    402.5    930.8
     1     1    16     4    21     8     0     0   -46.0   56.290 -134.311    409.5    928.2
     1     1    16     4    21     7     0     0   -47.0   56.312 -134.160    417.5    925.2
     1     1    16     4    21     6     0     0   -48.0   56.342 -134.001    426.6    921.7
     1     1    16     4    21     5     0     0   -49.0   56.369 -133.836    434.4    918.4
     1     1    16     4    21     4     0     0   -50.0   56.384 -133.670    438.7    915.9
     1     1    16     4    21     3     0     0   -51.0   56.387 -133.502    439.7    914.1
     1     1    16     4    21     2     0     0   -52.0   56.380 -133.336    437.8    912.8
     1     1    16     4    21     1     0     0   -53.0   56.363 -133.171    433.3    912.1
     1     1    16     4    21     0     0     0   -54.0   56.337 -133.008    426.5    911.8
     1     1    16     4    20    23     0     0   -55.0   56.313 -132.845    418.9    911.6
     1     1    16     4    20    22     0     0   -56.0   56.297 -132.681    411.8    911.0
     1     1    16     4    20    21     0     0   -57.0   56.290 -132.517    405.2    910.1
     1     1    16     4    20    20     0     0   -58.0   56.292 -132.351    398.5    908.2
     1     1    16     4    20    19     0     0   -59.0   56.299 -132.182    391.4    906.2
     1     1    16     4    20    18     0     0   -60.0   56.311 -132.010    383.9    903.9
     1     1    16     4    20    17     0     0   -61.0   56.323 -131.831    375.7    901.4
     1     1    16     4    20    16     0     0   -62.0   56.331 -131.644    367.2    898.6
     1     1    16     4    20    15     0     0   -63.0   56.333 -131.450    358.1    895.9
     1     1    16     4    20    14     0     0   -64.0   56.331 -131.245    348.7    893.1
     1     1    16     4    20    13     0     0   -65.0   56.325 -131.031    339.0    890.3
     1     1    16     4    20    12     0     0   -66.0   56.313 -130.804    329.0    887.4
     1     1    16     4    20    11     0     0   -67.0   56.302 -130.564    321.4    884.5
     1     1    16     4    20    10     0     0   -68.0   56.295 -130.310    318.2    880.6
     1     1    16     4    20     9     0     0   -69.0   56.291 -130.041    319.5    875.8
     1     1    16     4    20     8     0     0   -70.0   56.291 -129.759    324.8    871.8
     1     1    16     4    20     7     0     0   -71.0   56.295 -129.467    333.5    867.6
     1     1    16     4    20     6     0     0   -72.0   56.305 -129.165    345.1    862.8
