     1     1
    CDC1    16     1     1     0     0
     1 BACKWARD OMEGA   
    16     1    18     0   60.984 -139.059   750.0
     1 PRESSURE
     1     1    16     1    18     0     0     0     0.0   60.984 -139.059    750.0    792.8
     1     1    16     1    17    23     0     0    -1.0   60.902 -138.451    756.8    793.2
     1     1    16     1    17    22     0     0    -2.0   60.803 -137.846    763.0    794.1
     1     1    16     1    17    21     0     0    -3.0   60.692 -137.244    769.8    794.5
     1     1    16     1    17    20     0     0    -4.0   60.578 -136.650    778.5    794.2
     1     1    16     1    17    19     0     0    -5.0   60.468 -136.068    790.5    793.3
     1     1    16     1    17    18     0     0    -6.0   60.367 -135.496    807.3    791.7
     1     1    16     1    17    17     0     0    -7.0   60.258 -134.966    830.6    790.0
     1     1    16     1    17    16     0     0    -8.0   60.125 -134.511    859.7    786.7
     1     1    16     1    17    15     0     0    -9.0   59.971 -134.139    895.8    783.8
     1     1    16     1    17    14     0     0   -10.0   59.795 -133.845    938.6    781.7
     1     1    16     1    17    13     0     0   -11.0   59.598 -133.624    986.6    779.8
     1     1    16     1    17    12     0     0   -12.0   59.384 -133.470   1040.2    778.1
     1     1    16     1    17    11     0     0   -13.0   59.159 -133.337   1091.7    775.5
     1     1    16     1    17    10     0     0   -14.0   58.930 -133.186   1132.3    774.6
     1     1    16     1    17     9     0     0   -15.0   58.698 -133.026   1162.9    774.3
     1     1    16     1    17     8     0     0   -16.0   58.467 -132.864   1184.3    774.6
     1     1    16     1    17     7     0     0   -17.0   58.238 -132.708   1197.1    775.5
     1     1    16     1    17     6     0     0   -18.0   58.014 -132.567   1202.5    777.0
     1     1    16     1    17     5     0     0   -19.0   57.791 -132.431   1202.8    778.7
     1     1    16     1    17     4     0     0   -20.0   57.565 -132.288   1198.6    780.2
     1     1    16     1    17     3     0     0   -21.0   57.337 -132.137   1190.5    782.9
     1     1    16     1    17     2     0     0   -22.0   57.107 -131.979   1178.7    786.2
     1     1    16     1    17     1     0     0   -23.0   56.878 -131.818   1163.1    789.7
     1     1    16     1    17     0     0     0   -24.0   56.654 -131.658   1143.4    793.4
     1     1    16     1    16    23     0     0   -25.0   56.438 -131.484   1120.0    797.1
     1     1    16     1    16    22     0     0   -26.0   56.229 -131.282   1094.5    800.4
     1     1    16     1    16    21     0     0   -27.0   56.025 -131.049   1066.9    803.4
     1     1    16     1    16    20     0     0   -28.0   55.828 -130.783   1037.8    805.9
     1     1    16     1    16    19     0     0   -29.0   55.635 -130.478   1007.3    807.8
     1     1    16     1    16    18     0     0   -30.0   55.446 -130.129    975.7    809.2
     1     1    16     1    16    17     0     0   -31.0   55.243 -129.743    944.9    811.2
     1     1    16     1    16    16     0     0   -32.0   55.008 -129.332    916.1    813.5
     1     1    16     1    16    15     0     0   -33.0   54.740 -128.909    888.2    814.9
     1     1    16     1    16    14     0     0   -34.0   54.440 -128.490    859.9    816.5
     1     1    16     1    16    13     0     0   -35.0   54.107 -128.076    829.4    818.5
     1     1    16     1    16    12     0     0   -36.0   53.738 -127.665    795.0    821.2
     1     1    16     1    16    11     0     0   -37.0   53.349 -127.262    755.9    826.6
     1     1    16     1    16    10     0     0   -38.0   52.957 -126.874    711.3    832.5
     1     1    16     1    16     9     0     0   -39.0   52.557 -126.506    661.4    838.1
     1     1    16     1    16     8     0     0   -40.0   52.147 -126.163    607.3    845.5
     1     1    16     1    16     7     0     0   -41.0   51.728 -125.849    549.5    853.1
     1     1    16     1    16     6     0     0   -42.0   51.301 -125.562    487.2    862.1
     1     1    16     1    16     5     0     0   -43.0   50.878 -125.304    425.2    872.2
     1     1    16     1    16     4     0     0   -44.0   50.473 -125.075    368.9    881.7
     1     1    16     1    16     3     0     0   -45.0   50.085 -124.868    318.9    889.9
     1     1    16     1    16     2     0     0   -46.0   49.715 -124.670    278.5    901.3
     1     1    16     1    16     1     0     0   -47.0   49.369 -124.470    249.2    912.2
     1     1    16     1    16     0     0     0   -48.0   49.045 -124.274    228.6    921.7
     1     1    16     1    15    23     0     0   -49.0   48.749 -124.094    213.0    929.9
     1     1    16     1    15    22     0     0   -50.0   48.485 -123.936    199.8    937.6
     1     1    16     1    15    21     0     0   -51.0   48.249 -123.797    188.3    944.3
     1     1    16     1    15    20     0     0   -52.0   48.037 -123.674    177.8    950.4
     1     1    16     1    15    19     0     0   -53.0   47.844 -123.564    168.1    956.2
     1     1    16     1    15    18     0     0   -54.0   47.669 -123.465    158.8    961.6
     1     1    16     1    15    17     0     0   -55.0   47.512 -123.368    148.4    966.0
     1     1    16     1    15    16     0     0   -56.0   47.374 -123.274    135.6    965.3
     1     1    16     1    15    15     0     0   -57.0   47.253 -123.189    121.3    964.5
     1     1    16     1    15    14     0     0   -58.0   47.148 -123.111    105.9    964.0
     1     1    16     1    15    13     0     0   -59.0   47.059 -123.043     89.7    964.0
     1     1    16     1    15    12     0     0   -60.0   46.983 -122.983     73.5    964.3
     1     1    16     1    15    11     0     0   -61.0   46.920 -122.925     59.6    963.8
     1     1    16     1    15    10     0     0   -62.0   46.866 -122.863     49.3    962.8
     1     1    16     1    15     9     0     0   -63.0   46.822 -122.799     42.0    961.7
     1     1    16     1    15     8     0     0   -64.0   46.790 -122.736     36.9    960.5
     1     1    16     1    15     7     0     0   -65.0   46.769 -122.673     33.6    959.2
     1     1    16     1    15     6     0     0   -66.0   46.761 -122.612     31.9    958.0
     1     1    16     1    15     5     0     0   -67.0   46.757 -122.541     31.4    956.8
     1     1    16     1    15     4     0     0   -68.0   46.744 -122.451     32.2    955.2
     1     1    16     1    15     3     0     0   -69.0   46.719 -122.341     34.4    953.0
     1     1    16     1    15     2     0     0   -70.0   46.677 -122.211     38.4    950.2
     1     1    16     1    15     1     0     0   -71.0   46.616 -122.059     44.6    946.6
     1     1    16     1    15     0     0     0   -72.0   46.531 -121.882     54.1    942.1
