     1     1
    CDC1    16     1     1     0     0
     1 BACKWARD OMEGA   
    16     1    11    12   60.984 -139.059   750.0
     1 PRESSURE
     1     1    16     1    11    12     0     0     0.0   60.984 -139.059    750.0    804.4
     1     1    16     1    11    11     0     0    -1.0   60.699 -138.735    712.3    812.6
     1     1    16     1    11    10     0     0    -2.0   60.414 -138.364    668.3    822.0
     1     1    16     1    11     9     0     0    -3.0   60.129 -137.949    618.2    832.3
     1     1    16     1    11     8     0     0    -4.0   59.849 -137.498    565.6    844.7
     1     1    16     1    11     7     0     0    -5.0   59.581 -137.027    515.7    857.2
     1     1    16     1    11     6     0     0    -6.0   59.327 -136.550    469.5    868.4
     1     1    16     1    11     5     0     0    -7.0   59.085 -136.069    426.9    878.5
     1     1    16     1    11     4     0     0    -8.0   58.851 -135.580    387.9    887.8
     1     1    16     1    11     3     0     0    -9.0   58.624 -135.089    352.6    895.7
     1     1    16     1    11     2     0     0   -10.0   58.403 -134.603    320.3    899.9
     1     1    16     1    11     1     0     0   -11.0   58.182 -134.127    290.5    902.8
     1     1    16     1    11     0     0     0   -12.0   57.953 -133.661    262.4    905.2
     1     1    16     1    10    23     0     0   -13.0   57.715 -133.213    238.3    907.2
     1     1    16     1    10    22     0     0   -14.0   57.472 -132.792    220.5    908.2
     1     1    16     1    10    21     0     0   -15.0   57.228 -132.403    209.6    909.2
     1     1    16     1    10    20     0     0   -16.0   56.997 -132.057    205.8    908.9
     1     1    16     1    10    19     0     0   -17.0   56.783 -131.758    208.1    908.2
     1     1    16     1    10    18     0     0   -18.0   56.583 -131.499    215.5    907.4
     1     1    16     1    10    17     0     0   -19.0   56.388 -131.271    224.1    906.4
     1     1    16     1    10    16     0     0   -20.0   56.190 -131.067    231.3    906.6
     1     1    16     1    10    15     0     0   -21.0   55.991 -130.877    237.3    907.3
     1     1    16     1    10    14     0     0   -22.0   55.790 -130.694    242.9    908.2
     1     1    16     1    10    13     0     0   -23.0   55.587 -130.512    248.5    909.1
     1     1    16     1    10    12     0     0   -24.0   55.382 -130.325    255.0    909.9
     1     1    16     1    10    11     0     0   -25.0   55.178 -130.143    261.5    910.2
     1     1    16     1    10    10     0     0   -26.0   54.981 -129.978    266.6    910.8
     1     1    16     1    10     9     0     0   -27.0   54.796 -129.838    268.7    911.7
     1     1    16     1    10     8     0     0   -28.0   54.624 -129.725    267.2    913.4
     1     1    16     1    10     7     0     0   -29.0   54.466 -129.638    262.5    915.4
     1     1    16     1    10     6     0     0   -30.0   54.320 -129.573    255.0    918.0
     1     1    16     1    10     5     0     0   -31.0   54.173 -129.519    247.8    921.1
     1     1    16     1    10     4     0     0   -32.0   54.014 -129.461    243.9    923.7
     1     1    16     1    10     3     0     0   -33.0   53.845 -129.400    243.0    925.9
     1     1    16     1    10     2     0     0   -34.0   53.666 -129.337    245.3    927.9
     1     1    16     1    10     1     0     0   -35.0   53.479 -129.270    251.0    929.5
     1     1    16     1    10     0     0     0   -36.0   53.287 -129.201    260.4    930.7
     1     1    16     1     9    23     0     0   -37.0   53.100 -129.128    270.6    931.1
     1     1    16     1     9    22     0     0   -38.0   52.929 -129.051    278.3    931.7
     1     1    16     1     9    21     0     0   -39.0   52.774 -128.973    282.9    932.3
     1     1    16     1     9    20     0     0   -40.0   52.634 -128.893    284.1    933.0
     1     1    16     1     9    19     0     0   -41.0   52.508 -128.812    281.6    933.7
     1     1    16     1     9    18     0     0   -42.0   52.397 -128.733    275.2    934.1
     1     1    16     1     9    17     0     0   -43.0   52.281 -128.645    266.9    934.7
     1     1    16     1     9    16     0     0   -44.0   52.143 -128.536    258.6    935.1
     1     1    16     1     9    15     0     0   -45.0   51.984 -128.405    250.2    935.4
     1     1    16     1     9    14     0     0   -46.0   51.806 -128.253    241.7    935.8
     1     1    16     1     9    13     0     0   -47.0   51.612 -128.077    233.2    936.3
     1     1    16     1     9    12     0     0   -48.0   51.403 -127.876    224.7    936.6
     1     1    16     1     9    11     0     0   -49.0   51.190 -127.655    215.3    937.2
     1     1    16     1     9    10     0     0   -50.0   50.980 -127.422    204.0    938.0
     1     1    16     1     9     9     0     0   -51.0   50.771 -127.180    190.9    938.4
     1     1    16     1     9     8     0     0   -52.0   50.563 -126.935    175.9    938.6
     1     1    16     1     9     7     0     0   -53.0   50.351 -126.689    159.1    939.0
     1     1    16     1     9     6     0     0   -54.0   50.131 -126.442    140.4    940.0
     1     1    16     1     9     5     0     0   -55.0   49.907 -126.189    122.3    942.0
     1     1    16     1     9     4     0     0   -56.0   49.687 -125.932    107.3    944.7
     1     1    16     1     9     3     0     0   -57.0   49.472 -125.671     95.6    947.6
     1     1    16     1     9     2     0     0   -58.0   49.260 -125.407     87.0    950.7
     1     1    16     1     9     1     0     0   -59.0   49.049 -125.138     81.6    953.8
     1     1    16     1     9     0     0     0   -60.0   48.843 -124.866     79.3    956.7
     1     1    16     1     8    23     0     0   -61.0   48.652 -124.605     78.6    958.7
     1     1    16     1     8    22     0     0   -62.0   48.480 -124.361     78.5    960.8
     1     1    16     1     8    21     0     0   -63.0   48.325 -124.132     79.0    962.6
     1     1    16     1     8    20     0     0   -64.0   48.184 -123.919     80.2    964.2
     1     1    16     1     8    19     0     0   -65.0   48.056 -123.719     82.3    965.5
     1     1    16     1     8    18     0     0   -66.0   47.940 -123.532     85.2    966.5
     1     1    16     1     8    17     0     0   -67.0   47.838 -123.358     88.6    967.1
     1     1    16     1     8    16     0     0   -68.0   47.752 -123.199     92.0    967.4
     1     1    16     1     8    15     0     0   -69.0   47.679 -123.053     95.3    967.5
     1     1    16     1     8    14     0     0   -70.0   47.618 -122.918     98.4    967.4
     1     1    16     1     8    13     0     0   -71.0   47.566 -122.795    101.4    967.2
     1     1    16     1     8    12     0     0   -72.0   47.524 -122.681    104.1    966.8
