     1     1
    CDC1    15    10     1     0     0
     1 BACKWARD OMEGA   
    15    10    18     6   60.984 -139.059   750.0
     1 PRESSURE
     1     1    15    10    18     6     0     0     0.0   60.984 -139.059    750.0    803.6
     1     1    15    10    18     5     0     0    -1.0   60.750 -139.297    685.6    813.9
     1     1    15    10    18     4     0     0    -2.0   60.508 -139.467    621.2    824.8
     1     1    15    10    18     3     0     0    -3.0   60.263 -139.578    558.8    835.2
     1     1    15    10    18     2     0     0    -4.0   60.018 -139.641    500.5    844.9
     1     1    15    10    18     1     0     0    -5.0   59.776 -139.674    449.4    857.9
     1     1    15    10    18     0     0     0    -6.0   59.540 -139.699    406.3    870.2
     1     1    15    10    17    23     0     0    -7.0   59.312 -139.723    368.5    881.9
     1     1    15    10    17    22     0     0    -8.0   59.099 -139.747    334.0    892.4
     1     1    15    10    17    21     0     0    -9.0   58.904 -139.768    303.4    902.0
     1     1    15    10    17    20     0     0   -10.0   58.727 -139.783    276.4    910.6
     1     1    15    10    17    19     0     0   -11.0   58.569 -139.792    252.7    918.3
     1     1    15    10    17    18     0     0   -12.0   58.432 -139.792    231.9    925.0
     1     1    15    10    17    17     0     0   -13.0   58.300 -139.777    213.8    931.6
     1     1    15    10    17    16     0     0   -14.0   58.161 -139.747    198.0    938.2
     1     1    15    10    17    15     0     0   -15.0   58.016 -139.702    184.3    944.2
     1     1    15    10    17    14     0     0   -16.0   57.864 -139.640    172.4    950.3
     1     1    15    10    17    13     0     0   -17.0   57.710 -139.561    162.3    956.3
     1     1    15    10    17    12     0     0   -18.0   57.554 -139.460    154.0    962.1
     1     1    15    10    17    11     0     0   -19.0   57.389 -139.344    146.6    964.9
     1     1    15    10    17    10     0     0   -20.0   57.204 -139.223    139.4    966.4
     1     1    15    10    17     9     0     0   -21.0   57.000 -139.095    132.3    968.3
     1     1    15    10    17     8     0     0   -22.0   56.778 -138.954    125.3    970.4
     1     1    15    10    17     7     0     0   -23.0   56.539 -138.794    117.9    972.9
     1     1    15    10    17     6     0     0   -24.0   56.284 -138.606    109.9    975.9
     1     1    15    10    17     5     0     0   -25.0   56.020 -138.392    101.2    978.9
     1     1    15    10    17     4     0     0   -26.0   55.753 -138.164     92.7    982.3
     1     1    15    10    17     3     0     0   -27.0   55.475 -137.936     84.5    986.1
     1     1    15    10    17     2     0     0   -28.0   55.179 -137.722     77.0    990.3
     1     1    15    10    17     1     0     0   -29.0   54.861 -137.533     70.2    992.4
     1     1    15    10    17     0     0     0   -30.0   54.531 -137.367     64.5    991.6
     1     1    15    10    16    23     0     0   -31.0   54.200 -137.192     60.0    991.3
     1     1    15    10    16    22     0     0   -32.0   53.868 -136.988     57.0    991.0
     1     1    15    10    16    21     0     0   -33.0   53.530 -136.767     55.6    990.9
     1     1    15    10    16    20     0     0   -34.0   53.180 -136.542     55.9    990.8
     1     1    15    10    16    19     0     0   -35.0   52.813 -136.321     58.2    990.7
     1     1    15    10    16    18     0     0   -36.0   52.427 -136.114     62.3    990.6
     1     1    15    10    16    17     0     0   -37.0   52.042 -135.917     66.6    990.5
     1     1    15    10    16    16     0     0   -38.0   51.674 -135.724     69.4    990.5
     1     1    15    10    16    15     0     0   -39.0   51.315 -135.532     70.4    990.4
     1     1    15    10    16    14     0     0   -40.0   50.958 -135.337     69.7    990.2
     1     1    15    10    16    13     0     0   -41.0   50.595 -135.137     67.8    990.1
     1     1    15    10    16    12     0     0   -42.0   50.218 -134.924     65.2    989.9
     1     1    15    10    16    11     0     0   -43.0   49.834 -134.700     62.3    990.9
     1     1    15    10    16    10     0     0   -44.0   49.461 -134.473     59.2    992.7
     1     1    15    10    16     9     0     0   -45.0   49.100 -134.244     55.5    994.2
     1     1    15    10    16     8     0     0   -46.0   48.750 -134.013     50.8    995.7
     1     1    15    10    16     7     0     0   -47.0   48.407 -133.783     45.1    997.0
     1     1    15    10    16     6     0     0   -48.0   48.069 -133.552     38.5    998.2
     1     1    15    10    16     5     0     0   -49.0   47.737 -133.330     32.0    999.6
     1     1    15    10    16     4     0     0   -50.0   47.410 -133.123     26.6   1000.5
     1     1    15    10    16     3     0     0   -51.0   47.091 -132.933     22.7   1001.1
     1     1    15    10    16     2     0     0   -52.0   46.784 -132.767     20.2   1001.2
     1     1    15    10    16     1     0     0   -53.0   46.488 -132.631     18.9   1000.8
     1     1    15    10    16     0     0     0   -54.0   46.205 -132.530     18.3   1000.2
     1     1    15    10    15    23     0     0   -55.0   45.929 -132.450     17.4   1000.0
     1     1    15    10    15    22     0     0   -56.0   45.657 -132.373     15.1   1000.2
     1     1    15    10    15    21     0     0   -57.0   45.390 -132.295     11.2   1000.7
     1     1    15    10    15    20     0     0   -58.0   45.128 -132.213      5.8   1000.9
     1     1    15    10    15    19     0     0   -59.0   44.871 -132.122      0.0   1001.5
     1     1    15    10    15    18     0     0   -60.0   44.622 -132.020      0.0   1003.0
     1     1    15    10    15    17     0     0   -61.0   44.386 -131.916      0.0   1004.2
     1     1    15    10    15    16     0     0   -62.0   44.166 -131.817      0.0   1005.2
     1     1    15    10    15    15     0     0   -63.0   43.963 -131.723      0.0   1006.2
     1     1    15    10    15    14     0     0   -64.0   43.777 -131.631      0.0   1007.1
     1     1    15    10    15    13     0     0   -65.0   43.609 -131.541      0.0   1007.8
     1     1    15    10    15    12     0     0   -66.0   43.459 -131.452      0.0   1008.5
     1     1    15    10    15    11     0     0   -67.0   43.327 -131.353      0.0   1009.5
     1     1    15    10    15    10     0     0   -68.0   43.217 -131.234      0.0   1010.4
     1     1    15    10    15     9     0     0   -69.0   43.131 -131.092      0.0   1011.3
     1     1    15    10    15     8     0     0   -70.0   43.071 -130.924      0.0   1012.1
     1     1    15    10    15     7     0     0   -71.0   43.039 -130.727      0.0   1012.8
     1     1    15    10    15     6     0     0   -72.0   43.038 -130.502      0.0   1013.5
