     1     1
    CDC1    15    12     1     0     0
     1 BACKWARD OMEGA   
    15    12    27     6   60.984 -139.059   750.0
     1 PRESSURE
     1     1    15    12    27     6     0     0     0.0   60.984 -139.059    750.0    805.2
     1     1    15    12    27     5     0     0    -1.0   60.930 -139.186    705.6    810.8
     1     1    15    12    27     4     0     0    -2.0   60.870 -139.286    667.2    815.9
     1     1    15    12    27     3     0     0    -3.0   60.807 -139.365    634.9    820.4
     1     1    15    12    27     2     0     0    -4.0   60.742 -139.429    609.2    824.2
     1     1    15    12    27     1     0     0    -5.0   60.677 -139.480    590.7    827.0
     1     1    15    12    27     0     0     0    -6.0   60.613 -139.521    579.6    828.9
     1     1    15    12    26    23     0     0    -7.0   60.542 -139.536    569.9    830.5
     1     1    15    12    26    22     0     0    -8.0   60.457 -139.502    555.8    833.3
     1     1    15    12    26    21     0     0    -9.0   60.360 -139.416    537.1    836.7
     1     1    15    12    26    20     0     0   -10.0   60.252 -139.275    513.9    840.7
     1     1    15    12    26    19     0     0   -11.0   60.134 -139.073    486.8    845.2
     1     1    15    12    26    18     0     0   -12.0   60.006 -138.805    456.2    850.1
     1     1    15    12    26    17     0     0   -13.0   59.862 -138.488    422.6    858.3
     1     1    15    12    26    16     0     0   -14.0   59.695 -138.143    385.9    867.9
     1     1    15    12    26    15     0     0   -15.0   59.512 -137.765    347.7    877.8
     1     1    15    12    26    14     0     0   -16.0   59.318 -137.347    309.7    887.3
     1     1    15    12    26    13     0     0   -17.0   59.119 -136.893    272.7    896.3
     1     1    15    12    26    12     0     0   -18.0   58.921 -136.404    237.1    905.1
     1     1    15    12    26    11     0     0   -19.0   58.743 -135.896    204.1    913.2
     1     1    15    12    26    10     0     0   -20.0   58.600 -135.389    173.3    918.9
     1     1    15    12    26     9     0     0   -21.0   58.488 -134.891    143.9    922.7
     1     1    15    12    26     8     0     0   -22.0   58.393 -134.412    114.0    923.5
     1     1    15    12    26     7     0     0   -23.0   58.305 -133.958     82.1    924.9
     1     1    15    12    26     6     0     0   -24.0   58.235 -133.535     50.2    925.5
     1     1    15    12    26     5     0     0   -25.0   58.213 -133.154     26.8    924.7
     1     1    15    12    26     4     0     0   -26.0   58.233 -132.814     12.9    921.6
     1     1    15    12    26     3     0     0   -27.0   58.277 -132.504      4.4    916.6
     1     1    15    12    26     2     0     0   -28.0   58.323 -132.207      0.0    911.2
     1     1    15    12    26     1     0     0   -29.0   58.361 -131.913      0.0    906.2
     1     1    15    12    26     0     0     0   -30.0   58.389 -131.613      0.0    901.3
     1     1    15    12    25    23     0     0   -31.0   58.416 -131.334      0.0    896.9
     1     1    15    12    25    22     0     0   -32.0   58.450 -131.100      0.0    893.0
     1     1    15    12    25    21     0     0   -33.0   58.489 -130.907      0.1    889.8
     1     1    15    12    25    20     0     0   -34.0   58.531 -130.755      1.0    887.1
     1     1    15    12    25    19     0     0   -35.0   58.577 -130.641      2.5    885.1
     1     1    15    12    25    18     0     0   -36.0   58.625 -130.563      4.7    883.6
     1     1    15    12    25    17     0     0   -37.0   58.673 -130.495      6.9    881.9
     1     1    15    12    25    16     0     0   -38.0   58.720 -130.413      8.9    880.2
     1     1    15    12    25    15     0     0   -39.0   58.764 -130.318     10.9    878.0
     1     1    15    12    25    14     0     0   -40.0   58.806 -130.211     13.0    875.6
     1     1    15    12    25    13     0     0   -41.0   58.847 -130.092     15.4    873.1
     1     1    15    12    25    12     0     0   -42.0   58.889 -129.964     17.9    870.9
     1     1    15    12    25    11     0     0   -43.0   58.932 -129.841     20.3    869.2
     1     1    15    12    25    10     0     0   -44.0   58.978 -129.736     22.6    867.6
     1     1    15    12    25     9     0     0   -45.0   59.025 -129.648     24.6    866.1
     1     1    15    12    25     8     0     0   -46.0   59.074 -129.575     26.1    864.8
     1     1    15    12    25     7     0     0   -47.0   59.125 -129.515     27.1    863.6
     1     1    15    12    25     6     0     0   -48.0   59.178 -129.467     27.5    862.6
     1     1    15    12    25     5     0     0   -49.0   59.235 -129.418     28.6    862.0
     1     1    15    12    25     4     0     0   -50.0   59.298 -129.355     32.0    861.0
     1     1    15    12    25     3     0     0   -51.0   59.367 -129.284     38.5    859.7
     1     1    15    12    25     2     0     0   -52.0   59.446 -129.210     49.0    858.0
     1     1    15    12    25     1     0     0   -53.0   59.539 -129.141     65.5    856.1
     1     1    15    12    25     0     0     0   -54.0   59.651 -129.086     89.7    852.7
     1     1    15    12    24    23     0     0   -55.0   59.777 -129.055    118.5    847.7
     1     1    15    12    24    22     0     0   -56.0   59.905 -129.047    147.1    843.6
     1     1    15    12    24    21     0     0   -57.0   60.030 -129.054    173.9    840.0
     1     1    15    12    24    20     0     0   -58.0   60.147 -129.072    196.7    836.6
     1     1    15    12    24    19     0     0   -59.0   60.254 -129.097    214.3    833.5
     1     1    15    12    24    18     0     0   -60.0   60.351 -129.125    226.8    831.2
     1     1    15    12    24    17     0     0   -61.0   60.445 -129.159    235.0    829.7
     1     1    15    12    24    16     0     0   -62.0   60.543 -129.203    239.9    828.5
     1     1    15    12    24    15     0     0   -63.0   60.644 -129.256    241.7    827.6
     1     1    15    12    24    14     0     0   -64.0   60.749 -129.317    240.8    827.0
     1     1    15    12    24    13     0     0   -65.0   60.859 -129.386    237.5    826.5
     1     1    15    12    24    12     0     0   -66.0   60.973 -129.461    232.2    826.2
     1     1    15    12    24    11     0     0   -67.0   61.087 -129.540    227.0    826.1
     1     1    15    12    24    10     0     0   -68.0   61.196 -129.622    223.6    825.5
     1     1    15    12    24     9     0     0   -69.0   61.302 -129.708    221.8    824.6
     1     1    15    12    24     8     0     0   -70.0   61.407 -129.799    221.5    823.5
     1     1    15    12    24     7     0     0   -71.0   61.512 -129.898    222.2    822.2
     1     1    15    12    24     6     0     0   -72.0   61.619 -130.006    223.8    820.7
