     1     1
    CDC1    16     3     1     0     0
     1 BACKWARD OMEGA   
    16     3    14     6   60.984 -139.059   750.0
     1 PRESSURE
     1     1    16     3    14     6     0     0     0.0   60.984 -139.059    750.0    792.1
     1     1    16     3    14     5     0     0    -1.0   61.009 -138.833    768.7    789.9
     1     1    16     3    14     4     0     0    -2.0   61.030 -138.644    789.7    787.4
     1     1    16     3    14     3     0     0    -3.0   61.047 -138.491    812.4    784.8
     1     1    16     3    14     2     0     0    -4.0   61.060 -138.374    836.6    782.3
     1     1    16     3    14     1     0     0    -5.0   61.071 -138.292    861.9    779.7
     1     1    16     3    14     0     0     0    -6.0   61.079 -138.246    888.2    777.2
     1     1    16     3    13    23     0     0    -7.0   61.082 -138.211    915.0    774.4
     1     1    16     3    13    22     0     0    -8.0   61.073 -138.165    941.8    771.8
     1     1    16     3    13    21     0     0    -9.0   61.053 -138.103    969.0    769.3
     1     1    16     3    13    20     0     0   -10.0   61.023 -138.024    996.7    767.0
     1     1    16     3    13    19     0     0   -11.0   60.982 -137.926   1025.5    764.7
     1     1    16     3    13    18     0     0   -12.0   60.930 -137.805   1055.6    762.4
     1     1    16     3    13    17     0     0   -13.0   60.868 -137.668   1084.7    760.2
     1     1    16     3    13    16     0     0   -14.0   60.795 -137.523   1109.5    758.9
     1     1    16     3    13    15     0     0   -15.0   60.710 -137.371   1129.7    758.0
     1     1    16     3    13    14     0     0   -16.0   60.612 -137.211   1145.0    757.7
     1     1    16     3    13    13     0     0   -17.0   60.502 -137.045   1155.4    758.1
     1     1    16     3    13    12     0     0   -18.0   60.378 -136.871   1161.0    759.0
     1     1    16     3    13    11     0     0   -19.0   60.234 -136.683   1165.4    760.2
     1     1    16     3    13    10     0     0   -20.0   60.063 -136.476   1173.0    761.1
     1     1    16     3    13     9     0     0   -21.0   59.866 -136.246   1183.9    763.5
     1     1    16     3    13     8     0     0   -22.0   59.640 -135.988   1196.9    767.1
     1     1    16     3    13     7     0     0   -23.0   59.385 -135.702   1211.3    771.0
     1     1    16     3    13     6     0     0   -24.0   59.104 -135.387   1227.1    775.0
     1     1    16     3    13     5     0     0   -25.0   58.814 -135.031   1241.8    778.6
     1     1    16     3    13     4     0     0   -26.0   58.534 -134.631   1248.5    780.2
     1     1    16     3    13     3     0     0   -27.0   58.263 -134.199   1246.6    781.1
     1     1    16     3    13     2     0     0   -28.0   57.994 -133.744   1234.3    781.8
     1     1    16     3    13     1     0     0   -29.0   57.722 -133.276   1209.4    782.8
     1     1    16     3    13     0     0     0   -30.0   57.440 -132.800   1169.9    784.7
     1     1    16     3    12    23     0     0   -31.0   57.151 -132.325   1126.9    788.8
     1     1    16     3    12    22     0     0   -32.0   56.862 -131.857   1089.8    790.7
     1     1    16     3    12    21     0     0   -33.0   56.573 -131.407   1057.6    792.2
     1     1    16     3    12    20     0     0   -34.0   56.285 -130.980   1028.5    793.7
     1     1    16     3    12    19     0     0   -35.0   55.998 -130.585   1001.0    795.5
     1     1    16     3    12    18     0     0   -36.0   55.715 -130.227    973.7    797.6
     1     1    16     3    12    17     0     0   -37.0   55.430 -129.899    944.8    801.5
     1     1    16     3    12    16     0     0   -38.0   55.140 -129.579    913.4    806.8
     1     1    16     3    12    15     0     0   -39.0   54.847 -129.257    880.4    811.4
     1     1    16     3    12    14     0     0   -40.0   54.549 -128.928    848.1    815.2
     1     1    16     3    12    13     0     0   -41.0   54.247 -128.585    818.2    818.3
     1     1    16     3    12    12     0     0   -42.0   53.939 -128.220    791.8    820.5
     1     1    16     3    12    11     0     0   -43.0   53.623 -127.844    765.3    822.5
     1     1    16     3    12    10     0     0   -44.0   53.296 -127.474    733.6    825.3
     1     1    16     3    12     9     0     0   -45.0   52.960 -127.108    696.7    829.8
     1     1    16     3    12     8     0     0   -46.0   52.618 -126.749    654.0    833.8
     1     1    16     3    12     7     0     0   -47.0   52.273 -126.401    605.6    838.8
     1     1    16     3    12     6     0     0   -48.0   51.932 -126.080    552.8    844.2
     1     1    16     3    12     5     0     0   -49.0   51.603 -125.790    500.6    850.8
     1     1    16     3    12     4     0     0   -50.0   51.289 -125.529    453.2    857.0
     1     1    16     3    12     3     0     0   -51.0   50.992 -125.286    411.0    862.9
     1     1    16     3    12     2     0     0   -52.0   50.718 -125.056    374.2    868.2
     1     1    16     3    12     1     0     0   -53.0   50.469 -124.838    342.3    872.2
     1     1    16     3    12     0     0     0   -54.0   50.244 -124.630    314.4    875.7
     1     1    16     3    11    23     0     0   -55.0   50.038 -124.416    288.5    878.5
     1     1    16     3    11    22     0     0   -56.0   49.852 -124.184    264.3    883.0
     1     1    16     3    11    21     0     0   -57.0   49.688 -123.936    241.7    887.2
     1     1    16     3    11    20     0     0   -58.0   49.547 -123.674    220.7    890.5
     1     1    16     3    11    19     0     0   -59.0   49.430 -123.397    200.8    892.9
     1     1    16     3    11    18     0     0   -60.0   49.340 -123.106    181.9    893.9
     1     1    16     3    11    17     0     0   -61.0   49.268 -122.817    165.4    894.4
     1     1    16     3    11    16     0     0   -62.0   49.207 -122.545    152.3    894.6
     1     1    16     3    11    15     0     0   -63.0   49.147 -122.292    142.5    895.3
     1     1    16     3    11    14     0     0   -64.0   49.077 -122.063    136.0    896.2
     1     1    16     3    11    13     0     0   -65.0   48.994 -121.857    133.1    897.4
     1     1    16     3    11    12     0     0   -66.0   48.899 -121.675    133.9    898.9
     1     1    16     3    11    11     0     0   -67.0   48.795 -121.522    136.9    900.3
     1     1    16     3    11    10     0     0   -68.0   48.691 -121.401    140.5    902.2
     1     1    16     3    11     9     0     0   -69.0   48.593 -121.308    144.3    904.4
     1     1    16     3    11     8     0     0   -70.0   48.501 -121.241    148.3    906.7
     1     1    16     3    11     7     0     0   -71.0   48.418 -121.197    152.1    909.1
     1     1    16     3    11     6     0     0   -72.0   48.346 -121.173    155.4    911.5
