     1     1
    CDC1    16     3     1     0     0
     1 BACKWARD OMEGA   
    16     3     6     6   60.984 -139.059   750.0
     1 PRESSURE
     1     1    16     3     6     6     0     0     0.0   60.984 -139.059    750.0    790.7
     1     1    16     3     6     5     0     0    -1.0   60.975 -138.790    775.2    788.1
     1     1    16     3     6     4     0     0    -2.0   60.964 -138.521    802.2    785.3
     1     1    16     3     6     3     0     0    -3.0   60.949 -138.252    831.1    782.3
     1     1    16     3     6     2     0     0    -4.0   60.929 -137.983    861.7    779.3
     1     1    16     3     6     1     0     0    -5.0   60.906 -137.715    894.1    776.1
     1     1    16     3     6     0     0     0    -6.0   60.877 -137.447    928.1    772.4
     1     1    16     3     5    23     0     0    -7.0   60.840 -137.185    961.3    768.5
     1     1    16     3     5    22     0     0    -8.0   60.794 -136.931    991.9    765.4
     1     1    16     3     5    21     0     0    -9.0   60.740 -136.684   1020.1    762.6
     1     1    16     3     5    20     0     0   -10.0   60.680 -136.440   1046.2    760.1
     1     1    16     3     5    19     0     0   -11.0   60.614 -136.196   1070.5    757.9
     1     1    16     3     5    18     0     0   -12.0   60.545 -135.949   1093.0    755.9
     1     1    16     3     5    17     0     0   -13.0   60.463 -135.710   1110.0    754.5
     1     1    16     3     5    16     0     0   -14.0   60.359 -135.492   1117.4    754.7
     1     1    16     3     5    15     0     0   -15.0   60.232 -135.301   1115.4    756.3
     1     1    16     3     5    14     0     0   -16.0   60.082 -135.142   1104.6    759.1
     1     1    16     3     5    13     0     0   -17.0   59.907 -135.018   1086.2    764.2
     1     1    16     3     5    12     0     0   -18.0   59.708 -134.927   1061.2    771.3
     1     1    16     3     5    11     0     0   -19.0   59.493 -134.837   1032.1    779.3
     1     1    16     3     5    10     0     0   -20.0   59.272 -134.728    999.2    787.2
     1     1    16     3     5     9     0     0   -21.0   59.045 -134.609    963.0    795.4
     1     1    16     3     5     8     0     0   -22.0   58.811 -134.488    923.0    804.0
     1     1    16     3     5     7     0     0   -23.0   58.570 -134.374    878.8    812.8
     1     1    16     3     5     6     0     0   -24.0   58.322 -134.277    830.3    822.0
     1     1    16     3     5     5     0     0   -25.0   58.074 -134.178    781.2    831.6
     1     1    16     3     5     4     0     0   -26.0   57.835 -134.052    734.4    840.0
     1     1    16     3     5     3     0     0   -27.0   57.603 -133.899    689.3    847.6
     1     1    16     3     5     2     0     0   -28.0   57.376 -133.715    645.9    854.3
     1     1    16     3     5     1     0     0   -29.0   57.154 -133.502    604.8    860.2
     1     1    16     3     5     0     0     0   -30.0   56.936 -133.266    566.5    865.1
     1     1    16     3     4    23     0     0   -31.0   56.723 -133.020    530.8    869.9
     1     1    16     3     4    22     0     0   -32.0   56.517 -132.771    497.2    874.6
     1     1    16     3     4    21     0     0   -33.0   56.319 -132.519    465.3    879.2
     1     1    16     3     4    20     0     0   -34.0   56.129 -132.262    434.5    882.5
     1     1    16     3     4    19     0     0   -35.0   55.942 -131.998    404.4    885.6
     1     1    16     3     4    18     0     0   -36.0   55.759 -131.723    374.5    888.3
     1     1    16     3     4    17     0     0   -37.0   55.571 -131.433    344.8    890.7
     1     1    16     3     4    16     0     0   -38.0   55.367 -131.123    315.7    893.2
     1     1    16     3     4    15     0     0   -39.0   55.148 -130.783    287.0    895.6
     1     1    16     3     4    14     0     0   -40.0   54.913 -130.407    258.5    897.5
     1     1    16     3     4    13     0     0   -41.0   54.660 -129.993    230.1    899.1
     1     1    16     3     4    12     0     0   -42.0   54.388 -129.548    201.9    901.7
     1     1    16     3     4    11     0     0   -43.0   54.109 -129.096    173.6    903.1
     1     1    16     3     4    10     0     0   -44.0   53.830 -128.661    144.3    904.7
     1     1    16     3     4     9     0     0   -45.0   53.551 -128.251    113.2    906.8
     1     1    16     3     4     8     0     0   -46.0   53.268 -127.876     79.0    910.2
     1     1    16     3     4     7     0     0   -47.0   52.980 -127.534     41.1    913.6
     1     1    16     3     4     6     0     0   -48.0   52.699 -127.190      7.4    918.3
     1     1    16     3     4     5     0     0   -49.0   52.434 -126.844      0.0    917.9
     1     1    16     3     4     4     0     0   -50.0   52.182 -126.521      0.0    917.8
     1     1    16     3     4     3     0     0   -51.0   51.947 -126.222      0.0    917.6
     1     1    16     3     4     2     0     0   -52.0   51.731 -125.948      0.0    917.4
     1     1    16     3     4     1     0     0   -53.0   51.536 -125.698      0.0    917.1
     1     1    16     3     4     0     0     0   -54.0   51.364 -125.472      0.0    916.7
     1     1    16     3     3    23     0     0   -55.0   51.200 -125.268      0.0    915.7
     1     1    16     3     3    22     0     0   -56.0   51.027 -125.083      0.0    915.2
     1     1    16     3     3    21     0     0   -57.0   50.844 -124.913      0.0    915.3
     1     1    16     3     3    20     0     0   -58.0   50.651 -124.753      0.0    915.8
     1     1    16     3     3    19     0     0   -59.0   50.452 -124.599      0.0    916.4
     1     1    16     3     3    18     0     0   -60.0   50.250 -124.447      0.0    917.1
     1     1    16     3     3    17     0     0   -61.0   50.057 -124.300      0.0    917.6
     1     1    16     3     3    16     0     0   -62.0   49.878 -124.173      0.0    920.0
     1     1    16     3     3    15     0     0   -63.0   49.707 -124.076      0.0    923.5
     1     1    16     3     3    14     0     0   -64.0   49.540 -124.007      0.0    927.3
     1     1    16     3     3    13     0     0   -65.0   49.377 -123.963      0.0    931.3
     1     1    16     3     3    12     0     0   -66.0   49.216 -123.940      0.0    935.6
     1     1    16     3     3    11     0     0   -67.0   49.050 -123.909      0.0    939.4
     1     1    16     3     3    10     0     0   -68.0   48.876 -123.849      0.0    943.2
     1     1    16     3     3     9     0     0   -69.0   48.696 -123.768      0.0    947.0
     1     1    16     3     3     8     0     0   -70.0   48.512 -123.677      0.0    950.9
     1     1    16     3     3     7     0     0   -71.0   48.324 -123.584      0.0    954.9
     1     1    16     3     3     6     0     0   -72.0   48.135 -123.497      0.0    959.3
