     1     1
    CDC1    16     2     1     0     0
     1 BACKWARD OMEGA   
    16     2    20     0   60.984 -139.059   750.0
     1 PRESSURE
     1     1    16     2    20     0     0     0     0.0   60.984 -139.059    750.0    794.7
     1     1    16     2    19    23     0     0    -1.0   60.799 -138.671    749.0    796.9
     1     1    16     2    19    22     0     0    -2.0   60.606 -138.274    747.4    799.3
     1     1    16     2    19    21     0     0    -3.0   60.409 -137.866    746.1    801.6
     1     1    16     2    19    20     0     0    -4.0   60.210 -137.443    746.1    803.5
     1     1    16     2    19    19     0     0    -5.0   60.014 -137.008    748.4    804.7
     1     1    16     2    19    18     0     0    -6.0   59.829 -136.572    753.8    807.7
     1     1    16     2    19    17     0     0    -7.0   59.667 -136.159    760.9    810.4
     1     1    16     2    19    16     0     0    -8.0   59.532 -135.784    768.7    812.2
     1     1    16     2    19    15     0     0    -9.0   59.422 -135.443    777.1    813.1
     1     1    16     2    19    14     0     0   -10.0   59.336 -135.134    785.8    813.4
     1     1    16     2    19    13     0     0   -11.0   59.273 -134.857    794.0    812.4
     1     1    16     2    19    12     0     0   -12.0   59.228 -134.614    801.3    810.5
     1     1    16     2    19    11     0     0   -13.0   59.196 -134.393    808.7    808.0
     1     1    16     2    19    10     0     0   -14.0   59.167 -134.183    817.7    805.2
     1     1    16     2    19     9     0     0   -15.0   59.143 -133.984    828.6    802.2
     1     1    16     2    19     8     0     0   -16.0   59.124 -133.794    842.0    798.8
     1     1    16     2    19     7     0     0   -17.0   59.109 -133.614    858.4    795.2
     1     1    16     2    19     6     0     0   -18.0   59.098 -133.443    878.2    791.2
     1     1    16     2    19     5     0     0   -19.0   59.095 -133.297    899.3    787.1
     1     1    16     2    19     4     0     0   -20.0   59.105 -133.188    918.5    783.3
     1     1    16     2    19     3     0     0   -21.0   59.129 -133.112    936.2    779.7
     1     1    16     2    19     2     0     0   -22.0   59.167 -133.067    952.5    776.4
     1     1    16     2    19     1     0     0   -23.0   59.220 -133.050    967.4    773.3
     1     1    16     2    19     0     0     0   -24.0   59.288 -133.059    981.1    770.2
     1     1    16     2    18    23     0     0   -25.0   59.363 -133.078    992.3    767.3
     1     1    16     2    18    22     0     0   -26.0   59.435 -133.095    999.4    765.0
     1     1    16     2    18    21     0     0   -27.0   59.502 -133.108   1002.2    763.1
     1     1    16     2    18    20     0     0   -28.0   59.566 -133.116   1000.4    761.8
     1     1    16     2    18    19     0     0   -29.0   59.626 -133.119    993.7    761.0
     1     1    16     2    18    18     0     0   -30.0   59.682 -133.116    982.1    760.7
     1     1    16     2    18    17     0     0   -31.0   59.742 -133.106    969.4    761.3
     1     1    16     2    18    16     0     0   -32.0   59.816 -133.093    958.4    761.1
     1     1    16     2    18    15     0     0   -33.0   59.902 -133.078    949.3    760.5
     1     1    16     2    18    14     0     0   -34.0   60.000 -133.059    942.0    759.5
     1     1    16     2    18    13     0     0   -35.0   60.107 -133.038    936.9    758.9
     1     1    16     2    18    12     0     0   -36.0   60.220 -133.012    934.1    758.0
     1     1    16     2    18    11     0     0   -37.0   60.331 -132.984    933.6    757.1
     1     1    16     2    18    10     0     0   -38.0   60.434 -132.960    936.0    756.0
     1     1    16     2    18     9     0     0   -39.0   60.530 -132.940    940.9    754.8
     1     1    16     2    18     8     0     0   -40.0   60.619 -132.928    948.1    753.4
     1     1    16     2    18     7     0     0   -41.0   60.702 -132.926    957.5    751.9
     1     1    16     2    18     6     0     0   -42.0   60.779 -132.936    969.1    750.4
     1     1    16     2    18     5     0     0   -43.0   60.848 -132.957    981.2    749.0
     1     1    16     2    18     4     0     0   -44.0   60.906 -132.984    992.3    748.0
     1     1    16     2    18     3     0     0   -45.0   60.952 -133.018   1002.6    747.2
     1     1    16     2    18     2     0     0   -46.0   60.989 -133.059   1012.0    746.7
     1     1    16     2    18     1     0     0   -47.0   61.015 -133.104   1020.8    746.4
     1     1    16     2    18     0     0     0   -48.0   61.032 -133.155   1029.0    746.3
     1     1    16     2    17    23     0     0   -49.0   61.043 -133.213   1037.1    746.3
     1     1    16     2    17    22     0     0   -50.0   61.050 -133.280   1045.6    746.3
     1     1    16     2    17    21     0     0   -51.0   61.054 -133.355   1054.5    746.3
     1     1    16     2    17    20     0     0   -52.0   61.055 -133.440   1063.7    746.3
     1     1    16     2    17    19     0     0   -53.0   61.052 -133.534   1073.2    746.4
     1     1    16     2    17    18     0     0   -54.0   61.047 -133.637   1083.0    746.5
     1     1    16     2    17    17     0     0   -55.0   61.037 -133.749   1090.3    746.6
     1     1    16     2    17    16     0     0   -56.0   61.022 -133.867   1091.5    747.6
     1     1    16     2    17    15     0     0   -57.0   61.001 -133.987   1086.9    749.3
     1     1    16     2    17    14     0     0   -58.0   60.973 -134.110   1076.2    751.7
     1     1    16     2    17    13     0     0   -59.0   60.938 -134.233   1059.2    754.8
     1     1    16     2    17    12     0     0   -60.0   60.897 -134.358   1035.5    758.7
     1     1    16     2    17    11     0     0   -61.0   60.853 -134.459   1008.9    763.1
     1     1    16     2    17    10     0     0   -62.0   60.812 -134.510    982.9    766.8
     1     1    16     2    17     9     0     0   -63.0   60.770 -134.511    957.5    770.2
     1     1    16     2    17     8     0     0   -64.0   60.729 -134.462    932.8    773.3
     1     1    16     2    17     7     0     0   -65.0   60.687 -134.363    909.2    776.1
     1     1    16     2    17     6     0     0   -66.0   60.645 -134.217    886.9    778.3
     1     1    16     2    17     5     0     0   -67.0   60.613 -134.051    868.7    779.7
     1     1    16     2    17     4     0     0   -68.0   60.602 -133.895    857.6    779.9
     1     1    16     2    17     3     0     0   -69.0   60.612 -133.750    853.0    779.3
     1     1    16     2    17     2     0     0   -70.0   60.643 -133.618    854.2    778.0
     1     1    16     2    17     1     0     0   -71.0   60.694 -133.499    861.1    775.9
     1     1    16     2    17     0     0     0   -72.0   60.765 -133.396    873.4    773.2
