     1     1
    CDC1    15    11     1     0     0
     1 BACKWARD OMEGA   
    15    11     7     6   60.984 -139.059   750.0
     1 PRESSURE
     1     1    15    11     7     6     0     0     0.0   60.984 -139.059    750.0    794.9
     1     1    15    11     7     5     0     0    -1.0   60.688 -139.248    691.4    805.2
     1     1    15    11     7     4     0     0    -2.0   60.370 -139.382    620.2    818.3
     1     1    15    11     7     3     0     0    -3.0   60.028 -139.464    533.3    833.0
     1     1    15    11     7     2     0     0    -4.0   59.674 -139.523    436.0    855.4
     1     1    15    11     7     1     0     0    -5.0   59.326 -139.590    340.0    878.5
     1     1    15    11     7     0     0     0    -6.0   58.983 -139.675    258.5    900.0
     1     1    15    11     6    23     0     0    -7.0   58.647 -139.798    198.9    919.0
     1     1    15    11     6    22     0     0    -8.0   58.314 -139.975    157.3    934.4
     1     1    15    11     6    21     0     0    -9.0   57.978 -140.214    127.6    950.4
     1     1    15    11     6    20     0     0   -10.0   57.634 -140.514    106.8    966.3
     1     1    15    11     6    19     0     0   -11.0   57.283 -140.875     92.1    975.7
     1     1    15    11     6    18     0     0   -12.0   56.931 -141.289     81.7    980.3
     1     1    15    11     6    17     0     0   -13.0   56.579 -141.757     74.3    983.9
     1     1    15    11     6    16     0     0   -14.0   56.220 -142.278     68.9    986.1
     1     1    15    11     6    15     0     0   -15.0   55.851 -142.842     64.9    987.1
     1     1    15    11     6    14     0     0   -16.0   55.475 -143.450     61.5    986.9
     1     1    15    11     6    13     0     0   -17.0   55.084 -144.105     59.2    985.1
     1     1    15    11     6    12     0     0   -18.0   54.675 -144.803     59.0    985.1
     1     1    15    11     6    11     0     0   -19.0   54.280 -145.564     60.2    985.2
     1     1    15    11     6    10     0     0   -20.0   53.918 -146.397     61.0    985.2
     1     1    15    11     6     9     0     0   -21.0   53.572 -147.282     60.1    985.9
     1     1    15    11     6     8     0     0   -22.0   53.235 -148.198     56.7    988.5
     1     1    15    11     6     7     0     0   -23.0   52.904 -149.132     49.9    992.3
     1     1    15    11     6     6     0     0   -24.0   52.574 -150.080     39.8    997.3
     1     1    15    11     6     5     0     0   -25.0   52.258 -151.031     30.5   1000.6
     1     1    15    11     6     4     0     0   -26.0   51.964 -151.987     24.9   1002.1
     1     1    15    11     6     3     0     0   -27.0   51.689 -152.962     21.9   1002.2
     1     1    15    11     6     2     0     0   -28.0   51.436 -153.978     20.6   1000.6
     1     1    15    11     6     1     0     0   -29.0   51.203 -155.046     20.1    998.5
     1     1    15    11     6     0     0     0   -30.0   50.984 -156.162     20.2    997.2
     1     1    15    11     5    23     0     0   -31.0   50.775 -157.296     20.7    995.6
     1     1    15    11     5    22     0     0   -32.0   50.575 -158.423     21.6    997.1
     1     1    15    11     5    21     0     0   -33.0   50.391 -159.536     23.9    999.2
     1     1    15    11     5    20     0     0   -34.0   50.226 -160.638     28.6   1001.3
     1     1    15    11     5    19     0     0   -35.0   50.080 -161.728     35.8   1003.2
     1     1    15    11     5    18     0     0   -36.0   49.951 -162.811     46.0   1003.7
     1     1    15    11     5    17     0     0   -37.0   49.835 -163.904     58.8   1001.7
     1     1    15    11     5    16     0     0   -38.0   49.730 -165.024     74.0    999.5
     1     1    15    11     5    15     0     0   -39.0   49.644 -166.171     91.6    995.2
     1     1    15    11     5    14     0     0   -40.0   49.583 -167.343    111.0    991.2
     1     1    15    11     5    13     0     0   -41.0   49.548 -168.533    132.0    988.9
     1     1    15    11     5    12     0     0   -42.0   49.536 -169.731    154.3    986.8
     1     1    15    11     5    11     0     0   -43.0   49.548 -170.924    175.6    984.7
     1     1    15    11     5    10     0     0   -44.0   49.589 -172.102    194.7    983.5
     1     1    15    11     5     9     0     0   -45.0   49.668 -173.267    212.5    981.3
     1     1    15    11     5     8     0     0   -46.0   49.790 -174.422    228.7    978.9
     1     1    15    11     5     7     0     0   -47.0   49.955 -175.566    243.0    976.1
     1     1    15    11     5     6     0     0   -48.0   50.154 -176.695    255.4    972.8
     1     1    15    11     5     5     0     0   -49.0   50.381 -177.804    266.4    969.2
     1     1    15    11     5     4     0     0   -50.0   50.634 -178.896    277.2    966.7
     1     1    15    11     5     3     0     0   -51.0   50.923 -179.971    289.1    965.4
     1     1    15    11     5     2     0     0   -52.0   51.250  178.970    304.7    965.6
     1     1    15    11     5     1     0     0   -53.0   51.614  177.929    326.6    965.7
     1     1    15    11     5     0     0     0   -54.0   52.017  176.909    354.7    963.9
     1     1    15    11     4    23     0     0   -55.0   52.456  175.938    384.5    959.5
     1     1    15    11     4    22     0     0   -56.0   52.919  175.046    411.4    953.5
     1     1    15    11     4    21     0     0   -57.0   53.388  174.233    434.4    946.8
     1     1    15    11     4    20     0     0   -58.0   53.852  173.487    453.2    941.5
     1     1    15    11     4    19     0     0   -59.0   54.301  172.785    468.9    937.0
     1     1    15    11     4    18     0     0   -60.0   54.727  172.108    482.9    934.7
     1     1    15    11     4    17     0     0   -61.0   55.122  171.479    495.4    935.1
     1     1    15    11     4    16     0     0   -62.0   55.485  170.920    505.2    937.3
     1     1    15    11     4    15     0     0   -63.0   55.819  170.418    513.4    939.0
     1     1    15    11     4    14     0     0   -64.0   56.130  169.960    520.3    940.2
     1     1    15    11     4    13     0     0   -65.0   56.420  169.539    525.5    940.3
     1     1    15    11     4    12     0     0   -66.0   56.689  169.146    528.5    940.2
     1     1    15    11     4    11     0     0   -67.0   56.929  168.773    532.1    939.8
     1     1    15    11     4    10     0     0   -68.0   57.135  168.413    539.1    938.4
     1     1    15    11     4     9     0     0   -69.0   57.310  168.068    549.6    936.3
     1     1    15    11     4     8     0     0   -70.0   57.458  167.739    563.4    933.6
     1     1    15    11     4     7     0     0   -71.0   57.582  167.429    580.8    929.8
     1     1    15    11     4     6     0     0   -72.0   57.687  167.143    601.9    924.9
