     1     1
    CDC1    15    12     1     0     0
     1 BACKWARD OMEGA   
    15    12     9    12   60.984 -139.059   750.0
     1 PRESSURE
     1     1    15    12     9    12     0     0     0.0   60.984 -139.059    750.0    782.3
     1     1    15    12     9    11     0     0    -1.0   60.640 -138.833    696.6    792.7
     1     1    15    12     9    10     0     0    -2.0   60.291 -138.571    641.8    803.8
     1     1    15    12     9     9     0     0    -3.0   59.942 -138.274    586.8    815.8
     1     1    15    12     9     8     0     0    -4.0   59.600 -137.966    535.6    831.0
     1     1    15    12     9     7     0     0    -5.0   59.268 -137.667    490.6    845.2
     1     1    15    12     9     6     0     0    -6.0   58.941 -137.380    451.4    858.4
     1     1    15    12     9     5     0     0    -7.0   58.614 -137.103    414.4    870.5
     1     1    15    12     9     4     0     0    -8.0   58.280 -136.832    377.2    883.2
     1     1    15    12     9     3     0     0    -9.0   57.934 -136.567    340.0    895.1
     1     1    15    12     9     2     0     0   -10.0   57.572 -136.310    303.3    907.5
     1     1    15    12     9     1     0     0   -11.0   57.190 -136.077    267.7    916.6
     1     1    15    12     9     0     0     0   -12.0   56.788 -135.887    235.4    925.7
     1     1    15    12     8    23     0     0   -13.0   56.378 -135.742    209.9    935.0
     1     1    15    12     8    22     0     0   -14.0   55.976 -135.642    192.5    942.5
     1     1    15    12     8    21     0     0   -15.0   55.577 -135.599    180.9    949.4
     1     1    15    12     8    20     0     0   -16.0   55.177 -135.622    173.1    956.0
     1     1    15    12     8    19     0     0   -17.0   54.774 -135.726    167.1    959.1
     1     1    15    12     8    18     0     0   -18.0   54.363 -135.925    162.5    959.4
     1     1    15    12     8    17     0     0   -19.0   53.938 -136.177    158.2    959.8
     1     1    15    12     8    16     0     0   -20.0   53.490 -136.457    153.3    959.6
     1     1    15    12     8    15     0     0   -21.0   53.014 -136.813    147.2    958.3
     1     1    15    12     8    14     0     0   -22.0   52.500 -137.311    139.5    955.6
     1     1    15    12     8    13     0     0   -23.0   51.972 -137.938    131.1    955.2
     1     1    15    12     8    12     0     0   -24.0   51.457 -138.629    123.2    956.3
     1     1    15    12     8    11     0     0   -25.0   50.943 -139.331    115.8    958.8
     1     1    15    12     8    10     0     0   -26.0   50.419 -140.016    109.0    961.9
     1     1    15    12     8     9     0     0   -27.0   49.885 -140.743    103.2    964.7
     1     1    15    12     8     8     0     0   -28.0   49.360 -141.518     98.2    967.2
     1     1    15    12     8     7     0     0   -29.0   48.861 -142.329     94.4    969.0
     1     1    15    12     8     6     0     0   -30.0   48.393 -143.180     92.5    968.2
     1     1    15    12     8     5     0     0   -31.0   47.940 -144.032     91.7    966.5
     1     1    15    12     8     4     0     0   -32.0   47.474 -144.874     90.7    964.2
     1     1    15    12     8     3     0     0   -33.0   46.998 -145.726     88.8    965.2
     1     1    15    12     8     2     0     0   -34.0   46.531 -146.583     85.7    967.3
     1     1    15    12     8     1     0     0   -35.0   46.080 -147.461     82.3    970.2
     1     1    15    12     8     0     0     0   -36.0   45.648 -148.361     79.3    972.9
     1     1    15    12     7    23     0     0   -37.0   45.228 -149.233     77.2    975.5
     1     1    15    12     7    22     0     0   -38.0   44.805 -150.045     75.9    975.7
     1     1    15    12     7    21     0     0   -39.0   44.378 -150.818     74.6    974.5
     1     1    15    12     7    20     0     0   -40.0   43.957 -151.579     72.9    973.6
     1     1    15    12     7    19     0     0   -41.0   43.546 -152.356     70.9    973.1
     1     1    15    12     7    18     0     0   -42.0   43.156 -153.165     68.9    973.2
     1     1    15    12     7    17     0     0   -43.0   42.793 -153.972     67.1    974.3
     1     1    15    12     7    16     0     0   -44.0   42.439 -154.741     65.5    974.8
     1     1    15    12     7    15     0     0   -45.0   42.071 -155.468     63.3    976.0
     1     1    15    12     7    14     0     0   -46.0   41.676 -156.164     60.4    977.0
     1     1    15    12     7    13     0     0   -47.0   41.246 -156.861     56.6    977.8
     1     1    15    12     7    12     0     0   -48.0   40.770 -157.588     51.7    978.5
     1     1    15    12     7    11     0     0   -49.0   40.291 -158.336     46.9    981.1
     1     1    15    12     7    10     0     0   -50.0   39.842 -159.065     42.9    982.7
     1     1    15    12     7     9     0     0   -51.0   39.405 -159.748     39.5    984.5
     1     1    15    12     7     8     0     0   -52.0   38.975 -160.379     36.5    986.3
     1     1    15    12     7     7     0     0   -53.0   38.546 -160.964     33.6    987.6
     1     1    15    12     7     6     0     0   -54.0   38.109 -161.518     30.9    988.5
     1     1    15    12     7     5     0     0   -55.0   37.678 -162.074     28.5    990.0
     1     1    15    12     7     4     0     0   -56.0   37.269 -162.650     26.4    991.5
     1     1    15    12     7     3     0     0   -57.0   36.882 -163.231     24.8    993.3
     1     1    15    12     7     2     0     0   -58.0   36.517 -163.807     23.6    994.8
     1     1    15    12     7     1     0     0   -59.0   36.174 -164.372     23.0    995.9
     1     1    15    12     7     0     0     0   -60.0   35.853 -164.926     23.2    996.6
     1     1    15    12     6    23     0     0   -61.0   35.553 -165.481     24.3    996.7
     1     1    15    12     6    22     0     0   -62.0   35.276 -166.049     26.8    996.7
     1     1    15    12     6    21     0     0   -63.0   35.026 -166.627     31.5    996.2
     1     1    15    12     6    20     0     0   -64.0   34.808 -167.208     38.7    996.0
     1     1    15    12     6    19     0     0   -65.0   34.619 -167.785     48.1    995.9
     1     1    15    12     6    18     0     0   -66.0   34.458 -168.355     59.0    995.9
     1     1    15    12     6    17     0     0   -67.0   34.301 -168.922     69.3    995.4
     1     1    15    12     6    16     0     0   -68.0   34.121 -169.493     77.6    995.1
     1     1    15    12     6    15     0     0   -69.0   33.923 -170.070     84.4    994.9
     1     1    15    12     6    14     0     0   -70.0   33.703 -170.648     90.0    995.2
     1     1    15    12     6    13     0     0   -71.0   33.457 -171.223     95.0    995.5
     1     1    15    12     6    12     0     0   -72.0   33.187 -171.790    100.2    995.4
