     1     1
    CDC1    15    10     1     0     0
     1 BACKWARD OMEGA   
    15    10     8    18   60.984 -139.059   750.0
     1 PRESSURE
     1     1    15    10     8    18     0     0     0.0   60.984 -139.059    750.0    804.0
     1     1    15    10     8    17     0     0    -1.0   60.793 -138.745    708.8    810.8
     1     1    15    10     8    16     0     0    -2.0   60.592 -138.405    658.3    819.3
     1     1    15    10     8    15     0     0    -3.0   60.383 -138.042    599.2    829.1
     1     1    15    10     8    14     0     0    -4.0   60.173 -137.655    533.9    838.7
     1     1    15    10     8    13     0     0    -5.0   59.968 -137.243    466.1    848.9
     1     1    15    10     8    12     0     0    -6.0   59.770 -136.811    400.4    861.5
     1     1    15    10     8    11     0     0    -7.0   59.590 -136.389    343.6    872.3
     1     1    15    10     8    10     0     0    -8.0   59.433 -136.009    298.8    880.2
     1     1    15    10     8     9     0     0    -9.0   59.298 -135.675    264.0    886.7
     1     1    15    10     8     8     0     0   -10.0   59.182 -135.388    236.9    892.0
     1     1    15    10     8     7     0     0   -11.0   59.083 -135.148    216.0    896.4
     1     1    15    10     8     6     0     0   -12.0   58.999 -134.953    199.9    899.8
     1     1    15    10     8     5     0     0   -13.0   58.923 -134.776    187.1    901.4
     1     1    15    10     8     4     0     0   -14.0   58.845 -134.593    176.6    902.7
     1     1    15    10     8     3     0     0   -15.0   58.763 -134.403    167.9    903.8
     1     1    15    10     8     2     0     0   -16.0   58.674 -134.209    161.0    904.8
     1     1    15    10     8     1     0     0   -17.0   58.574 -134.007    155.5    905.8
     1     1    15    10     8     0     0     0   -18.0   58.458 -133.799    151.4    906.8
     1     1    15    10     7    23     0     0   -19.0   58.330 -133.592    148.2    907.6
     1     1    15    10     7    22     0     0   -20.0   58.202 -133.397    145.3    908.5
     1     1    15    10     7    21     0     0   -21.0   58.075 -133.211    142.7    909.2
     1     1    15    10     7    20     0     0   -22.0   57.949 -133.034    140.4    909.8
     1     1    15    10     7    19     0     0   -23.0   57.828 -132.864    138.4    910.2
     1     1    15    10     7    18     0     0   -24.0   57.712 -132.701    136.6    910.5
     1     1    15    10     7    17     0     0   -25.0   57.597 -132.543    137.6    910.4
     1     1    15    10     7    16     0     0   -26.0   57.482 -132.390    143.7    909.4
     1     1    15    10     7    15     0     0   -27.0   57.366 -132.247    154.3    908.4
     1     1    15    10     7    14     0     0   -28.0   57.250 -132.115    168.8    907.2
     1     1    15    10     7    13     0     0   -29.0   57.132 -131.993    187.0    905.9
     1     1    15    10     7    12     0     0   -30.0   57.011 -131.882    208.8    904.2
     1     1    15    10     7    11     0     0   -31.0   56.892 -131.791    229.9    902.0
     1     1    15    10     7    10     0     0   -32.0   56.779 -131.726    246.3    901.4
     1     1    15    10     7     9     0     0   -33.0   56.676 -131.683    258.4    901.5
     1     1    15    10     7     8     0     0   -34.0   56.581 -131.660    266.4    902.3
     1     1    15    10     7     7     0     0   -35.0   56.497 -131.657    270.7    903.7
     1     1    15    10     7     6     0     0   -36.0   56.424 -131.672    271.5    905.5
     1     1    15    10     7     5     0     0   -37.0   56.355 -131.688    269.6    907.7
     1     1    15    10     7     4     0     0   -38.0   56.283 -131.691    265.9    909.9
     1     1    15    10     7     3     0     0   -39.0   56.208 -131.681    260.5    912.1
     1     1    15    10     7     2     0     0   -40.0   56.130 -131.658    253.4    914.4
     1     1    15    10     7     1     0     0   -41.0   56.048 -131.623    244.7    916.7
     1     1    15    10     7     0     0     0   -42.0   55.964 -131.577    234.3    919.1
     1     1    15    10     6    23     0     0   -43.0   55.885 -131.518    225.1    921.2
     1     1    15    10     6    22     0     0   -44.0   55.824 -131.447    220.2    921.7
     1     1    15    10     6    21     0     0   -45.0   55.779 -131.364    219.4    921.1
     1     1    15    10     6    20     0     0   -46.0   55.751 -131.272    222.8    919.5
     1     1    15    10     6    19     0     0   -47.0   55.739 -131.170    230.7    916.7
     1     1    15    10     6    18     0     0   -48.0   55.741 -131.058    243.4    912.8
     1     1    15    10     6    17     0     0   -49.0   55.753 -130.948    259.6    908.4
     1     1    15    10     6    16     0     0   -50.0   55.767 -130.849    277.8    904.2
     1     1    15    10     6    15     0     0   -51.0   55.785 -130.761    298.3    899.9
     1     1    15    10     6    14     0     0   -52.0   55.807 -130.687    321.1    895.7
     1     1    15    10     6    13     0     0   -53.0   55.832 -130.628    346.5    891.4
     1     1    15    10     6    12     0     0   -54.0   55.862 -130.583    374.7    887.2
     1     1    15    10     6    11     0     0   -55.0   55.891 -130.551    403.3    882.3
     1     1    15    10     6    10     0     0   -56.0   55.916 -130.523    429.6    878.3
     1     1    15    10     6     9     0     0   -57.0   55.937 -130.500    453.8    874.8
     1     1    15    10     6     8     0     0   -58.0   55.953 -130.479    475.9    871.7
     1     1    15    10     6     7     0     0   -59.0   55.965 -130.461    495.9    869.1
     1     1    15    10     6     6     0     0   -60.0   55.973 -130.444    513.9    866.8
     1     1    15    10     6     5     0     0   -61.0   55.982 -130.434    530.0    865.1
     1     1    15    10     6     4     0     0   -62.0   55.996 -130.434    544.1    863.7
     1     1    15    10     6     3     0     0   -63.0   56.015 -130.444    556.3    862.6
     1     1    15    10     6     2     0     0   -64.0   56.041 -130.462    566.6    861.6
     1     1    15    10     6     1     0     0   -65.0   56.073 -130.488    574.9    860.9
     1     1    15    10     6     0     0     0   -66.0   56.111 -130.521    581.4    860.4
     1     1    15    10     5    23     0     0   -67.0   56.148 -130.549    588.1    859.8
     1     1    15    10     5    22     0     0   -68.0   56.174 -130.560    597.1    858.6
     1     1    15    10     5    21     0     0   -69.0   56.191 -130.554    608.3    857.2
     1     1    15    10     5    20     0     0   -70.0   56.196 -130.532    621.5    855.4
     1     1    15    10     5    19     0     0   -71.0   56.191 -130.497    636.9    853.3
     1     1    15    10     5    18     0     0   -72.0   56.174 -130.449    654.2    851.0
