     1     1
    CDC1    16     2     1     0     0
     1 BACKWARD OMEGA   
    16     2     3     0   60.984 -139.059   750.0
     1 PRESSURE
     1     1    16     2     3     0     0     0     0.0   60.984 -139.059    750.0    806.7
     1     1    16     2     2    23     0     0    -1.0   60.825 -138.888    749.5    809.2
     1     1    16     2     2    22     0     0    -2.0   60.660 -138.730    744.5    812.7
     1     1    16     2     2    21     0     0    -3.0   60.489 -138.580    735.4    816.7
     1     1    16     2     2    20     0     0    -4.0   60.312 -138.435    722.8    821.3
     1     1    16     2     2    19     0     0    -5.0   60.129 -138.289    707.2    826.3
     1     1    16     2     2    18     0     0    -6.0   59.939 -138.138    689.8    832.6
     1     1    16     2     2    17     0     0    -7.0   59.752 -137.987    669.7    840.5
     1     1    16     2     2    16     0     0    -8.0   59.575 -137.843    645.0    848.8
     1     1    16     2     2    15     0     0    -9.0   59.408 -137.705    615.5    857.4
     1     1    16     2     2    14     0     0   -10.0   59.254 -137.572    581.6    865.6
     1     1    16     2     2    13     0     0   -11.0   59.111 -137.440    544.4    873.7
     1     1    16     2     2    12     0     0   -12.0   58.980 -137.310    504.3    881.7
     1     1    16     2     2    11     0     0   -13.0   58.851 -137.181    463.4    889.9
     1     1    16     2     2    10     0     0   -14.0   58.719 -137.055    423.4    898.2
     1     1    16     2     2     9     0     0   -15.0   58.582 -136.930    384.6    906.8
     1     1    16     2     2     8     0     0   -16.0   58.440 -136.805    347.5    914.7
     1     1    16     2     2     7     0     0   -17.0   58.296 -136.682    312.8    922.4
     1     1    16     2     2     6     0     0   -18.0   58.150 -136.560    280.8    930.1
     1     1    16     2     2     5     0     0   -19.0   58.006 -136.426    253.4    937.3
     1     1    16     2     2     4     0     0   -20.0   57.870 -136.268    232.1    943.1
     1     1    16     2     2     3     0     0   -21.0   57.739 -136.096    215.5    948.0
     1     1    16     2     2     2     0     0   -22.0   57.612 -135.913    202.7    952.2
     1     1    16     2     2     1     0     0   -23.0   57.490 -135.726    192.9    955.4
     1     1    16     2     2     0     0     0   -24.0   57.372 -135.539    185.5    956.6
     1     1    16     2     1    23     0     0   -25.0   57.258 -135.357    178.3    957.8
     1     1    16     2     1    22     0     0   -26.0   57.152 -135.183    169.3    959.4
     1     1    16     2     1    21     0     0   -27.0   57.053 -135.016    158.5    961.3
     1     1    16     2     1    20     0     0   -28.0   56.961 -134.857    146.2    962.1
     1     1    16     2     1    19     0     0   -29.0   56.875 -134.705    132.5    962.9
     1     1    16     2     1    18     0     0   -30.0   56.795 -134.560    117.8    964.0
     1     1    16     2     1    17     0     0   -31.0   56.721 -134.424    103.0    965.4
     1     1    16     2     1    16     0     0   -32.0   56.653 -134.301     89.2    966.7
     1     1    16     2     1    15     0     0   -33.0   56.592 -134.194     76.3    968.3
     1     1    16     2     1    14     0     0   -34.0   56.537 -134.105     64.4    969.3
     1     1    16     2     1    13     0     0   -35.0   56.488 -134.035     53.5    970.3
     1     1    16     2     1    12     0     0   -36.0   56.445 -133.986     43.8    971.5
     1     1    16     2     1    11     0     0   -37.0   56.409 -133.953     35.7    973.0
     1     1    16     2     1    10     0     0   -38.0   56.385 -133.931     29.6    974.1
     1     1    16     2     1     9     0     0   -39.0   56.372 -133.917     24.9    975.1
     1     1    16     2     1     8     0     0   -40.0   56.370 -133.909     21.5    975.7
     1     1    16     2     1     7     0     0   -41.0   56.379 -133.906     19.1    976.0
     1     1    16     2     1     6     0     0   -42.0   56.400 -133.906     17.5    976.0
     1     1    16     2     1     5     0     0   -43.0   56.430 -133.915     16.4    975.5
     1     1    16     2     1     4     0     0   -44.0   56.471 -133.940     15.5    975.1
     1     1    16     2     1     3     0     0   -45.0   56.520 -133.980     14.8    974.6
     1     1    16     2     1     2     0     0   -46.0   56.578 -134.035     14.4    974.2
     1     1    16     2     1     1     0     0   -47.0   56.645 -134.104     14.1    973.8
     1     1    16     2     1     0     0     0   -48.0   56.720 -134.188     13.9    973.4
