     1     1
    CDC1    16     1     1     0     0
     1 BACKWARD OMEGA   
    16     1    23    18   60.984 -139.059   750.0
     1 PRESSURE
     1     1    16     1    23    18     0     0     0.0   60.984 -139.059    750.0    798.5
     1     1    16     1    23    17     0     0    -1.0   60.739 -139.211    715.0    805.7
     1     1    16     1    23    16     0     0    -2.0   60.491 -139.311    670.8    814.7
     1     1    16     1    23    15     0     0    -3.0   60.240 -139.372    618.1    824.8
     1     1    16     1    23    14     0     0    -4.0   59.988 -139.400    558.5    835.4
     1     1    16     1    23    13     0     0    -5.0   59.736 -139.404    498.2    850.1
     1     1    16     1    23    12     0     0    -6.0   59.489 -139.393    441.1    864.5
     1     1    16     1    23    11     0     0    -7.0   59.245 -139.363    388.4    879.1
     1     1    16     1    23    10     0     0    -8.0   59.006 -139.305    342.1    892.0
     1     1    16     1    23     9     0     0    -9.0   58.771 -139.219    303.1    903.7
     1     1    16     1    23     8     0     0   -10.0   58.542 -139.110    270.6    914.6
     1     1    16     1    23     7     0     0   -11.0   58.319 -138.979    243.3    924.8
     1     1    16     1    23     6     0     0   -12.0   58.104 -138.828    220.4    934.3
     1     1    16     1    23     5     0     0   -13.0   57.884 -138.650    200.5    943.5
     1     1    16     1    23     4     0     0   -14.0   57.646 -138.444    182.5    952.3
     1     1    16     1    23     3     0     0   -15.0   57.393 -138.215    165.6    958.9
     1     1    16     1    23     2     0     0   -16.0   57.128 -137.980    149.5    962.5
     1     1    16     1    23     1     0     0   -17.0   56.856 -137.751    134.3    966.5
     1     1    16     1    23     0     0     0   -18.0   56.577 -137.530    120.1    970.9
     1     1    16     1    22    23     0     0   -19.0   56.297 -137.335    106.7    974.9
     1     1    16     1    22    22     0     0   -20.0   56.019 -137.180     93.8    979.2
     1     1    16     1    22    21     0     0   -21.0   55.739 -137.055     81.0    984.0
     1     1    16     1    22    20     0     0   -22.0   55.452 -136.952     67.8    988.8
     1     1    16     1    22    19     0     0   -23.0   55.154 -136.866     54.2    993.7
     1     1    16     1    22    18     0     0   -24.0   54.843 -136.797     40.9    996.7
     1     1    16     1    22    17     0     0   -25.0   54.525 -136.779     30.4    997.3
     1     1    16     1    22    16     0     0   -26.0   54.202 -136.834     23.6    997.1
     1     1    16     1    22    15     0     0   -27.0   53.875 -136.952     19.3    996.4
     1     1    16     1    22    14     0     0   -28.0   53.543 -137.125     16.8    995.1
     1     1    16     1    22    13     0     0   -29.0   53.207 -137.345     15.5    993.2
     1     1    16     1    22    12     0     0   -30.0   52.871 -137.603     14.9    990.9
     1     1    16     1    22    11     0     0   -31.0   52.533 -137.898     14.5    989.2
     1     1    16     1    22    10     0     0   -32.0   52.201 -138.229     14.1    988.7
     1     1    16     1    22     9     0     0   -33.0   51.883 -138.589     13.8    988.4
     1     1    16     1    22     8     0     0   -34.0   51.580 -138.973     13.5    988.4
     1     1    16     1    22     7     0     0   -35.0   51.292 -139.374     13.3    988.7
     1     1    16     1    22     6     0     0   -36.0   51.018 -139.789     13.2    989.3
     1     1    16     1    22     5     0     0   -37.0   50.756 -140.218     13.2    990.0
     1     1    16     1    22     4     0     0   -38.0   50.503 -140.671     13.3    990.9
     1     1    16     1    22     3     0     0   -39.0   50.257 -141.160     13.5    992.0
     1     1    16     1    22     2     0     0   -40.0   50.019 -141.693     13.8    993.2
     1     1    16     1    22     1     0     0   -41.0   49.792 -142.272     14.3    993.7
     1     1    16     1    22     0     0     0   -42.0   49.582 -142.893     14.8    992.4
     1     1    16     1    21    23     0     0   -43.0   49.396 -143.549     15.1    990.2
     1     1    16     1    21    22     0     0   -44.0   49.234 -144.238     15.4    988.1
     1     1    16     1    21    21     0     0   -45.0   49.097 -144.955     15.6    986.1
     1     1    16     1    21    20     0     0   -46.0   48.987 -145.693     16.0    984.5
     1     1    16     1    21    19     0     0   -47.0   48.905 -146.440     16.5    983.0
     1     1    16     1    21    18     0     0   -48.0   48.845 -147.191     17.2    981.6
     1     1    16     1    21    17     0     0   -49.0   48.814 -147.946     18.0    981.1
     1     1    16     1    21    16     0     0   -50.0   48.818 -148.703     18.7    981.6
     1     1    16     1    21    15     0     0   -51.0   48.854 -149.454     19.2    982.2
     1     1    16     1    21    14     0     0   -52.0   48.915 -150.193     19.7    983.0
     1     1    16     1    21    13     0     0   -53.0   48.998 -150.914     20.1    983.6
     1     1    16     1    21    12     0     0   -54.0   49.096 -151.608     20.4    984.3
     1     1    16     1    21    11     0     0   -55.0   49.207 -152.264     20.6    985.0
     1     1    16     1    21    10     0     0   -56.0   49.333 -152.879     20.7    984.6
     1     1    16     1    21     9     0     0   -57.0   49.475 -153.455     20.8    983.6
     1     1    16     1    21     8     0     0   -58.0   49.625 -153.988     20.9    982.7
     1     1    16     1    21     7     0     0   -59.0   49.778 -154.473     21.0    981.8
     1     1    16     1    21     6     0     0   -60.0   49.927 -154.904     21.3    981.0
     1     1    16     1    21     5     0     0   -61.0   50.076 -155.288     21.6    980.3
     1     1    16     1    21     4     0     0   -62.0   50.232 -155.626     21.8    980.3
     1     1    16     1    21     3     0     0   -63.0   50.394 -155.915     22.0    980.4
     1     1    16     1    21     2     0     0   -64.0   50.557 -156.154     22.1    980.7
     1     1    16     1    21     1     0     0   -65.0   50.714 -156.347     22.1    981.1
     1     1    16     1    21     0     0     0   -66.0   50.864 -156.495     22.1    981.5
     1     1    16     1    20    23     0     0   -67.0   51.006 -156.610     22.0    982.0
     1     1    16     1    20    22     0     0   -68.0   51.145 -156.703     21.8    982.6
     1     1    16     1    20    21     0     0   -69.0   51.280 -156.776     21.6    983.1
     1     1    16     1    20    20     0     0   -70.0   51.413 -156.834     21.4    983.7
     1     1    16     1    20    19     0     0   -71.0   51.542 -156.879     21.1    984.2
     1     1    16     1    20    18     0     0   -72.0   51.669 -156.912     20.8    984.8
