     1     1
    CDC1    16     3     1     0     0
     1 BACKWARD OMEGA   
    16     3     5     6   60.984 -139.059   750.0
     1 PRESSURE
     1     1    16     3     5     6     0     0     0.0   60.984 -139.059    750.0    788.9
     1     1    16     3     5     5     0     0    -1.0   60.804 -138.703    727.2    794.0
     1     1    16     3     5     4     0     0    -2.0   60.626 -138.344    705.9    798.8
     1     1    16     3     5     3     0     0    -3.0   60.452 -137.975    686.0    803.2
     1     1    16     3     5     2     0     0    -4.0   60.283 -137.591    667.6    807.3
     1     1    16     3     5     1     0     0    -5.0   60.120 -137.187    650.7    810.7
     1     1    16     3     5     0     0     0    -6.0   59.965 -136.757    635.9    814.1
     1     1    16     3     4    23     0     0    -7.0   59.814 -136.316    621.5    818.6
     1     1    16     3     4    22     0     0    -8.0   59.665 -135.879    606.2    823.2
     1     1    16     3     4    21     0     0    -9.0   59.518 -135.445    590.2    827.4
     1     1    16     3     4    20     0     0   -10.0   59.375 -135.011    573.9    831.3
     1     1    16     3     4    19     0     0   -11.0   59.233 -134.578    556.9    832.9
     1     1    16     3     4    18     0     0   -12.0   59.092 -134.147    540.1    834.0
     1     1    16     3     4    17     0     0   -13.0   58.943 -133.722    523.6    835.2
     1     1    16     3     4    16     0     0   -14.0   58.782 -133.304    508.1    836.2
     1     1    16     3     4    15     0     0   -15.0   58.606 -132.888    492.5    837.0
     1     1    16     3     4    14     0     0   -16.0   58.413 -132.468    476.0    837.7
     1     1    16     3     4    13     0     0   -17.0   58.199 -132.045    458.3    837.8
     1     1    16     3     4    12     0     0   -18.0   57.958 -131.618    439.1    837.5
     1     1    16     3     4    11     0     0   -19.0   57.694 -131.193    416.9    836.9
     1     1    16     3     4    10     0     0   -20.0   57.416 -130.777    390.4    837.4
     1     1    16     3     4     9     0     0   -21.0   57.125 -130.368    360.6    840.6
     1     1    16     3     4     8     0     0   -22.0   56.826 -129.961    327.7    844.1
     1     1    16     3     4     7     0     0   -23.0   56.538 -129.567    294.1    850.3
     1     1    16     3     4     6     0     0   -24.0   56.272 -129.204    260.9    855.9
     1     1    16     3     4     5     0     0   -25.0   56.019 -128.862    228.9    861.3
     1     1    16     3     4     4     0     0   -26.0   55.775 -128.535    199.0    866.4
     1     1    16     3     4     3     0     0   -27.0   55.537 -128.221    171.2    870.4
     1     1    16     3     4     2     0     0   -28.0   55.305 -127.924    145.4    874.0
     1     1    16     3     4     1     0     0   -29.0   55.078 -127.648    122.1    877.6
     1     1    16     3     4     0     0     0   -30.0   54.857 -127.396    101.3    881.9
     1     1    16     3     3    23     0     0   -31.0   54.645 -127.174     82.2    886.0
     1     1    16     3     3    22     0     0   -32.0   54.449 -126.985     64.8    889.2
     1     1    16     3     3    21     0     0   -33.0   54.267 -126.827     49.7    891.5
     1     1    16     3     3    20     0     0   -34.0   54.094 -126.698     37.3    893.5
     1     1    16     3     3    19     0     0   -35.0   53.927 -126.591     27.8    895.4
     1     1    16     3     3    18     0     0   -36.0   53.759 -126.503     20.8    897.2
     1     1    16     3     3    17     0     0   -37.0   53.592 -126.409     15.6    898.4
     1     1    16     3     3    16     0     0   -38.0   53.426 -126.293     11.8    899.1
     1     1    16     3     3    15     0     0   -39.0   53.259 -126.165      8.8    898.9
     1     1    16     3     3    14     0     0   -40.0   53.089 -126.033      6.2    898.2
     1     1    16     3     3    13     0     0   -41.0   52.911 -125.902      3.5    897.3
     1     1    16     3     3    12     0     0   -42.0   52.725 -125.780      0.7    896.3
     1     1    16     3     3    11     0     0   -43.0   52.531 -125.645      0.0    895.4
     1     1    16     3     3    10     0     0   -44.0   52.340 -125.462      0.0    895.0
     1     1    16     3     3     9     0     0   -45.0   52.160 -125.225      0.0    893.8
     1     1    16     3     3     8     0     0   -46.0   51.989 -124.935      0.0    891.7
     1     1    16     3     3     7     0     0   -47.0   51.823 -124.601      0.0    889.7
     1     1    16     3     3     6     0     0   -48.0   51.660 -124.227      0.0    886.9
     1     1    16     3     3     5     0     0   -49.0   51.501 -123.862      0.0    884.9
     1     1    16     3     3     4     0     0   -50.0   51.348 -123.547      0.0    883.4
     1     1    16     3     3     3     0     0   -51.0   51.202 -123.277      0.0    882.3
     1     1    16     3     3     2     0     0   -52.0   51.066 -123.050      0.0    881.7
     1     1    16     3     3     1     0     0   -53.0   50.942 -122.867      0.0    881.5
     1     1    16     3     3     0     0     0   -54.0   50.830 -122.730      0.0    881.7
     1     1    16     3     2    23     0     0   -55.0   50.724 -122.617      0.0    882.1
     1     1    16     3     2    22     0     0   -56.0   50.620 -122.503      0.0    882.4
     1     1    16     3     2    21     0     0   -57.0   50.514 -122.387      0.0    882.9
     1     1    16     3     2    20     0     0   -58.0   50.401 -122.270      0.0    883.4
     1     1    16     3     2    19     0     0   -59.0   50.281 -122.149      0.0    883.9
     1     1    16     3     2    18     0     0   -60.0   50.155 -122.026      0.0    884.4
     1     1    16     3     2    17     0     0   -61.0   50.023 -121.898      0.0    883.8
     1     1    16     3     2    16     0     0   -62.0   49.884 -121.772      0.0    885.8
     1     1    16     3     2    15     0     0   -63.0   49.738 -121.654      0.0    888.6
     1     1    16     3     2    14     0     0   -64.0   49.583 -121.549      0.0    892.0
     1     1    16     3     2    13     0     0   -65.0   49.418 -121.459      0.0    895.9
     1     1    16     3     2    12     0     0   -66.0   49.239 -121.388      0.0    900.6
     1     1    16     3     2    11     0     0   -67.0   49.051 -121.324      0.0    905.4
     1     1    16     3     2    10     0     0   -68.0   48.860 -121.254      0.0    910.3
     1     1    16     3     2     9     0     0   -69.0   48.668 -121.183      0.0    915.1
     1     1    16     3     2     8     0     0   -70.0   48.479 -121.113      0.0    919.9
     1     1    16     3     2     7     0     0   -71.0   48.293 -121.044      0.0    924.7
     1     1    16     3     2     6     0     0   -72.0   48.114 -120.979      0.0    929.2
