     1     1
    CDC1    16     2     1     0     0
     1 BACKWARD OMEGA   
    16     2    18    18   60.984 -139.059   750.0
     1 PRESSURE
     1     1    16     2    18    18     0     0     0.0   60.984 -139.059    750.0    786.2
     1     1    16     2    18    17     0     0    -1.0   61.032 -138.910    755.8    784.8
     1     1    16     2    18    16     0     0    -2.0   61.074 -138.779    762.7    783.4
     1     1    16     2    18    15     0     0    -3.0   61.110 -138.667    770.8    781.9
     1     1    16     2    18    14     0     0    -4.0   61.142 -138.571    780.3    780.5
     1     1    16     2    18    13     0     0    -5.0   61.170 -138.492    791.5    778.9
     1     1    16     2    18    12     0     0    -6.0   61.192 -138.429    804.4    777.4
     1     1    16     2    18    11     0     0    -7.0   61.213 -138.374    818.8    775.9
     1     1    16     2    18    10     0     0    -8.0   61.236 -138.321    834.7    774.3
     1     1    16     2    18     9     0     0    -9.0   61.261 -138.273    852.0    772.6
     1     1    16     2    18     8     0     0   -10.0   61.289 -138.231    870.6    770.7
     1     1    16     2    18     7     0     0   -11.0   61.319 -138.196    890.4    768.7
     1     1    16     2    18     6     0     0   -12.0   61.352 -138.171    911.4    766.4
     1     1    16     2    18     5     0     0   -13.0   61.390 -138.158    933.5    764.2
     1     1    16     2    18     4     0     0   -14.0   61.433 -138.155    956.1    761.8
     1     1    16     2    18     3     0     0   -15.0   61.480 -138.161    980.0    759.3
     1     1    16     2    18     2     0     0   -16.0   61.531 -138.172   1005.5    756.7
     1     1    16     2    18     1     0     0   -17.0   61.584 -138.186   1033.0    753.8
     1     1    16     2    18     0     0     0   -18.0   61.640 -138.201   1063.1    750.6
     1     1    16     2    17    23     0     0   -19.0   61.694 -138.219   1095.0    747.2
     1     1    16     2    17    22     0     0   -20.0   61.746 -138.246   1125.9    744.0
     1     1    16     2    17    21     0     0   -21.0   61.795 -138.284   1155.8    741.1
     1     1    16     2    17    20     0     0   -22.0   61.844 -138.336   1184.2    738.3
     1     1    16     2    17    19     0     0   -23.0   61.892 -138.404   1210.9    735.8
     1     1    16     2    17    18     0     0   -24.0   61.941 -138.488   1235.3    733.4
     1     1    16     2    17    17     0     0   -25.0   61.988 -138.576   1258.1    730.9
     1     1    16     2    17    16     0     0   -26.0   62.031 -138.651   1280.4    728.4
     1     1    16     2    17    15     0     0   -27.0   62.069 -138.712   1302.5    726.1
     1     1    16     2    17    14     0     0   -28.0   62.102 -138.758   1324.8    723.7
     1     1    16     2    17    13     0     0   -29.0   62.131 -138.786   1347.3    721.4
     1     1    16     2    17    12     0     0   -30.0   62.154 -138.797   1370.2    719.2
     1     1    16     2    17    11     0     0   -31.0   62.172 -138.786   1390.9    716.9
     1     1    16     2    17    10     0     0   -32.0   62.186 -138.748   1406.2    715.3
     1     1    16     2    17     9     0     0   -33.0   62.197 -138.685   1415.7    714.4
     1     1    16     2    17     8     0     0   -34.0   62.203 -138.596   1419.1    714.0
     1     1    16     2    17     7     0     0   -35.0   62.205 -138.481   1415.9    714.4
     1     1    16     2    17     6     0     0   -36.0   62.202 -138.340   1406.1    715.3
     1     1    16     2    17     5     0     0   -37.0   62.203 -138.183   1396.4    717.0
     1     1    16     2    17     4     0     0   -38.0   62.217 -138.023   1394.2    717.1
     1     1    16     2    17     3     0     0   -39.0   62.245 -137.862   1400.0    716.3
     1     1    16     2    17     2     0     0   -40.0   62.288 -137.700   1414.3    714.4
     1     1    16     2    17     1     0     0   -41.0   62.346 -137.540   1437.7    711.5
     1     1    16     2    17     0     0     0   -42.0   62.420 -137.385   1470.6    707.3
     1     1    16     2    16    23     0     0   -43.0   62.511 -137.256   1508.6    701.8
     1     1    16     2    16    22     0     0   -44.0   62.620 -137.173   1549.8    699.5
     1     1    16     2    16    21     0     0   -45.0   62.745 -137.138   1591.3    697.6
     1     1    16     2    16    20     0     0   -46.0   62.888 -137.146   1633.0    696.2
     1     1    16     2    16    19     0     0   -47.0   63.044 -137.199   1674.3    694.8
     1     1    16     2    16    18     0     0   -48.0   63.214 -137.296   1715.2    693.8
     1     1    16     2    16    17     0     0   -49.0   63.386 -137.429   1756.5    693.2
     1     1    16     2    16    16     0     0   -50.0   63.551 -137.591   1799.7    692.2
     1     1    16     2    16    15     0     0   -51.0   63.712 -137.782   1845.1    690.9
     1     1    16     2    16    14     0     0   -52.0   63.870 -138.002   1893.2    689.4
     1     1    16     2    16    13     0     0   -53.0   64.026 -138.248   1944.6    687.5
     1     1    16     2    16    12     0     0   -54.0   64.182 -138.521   1999.9    685.4
     1     1    16     2    16    11     0     0   -55.0   64.340 -138.814   2051.7    683.1
     1     1    16     2    16    10     0     0   -56.0   64.502 -139.119   2091.9    682.6
     1     1    16     2    16     9     0     0   -57.0   64.669 -139.428   2120.0    683.3
     1     1    16     2    16     8     0     0   -58.0   64.842 -139.734   2135.3    685.2
     1     1    16     2    16     7     0     0   -59.0   65.021 -140.031   2137.1    688.3
     1     1    16     2    16     6     0     0   -60.0   65.204 -140.296   2123.9    691.2
     1     1    16     2    16     5     0     0   -61.0   65.378 -140.539   2103.3    695.2
     1     1    16     2    16     4     0     0   -62.0   65.538 -140.785   2079.7    698.7
     1     1    16     2    16     3     0     0   -63.0   65.683 -141.033   2054.3    702.1
     1     1    16     2    16     2     0     0   -64.0   65.815 -141.284   2027.2    705.4
     1     1    16     2    16     1     0     0   -65.0   65.933 -141.537   1998.9    708.6
     1     1    16     2    16     0     0     0   -66.0   66.039 -141.792   1969.4    711.8
     1     1    16     2    15    23     0     0   -67.0   66.136 -142.048   1939.1    714.7
     1     1    16     2    15    22     0     0   -68.0   66.225 -142.303   1910.4    717.3
     1     1    16     2    15    21     0     0   -69.0   66.306 -142.564   1883.3    719.7
     1     1    16     2    15    20     0     0   -70.0   66.378 -142.835   1858.1    722.0
     1     1    16     2    15    19     0     0   -71.0   66.440 -143.122   1835.2    724.0
     1     1    16     2    15    18     0     0   -72.0   66.492 -143.426   1815.1    725.7
