     1     1
    CDC1    16     3     1     0     0
     1 BACKWARD OMEGA   
    16     3    17     6   60.984 -139.059   750.0
     1 PRESSURE
     1     1    16     3    17     6     0     0     0.0   60.984 -139.059    750.0    821.2
     1     1    16     3    17     5     0     0    -1.0   60.793 -139.366    719.6    827.3
     1     1    16     3    17     4     0     0    -2.0   60.604 -139.637    681.1    835.1
     1     1    16     3    17     3     0     0    -3.0   60.421 -139.871    634.7    843.9
     1     1    16     3    17     2     0     0    -4.0   60.246 -140.068    582.3    853.4
     1     1    16     3    17     1     0     0    -5.0   60.082 -140.222    527.3    862.8
     1     1    16     3    17     0     0     0    -6.0   59.932 -140.333    472.9    873.0
     1     1    16     3    16    23     0     0    -7.0   59.788 -140.417    423.4    883.7
     1     1    16     3    16    22     0     0    -8.0   59.641 -140.495    381.4    893.6
     1     1    16     3    16    21     0     0    -9.0   59.493 -140.576    344.8    902.3
     1     1    16     3    16    20     0     0   -10.0   59.344 -140.666    312.5    910.8
     1     1    16     3    16    19     0     0   -11.0   59.196 -140.771    283.8    919.2
     1     1    16     3    16    18     0     0   -12.0   59.050 -140.896    258.3    927.6
     1     1    16     3    16    17     0     0   -13.0   58.908 -141.026    234.0    935.5
     1     1    16     3    16    16     0     0   -14.0   58.772 -141.145    209.5    943.7
     1     1    16     3    16    15     0     0   -15.0   58.641 -141.256    185.1    951.3
     1     1    16     3    16    14     0     0   -16.0   58.513 -141.365    161.3    958.3
     1     1    16     3    16    13     0     0   -17.0   58.390 -141.476    138.4    965.3
     1     1    16     3    16    12     0     0   -18.0   58.271 -141.592    116.7    972.2
     1     1    16     3    16    11     0     0   -19.0   58.157 -141.730     98.1    979.2
     1     1    16     3    16    10     0     0   -20.0   58.049 -141.906     83.8    985.4
     1     1    16     3    16     9     0     0   -21.0   57.947 -142.117     73.4    990.9
     1     1    16     3    16     8     0     0   -22.0   57.850 -142.362     66.7    995.6
     1     1    16     3    16     7     0     0   -23.0   57.758 -142.639     63.0   1000.0
     1     1    16     3    16     6     0     0   -24.0   57.670 -142.950     61.6   1004.4
     1     1    16     3    16     5     0     0   -25.0   57.591 -143.272     62.2   1008.7
     1     1    16     3    16     4     0     0   -26.0   57.523 -143.579     64.5   1012.2
     1     1    16     3    16     3     0     0   -27.0   57.469 -143.865     68.6   1013.7
     1     1    16     3    16     2     0     0   -28.0   57.427 -144.127     74.0   1014.0
     1     1    16     3    16     1     0     0   -29.0   57.399 -144.363     80.8   1013.6
     1     1    16     3    16     0     0     0   -30.0   57.383 -144.569     88.7   1012.9
     1     1    16     3    15    23     0     0   -31.0   57.369 -144.756     97.0   1011.7
     1     1    16     3    15    22     0     0   -32.0   57.347 -144.936    105.1   1010.5
     1     1    16     3    15    21     0     0   -33.0   57.316 -145.110    113.3   1008.7
     1     1    16     3    15    20     0     0   -34.0   57.275 -145.282    121.7   1006.5
     1     1    16     3    15    19     0     0   -35.0   57.227 -145.452    130.2   1004.4
     1     1    16     3    15    18     0     0   -36.0   57.171 -145.622    138.8   1002.1
     1     1    16     3    15    17     0     0   -37.0   57.118 -145.800    147.0   1000.4
     1     1    16     3    15    16     0     0   -38.0   57.074 -145.989    153.8    999.0
     1     1    16     3    15    15     0     0   -39.0   57.040 -146.186    158.9    997.8
     1     1    16     3    15    14     0     0   -40.0   57.016 -146.387    162.1    996.9
     1     1    16     3    15    13     0     0   -41.0   57.002 -146.589    163.3    996.4
     1     1    16     3    15    12     0     0   -42.0   56.996 -146.790    162.4    996.2
     1     1    16     3    15    11     0     0   -43.0   56.995 -146.978    160.6    996.4
     1     1    16     3    15    10     0     0   -44.0   56.991 -147.146    159.2    996.3
     1     1    16     3    15     9     0     0   -45.0   56.985 -147.295    158.4    996.1
     1     1    16     3    15     8     0     0   -46.0   56.974 -147.427    158.3    995.8
     1     1    16     3    15     7     0     0   -47.0   56.960 -147.544    158.9    995.1
     1     1    16     3    15     6     0     0   -48.0   56.941 -147.646    160.2    993.9
     1     1    16     3    15     5     0     0   -49.0   56.921 -147.743    161.5    992.8
     1     1    16     3    15     4     0     0   -50.0   56.905 -147.842    162.2    991.9
     1     1    16     3    15     3     0     0   -51.0   56.891 -147.941    162.1    991.0
     1     1    16     3    15     2     0     0   -52.0   56.879 -148.039    161.3    990.3
     1     1    16     3    15     1     0     0   -53.0   56.868 -148.138    159.7    989.6
     1     1    16     3    15     0     0     0   -54.0   56.859 -148.237    157.3    989.0
     1     1    16     3    14    23     0     0   -55.0   56.850 -148.333    155.7    988.4
     1     1    16     3    14    22     0     0   -56.0   56.842 -148.424    156.4    987.5
     1     1    16     3    14    21     0     0   -57.0   56.836 -148.512    159.4    986.3
     1     1    16     3    14    20     0     0   -58.0   56.830 -148.594    165.0    985.0
     1     1    16     3    14    19     0     0   -59.0   56.826 -148.671    173.2    983.4
     1     1    16     3    14    18     0     0   -60.0   56.824 -148.741    184.2    981.6
     1     1    16     3    14    17     0     0   -61.0   56.828 -148.808    196.1    979.7
     1     1    16     3    14    16     0     0   -62.0   56.844 -148.874    206.8    977.9
     1     1    16     3    14    15     0     0   -63.0   56.871 -148.937    216.0    976.3
     1     1    16     3    14    14     0     0   -64.0   56.910 -148.998    223.9    975.1
     1     1    16     3    14    13     0     0   -65.0   56.960 -149.055    230.2    974.3
     1     1    16     3    14    12     0     0   -66.0   57.022 -149.108    235.1    973.7
     1     1    16     3    14    11     0     0   -67.0   57.089 -149.145    239.0    973.8
     1     1    16     3    14    10     0     0   -68.0   57.155 -149.161    242.3    973.9
     1     1    16     3    14     9     0     0   -69.0   57.219 -149.154    245.2    974.2
     1     1    16     3    14     8     0     0   -70.0   57.282 -149.126    247.5    974.6
     1     1    16     3    14     7     0     0   -71.0   57.342 -149.075    249.1    975.2
     1     1    16     3    14     6     0     0   -72.0   57.400 -149.001    250.2    976.0
