     1     1
    CDC1    16     2     1     0     0
     1 BACKWARD OMEGA   
    16     2    23     0   60.984 -139.059   750.0
     1 PRESSURE
     1     1    16     2    23     0     0     0     0.0   60.984 -139.059    750.0    818.4
     1     1    16     2    22    23     0     0    -1.0   60.709 -139.302    722.0    825.4
     1     1    16     2    22    22     0     0    -2.0   60.410 -139.509    682.8    834.8
     1     1    16     2    22    21     0     0    -3.0   60.087 -139.677    630.9    846.4
     1     1    16     2    22    20     0     0    -4.0   59.752 -139.816    570.5    863.3
     1     1    16     2    22    19     0     0    -5.0   59.425 -139.946    507.7    881.4
     1     1    16     2    22    18     0     0    -6.0   59.115 -140.075    444.2    899.7
     1     1    16     2    22    17     0     0    -7.0   58.828 -140.188    382.8    917.9
     1     1    16     2    22    16     0     0    -8.0   58.567 -140.274    324.8    932.9
     1     1    16     2    22    15     0     0    -9.0   58.325 -140.339    268.3    947.8
     1     1    16     2    22    14     0     0   -10.0   58.099 -140.384    212.1    962.7
     1     1    16     2    22    13     0     0   -11.0   57.881 -140.414    156.3    976.4
     1     1    16     2    22    12     0     0   -12.0   57.667 -140.432    100.5    990.5
     1     1    16     2    22    11     0     0   -13.0   57.441 -140.466     53.5   1003.2
     1     1    16     2    22    10     0     0   -14.0   57.195 -140.542     26.5   1008.8
     1     1    16     2    22     9     0     0   -15.0   56.944 -140.634      9.6   1009.6
     1     1    16     2    22     8     0     0   -16.0   56.692 -140.738      0.0   1010.2
     1     1    16     2    22     7     0     0   -17.0   56.444 -140.846      0.0   1010.6
     1     1    16     2    22     6     0     0   -18.0   56.196 -140.958      0.0   1011.0
     1     1    16     2    22     5     0     0   -19.0   55.939 -141.076      0.0   1010.8
     1     1    16     2    22     4     0     0   -20.0   55.666 -141.203      0.0   1010.4
     1     1    16     2    22     3     0     0   -21.0   55.381 -141.346      0.0   1010.0
     1     1    16     2    22     2     0     0   -22.0   55.086 -141.508      0.0   1009.4
     1     1    16     2    22     1     0     0   -23.0   54.781 -141.683      0.0   1008.0
     1     1    16     2    22     0     0     0   -24.0   54.465 -141.860      0.0   1006.6
     1     1    16     2    21    23     0     0   -25.0   54.141 -142.041      0.0   1005.0
     1     1    16     2    21    22     0     0   -26.0   53.813 -142.238      0.0   1003.7
     1     1    16     2    21    21     0     0   -27.0   53.478 -142.452      0.0   1002.8
     1     1    16     2    21    20     0     0   -28.0   53.133 -142.681      0.0   1002.2
     1     1    16     2    21    19     0     0   -29.0   52.773 -142.922      0.0   1001.8
     1     1    16     2    21    18     0     0   -30.0   52.392 -143.171      0.0   1001.7
     1     1    16     2    21    17     0     0   -31.0   52.017 -143.453      0.0   1000.8
     1     1    16     2    21    16     0     0   -32.0   51.676 -143.786      0.0    999.9
     1     1    16     2    21    15     0     0   -33.0   51.359 -144.143      0.0    999.0
     1     1    16     2    21    14     0     0   -34.0   51.057 -144.491      0.0    998.0
     1     1    16     2    21    13     0     0   -35.0   50.753 -144.795      0.4    997.0
     1     1    16     2    21    12     0     0   -36.0   50.432 -145.023      1.0    996.1
     1     1    16     2    21    11     0     0   -37.0   50.105 -145.186      1.5    995.0
     1     1    16     2    21    10     0     0   -38.0   49.803 -145.339      2.0    993.7
     1     1    16     2    21     9     0     0   -39.0   49.532 -145.514      2.5    992.3
     1     1    16     2    21     8     0     0   -40.0   49.285 -145.711      3.1    991.0
     1     1    16     2    21     7     0     0   -41.0   49.056 -145.919      3.7    989.8
     1     1    16     2    21     6     0     0   -42.0   48.838 -146.129      4.3    988.7
     1     1    16     2    21     5     0     0   -43.0   48.618 -146.336      5.0    988.1
     1     1    16     2    21     4     0     0   -44.0   48.387 -146.546      5.7    987.6
     1     1    16     2    21     3     0     0   -45.0   48.148 -146.764      6.4    987.0
     1     1    16     2    21     2     0     0   -46.0   47.903 -146.995      7.1    986.5
     1     1    16     2    21     1     0     0   -47.0   47.653 -147.241      7.7    986.0
     1     1    16     2    21     0     0     0   -48.0   47.397 -147.505      8.4    986.1
     1     1    16     2    20    23     0     0   -49.0   47.141 -147.784      9.0    987.3
     1     1    16     2    20    22     0     0   -50.0   46.892 -148.077      9.5    988.3
     1     1    16     2    20    21     0     0   -51.0   46.652 -148.383      9.9    989.3
     1     1    16     2    20    20     0     0   -52.0   46.421 -148.701     10.3    990.1
     1     1    16     2    20    19     0     0   -53.0   46.196 -149.030     10.7    990.8
     1     1    16     2    20    18     0     0   -54.0   45.975 -149.367     11.1    991.5
     1     1    16     2    20    17     0     0   -55.0   45.758 -149.717     11.5    992.1
     1     1    16     2    20    16     0     0   -56.0   45.545 -150.088     11.9    992.5
     1     1    16     2    20    15     0     0   -57.0   45.345 -150.483     12.4    992.5
     1     1    16     2    20    14     0     0   -58.0   45.165 -150.905     13.0    992.2
     1     1    16     2    20    13     0     0   -59.0   45.006 -151.355     13.7    991.6
     1     1    16     2    20    12     0     0   -60.0   44.866 -151.836     14.5    990.3
     1     1    16     2    20    11     0     0   -61.0   44.738 -152.343     15.5    989.3
     1     1    16     2    20    10     0     0   -62.0   44.618 -152.872     16.6    988.7
     1     1    16     2    20     9     0     0   -63.0   44.511 -153.426     17.7    988.3
     1     1    16     2    20     8     0     0   -64.0   44.420 -154.011     18.7    987.7
     1     1    16     2    20     7     0     0   -65.0   44.347 -154.632     19.8    987.0
     1     1    16     2    20     6     0     0   -66.0   44.294 -155.291     20.9    986.8
     1     1    16     2    20     5     0     0   -67.0   44.259 -155.979     21.8    987.6
     1     1    16     2    20     4     0     0   -68.0   44.238 -156.688     22.7    988.2
     1     1    16     2    20     3     0     0   -69.0   44.232 -157.421     23.4    988.8
     1     1    16     2    20     2     0     0   -70.0   44.241 -158.174     24.5    989.2
     1     1    16     2    20     1     0     0   -71.0   44.273 -158.941     26.6    989.5
     1     1    16     2    20     0     0     0   -72.0   44.338 -159.724     29.6    989.7
