     1     1
    CDC1    16     3     1     0     0
     1 BACKWARD OMEGA   
    16     3    24     6   60.984 -139.059   750.0
     1 PRESSURE
     1     1    16     3    24     6     0     0     0.0   60.984 -139.059    750.0    802.9
     1     1    16     3    24     5     0     0    -1.0   60.888 -138.830    760.0    803.0
     1     1    16     3    24     4     0     0    -2.0   60.787 -138.573    769.7    803.1
     1     1    16     3    24     3     0     0    -3.0   60.682 -138.290    778.1    803.4
     1     1    16     3    24     2     0     0    -4.0   60.572 -137.983    783.9    803.8
     1     1    16     3    24     1     0     0    -5.0   60.455 -137.656    785.7    804.7
     1     1    16     3    24     0     0     0    -6.0   60.333 -137.310    781.7    805.8
     1     1    16     3    23    23     0     0    -7.0   60.198 -136.948    774.1    807.8
     1     1    16     3    23    22     0     0    -8.0   60.043 -136.568    765.9    809.8
     1     1    16     3    23    21     0     0    -9.0   59.869 -136.174    757.6    813.8
     1     1    16     3    23    20     0     0   -10.0   59.676 -135.773    748.6    818.7
     1     1    16     3    23    19     0     0   -11.0   59.465 -135.372    738.1    824.0
     1     1    16     3    23    18     0     0   -12.0   59.237 -134.973    725.0    829.4
     1     1    16     3    23    17     0     0   -13.0   58.999 -134.586    705.2    833.4
     1     1    16     3    23    16     0     0   -14.0   58.755 -134.217    677.7    838.5
     1     1    16     3    23    15     0     0   -15.0   58.504 -133.859    642.2    844.4
     1     1    16     3    23    14     0     0   -16.0   58.247 -133.508    599.2    851.0
     1     1    16     3    23    13     0     0   -17.0   57.988 -133.162    550.7    857.3
     1     1    16     3    23    12     0     0   -18.0   57.734 -132.825    499.3    863.8
     1     1    16     3    23    11     0     0   -19.0   57.495 -132.513    450.5    870.1
     1     1    16     3    23    10     0     0   -20.0   57.274 -132.241    408.2    875.9
     1     1    16     3    23     9     0     0   -21.0   57.061 -132.005    371.7    881.4
     1     1    16     3    23     8     0     0   -22.0   56.852 -131.796    339.9    886.3
     1     1    16     3    23     7     0     0   -23.0   56.645 -131.609    312.3    891.4
     1     1    16     3    23     6     0     0   -24.0   56.437 -131.439    288.8    896.4
     1     1    16     3    23     5     0     0   -25.0   56.232 -131.281    268.3    900.9
     1     1    16     3    23     4     0     0   -26.0   56.034 -131.132    250.1    905.2
     1     1    16     3    23     3     0     0   -27.0   55.844 -130.997    234.1    909.4
     1     1    16     3    23     2     0     0   -28.0   55.665 -130.881    220.3    913.5
     1     1    16     3    23     1     0     0   -29.0   55.497 -130.787    208.8    917.5
     1     1    16     3    23     0     0     0   -30.0   55.343 -130.721    199.5    921.4
     1     1    16     3    22    23     0     0   -31.0   55.201 -130.667    190.4    924.6
     1     1    16     3    22    22     0     0   -32.0   55.068 -130.613    178.8    927.9
     1     1    16     3    22    21     0     0   -33.0   54.944 -130.557    165.3    930.9
     1     1    16     3    22    20     0     0   -34.0   54.831 -130.501    150.2    933.6
     1     1    16     3    22    19     0     0   -35.0   54.729 -130.443    134.2    936.2
     1     1    16     3    22    18     0     0   -36.0   54.638 -130.379    117.7    938.8
     1     1    16     3    22    17     0     0   -37.0   54.554 -130.313    101.7    940.7
     1     1    16     3    22    16     0     0   -38.0   54.474 -130.254     87.4    942.4
     1     1    16     3    22    15     0     0   -39.0   54.397 -130.198     74.5    944.2
     1     1    16     3    22    14     0     0   -40.0   54.323 -130.144     63.0    945.1
     1     1    16     3    22    13     0     0   -41.0   54.250 -130.087     52.9    945.8
     1     1    16     3    22    12     0     0   -42.0   54.176 -130.024     44.2    946.5
     1     1    16     3    22    11     0     0   -43.0   54.102 -129.952     37.7    947.2
     1     1    16     3    22    10     0     0   -44.0   54.028 -129.873     33.9    947.3
     1     1    16     3    22     9     0     0   -45.0   53.956 -129.789     32.1    947.1
     1     1    16     3    22     8     0     0   -46.0   53.888 -129.704     31.9    946.7
     1     1    16     3    22     7     0     0   -47.0   53.825 -129.617     33.3    945.9
     1     1    16     3    22     6     0     0   -48.0   53.765 -129.528     36.3    944.8
     1     1    16     3    22     5     0     0   -49.0   53.705 -129.435     40.9    943.4
     1     1    16     3    22     4     0     0   -50.0   53.641 -129.337     46.9    941.9
     1     1    16     3    22     3     0     0   -51.0   53.572 -129.235     54.4    940.3
     1     1    16     3    22     2     0     0   -52.0   53.497 -129.129     63.3    938.6
     1     1    16     3    22     1     0     0   -53.0   53.416 -129.020     73.6    936.9
     1     1    16     3    22     0     0     0   -54.0   53.327 -128.908     84.7    934.5
     1     1    16     3    21    23     0     0   -55.0   53.232 -128.791     95.7    932.4
     1     1    16     3    21    22     0     0   -56.0   53.132 -128.669    106.2    930.4
     1     1    16     3    21    21     0     0   -57.0   53.024 -128.540    116.1    928.6
     1     1    16     3    21    20     0     0   -58.0   52.906 -128.402    125.4    926.8
     1     1    16     3    21    19     0     0   -59.0   52.777 -128.255    134.2    925.2
     1     1    16     3    21    18     0     0   -60.0   52.633 -128.098    142.6    923.7
     1     1    16     3    21    17     0     0   -61.0   52.471 -127.933    149.2    922.2
     1     1    16     3    21    16     0     0   -62.0   52.292 -127.763    152.4    921.0
     1     1    16     3    21    15     0     0   -63.0   52.097 -127.587    151.9    920.5
     1     1    16     3    21    14     0     0   -64.0   51.890 -127.404    147.5    920.8
     1     1    16     3    21    13     0     0   -65.0   51.674 -127.220    139.0    921.7
     1     1    16     3    21    12     0     0   -66.0   51.450 -127.036    126.8    923.2
     1     1    16     3    21    11     0     0   -67.0   51.222 -126.852    113.0    925.2
     1     1    16     3    21    10     0     0   -68.0   50.991 -126.669     99.8    927.2
     1     1    16     3    21     9     0     0   -69.0   50.760 -126.487     87.5    929.1
     1     1    16     3    21     8     0     0   -70.0   50.529 -126.306     76.7    931.0
     1     1    16     3    21     7     0     0   -71.0   50.302 -126.127     68.0    932.2
     1     1    16     3    21     6     0     0   -72.0   50.081 -125.951     61.9    933.0
