     1     1
    CDC1    16     1     1     0     0
     1 BACKWARD OMEGA   
    16     1    24     0   60.984 -139.059   750.0
     1 PRESSURE
     1     1    16     1    24     0     0     0     0.0   60.984 -139.059    750.0    799.1
     1     1    16     1    23    23     0     0    -1.0   60.744 -138.953    701.4    807.9
     1     1    16     1    23    22     0     0    -2.0   60.491 -138.860    648.3    817.9
     1     1    16     1    23    21     0     0    -3.0   60.228 -138.784    590.3    828.8
     1     1    16     1    23    20     0     0    -4.0   59.959 -138.731    529.5    840.2
     1     1    16     1    23    19     0     0    -5.0   59.691 -138.706    471.1    855.6
     1     1    16     1    23    18     0     0    -6.0   59.425 -138.712    417.9    870.6
     1     1    16     1    23    17     0     0    -7.0   59.163 -138.719    369.1    884.7
     1     1    16     1    23    16     0     0    -8.0   58.908 -138.708    325.1    897.5
     1     1    16     1    23    15     0     0    -9.0   58.658 -138.683    287.2    909.6
     1     1    16     1    23    14     0     0   -10.0   58.412 -138.652    255.3    921.1
     1     1    16     1    23    13     0     0   -11.0   58.166 -138.625    228.7    932.2
     1     1    16     1    23    12     0     0   -12.0   57.917 -138.611    207.2    942.9
     1     1    16     1    23    11     0     0   -13.0   57.669 -138.606    189.7    953.0
     1     1    16     1    23    10     0     0   -14.0   57.426 -138.593    174.7    960.6
     1     1    16     1    23     9     0     0   -15.0   57.190 -138.572    160.6    964.0
     1     1    16     1    23     8     0     0   -16.0   56.964 -138.550    147.4    967.3
     1     1    16     1    23     7     0     0   -17.0   56.747 -138.538    135.3    970.5
     1     1    16     1    23     6     0     0   -18.0   56.541 -138.550    124.6    973.4
     1     1    16     1    23     5     0     0   -19.0   56.332 -138.581    115.0    976.2
     1     1    16     1    23     4     0     0   -20.0   56.110 -138.624    105.8    979.2
     1     1    16     1    23     3     0     0   -21.0   55.875 -138.684     97.1    982.2
     1     1    16     1    23     2     0     0   -22.0   55.628 -138.764     89.0    985.1
     1     1    16     1    23     1     0     0   -23.0   55.370 -138.869     81.5    987.8
     1     1    16     1    23     0     0     0   -24.0   55.101 -139.003     74.6    990.3
     1     1    16     1    22    23     0     0   -25.0   54.818 -139.170     68.1    990.2
     1     1    16     1    22    22     0     0   -26.0   54.518 -139.363     62.2    988.9
     1     1    16     1    22    21     0     0   -27.0   54.199 -139.577     57.0    987.7
     1     1    16     1    22    20     0     0   -28.0   53.860 -139.810     52.6    986.4
     1     1    16     1    22    19     0     0   -29.0   53.500 -140.061     48.9    985.4
     1     1    16     1    22    18     0     0   -30.0   53.124 -140.334     45.5    984.9
     1     1    16     1    22    17     0     0   -31.0   52.746 -140.647     42.6    984.8
     1     1    16     1    22    16     0     0   -32.0   52.382 -141.010     40.2    985.4
     1     1    16     1    22    15     0     0   -33.0   52.030 -141.403     38.5    986.9
     1     1    16     1    22    14     0     0   -34.0   51.687 -141.813     37.3    988.3
     1     1    16     1    22    13     0     0   -35.0   51.347 -142.234     36.5    989.6
     1     1    16     1    22    12     0     0   -36.0   51.006 -142.666     35.8    990.5
     1     1    16     1    22    11     0     0   -37.0   50.681 -143.134     35.4    990.6
     1     1    16     1    22    10     0     0   -38.0   50.386 -143.655     35.3    990.2
     1     1    16     1    22     9     0     0   -39.0   50.114 -144.230     35.6    989.3
     1     1    16     1    22     8     0     0   -40.0   49.864 -144.853     36.4    987.6
     1     1    16     1    22     7     0     0   -41.0   49.641 -145.509     37.6    986.2
     1     1    16     1    22     6     0     0   -42.0   49.454 -146.189     39.2    984.7
     1     1    16     1    22     5     0     0   -43.0   49.303 -146.894     41.0    983.0
     1     1    16     1    22     4     0     0   -44.0   49.185 -147.624     42.7    981.6
     1     1    16     1    22     3     0     0   -45.0   49.096 -148.365     44.1    982.1
     1     1    16     1    22     2     0     0   -46.0   49.032 -149.109     45.2    982.5
     1     1    16     1    22     1     0     0   -47.0   48.991 -149.860     45.9    982.9
     1     1    16     1    22     0     0     0   -48.0   48.973 -150.622     46.2    983.6
     1     1    16     1    21    23     0     0   -49.0   48.982 -151.387     46.5    984.6
     1     1    16     1    21    22     0     0   -50.0   49.021 -152.146     47.0    985.3
     1     1    16     1    21    21     0     0   -51.0   49.085 -152.892     47.5    985.0
     1     1    16     1    21    20     0     0   -52.0   49.171 -153.621     48.1    983.8
     1     1    16     1    21    19     0     0   -53.0   49.281 -154.332     48.6    982.3
     1     1    16     1    21    18     0     0   -54.0   49.416 -155.027     49.0    980.5
     1     1    16     1    21    17     0     0   -55.0   49.570 -155.699     49.3    979.6
     1     1    16     1    21    16     0     0   -56.0   49.735 -156.339     49.7    978.5
     1     1    16     1    21    15     0     0   -57.0   49.911 -156.947     49.9    977.2
     1     1    16     1    21    14     0     0   -58.0   50.099 -157.518     49.7    976.7
     1     1    16     1    21    13     0     0   -59.0   50.296 -158.042     49.2    978.8
     1     1    16     1    21    12     0     0   -60.0   50.500 -158.519     48.4    980.6
     1     1    16     1    21    11     0     0   -61.0   50.712 -158.944     47.7    982.1
     1     1    16     1    21    10     0     0   -62.0   50.929 -159.314     47.4    983.2
     1     1    16     1    21     9     0     0   -63.0   51.151 -159.627     47.3    983.9
     1     1    16     1    21     8     0     0   -64.0   51.376 -159.882     47.7    984.2
     1     1    16     1    21     7     0     0   -65.0   51.604 -160.078     48.3    984.3
     1     1    16     1    21     6     0     0   -66.0   51.833 -160.213     49.4    984.0
     1     1    16     1    21     5     0     0   -67.0   52.063 -160.303     50.5    983.8
     1     1    16     1    21     4     0     0   -68.0   52.292 -160.364     51.3    983.6
     1     1    16     1    21     3     0     0   -69.0   52.519 -160.403     51.8    983.5
     1     1    16     1    21     2     0     0   -70.0   52.737 -160.430     51.9    983.6
     1     1    16     1    21     1     0     0   -71.0   52.939 -160.452     51.5    983.7
     1     1    16     1    21     0     0     0   -72.0   53.129 -160.464     50.8    983.9
