     1     1
    CDC1    15    12     1     0     0
     1 BACKWARD OMEGA   
    15    12    27    18   60.984 -139.059   750.0
     1 PRESSURE
     1     1    15    12    27    18     0     0     0.0   60.984 -139.059    750.0    808.3
     1     1    15    12    27    17     0     0    -1.0   60.882 -139.082    757.7    809.2
     1     1    15    12    27    16     0     0    -2.0   60.772 -139.105    766.8    810.0
     1     1    15    12    27    15     0     0    -3.0   60.655 -139.127    776.9    810.8
     1     1    15    12    27    14     0     0    -4.0   60.531 -139.148    787.8    811.6
     1     1    15    12    27    13     0     0    -5.0   60.399 -139.167    798.8    812.6
     1     1    15    12    27    12     0     0    -6.0   60.259 -139.185    809.7    813.8
     1     1    15    12    27    11     0     0    -7.0   60.119 -139.198    813.4    814.9
     1     1    15    12    27    10     0     0    -8.0   59.987 -139.204    802.7    818.2
     1     1    15    12    27     9     0     0    -9.0   59.862 -139.205    779.5    824.6
     1     1    15    12    27     8     0     0   -10.0   59.746 -139.205    744.4    832.0
     1     1    15    12    27     7     0     0   -11.0   59.636 -139.202    697.8    840.5
     1     1    15    12    27     6     0     0   -12.0   59.532 -139.192    640.3    850.3
     1     1    15    12    27     5     0     0   -13.0   59.431 -139.173    583.0    860.6
     1     1    15    12    27     4     0     0   -14.0   59.331 -139.149    536.3    868.4
     1     1    15    12    27     3     0     0   -15.0   59.232 -139.125    499.7    875.0
     1     1    15    12    27     2     0     0   -16.0   59.137 -139.105    471.8    880.7
     1     1    15    12    27     1     0     0   -17.0   59.045 -139.095    451.4    885.5
     1     1    15    12    27     0     0     0   -18.0   58.956 -139.099    437.8    889.5
     1     1    15    12    26    23     0     0   -19.0   58.866 -139.089    426.3    893.1
     1     1    15    12    26    22     0     0   -20.0   58.771 -139.035    412.9    897.6
     1     1    15    12    26    21     0     0   -21.0   58.675 -138.939    397.8    902.2
     1     1    15    12    26    20     0     0   -22.0   58.578 -138.801    381.3    906.9
     1     1    15    12    26    19     0     0   -23.0   58.484 -138.621    363.8    911.2
     1     1    15    12    26    18     0     0   -24.0   58.395 -138.397    345.5    915.1
     1     1    15    12    26    17     0     0   -25.0   58.302 -138.136    325.9    919.6
     1     1    15    12    26    16     0     0   -26.0   58.198 -137.839    304.3    924.8
     1     1    15    12    26    15     0     0   -27.0   58.083 -137.501    281.3    930.5
     1     1    15    12    26    14     0     0   -28.0   57.959 -137.121    256.9    935.2
     1     1    15    12    26    13     0     0   -29.0   57.827 -136.696    231.3    940.2
     1     1    15    12    26    12     0     0   -30.0   57.692 -136.222    205.1    945.2
     1     1    15    12    26    11     0     0   -31.0   57.566 -135.704    178.2    949.0
     1     1    15    12    26    10     0     0   -32.0   57.458 -135.156    150.3    951.6
     1     1    15    12    26     9     0     0   -33.0   57.354 -134.599    119.9    950.4
     1     1    15    12    26     8     0     0   -34.0   57.236 -134.053     85.1    949.7
     1     1    15    12    26     7     0     0   -35.0   57.111 -133.523     49.6    949.7
     1     1    15    12    26     6     0     0   -36.0   57.028 -133.032     24.7    949.8
     1     1    15    12    26     5     0     0   -37.0   56.988 -132.602      7.9    945.6
     1     1    15    12    26     4     0     0   -38.0   56.994 -132.237      0.0    939.0
     1     1    15    12    26     3     0     0   -39.0   57.015 -131.920      0.0    932.5
     1     1    15    12    26     2     0     0   -40.0   57.047 -131.636      0.0    926.3
     1     1    15    12    26     1     0     0   -41.0   57.089 -131.372      0.0    920.2
     1     1    15    12    26     0     0     0   -42.0   57.138 -131.116      0.0    914.1
     1     1    15    12    25    23     0     0   -43.0   57.192 -130.878      0.0    908.1
     1     1    15    12    25    22     0     0   -44.0   57.251 -130.672      0.0    902.6
     1     1    15    12    25    21     0     0   -45.0   57.310 -130.500      0.0    897.7
     1     1    15    12    25    20     0     0   -46.0   57.368 -130.361      0.4    893.4
     1     1    15    12    25    19     0     0   -47.0   57.423 -130.255      1.4    889.9
     1     1    15    12    25    18     0     0   -48.0   57.473 -130.180      2.7    887.0
     1     1    15    12    25    17     0     0   -49.0   57.519 -130.110      4.2    884.6
     1     1    15    12    25    16     0     0   -50.0   57.561 -130.017      5.3    882.3
     1     1    15    12    25    15     0     0   -51.0   57.599 -129.901      6.2    880.6
     1     1    15    12    25    14     0     0   -52.0   57.631 -129.762      6.8    878.8
     1     1    15    12    25    13     0     0   -53.0   57.658 -129.601      7.2    876.9
     1     1    15    12    25    12     0     0   -54.0   57.680 -129.419      7.3    874.9
     1     1    15    12    25    11     0     0   -55.0   57.698 -129.236      7.2    872.4
     1     1    15    12    25    10     0     0   -56.0   57.713 -129.072      6.9    870.2
     1     1    15    12    25     9     0     0   -57.0   57.726 -128.927      6.5    868.2
     1     1    15    12    25     8     0     0   -58.0   57.738 -128.799      5.9    866.3
     1     1    15    12    25     7     0     0   -59.0   57.751 -128.690      5.1    864.7
     1     1    15    12    25     6     0     0   -60.0   57.765 -128.599      4.1    863.2
     1     1    15    12    25     5     0     0   -61.0   57.777 -128.507      3.2    862.0
     1     1    15    12    25     4     0     0   -62.0   57.781 -128.397      2.6    860.7
     1     1    15    12    25     3     0     0   -63.0   57.777 -128.270      2.4    859.2
     1     1    15    12    25     2     0     0   -64.0   57.765 -128.125      2.5    857.6
     1     1    15    12    25     1     0     0   -65.0   57.744 -127.961      2.8    855.7
     1     1    15    12    25     0     0     0   -66.0   57.714 -127.777      3.4    853.6
     1     1    15    12    24    23     0     0   -67.0   57.684 -127.598      4.0    851.3
     1     1    15    12    24    22     0     0   -68.0   57.667 -127.450      4.4    850.2
     1     1    15    12    24    21     0     0   -69.0   57.667 -127.333      4.8    850.4
     1     1    15    12    24    20     0     0   -70.0   57.682 -127.248      5.1    850.6
     1     1    15    12    24    19     0     0   -71.0   57.713 -127.195      5.4    850.6
     1     1    15    12    24    18     0     0   -72.0   57.760 -127.172      5.6    850.6
