     1     1
    CDC1    16     4     1     0     0
     1 BACKWARD OMEGA   
    16     4    27    12   60.984 -139.059   750.0
     1 PRESSURE
     1     1    16     4    27    12     0     0     0.0   60.984 -139.059    750.0    809.5
     1     1    16     4    27    11     0     0    -1.0   60.869 -138.943    743.0    812.2
     1     1    16     4    27    10     0     0    -2.0   60.747 -138.832    738.7    814.5
     1     1    16     4    27     9     0     0    -3.0   60.619 -138.726    737.0    816.7
     1     1    16     4    27     8     0     0    -4.0   60.485 -138.623    737.8    818.7
     1     1    16     4    27     7     0     0    -5.0   60.345 -138.521    741.1    820.6
     1     1    16     4    27     6     0     0    -6.0   60.199 -138.419    746.7    822.2
     1     1    16     4    27     5     0     0    -7.0   60.041 -138.298    751.3    823.7
     1     1    16     4    27     4     0     0    -8.0   59.865 -138.148    752.6    828.1
     1     1    16     4    27     3     0     0    -9.0   59.672 -137.977    751.3    833.8
     1     1    16     4    27     2     0     0   -10.0   59.461 -137.791    748.0    840.2
     1     1    16     4    27     1     0     0   -11.0   59.232 -137.590    743.6    847.0
     1     1    16     4    27     0     0     0   -12.0   58.988 -137.377    738.8    853.9
     1     1    16     4    26    23     0     0   -13.0   58.736 -137.171    733.7    860.7
     1     1    16     4    26    22     0     0   -14.0   58.484 -136.986    727.6    867.5
     1     1    16     4    26    21     0     0   -15.0   58.234 -136.818    719.2    874.4
     1     1    16     4    26    20     0     0   -16.0   57.989 -136.666    707.4    881.6
     1     1    16     4    26    19     0     0   -17.0   57.750 -136.525    691.1    889.0
     1     1    16     4    26    18     0     0   -18.0   57.522 -136.393    669.5    896.7
     1     1    16     4    26    17     0     0   -19.0   57.299 -136.252    640.6    902.2
     1     1    16     4    26    16     0     0   -20.0   57.076 -136.085    605.7    908.1
     1     1    16     4    26    15     0     0   -21.0   56.855 -135.894    565.0    914.4
     1     1    16     4    26    14     0     0   -22.0   56.640 -135.679    519.6    921.3
     1     1    16     4    26    13     0     0   -23.0   56.433 -135.440    470.3    929.0
     1     1    16     4    26    12     0     0   -24.0   56.237 -135.178    417.9    937.3
     1     1    16     4    26    11     0     0   -25.0   56.050 -134.909    366.0    945.9
     1     1    16     4    26    10     0     0   -26.0   55.862 -134.649    317.3    952.0
     1     1    16     4    26     9     0     0   -27.0   55.668 -134.390    272.8    958.3
     1     1    16     4    26     8     0     0   -28.0   55.465 -134.132    232.5    964.9
     1     1    16     4    26     7     0     0   -29.0   55.247 -133.864    196.8    971.5
     1     1    16     4    26     6     0     0   -30.0   55.010 -133.571    165.8    976.8
     1     1    16     4    26     5     0     0   -31.0   54.742 -133.246    139.9    979.8
     1     1    16     4    26     4     0     0   -32.0   54.436 -132.900    118.9    983.2
     1     1    16     4    26     3     0     0   -33.0   54.093 -132.548    102.5    987.5
     1     1    16     4    26     2     0     0   -34.0   53.722 -132.214     88.8    990.1
     1     1    16     4    26     1     0     0   -35.0   53.331 -131.911     77.2    993.7
     1     1    16     4    26     0     0     0   -36.0   52.924 -131.637     67.7    997.6
     1     1    16     4    25    23     0     0   -37.0   52.522 -131.394     60.4   1002.3
     1     1    16     4    25    22     0     0   -38.0   52.146 -131.185     54.9   1003.6
     1     1    16     4    25    21     0     0   -39.0   51.799 -131.010     50.7   1005.2
     1     1    16     4    25    20     0     0   -40.0   51.481 -130.864     47.4   1007.1
     1     1    16     4    25    19     0     0   -41.0   51.190 -130.746     44.8   1009.3
     1     1    16     4    25    18     0     0   -42.0   50.926 -130.653     42.9   1011.5
     1     1    16     4    25    17     0     0   -43.0   50.691 -130.602     41.2   1013.2
     1     1    16     4    25    16     0     0   -44.0   50.482 -130.607     39.5   1015.0
     1     1    16     4    25    15     0     0   -45.0   50.297 -130.668     37.8   1016.9
     1     1    16     4    25    14     0     0   -46.0   50.137 -130.785     36.2   1018.7
     1     1    16     4    25    13     0     0   -47.0   49.998 -130.956     34.5   1020.4
     1     1    16     4    25    12     0     0   -48.0   49.879 -131.179     32.9   1021.4
     1     1    16     4    25    11     0     0   -49.0   49.766 -131.425     31.6   1022.3
     1     1    16     4    25    10     0     0   -50.0   49.649 -131.675     30.5   1022.9
     1     1    16     4    25     9     0     0   -51.0   49.528 -131.928     29.6   1023.4
     1     1    16     4    25     8     0     0   -52.0   49.406 -132.183     28.9   1023.7
     1     1    16     4    25     7     0     0   -53.0   49.284 -132.441     28.4   1023.9
     1     1    16     4    25     6     0     0   -54.0   49.163 -132.702     28.1   1023.1
     1     1    16     4    25     5     0     0   -55.0   49.047 -132.973     28.1   1022.1
     1     1    16     4    25     4     0     0   -56.0   48.933 -133.262     29.0   1021.0
     1     1    16     4    25     3     0     0   -57.0   48.823 -133.570     30.7   1020.0
     1     1    16     4    25     2     0     0   -58.0   48.718 -133.901     33.5   1018.9
     1     1    16     4    25     1     0     0   -59.0   48.620 -134.258     37.8   1017.7
     1     1    16     4    25     0     0     0   -60.0   48.531 -134.644     44.0   1016.5
     1     1    16     4    24    23     0     0   -61.0   48.443 -135.053     51.8   1014.9
     1     1    16     4    24    22     0     0   -62.0   48.347 -135.475     60.8   1013.6
     1     1    16     4    24    21     0     0   -63.0   48.245 -135.914     70.5   1012.6
     1     1    16     4    24    20     0     0   -64.0   48.140 -136.377     80.9   1011.3
     1     1    16     4    24    19     0     0   -65.0   48.036 -136.871     91.7   1010.0
     1     1    16     4    24    18     0     0   -66.0   47.934 -137.406    102.7   1009.0
     1     1    16     4    24    17     0     0   -67.0   47.836 -137.968    113.5   1008.6
     1     1    16     4    24    16     0     0   -68.0   47.740 -138.536    123.9   1008.4
     1     1    16     4    24    15     0     0   -69.0   47.648 -139.113    133.7   1008.1
     1     1    16     4    24    14     0     0   -70.0   47.560 -139.701    142.6   1007.7
     1     1    16     4    24    13     0     0   -71.0   47.478 -140.303    150.6   1006.9
     1     1    16     4    24    12     0     0   -72.0   47.402 -140.924    157.8   1005.5
