     1     1
    CDC1    15    10     1     0     0
     1 BACKWARD OMEGA   
    15    10    20     0   60.984 -139.059   750.0
     1 PRESSURE
     1     1    15    10    20     0     0     0     0.0   60.984 -139.059    750.0    811.4
     1     1    15    10    19    23     0     0    -1.0   60.849 -139.088    714.9    817.3
     1     1    15    10    19    22     0     0    -2.0   60.716 -139.153    684.8    822.6
     1     1    15    10    19    21     0     0    -3.0   60.590 -139.260    659.4    827.4
     1     1    15    10    19    20     0     0    -4.0   60.473 -139.413    638.4    831.7
     1     1    15    10    19    19     0     0    -5.0   60.369 -139.615    622.1    835.4
     1     1    15    10    19    18     0     0    -6.0   60.281 -139.870    611.0    838.3
     1     1    15    10    19    17     0     0    -7.0   60.199 -140.164    599.5    841.1
     1     1    15    10    19    16     0     0    -8.0   60.113 -140.483    581.6    845.8
     1     1    15    10    19    15     0     0    -9.0   60.024 -140.835    559.1    851.4
     1     1    15    10    19    14     0     0   -10.0   59.936 -141.225    534.0    858.6
     1     1    15    10    19    13     0     0   -11.0   59.852 -141.659    508.3    866.3
     1     1    15    10    19    12     0     0   -12.0   59.774 -142.148    483.9    874.1
     1     1    15    10    19    11     0     0   -13.0   59.699 -142.644    461.1    881.7
     1     1    15    10    19    10     0     0   -14.0   59.619 -143.096    437.4    890.2
     1     1    15    10    19     9     0     0   -15.0   59.534 -143.509    411.5    898.8
     1     1    15    10    19     8     0     0   -16.0   59.447 -143.889    382.5    907.7
     1     1    15    10    19     7     0     0   -17.0   59.361 -144.244    349.7    916.2
     1     1    15    10    19     6     0     0   -18.0   59.278 -144.581    312.3    925.0
     1     1    15    10    19     5     0     0   -19.0   59.203 -144.896    273.4    933.7
     1     1    15    10    19     4     0     0   -20.0   59.135 -145.183    237.5    941.2
     1     1    15    10    19     3     0     0   -21.0   59.073 -145.444    205.1    947.8
     1     1    15    10    19     2     0     0   -22.0   59.015 -145.687    176.9    952.9
     1     1    15    10    19     1     0     0   -23.0   58.961 -145.920    153.0    957.2
     1     1    15    10    19     0     0     0   -24.0   58.912 -146.149    132.8    961.0
     1     1    15    10    18    23     0     0   -25.0   58.871 -146.371    116.4    964.6
     1     1    15    10    18    22     0     0   -26.0   58.838 -146.579    103.9    967.4
     1     1    15    10    18    21     0     0   -27.0   58.817 -146.770     94.5    969.4
     1     1    15    10    18    20     0     0   -28.0   58.808 -146.942     87.6    970.7
     1     1    15    10    18    19     0     0   -29.0   58.811 -147.092     82.8    971.3
     1     1    15    10    18    18     0     0   -30.0   58.827 -147.216     79.6    971.3
     1     1    15    10    18    17     0     0   -31.0   58.848 -147.303     77.3    971.3
     1     1    15    10    18    16     0     0   -32.0   58.865 -147.348     75.1    971.3
     1     1    15    10    18    15     0     0   -33.0   58.876 -147.349     72.8    971.1
     1     1    15    10    18    14     0     0   -34.0   58.879 -147.306     70.1    971.0
     1     1    15    10    18    13     0     0   -35.0   58.874 -147.220     66.9    971.0
     1     1    15    10    18    12     0     0   -36.0   58.858 -147.092     63.0    971.1
     1     1    15    10    18    11     0     0   -37.0   58.829 -146.935     58.3    971.6
     1     1    15    10    18    10     0     0   -38.0   58.785 -146.764     53.2    972.6
     1     1    15    10    18     9     0     0   -39.0   58.726 -146.578     47.9    974.1
     1     1    15    10    18     8     0     0   -40.0   58.649 -146.374     42.7    976.0
     1     1    15    10    18     7     0     0   -41.0   58.554 -146.149     37.7    978.6
     1     1    15    10    18     6     0     0   -42.0   58.439 -145.898     33.3    981.8
     1     1    15    10    18     5     0     0   -43.0   58.303 -145.642     29.6    985.6
     1     1    15    10    18     4     0     0   -44.0   58.151 -145.413     26.8    990.1
     1     1    15    10    18     3     0     0   -45.0   57.984 -145.213     24.8    995.3
     1     1    15    10    18     2     0     0   -46.0   57.804 -145.049     23.5   1001.1
     1     1    15    10    18     1     0     0   -47.0   57.610 -144.925     22.6   1007.2
     1     1    15    10    18     0     0     0   -48.0   57.407 -144.845     22.1   1009.9
     1     1    15    10    17    23     0     0   -49.0   57.201 -144.806     21.6   1008.0
     1     1    15    10    17    22     0     0   -50.0   57.002 -144.804     21.1   1006.4
     1     1    15    10    17    21     0     0   -51.0   56.810 -144.838     20.6   1005.0
     1     1    15    10    17    20     0     0   -52.0   56.629 -144.904     20.1   1003.7
     1     1    15    10    17    19     0     0   -53.0   56.460 -145.001     19.7   1002.5
     1     1    15    10    17    18     0     0   -54.0   56.303 -145.128     19.3   1001.0
     1     1    15    10    17    17     0     0   -55.0   56.153 -145.273     18.9    999.1
     1     1    15    10    17    16     0     0   -56.0   56.005 -145.427     18.6    997.1
     1     1    15    10    17    15     0     0   -57.0   55.864 -145.597     18.5    995.2
     1     1    15    10    17    14     0     0   -58.0   55.730 -145.791     18.5    993.4
     1     1    15    10    17    13     0     0   -59.0   55.603 -146.015     18.6    991.5
     1     1    15    10    17    12     0     0   -60.0   55.483 -146.277     19.0    989.6
     1     1    15    10    17    11     0     0   -61.0   55.368 -146.564     19.5    987.4
     1     1    15    10    17    10     0     0   -62.0   55.257 -146.861     20.1    985.1
     1     1    15    10    17     9     0     0   -63.0   55.151 -147.175     20.9    982.7
     1     1    15    10    17     8     0     0   -64.0   55.051 -147.515     21.7    980.2
     1     1    15    10    17     7     0     0   -65.0   54.954 -147.881     22.7    978.7
     1     1    15    10    17     6     0     0   -66.0   54.861 -148.274     23.9    978.1
     1     1    15    10    17     5     0     0   -67.0   54.765 -148.677     24.9    977.6
     1     1    15    10    17     4     0     0   -68.0   54.663 -149.071     25.7    977.5
     1     1    15    10    17     3     0     0   -69.0   54.561 -149.453     26.2    977.6
     1     1    15    10    17     2     0     0   -70.0   54.463 -149.821     26.4    977.8
     1     1    15    10    17     1     0     0   -71.0   54.376 -150.178     26.3    978.4
     1     1    15    10    17     0     0     0   -72.0   54.303 -150.526     25.9    979.1
