     1     1
    CDC1    15    12     1     0     0
     1 BACKWARD OMEGA   
    15    12    29     0   60.984 -139.059   750.0
     1 PRESSURE
     1     1    15    12    29     0     0     0     0.0   60.984 -139.059    750.0    803.1
     1     1    15    12    28    23     0     0    -1.0   60.513 -139.089    672.7    818.6
     1     1    15    12    28    22     0     0    -2.0   60.037 -138.969    576.0    838.1
     1     1    15    12    28    21     0     0    -3.0   59.578 -138.714    478.6    865.0
     1     1    15    12    28    20     0     0    -4.0   59.155 -138.363    395.2    889.4
     1     1    15    12    28    19     0     0    -5.0   58.767 -137.941    327.8    909.6
     1     1    15    12    28    18     0     0    -6.0   58.416 -137.470    275.3    926.8
     1     1    15    12    28    17     0     0    -7.0   58.111 -136.994    234.7    939.2
     1     1    15    12    28    16     0     0    -8.0   57.857 -136.546    203.4    948.9
     1     1    15    12    28    15     0     0    -9.0   57.655 -136.130    178.6    955.2
     1     1    15    12    28    14     0     0   -10.0   57.500 -135.750    158.7    959.8
     1     1    15    12    28    13     0     0   -11.0   57.387 -135.407    143.0    961.6
     1     1    15    12    28    12     0     0   -12.0   57.310 -135.103    131.3    962.9
     1     1    15    12    28    11     0     0   -13.0   57.258 -134.837    122.7    961.4
     1     1    15    12    28    10     0     0   -14.0   57.220 -134.609    116.4    959.1
     1     1    15    12    28     9     0     0   -15.0   57.193 -134.417    112.0    956.9
     1     1    15    12    28     8     0     0   -16.0   57.177 -134.255    109.4    954.8
     1     1    15    12    28     7     0     0   -17.0   57.170 -134.120    108.1    952.7
     1     1    15    12    28     6     0     0   -18.0   57.173 -134.008    108.2    950.6
     1     1    15    12    28     5     0     0   -19.0   57.182 -133.911    109.8    948.4
     1     1    15    12    28     4     0     0   -20.0   57.194 -133.821    113.4    945.9
     1     1    15    12    28     3     0     0   -21.0   57.208 -133.738    119.0    943.2
     1     1    15    12    28     2     0     0   -22.0   57.224 -133.664    126.9    940.4
     1     1    15    12    28     1     0     0   -23.0   57.242 -133.598    137.2    937.4
     1     1    15    12    28     0     0     0   -24.0   57.261 -133.541    150.0    934.3
     1     1    15    12    27    23     0     0   -25.0   57.277 -133.488    165.2    931.1
     1     1    15    12    27    22     0     0   -26.0   57.283 -133.432    182.7    928.0
     1     1    15    12    27    21     0     0   -27.0   57.280 -133.373    202.5    924.6
     1     1    15    12    27    20     0     0   -28.0   57.265 -133.312    225.0    920.7
     1     1    15    12    27    19     0     0   -29.0   57.237 -133.247    250.1    916.7
     1     1    15    12    27    18     0     0   -30.0   57.196 -133.176    277.8    912.8
     1     1    15    12    27    17     0     0   -31.0   57.150 -133.107    307.5    909.1
     1     1    15    12    27    16     0     0   -32.0   57.108 -133.051    338.1    905.7
     1     1    15    12    27    15     0     0   -33.0   57.068 -133.007    369.7    902.5
     1     1    15    12    27    14     0     0   -34.0   57.033 -132.975    401.9    898.7
     1     1    15    12    27    13     0     0   -35.0   57.001 -132.955    434.7    895.0
     1     1    15    12    27    12     0     0   -36.0   56.974 -132.947    468.1    891.4
     1     1    15    12    27    11     0     0   -37.0   56.941 -132.956    497.3    888.2
     1     1    15    12    27    10     0     0   -38.0   56.893 -132.985    517.0    887.4
     1     1    15    12    27     9     0     0   -39.0   56.830 -133.029    527.2    888.1
     1     1    15    12    27     8     0     0   -40.0   56.752 -133.086    528.1    890.5
     1     1    15    12    27     7     0     0   -41.0   56.662 -133.153    519.8    894.2
     1     1    15    12    27     6     0     0   -42.0   56.559 -133.227    502.7    899.3
     1     1    15    12    27     5     0     0   -43.0   56.455 -133.295    481.4    905.0
     1     1    15    12    27     4     0     0   -44.0   56.360 -133.349    460.2    909.9
     1     1    15    12    27     3     0     0   -45.0   56.275 -133.394    439.3    914.4
     1     1    15    12    27     2     0     0   -46.0   56.201 -133.431    418.8    918.6
     1     1    15    12    27     1     0     0   -47.0   56.137 -133.464    398.9    922.5
     1     1    15    12    27     0     0     0   -48.0   56.085 -133.496    379.8    926.0
     1     1    15    12    26    23     0     0   -49.0   56.037 -133.514    359.8    928.7
     1     1    15    12    26    22     0     0   -50.0   55.985 -133.507    338.3    931.5
     1     1    15    12    26    21     0     0   -51.0   55.930 -133.475    315.3    934.3
     1     1    15    12    26    20     0     0   -52.0   55.872 -133.418    290.9    937.1
     1     1    15    12    26    19     0     0   -53.0   55.811 -133.336    265.5    939.9
     1     1    15    12    26    18     0     0   -54.0   55.748 -133.228    239.4    942.7
     1     1    15    12    26    17     0     0   -55.0   55.672 -133.080    213.1    946.8
     1     1    15    12    26    16     0     0   -56.0   55.572 -132.872    186.5    950.5
     1     1    15    12    26    15     0     0   -57.0   55.440 -132.590    160.0    953.7
     1     1    15    12    26    14     0     0   -58.0   55.273 -132.225    133.2    955.5
     1     1    15    12    26    13     0     0   -59.0   55.074 -131.781    105.5    956.6
     1     1    15    12    26    12     0     0   -60.0   54.854 -131.266     78.5    956.4
     1     1    15    12    26    11     0     0   -61.0   54.635 -130.740     54.1    955.0
     1     1    15    12    26    10     0     0   -62.0   54.441 -130.251     34.8    954.0
     1     1    15    12    26     9     0     0   -63.0   54.286 -129.812     21.9    953.0
     1     1    15    12    26     8     0     0   -64.0   54.173 -129.439     14.5    951.3
     1     1    15    12    26     7     0     0   -65.0   54.097 -129.143     10.1    949.0
     1     1    15    12    26     6     0     0   -66.0   54.050 -128.920      7.3    946.8
     1     1    15    12    26     5     0     0   -67.0   54.020 -128.746      5.0    944.5
     1     1    15    12    26     4     0     0   -68.0   53.999 -128.594      3.3    942.3
     1     1    15    12    26     3     0     0   -69.0   53.984 -128.458      2.0    940.3
     1     1    15    12    26     2     0     0   -70.0   53.973 -128.334      1.1    938.4
     1     1    15    12    26     1     0     0   -71.0   53.965 -128.218      0.7    936.5
     1     1    15    12    26     0     0     0   -72.0   53.956 -128.105      0.7    934.7
