     1     1
    CDC1    16     2     1     0     0
     1 BACKWARD OMEGA   
    16     2    25     6   60.984 -139.059   750.0
     1 PRESSURE
     1     1    16     2    25     6     0     0     0.0   60.984 -139.059    750.0    803.2
     1     1    16     2    25     5     0     0    -1.0   60.480 -138.833    638.2    823.1
     1     1    16     2    25     4     0     0    -2.0   59.972 -138.498    523.8    844.4
     1     1    16     2    25     3     0     0    -3.0   59.478 -138.082    423.1    872.4
     1     1    16     2    25     2     0     0    -4.0   59.005 -137.611    343.8    895.7
     1     1    16     2    25     1     0     0    -5.0   58.543 -137.066    283.1    914.6
     1     1    16     2    25     0     0     0    -6.0   58.089 -136.440    237.1    930.5
     1     1    16     2    24    23     0     0    -7.0   57.656 -135.761    200.1    943.9
     1     1    16     2    24    22     0     0    -8.0   57.262 -135.094    168.2    951.3
     1     1    16     2    24    21     0     0    -9.0   56.903 -134.482    140.2    953.3
     1     1    16     2    24    20     0     0   -10.0   56.576 -133.930    115.8    955.5
     1     1    16     2    24    19     0     0   -11.0   56.282 -133.422     94.8    958.3
     1     1    16     2    24    18     0     0   -12.0   56.027 -132.946     77.5    960.9
     1     1    16     2    24    17     0     0   -13.0   55.803 -132.486     63.9    961.8
     1     1    16     2    24    16     0     0   -14.0   55.597 -132.031     53.9    958.7
     1     1    16     2    24    15     0     0   -15.0   55.411 -131.582     46.8    955.1
     1     1    16     2    24    14     0     0   -16.0   55.240 -131.135     41.4    951.1
     1     1    16     2    24    13     0     0   -17.0   55.086 -130.686     36.8    946.7
     1     1    16     2    24    12     0     0   -18.0   54.948 -130.232     32.6    941.7
     1     1    16     2    24    11     0     0   -19.0   54.833 -129.787     29.5    937.2
     1     1    16     2    24    10     0     0   -20.0   54.748 -129.367     28.2    932.6
     1     1    16     2    24     9     0     0   -21.0   54.692 -128.978     28.4    927.7
     1     1    16     2    24     8     0     0   -22.0   54.667 -128.620     29.7    922.5
     1     1    16     2    24     7     0     0   -23.0   54.673 -128.293     32.2    917.1
     1     1    16     2    24     6     0     0   -24.0   54.708 -127.996     35.9    911.6
     1     1    16     2    24     5     0     0   -25.0   54.759 -127.719     40.1    906.0
     1     1    16     2    24     4     0     0   -26.0   54.812 -127.451     44.6    901.0
     1     1    16     2    24     3     0     0   -27.0   54.859 -127.184     49.4    898.5
     1     1    16     2    24     2     0     0   -28.0   54.893 -126.917     55.1    896.3
     1     1    16     2    24     1     0     0   -29.0   54.916 -126.650     61.7    894.3
     1     1    16     2    24     0     0     0   -30.0   54.929 -126.389     69.2    892.5
     1     1    16     2    23    23     0     0   -31.0   54.941 -126.138     78.0    890.9
     1     1    16     2    23    22     0     0   -32.0   54.962 -125.901     88.3    889.1
     1     1    16     2    23    21     0     0   -33.0   54.991 -125.677    100.4    887.1
     1     1    16     2    23    20     0     0   -34.0   55.029 -125.469    114.4    884.9
     1     1    16     2    23    19     0     0   -35.0   55.080 -125.277    130.4    882.5
     1     1    16     2    23    18     0     0   -36.0   55.146 -125.101    148.6    880.0
     1     1    16     2    23    17     0     0   -37.0   55.218 -124.962    168.7    877.1
     1     1    16     2    23    16     0     0   -38.0   55.289 -124.882    190.9    874.7
     1     1    16     2    23    15     0     0   -39.0   55.361 -124.865    215.5    871.2
     1     1    16     2    23    14     0     0   -40.0   55.435 -124.916    243.2    867.1
     1     1    16     2    23    13     0     0   -41.0   55.514 -125.039    274.7    862.6
     1     1    16     2    23    12     0     0   -42.0   55.597 -125.235    309.9    858.7
     1     1    16     2    23    11     0     0   -43.0   55.690 -125.468    348.9    854.6
     1     1    16     2    23    10     0     0   -44.0   55.796 -125.701    391.8    849.3
     1     1    16     2    23     9     0     0   -45.0   55.915 -125.933    437.5    843.2
     1     1    16     2    23     8     0     0   -46.0   56.046 -126.164    485.0    836.8
     1     1    16     2    23     7     0     0   -47.0   56.187 -126.399    533.6    830.3
     1     1    16     2    23     6     0     0   -48.0   56.340 -126.638    582.5    823.6
     1     1    16     2    23     5     0     0   -49.0   56.495 -126.903    631.9    816.0
     1     1    16     2    23     4     0     0   -50.0   56.642 -127.207    682.4    808.0
     1     1    16     2    23     3     0     0   -51.0   56.779 -127.548    734.8    800.3
     1     1    16     2    23     2     0     0   -52.0   56.901 -127.919    789.5    796.5
     1     1    16     2    23     1     0     0   -53.0   57.004 -128.314    844.9    793.3
     1     1    16     2    23     0     0     0   -54.0   57.087 -128.731    901.7    790.6
     1     1    16     2    22    23     0     0   -55.0   57.152 -129.147    956.2    786.9
     1     1    16     2    22    22     0     0   -56.0   57.205 -129.540   1003.5    784.4
     1     1    16     2    22    21     0     0   -57.0   57.247 -129.909   1043.4    782.6
     1     1    16     2    22    20     0     0   -58.0   57.280 -130.254   1075.4    783.4
     1     1    16     2    22    19     0     0   -59.0   57.302 -130.576   1097.3    785.9
     1     1    16     2    22    18     0     0   -60.0   57.314 -130.878   1108.4    789.3
     1     1    16     2    22    17     0     0   -61.0   57.310 -131.175   1116.0    793.7
     1     1    16     2    22    16     0     0   -62.0   57.283 -131.480   1128.7    797.5
     1     1    16     2    22    15     0     0   -63.0   57.238 -131.792   1145.4    801.5
     1     1    16     2    22    14     0     0   -64.0   57.179 -132.109   1165.1    805.7
     1     1    16     2    22    13     0     0   -65.0   57.110 -132.431   1187.1    810.0
     1     1    16     2    22    12     0     0   -66.0   57.034 -132.756   1209.7    813.8
     1     1    16     2    22    11     0     0   -67.0   56.945 -133.068   1224.8    817.2
     1     1    16     2    22    10     0     0   -68.0   56.839 -133.355   1227.7    822.5
     1     1    16     2    22     9     0     0   -69.0   56.719 -133.620   1219.9    828.7
     1     1    16     2    22     8     0     0   -70.0   56.589 -133.867   1203.8    835.6
     1     1    16     2    22     7     0     0   -71.0   56.452 -134.097   1181.4    843.0
     1     1    16     2    22     6     0     0   -72.0   56.312 -134.315   1155.3    850.7
