     1     1
    CDC1    15    12     1     0     0
     1 BACKWARD OMEGA   
    15    12    16    12   60.984 -139.059   750.0
     1 PRESSURE
     1     1    15    12    16    12     0     0     0.0   60.984 -139.059    750.0    811.1
     1     1    15    12    16    11     0     0    -1.0   60.893 -139.620    718.1    816.7
     1     1    15    12    16    10     0     0    -2.0   60.779 -140.160    686.2    823.5
     1     1    15    12    16     9     0     0    -3.0   60.647 -140.680    655.3    831.8
     1     1    15    12    16     8     0     0    -4.0   60.504 -141.186    625.5    840.5
     1     1    15    12    16     7     0     0    -5.0   60.353 -141.685    597.0    849.2
     1     1    15    12    16     6     0     0    -6.0   60.200 -142.189    570.2    857.8
     1     1    15    12    16     5     0     0    -7.0   60.053 -142.677    540.4    866.8
     1     1    15    12    16     4     0     0    -8.0   59.916 -143.127    501.8    879.0
     1     1    15    12    16     3     0     0    -9.0   59.784 -143.547    454.0    892.6
     1     1    15    12    16     2     0     0   -10.0   59.655 -143.948    397.5    907.4
     1     1    15    12    16     1     0     0   -11.0   59.521 -144.343    333.8    922.6
     1     1    15    12    16     0     0     0   -12.0   59.374 -144.743    266.1    938.8
     1     1    15    12    15    23     0     0   -13.0   59.214 -145.131    205.3    956.2
     1     1    15    12    15    22     0     0   -14.0   59.038 -145.489    161.4    968.6
     1     1    15    12    15    21     0     0   -15.0   58.846 -145.824    132.4    979.3
     1     1    15    12    15    20     0     0   -16.0   58.639 -146.143    113.7    989.2
     1     1    15    12    15    19     0     0   -17.0   58.411 -146.452    101.9    998.6
     1     1    15    12    15    18     0     0   -18.0   58.151 -146.766     95.1   1008.1
     1     1    15    12    15    17     0     0   -19.0   57.872 -147.127     91.0   1017.3
     1     1    15    12    15    16     0     0   -20.0   57.599 -147.553     88.1   1025.8
     1     1    15    12    15    15     0     0   -21.0   57.344 -148.017     84.7   1024.7
     1     1    15    12    15    14     0     0   -22.0   57.116 -148.486     80.4   1020.7
     1     1    15    12    15    13     0     0   -23.0   56.911 -148.940     74.6   1017.5
     1     1    15    12    15    12     0     0   -24.0   56.723 -149.371     67.1   1014.7
     1     1    15    12    15    11     0     0   -25.0   56.536 -149.802     59.6   1011.9
     1     1    15    12    15    10     0     0   -26.0   56.332 -150.264     53.9   1008.8
     1     1    15    12    15     9     0     0   -27.0   56.109 -150.758     49.7   1006.0
     1     1    15    12    15     8     0     0   -28.0   55.863 -151.279     47.4   1003.6
     1     1    15    12    15     7     0     0   -29.0   55.595 -151.822     47.2   1001.8
     1     1    15    12    15     6     0     0   -30.0   55.303 -152.382     49.2   1000.9
     1     1    15    12    15     5     0     0   -31.0   54.992 -152.965     52.7   1000.6
     1     1    15    12    15     4     0     0   -32.0   54.681 -153.556     56.4   1003.1
     1     1    15    12    15     3     0     0   -33.0   54.384 -154.147     60.2   1005.0
     1     1    15    12    15     2     0     0   -34.0   54.101 -154.748     64.5   1006.5
     1     1    15    12    15     1     0     0   -35.0   53.836 -155.368     69.6   1007.1
     1     1    15    12    15     0     0     0   -36.0   53.588 -156.006     75.9   1006.7
     1     1    15    12    14    23     0     0   -37.0   53.346 -156.655     84.8   1004.5
     1     1    15    12    14    22     0     0   -38.0   53.098 -157.312     97.3   1001.5
     1     1    15    12    14    21     0     0   -39.0   52.851 -157.987    113.6    998.5
     1     1    15    12    14    20     0     0   -40.0   52.607 -158.686    133.5    995.6
     1     1    15    12    14    19     0     0   -41.0   52.373 -159.413    156.6    992.5
     1     1    15    12    14    18     0     0   -42.0   52.152 -160.168    182.7    989.5
     1     1    15    12    14    17     0     0   -43.0   51.931 -160.945    209.8    985.7
     1     1    15    12    14    16     0     0   -44.0   51.701 -161.738    236.3    982.1
     1     1    15    12    14    15     0     0   -45.0   51.463 -162.560    262.8    979.3
     1     1    15    12    14    14     0     0   -46.0   51.222 -163.412    290.3    975.6
     1     1    15    12    14    13     0     0   -47.0   50.982 -164.292    319.8    972.0
     1     1    15    12    14    12     0     0   -48.0   50.745 -165.199    352.3    968.0
     1     1    15    12    14    11     0     0   -49.0   50.510 -166.103    386.8    962.4
     1     1    15    12    14    10     0     0   -50.0   50.272 -166.984    423.1    955.9
     1     1    15    12    14     9     0     0   -51.0   50.035 -167.857    462.5    949.8
     1     1    15    12    14     8     0     0   -52.0   49.808 -168.730    504.6    944.5
     1     1    15    12    14     7     0     0   -53.0   49.596 -169.619    548.8    939.5
     1     1    15    12    14     6     0     0   -54.0   49.403 -170.532    596.0    934.7
     1     1    15    12    14     5     0     0   -55.0   49.219 -171.474    641.4    929.0
     1     1    15    12    14     4     0     0   -56.0   49.036 -172.444    681.4    923.7
     1     1    15    12    14     3     0     0   -57.0   48.860 -173.447    717.3    918.4
     1     1    15    12    14     2     0     0   -58.0   48.694 -174.480    751.1    913.7
     1     1    15    12    14     1     0     0   -59.0   48.544 -175.536    785.2    909.7
     1     1    15    12    14     0     0     0   -60.0   48.409 -176.601    821.8    906.4
     1     1    15    12    13    23     0     0   -61.0   48.281 -177.678    859.7    902.5
     1     1    15    12    13    22     0     0   -62.0   48.163 -178.769    897.2    898.2
     1     1    15    12    13    21     0     0   -63.0   48.062 -179.868    934.5    894.2
     1     1    15    12    13    20     0     0   -64.0   47.989  179.031    971.9    888.6
     1     1    15    12    13    19     0     0   -65.0   47.949  177.941   1010.0    882.8
     1     1    15    12    13    18     0     0   -66.0   47.946  176.867   1049.2    877.4
     1     1    15    12    13    17     0     0   -67.0   47.979  175.811   1089.4    872.1
     1     1    15    12    13    16     0     0   -68.0   48.048  174.774   1131.3    867.3
     1     1    15    12    13    15     0     0   -69.0   48.154  173.755   1175.2    863.4
     1     1    15    12    13    14     0     0   -70.0   48.294  172.763   1220.0    859.8
     1     1    15    12    13    13     0     0   -71.0   48.464  171.797   1264.8    855.0
     1     1    15    12    13    12     0     0   -72.0   48.653  170.859   1308.5    849.5
