     1     1
    CDC1    15    12     1     0     0
     1 BACKWARD OMEGA   
    15    12    30    18   60.984 -139.059   750.0
     1 PRESSURE
     1     1    15    12    30    18     0     0     0.0   60.984 -139.059    750.0    812.9
     1     1    15    12    30    17     0     0    -1.0   60.492 -139.157    704.0    825.2
     1     1    15    12    30    16     0     0    -2.0   60.015 -139.079    632.8    841.5
     1     1    15    12    30    15     0     0    -3.0   59.567 -138.854    551.1    866.2
     1     1    15    12    30    14     0     0    -4.0   59.165 -138.529    474.8    887.7
     1     1    15    12    30    13     0     0    -5.0   58.807 -138.131    407.2    906.9
     1     1    15    12    30    12     0     0    -6.0   58.490 -137.690    349.2    923.0
     1     1    15    12    30    11     0     0    -7.0   58.222 -137.238    305.3    935.1
     1     1    15    12    30    10     0     0    -8.0   58.007 -136.799    276.3    942.5
     1     1    15    12    30     9     0     0    -9.0   57.836 -136.379    258.0    947.3
     1     1    15    12    30     8     0     0   -10.0   57.703 -135.985    248.2    949.9
     1     1    15    12    30     7     0     0   -11.0   57.605 -135.621    245.8    950.8
     1     1    15    12    30     6     0     0   -12.0   57.536 -135.295    250.4    950.0
     1     1    15    12    30     5     0     0   -13.0   57.486 -135.010    259.4    947.3
     1     1    15    12    30     4     0     0   -14.0   57.441 -134.763    270.5    942.4
     1     1    15    12    30     3     0     0   -15.0   57.396 -134.550    284.4    937.6
     1     1    15    12    30     2     0     0   -16.0   57.352 -134.367    300.7    933.2
     1     1    15    12    30     1     0     0   -17.0   57.309 -134.211    319.2    929.0
     1     1    15    12    30     0     0     0   -18.0   57.268 -134.079    339.7    925.0
     1     1    15    12    29    23     0     0   -19.0   57.227 -133.965    358.2    921.8
     1     1    15    12    29    22     0     0   -20.0   57.185 -133.859    370.4    919.8
     1     1    15    12    29    21     0     0   -21.0   57.141 -133.761    376.3    918.6
     1     1    15    12    29    20     0     0   -22.0   57.096 -133.666    375.8    918.2
     1     1    15    12    29    19     0     0   -23.0   57.051 -133.574    369.3    918.6
     1     1    15    12    29    18     0     0   -24.0   57.006 -133.482    356.9    919.5
     1     1    15    12    29    17     0     0   -25.0   56.961 -133.394    343.6    920.3
     1     1    15    12    29    16     0     0   -26.0   56.917 -133.315    334.2    920.3
     1     1    15    12    29    15     0     0   -27.0   56.874 -133.244    328.2    920.1
     1     1    15    12    29    14     0     0   -28.0   56.832 -133.182    325.3    919.8
     1     1    15    12    29    13     0     0   -29.0   56.789 -133.128    325.3    919.3
     1     1    15    12    29    12     0     0   -30.0   56.746 -133.082    327.8    918.6
     1     1    15    12    29    11     0     0   -31.0   56.695 -133.033    328.4    918.2
     1     1    15    12    29    10     0     0   -32.0   56.626 -132.962    322.4    919.2
     1     1    15    12    29     9     0     0   -33.0   56.541 -132.868    310.5    920.9
     1     1    15    12    29     8     0     0   -34.0   56.438 -132.746    293.2    923.4
     1     1    15    12    29     7     0     0   -35.0   56.318 -132.592    271.4    926.5
     1     1    15    12    29     6     0     0   -36.0   56.181 -132.403    246.1    929.6
     1     1    15    12    29     5     0     0   -37.0   56.031 -132.189    219.4    933.1
     1     1    15    12    29     4     0     0   -38.0   55.870 -131.959    192.6    936.6
     1     1    15    12    29     3     0     0   -39.0   55.704 -131.716    166.6    939.0
     1     1    15    12    29     2     0     0   -40.0   55.540 -131.469    142.1    941.3
     1     1    15    12    29     1     0     0   -41.0   55.382 -131.221    119.8    943.4
     1     1    15    12    29     0     0     0   -42.0   55.237 -130.981    100.0    945.3
     1     1    15    12    28    23     0     0   -43.0   55.118 -130.749     84.2    946.5
     1     1    15    12    28    22     0     0   -44.0   55.031 -130.526     73.0    946.0
     1     1    15    12    28    21     0     0   -45.0   54.972 -130.310     64.9    944.1
     1     1    15    12    28    20     0     0   -46.0   54.936 -130.102     59.2    941.5
     1     1    15    12    28    19     0     0   -47.0   54.920 -129.898     55.7    938.8
     1     1    15    12    28    18     0     0   -48.0   54.921 -129.696     54.4    935.7
     1     1    15    12    28    17     0     0   -49.0   54.939 -129.501     54.8    931.9
     1     1    15    12    28    16     0     0   -50.0   54.975 -129.318     56.4    927.9
     1     1    15    12    28    15     0     0   -51.0   55.027 -129.146     59.2    923.6
     1     1    15    12    28    14     0     0   -52.0   55.096 -128.989     63.2    919.2
     1     1    15    12    28    13     0     0   -53.0   55.179 -128.853     68.7    914.8
     1     1    15    12    28    12     0     0   -54.0   55.276 -128.740     76.0    910.2
     1     1    15    12    28    11     0     0   -55.0   55.378 -128.652     85.6    904.9
     1     1    15    12    28    10     0     0   -56.0   55.476 -128.586     97.5    899.9
     1     1    15    12    28     9     0     0   -57.0   55.569 -128.540    111.7    895.1
     1     1    15    12    28     8     0     0   -58.0   55.658 -128.512    128.3    890.4
     1     1    15    12    28     7     0     0   -59.0   55.745 -128.497    147.2    885.9
     1     1    15    12    28     6     0     0   -60.0   55.828 -128.492    168.1    881.6
     1     1    15    12    28     5     0     0   -61.0   55.903 -128.500    191.4    877.8
     1     1    15    12    28     4     0     0   -62.0   55.964 -128.527    217.0    873.6
     1     1    15    12    28     3     0     0   -63.0   56.009 -128.574    244.8    869.9
     1     1    15    12    28     2     0     0   -64.0   56.040 -128.642    274.6    866.7
     1     1    15    12    28     1     0     0   -65.0   56.053 -128.732    306.2    864.0
     1     1    15    12    28     0     0     0   -66.0   56.049 -128.841    339.4    862.0
     1     1    15    12    27    23     0     0   -67.0   56.033 -128.955    373.1    860.0
     1     1    15    12    27    22     0     0   -68.0   56.008 -129.056    406.4    857.4
     1     1    15    12    27    21     0     0   -69.0   55.975 -129.140    438.6    855.1
     1     1    15    12    27    20     0     0   -70.0   55.934 -129.209    469.7    853.0
     1     1    15    12    27    19     0     0   -71.0   55.884 -129.261    499.5    851.1
     1     1    15    12    27    18     0     0   -72.0   55.825 -129.296    527.8    849.4
