     1     1
    CDC1    16     3     1     0     0
     1 BACKWARD OMEGA   
    16     3     9    18   60.984 -139.059   750.0
     1 PRESSURE
     1     1    16     3     9    18     0     0     0.0   60.984 -139.059    750.0    795.4
     1     1    16     3     9    17     0     0    -1.0   60.832 -138.639    753.1    797.3
     1     1    16     3     9    16     0     0    -2.0   60.667 -138.219    757.1    799.2
     1     1    16     3     9    15     0     0    -3.0   60.491 -137.799    762.1    801.2
     1     1    16     3     9    14     0     0    -4.0   60.303 -137.382    768.2    802.9
     1     1    16     3     9    13     0     0    -5.0   60.107 -136.973    775.8    804.1
     1     1    16     3     9    12     0     0    -6.0   59.905 -136.578    785.1    806.4
     1     1    16     3     9    11     0     0    -7.0   59.692 -136.202    792.8    809.9
     1     1    16     3     9    10     0     0    -8.0   59.466 -135.840    795.0    814.6
     1     1    16     3     9     9     0     0    -9.0   59.226 -135.490    792.1    820.1
     1     1    16     3     9     8     0     0   -10.0   58.971 -135.148    784.1    826.3
     1     1    16     3     9     7     0     0   -11.0   58.705 -134.812    771.3    832.1
     1     1    16     3     9     6     0     0   -12.0   58.428 -134.481    754.8    837.0
     1     1    16     3     9     5     0     0   -13.0   58.149 -134.145    737.1    841.4
     1     1    16     3     9     4     0     0   -14.0   57.870 -133.801    720.7    844.7
     1     1    16     3     9     3     0     0   -15.0   57.589 -133.451    705.7    847.3
     1     1    16     3     9     2     0     0   -16.0   57.304 -133.109    691.7    849.5
     1     1    16     3     9     1     0     0   -17.0   57.015 -132.790    678.8    852.6
     1     1    16     3     9     0     0     0   -18.0   56.724 -132.496    667.0    856.3
     1     1    16     3     8    23     0     0   -19.0   56.429 -132.230    655.2    859.6
     1     1    16     3     8    22     0     0   -20.0   56.128 -131.996    641.7    863.8
     1     1    16     3     8    21     0     0   -21.0   55.818 -131.794    625.4    869.1
     1     1    16     3     8    20     0     0   -22.0   55.498 -131.623    605.3    875.5
     1     1    16     3     8    19     0     0   -23.0   55.165 -131.485    580.2    883.0
     1     1    16     3     8    18     0     0   -24.0   54.819 -131.383    549.9    890.8
     1     1    16     3     8    17     0     0   -25.0   54.462 -131.294    517.1    899.2
     1     1    16     3     8    16     0     0   -26.0   54.096 -131.191    483.2    907.6
     1     1    16     3     8    15     0     0   -27.0   53.723 -131.073    448.9    916.3
     1     1    16     3     8    14     0     0   -28.0   53.341 -130.935    414.7    925.3
     1     1    16     3     8    13     0     0   -29.0   52.950 -130.775    381.2    934.5
     1     1    16     3     8    12     0     0   -30.0   52.549 -130.591    349.0    943.1
     1     1    16     3     8    11     0     0   -31.0   52.150 -130.408    317.9    948.9
     1     1    16     3     8    10     0     0   -32.0   51.769 -130.252    288.7    954.6
     1     1    16     3     8     9     0     0   -33.0   51.402 -130.117    261.3    960.6
     1     1    16     3     8     8     0     0   -34.0   51.044 -129.995    235.5    966.8
     1     1    16     3     8     7     0     0   -35.0   50.694 -129.883    211.1    972.2
     1     1    16     3     8     6     0     0   -36.0   50.348 -129.774    187.7    977.4
     1     1    16     3     8     5     0     0   -37.0   50.021 -129.698    165.0    982.6
     1     1    16     3     8     4     0     0   -38.0   49.732 -129.687    143.6    987.1
     1     1    16     3     8     3     0     0   -39.0   49.482 -129.739    124.7    991.7
     1     1    16     3     8     2     0     0   -40.0   49.270 -129.849    108.0    996.3
     1     1    16     3     8     1     0     0   -41.0   49.096 -130.015     93.2   1000.9
     1     1    16     3     8     0     0     0   -42.0   48.959 -130.230     80.5   1003.9
     1     1    16     3     7    23     0     0   -43.0   48.847 -130.481     69.6   1004.7
     1     1    16     3     7    22     0     0   -44.0   48.749 -130.768     59.9   1005.2
     1     1    16     3     7    21     0     0   -45.0   48.672 -131.101     51.6   1005.7
     1     1    16     3     7    20     0     0   -46.0   48.619 -131.488     44.6   1006.1
     1     1    16     3     7    19     0     0   -47.0   48.596 -131.941     38.9   1006.5
     1     1    16     3     7    18     0     0   -48.0   48.610 -132.469     34.7   1007.0
     1     1    16     3     7    17     0     0   -49.0   48.636 -133.047     31.3   1005.2
     1     1    16     3     7    16     0     0   -50.0   48.652 -133.644     28.5   1003.4
     1     1    16     3     7    15     0     0   -51.0   48.670 -134.281     26.8   1001.3
     1     1    16     3     7    14     0     0   -52.0   48.707 -134.982     26.8    998.8
     1     1    16     3     7    13     0     0   -53.0   48.769 -135.739     28.6    997.0
     1     1    16     3     7    12     0     0   -54.0   48.863 -136.530     31.3    995.2
     1     1    16     3     7    11     0     0   -55.0   48.994 -137.349     34.5    992.6
     1     1    16     3     7    10     0     0   -56.0   49.142 -138.177     37.3    991.9
     1     1    16     3     7     9     0     0   -57.0   49.290 -139.007     39.7    992.2
     1     1    16     3     7     8     0     0   -58.0   49.444 -139.835     41.7    993.0
     1     1    16     3     7     7     0     0   -59.0   49.603 -140.662     42.8    993.3
     1     1    16     3     7     6     0     0   -60.0   49.763 -141.490     42.0    994.1
     1     1    16     3     7     5     0     0   -61.0   49.918 -142.309     39.6    995.4
     1     1    16     3     7     4     0     0   -62.0   50.059 -143.094     37.2    994.5
     1     1    16     3     7     3     0     0   -63.0   50.187 -143.838     35.8    992.6
     1     1    16     3     7     2     0     0   -64.0   50.306 -144.553     35.1    990.8
     1     1    16     3     7     1     0     0   -65.0   50.422 -145.253     34.7    989.1
     1     1    16     3     7     0     0     0   -66.0   50.543 -145.950     34.2    987.6
     1     1    16     3     6    23     0     0   -67.0   50.664 -146.628     33.5    986.4
     1     1    16     3     6    22     0     0   -68.0   50.781 -147.271     33.1    985.4
     1     1    16     3     6    21     0     0   -69.0   50.894 -147.887     32.8    985.2
     1     1    16     3     6    20     0     0   -70.0   51.005 -148.479     32.8    985.7
     1     1    16     3     6    19     0     0   -71.0   51.116 -149.051     33.0    986.2
     1     1    16     3     6    18     0     0   -72.0   51.228 -149.614     33.5    986.9
