     1     1
    CDC1    16     2     1     0     0
     1 BACKWARD OMEGA   
    16     2    20    18   60.984 -139.059   750.0
     1 PRESSURE
     1     1    16     2    20    18     0     0     0.0   60.984 -139.059    750.0    801.4
     1     1    16     2    20    17     0     0    -1.0   60.647 -138.901    694.5    811.6
     1     1    16     2    20    16     0     0    -2.0   60.316 -138.674    627.7    823.8
     1     1    16     2    20    15     0     0    -3.0   59.994 -138.403    552.3    836.3
     1     1    16     2    20    14     0     0    -4.0   59.682 -138.116    476.2    853.9
     1     1    16     2    20    13     0     0    -5.0   59.381 -137.831    403.1    870.9
     1     1    16     2    20    12     0     0    -6.0   59.091 -137.561    335.7    886.7
     1     1    16     2    20    11     0     0    -7.0   58.820 -137.299    280.7    900.2
     1     1    16     2    20    10     0     0    -8.0   58.583 -137.036    240.4    910.1
     1     1    16     2    20     9     0     0    -9.0   58.382 -136.766    211.0    917.5
     1     1    16     2    20     8     0     0   -10.0   58.220 -136.483    190.1    921.9
     1     1    16     2    20     7     0     0   -11.0   58.094 -136.178    176.0    923.9
     1     1    16     2    20     6     0     0   -12.0   58.001 -135.844    167.8    923.9
     1     1    16     2    20     5     0     0   -13.0   57.923 -135.484    163.0    923.6
     1     1    16     2    20     4     0     0   -14.0   57.843 -135.096    159.1    923.2
     1     1    16     2    20     3     0     0   -15.0   57.759 -134.672    155.4    920.2
     1     1    16     2    20     2     0     0   -16.0   57.670 -134.206    151.2    915.9
     1     1    16     2    20     1     0     0   -17.0   57.582 -133.704    146.4    910.8
     1     1    16     2    20     0     0     0   -18.0   57.500 -133.176    140.9    905.1
     1     1    16     2    19    23     0     0   -19.0   57.430 -132.658    134.3    899.2
     1     1    16     2    19    22     0     0   -20.0   57.370 -132.186    126.6    892.9
     1     1    16     2    19    21     0     0   -21.0   57.315 -131.762    117.7    887.0
     1     1    16     2    19    20     0     0   -22.0   57.263 -131.382    107.8    882.0
     1     1    16     2    19    19     0     0   -23.0   57.219 -131.041     97.0    877.8
     1     1    16     2    19    18     0     0   -24.0   57.184 -130.737     85.6    874.1
     1     1    16     2    19    17     0     0   -25.0   57.152 -130.447     73.7    871.4
     1     1    16     2    19    16     0     0   -26.0   57.111 -130.150     61.5    868.2
     1     1    16     2    19    15     0     0   -27.0   57.064 -129.842     50.0    866.3
     1     1    16     2    19    14     0     0   -28.0   57.013 -129.517     40.3    865.4
     1     1    16     2    19    13     0     0   -29.0   56.957 -129.173     32.6    864.2
     1     1    16     2    19    12     0     0   -30.0   56.893 -128.806     26.6    862.7
     1     1    16     2    19    11     0     0   -31.0   56.828 -128.448     22.4    860.1
     1     1    16     2    19    10     0     0   -32.0   56.768 -128.126     19.6    857.3
     1     1    16     2    19     9     0     0   -33.0   56.706 -127.838     17.6    854.7
     1     1    16     2    19     8     0     0   -34.0   56.640 -127.584     16.1    852.4
     1     1    16     2    19     7     0     0   -35.0   56.566 -127.361     14.8    852.3
     1     1    16     2    19     6     0     0   -36.0   56.483 -127.169     13.7    853.3
     1     1    16     2    19     5     0     0   -37.0   56.396 -127.007     12.8    854.4
     1     1    16     2    19     4     0     0   -38.0   56.315 -126.875     11.9    855.2
     1     1    16     2    19     3     0     0   -39.0   56.240 -126.774     11.2    855.7
     1     1    16     2    19     2     0     0   -40.0   56.173 -126.704     10.6    856.1
     1     1    16     2    19     1     0     0   -41.0   56.115 -126.664     10.1    856.2
     1     1    16     2    19     0     0     0   -42.0   56.065 -126.654      9.7    856.2
     1     1    16     2    18    23     0     0   -43.0   56.012 -126.659      9.3    856.4
     1     1    16     2    18    22     0     0   -44.0   55.943 -126.663      8.8    856.8
     1     1    16     2    18    21     0     0   -45.0   55.856 -126.669      8.1    857.4
     1     1    16     2    18    20     0     0   -46.0   55.750 -126.679      7.2    858.4
     1     1    16     2    18    19     0     0   -47.0   55.623 -126.697      6.1    859.7
     1     1    16     2    18    18     0     0   -48.0   55.473 -126.726      4.8    861.5
     1     1    16     2    18    17     0     0   -49.0   55.311 -126.757      3.4    863.7
     1     1    16     2    18    16     0     0   -50.0   55.153 -126.775      1.9    865.8
     1     1    16     2    18    15     0     0   -51.0   55.001 -126.775      0.4    867.7
     1     1    16     2    18    14     0     0   -52.0   54.857 -126.749      0.0    869.2
     1     1    16     2    18    13     0     0   -53.0   54.725 -126.692      0.0    870.3
     1     1    16     2    18    12     0     0   -54.0   54.602 -126.607      0.0    871.0
     1     1    16     2    18    11     0     0   -55.0   54.486 -126.498      0.0    872.0
     1     1    16     2    18    10     0     0   -56.0   54.376 -126.370      0.0    872.7
     1     1    16     2    18     9     0     0   -57.0   54.272 -126.221      0.0    873.1
     1     1    16     2    18     8     0     0   -58.0   54.172 -126.049      0.0    873.0
     1     1    16     2    18     7     0     0   -59.0   54.076 -125.851      0.0    872.6
     1     1    16     2    18     6     0     0   -60.0   53.984 -125.625      0.0    871.7
     1     1    16     2    18     5     0     0   -61.0   53.894 -125.387      0.0    871.0
     1     1    16     2    18     4     0     0   -62.0   53.810 -125.157      0.0    870.1
     1     1    16     2    18     3     0     0   -63.0   53.735 -124.939      0.0    869.3
     1     1    16     2    18     2     0     0   -64.0   53.672 -124.734      0.0    869.2
     1     1    16     2    18     1     0     0   -65.0   53.625 -124.546      0.0    869.0
     1     1    16     2    18     0     0     0   -66.0   53.595 -124.373      0.0    868.8
     1     1    16     2    17    23     0     0   -67.0   53.576 -124.205      0.0    868.4
     1     1    16     2    17    22     0     0   -68.0   53.563 -124.030      0.0    868.0
     1     1    16     2    17    21     0     0   -69.0   53.554 -123.848      0.0    867.5
     1     1    16     2    17    20     0     0   -70.0   53.548 -123.659      0.0    867.1
     1     1    16     2    17    19     0     0   -71.0   53.544 -123.462      0.0    866.6
     1     1    16     2    17    18     0     0   -72.0   53.539 -123.258      0.0    866.0
