     1     1
    CDC1    15    10     1     0     0
     1 BACKWARD OMEGA   
    15    10     7     6   60.984 -139.059   750.0
     1 PRESSURE
     1     1    15    10     7     6     0     0     0.0   60.984 -139.059    750.0    811.1
     1     1    15    10     7     5     0     0    -1.0   60.895 -139.208    750.7    813.1
     1     1    15    10     7     4     0     0    -2.0   60.807 -139.346    754.6    814.6
     1     1    15    10     7     3     0     0    -3.0   60.723 -139.475    761.7    815.7
     1     1    15    10     7     2     0     0    -4.0   60.642 -139.600    772.3    816.4
     1     1    15    10     7     1     0     0    -5.0   60.566 -139.721    786.6    816.7
     1     1    15    10     7     0     0     0    -6.0   60.495 -139.843    804.9    816.5
     1     1    15    10     6    23     0     0    -7.0   60.426 -139.968    823.9    815.5
     1     1    15    10     6    22     0     0    -8.0   60.356 -140.097    841.3    815.4
     1     1    15    10     6    21     0     0    -9.0   60.285 -140.229    856.6    815.6
     1     1    15    10     6    20     0     0   -10.0   60.213 -140.363    869.9    816.1
     1     1    15    10     6    19     0     0   -11.0   60.141 -140.498    881.3    816.8
     1     1    15    10     6    18     0     0   -12.0   60.067 -140.634    891.1    817.7
     1     1    15    10     6    17     0     0   -13.0   59.993 -140.752    900.5    819.2
     1     1    15    10     6    16     0     0   -14.0   59.920 -140.834    911.1    821.0
     1     1    15    10     6    15     0     0   -15.0   59.849 -140.881    922.1    822.6
     1     1    15    10     6    14     0     0   -16.0   59.780 -140.894    933.5    823.9
     1     1    15    10     6    13     0     0   -17.0   59.711 -140.873    945.5    824.9
     1     1    15    10     6    12     0     0   -18.0   59.644 -140.822    957.9    825.7
     1     1    15    10     6    11     0     0   -19.0   59.581 -140.759    968.0    826.2
     1     1    15    10     6    10     0     0   -20.0   59.525 -140.704    972.9    827.4
     1     1    15    10     6     9     0     0   -21.0   59.477 -140.654    972.5    829.0
     1     1    15    10     6     8     0     0   -22.0   59.437 -140.610    966.6    830.9
     1     1    15    10     6     7     0     0   -23.0   59.405 -140.571    955.4    833.1
     1     1    15    10     6     6     0     0   -24.0   59.382 -140.537    938.8    835.8
     1     1    15    10     6     5     0     0   -25.0   59.361 -140.500    920.8    838.9
     1     1    15    10     6     4     0     0   -26.0   59.337 -140.449    905.0    841.4
     1     1    15    10     6     3     0     0   -27.0   59.311 -140.387    891.4    843.5
     1     1    15    10     6     2     0     0   -28.0   59.282 -140.313    880.1    845.5
     1     1    15    10     6     1     0     0   -29.0   59.250 -140.229    871.2    847.3
     1     1    15    10     6     0     0     0   -30.0   59.216 -140.137    864.7    848.8
     1     1    15    10     5    23     0     0   -31.0   59.187 -140.048    859.6    850.0
     1     1    15    10     5    22     0     0   -32.0   59.170 -139.969    854.6    851.0
     1     1    15    10     5    21     0     0   -33.0   59.164 -139.900    849.6    851.8
     1     1    15    10     5    20     0     0   -34.0   59.168 -139.838    844.6    852.2
     1     1    15    10     5    19     0     0   -35.0   59.183 -139.785    839.3    852.4
     1     1    15    10     5    18     0     0   -36.0   59.207 -139.738    833.9    852.2
     1     1    15    10     5    17     0     0   -37.0   59.238 -139.687    827.9    851.7
     1     1    15    10     5    16     0     0   -38.0   59.271 -139.620    822.2    851.0
     1     1    15    10     5    15     0     0   -39.0   59.307 -139.539    816.5    850.3
     1     1    15    10     5    14     0     0   -40.0   59.347 -139.442    810.8    849.4
     1     1    15    10     5    13     0     0   -41.0   59.391 -139.330    805.4    848.3
     1     1    15    10     5    12     0     0   -42.0   59.440 -139.203    800.1    847.1
     1     1    15    10     5    11     0     0   -43.0   59.493 -139.078    797.8    845.9
     1     1    15    10     5    10     0     0   -44.0   59.551 -138.971    800.2    843.7
     1     1    15    10     5     9     0     0   -45.0   59.613 -138.882    807.5    841.0
     1     1    15    10     5     8     0     0   -46.0   59.679 -138.811    819.4    837.8
     1     1    15    10     5     7     0     0   -47.0   59.747 -138.756    835.9    834.0
     1     1    15    10     5     6     0     0   -48.0   59.819 -138.718    857.1    829.7
     1     1    15    10     5     5     0     0   -49.0   59.890 -138.691    880.8    825.1
     1     1    15    10     5     4     0     0   -50.0   59.960 -138.675    904.7    820.8
     1     1    15    10     5     3     0     0   -51.0   60.029 -138.672    929.5    816.6
     1     1    15    10     5     2     0     0   -52.0   60.098 -138.690    955.5    813.0
     1     1    15    10     5     1     0     0   -53.0   60.169 -138.733    982.7    809.3
     1     1    15    10     5     0     0     0   -54.0   60.242 -138.802   1011.5    805.4
     1     1    15    10     4    23     0     0   -55.0   60.323 -138.903   1042.1    801.0
     1     1    15    10     4    22     0     0   -56.0   60.416 -139.038   1074.9    796.1
     1     1    15    10     4    21     0     0   -57.0   60.522 -139.206   1109.3    791.0
     1     1    15    10     4    20     0     0   -58.0   60.642 -139.406   1145.0    785.7
     1     1    15    10     4    19     0     0   -59.0   60.774 -139.636   1181.4    780.2
     1     1    15    10     4    18     0     0   -60.0   60.919 -139.892   1218.5    774.5
     1     1    15    10     4    17     0     0   -61.0   61.069 -140.186   1254.1    769.2
     1     1    15    10     4    16     0     0   -62.0   61.211 -140.530   1286.2    764.6
     1     1    15    10     4    15     0     0   -63.0   61.345 -140.925   1314.7    760.6
     1     1    15    10     4    14     0     0   -64.0   61.471 -141.375   1339.9    757.2
     1     1    15    10     4    13     0     0   -65.0   61.588 -141.882   1362.0    754.4
     1     1    15    10     4    12     0     0   -66.0   61.696 -142.447   1381.3    752.2
     1     1    15    10     4    11     0     0   -67.0   61.798 -143.038   1399.0    751.5
     1     1    15    10     4    10     0     0   -68.0   61.897 -143.625   1414.3    751.0
     1     1    15    10     4     9     0     0   -69.0   61.995 -144.205   1425.7    750.7
     1     1    15    10     4     8     0     0   -70.0   62.091 -144.779   1431.8    750.9
     1     1    15    10     4     7     0     0   -71.0   62.187 -145.349   1431.3    752.1
     1     1    15    10     4     6     0     0   -72.0   62.277 -145.911   1422.5    754.4
