     1     1
    CDC1    15    10     1     0     0
     1 BACKWARD OMEGA   
    15    10     7    12   60.984 -139.059   750.0
     1 PRESSURE
     1     1    15    10     7    12     0     0     0.0   60.984 -139.059    750.0    810.1
     1     1    15    10     7    11     0     0    -1.0   60.849 -139.129    773.7    810.0
     1     1    15    10     7    10     0     0    -2.0   60.720 -139.203    792.2    810.7
     1     1    15    10     7     9     0     0    -3.0   60.596 -139.281    805.7    811.8
     1     1    15    10     7     8     0     0    -4.0   60.477 -139.364    814.3    813.4
     1     1    15    10     7     7     0     0    -5.0   60.363 -139.453    818.6    815.4
     1     1    15    10     7     6     0     0    -6.0   60.254 -139.550    818.7    817.9
     1     1    15    10     7     5     0     0    -7.0   60.148 -139.648    818.8    820.5
     1     1    15    10     7     4     0     0    -8.0   60.047 -139.743    822.3    822.2
     1     1    15    10     7     3     0     0    -9.0   59.953 -139.837    829.6    824.1
     1     1    15    10     7     2     0     0   -10.0   59.865 -139.933    840.7    826.1
     1     1    15    10     7     1     0     0   -11.0   59.786 -140.033    855.8    827.6
     1     1    15    10     7     0     0     0   -12.0   59.714 -140.137    874.9    828.7
     1     1    15    10     6    23     0     0   -13.0   59.644 -140.244    894.9    829.0
     1     1    15    10     6    22     0     0   -14.0   59.574 -140.349    914.1    829.7
     1     1    15    10     6    21     0     0   -15.0   59.502 -140.454    932.1    830.5
     1     1    15    10     6    20     0     0   -16.0   59.429 -140.557    948.9    831.4
     1     1    15    10     6    19     0     0   -17.0   59.354 -140.659    964.8    832.5
     1     1    15    10     6    18     0     0   -18.0   59.278 -140.760    979.7    833.7
     1     1    15    10     6    17     0     0   -19.0   59.201 -140.844    994.4    835.3
     1     1    15    10     6    16     0     0   -20.0   59.126 -140.896   1008.9    836.7
     1     1    15    10     6    15     0     0   -21.0   59.051 -140.915   1023.2    837.9
     1     1    15    10     6    14     0     0   -22.0   58.978 -140.905   1037.2    839.0
     1     1    15    10     6    13     0     0   -23.0   58.907 -140.864   1050.9    839.9
     1     1    15    10     6    12     0     0   -24.0   58.838 -140.796   1064.4    840.6
     1     1    15    10     6    11     0     0   -25.0   58.773 -140.719   1075.4    841.1
     1     1    15    10     6    10     0     0   -26.0   58.715 -140.650   1081.5    842.1
     1     1    15    10     6     9     0     0   -27.0   58.665 -140.588   1082.7    843.5
     1     1    15    10     6     8     0     0   -28.0   58.622 -140.534   1079.0    845.2
     1     1    15    10     6     7     0     0   -29.0   58.587 -140.487   1070.4    847.2
     1     1    15    10     6     6     0     0   -30.0   58.559 -140.447   1056.8    849.5
     1     1    15    10     6     5     0     0   -31.0   58.534 -140.410   1042.0    852.4
     1     1    15    10     6     4     0     0   -32.0   58.506 -140.369   1029.7    854.7
     1     1    15    10     6     3     0     0   -33.0   58.475 -140.326   1019.8    856.8
     1     1    15    10     6     2     0     0   -34.0   58.441 -140.281   1012.3    858.8
     1     1    15    10     6     1     0     0   -35.0   58.404 -140.235   1007.3    860.6
     1     1    15    10     6     0     0     0   -36.0   58.364 -140.190   1004.6    862.2
     1     1    15    10     5    23     0     0   -37.0   58.330 -140.150   1002.9    863.3
     1     1    15    10     5    22     0     0   -38.0   58.310 -140.117   1001.2    864.2
     1     1    15    10     5    21     0     0   -39.0   58.304 -140.090    999.1    864.6
     1     1    15    10     5    20     0     0   -40.0   58.311 -140.069    996.6    864.7
     1     1    15    10     5    19     0     0   -41.0   58.332 -140.053    993.6    864.4
     1     1    15    10     5    18     0     0   -42.0   58.366 -140.041    990.1    863.8
     1     1    15    10     5    17     0     0   -43.0   58.407 -140.023    985.9    862.8
     1     1    15    10     5    16     0     0   -44.0   58.450 -139.990    982.5    861.7
     1     1    15    10     5    15     0     0   -45.0   58.495 -139.942    979.3    860.4
     1     1    15    10     5    14     0     0   -46.0   58.541 -139.879    976.4    859.0
     1     1    15    10     5    13     0     0   -47.0   58.590 -139.802    973.9    857.5
     1     1    15    10     5    12     0     0   -48.0   58.641 -139.709    971.8    855.8
     1     1    15    10     5    11     0     0   -49.0   58.697 -139.618    972.7    854.3
     1     1    15    10     5    10     0     0   -50.0   58.759 -139.542    977.6    851.9
     1     1    15    10     5     9     0     0   -51.0   58.827 -139.483    986.8    848.9
     1     1    15    10     5     8     0     0   -52.0   58.900 -139.439   1000.4    845.3
     1     1    15    10     5     7     0     0   -53.0   58.977 -139.410   1018.3    841.2
     1     1    15    10     5     6     0     0   -54.0   59.059 -139.395   1040.6    836.5
     1     1    15    10     5     5     0     0   -55.0   59.140 -139.388   1065.0    831.2
     1     1    15    10     5     4     0     0   -56.0   59.218 -139.385   1089.3    826.4
     1     1    15    10     5     3     0     0   -57.0   59.293 -139.388   1113.8    821.7
     1     1    15    10     5     2     0     0   -58.0   59.366 -139.402   1138.9    817.1
     1     1    15    10     5     1     0     0   -59.0   59.439 -139.428   1164.8    812.5
     1     1    15    10     5     0     0     0   -60.0   59.512 -139.469   1191.8    807.9
     1     1    15    10     4    23     0     0   -61.0   59.589 -139.534   1220.2    802.8
     1     1    15    10     4    22     0     0   -62.0   59.676 -139.630   1250.9    797.3
     1     1    15    10     4    21     0     0   -63.0   59.771 -139.757   1283.6    791.2
     1     1    15    10     4    20     0     0   -64.0   59.875 -139.915   1318.3    784.5
     1     1    15    10     4    19     0     0   -65.0   59.988 -140.103   1355.0    777.8
     1     1    15    10     4    18     0     0   -66.0   60.111 -140.320   1393.9    772.4
     1     1    15    10     4    17     0     0   -67.0   60.237 -140.575   1431.9    767.6
     1     1    15    10     4    16     0     0   -68.0   60.358 -140.877   1466.6    763.6
     1     1    15    10     4    15     0     0   -69.0   60.472 -141.225   1498.4    760.1
     1     1    15    10     4    14     0     0   -70.0   60.579 -141.622   1527.8    757.0
     1     1    15    10     4    13     0     0   -71.0   60.680 -142.068   1555.2    754.5
     1     1    15    10     4    12     0     0   -72.0   60.772 -142.563   1581.4    752.5
