     1     1
    CDC1    16     2     1     0     0
     1 BACKWARD OMEGA   
    16     2    27    12   60.984 -139.059   750.0
     1 PRESSURE
     1     1    16     2    27    12     0     0     0.0   60.984 -139.059    750.0    802.7
     1     1    16     2    27    11     0     0    -1.0   60.791 -139.139    726.5    807.9
     1     1    16     2    27    10     0     0    -2.0   60.572 -139.213    694.5    814.9
     1     1    16     2    27     9     0     0    -3.0   60.329 -139.284    652.8    823.6
     1     1    16     2    27     8     0     0    -4.0   60.066 -139.358    600.1    834.2
     1     1    16     2    27     7     0     0    -5.0   59.786 -139.429    540.7    848.7
     1     1    16     2    27     6     0     0    -6.0   59.494 -139.491    480.1    865.0
     1     1    16     2    27     5     0     0    -7.0   59.191 -139.509    421.7    881.7
     1     1    16     2    27     4     0     0    -8.0   58.873 -139.460    368.0    898.3
     1     1    16     2    27     3     0     0    -9.0   58.542 -139.358    321.1    913.7
     1     1    16     2    27     2     0     0   -10.0   58.195 -139.219    281.5    929.0
     1     1    16     2    27     1     0     0   -11.0   57.829 -139.058    248.5    944.5
     1     1    16     2    27     0     0     0   -12.0   57.437 -138.891    221.0    958.7
     1     1    16     2    26    23     0     0   -13.0   57.031 -138.737    197.0    964.3
     1     1    16     2    26    22     0     0   -14.0   56.620 -138.613    174.9    969.4
     1     1    16     2    26    21     0     0   -15.0   56.199 -138.522    153.4    974.9
     1     1    16     2    26    20     0     0   -16.0   55.760 -138.464    131.3    980.9
     1     1    16     2    26    19     0     0   -17.0   55.300 -138.434    107.7    987.5
     1     1    16     2    26    18     0     0   -18.0   54.818 -138.423     82.8    992.9
     1     1    16     2    26    17     0     0   -19.0   54.336 -138.426     62.9    993.9
     1     1    16     2    26    16     0     0   -20.0   53.866 -138.445     50.8    993.1
     1     1    16     2    26    15     0     0   -21.0   53.403 -138.491     43.8    991.7
     1     1    16     2    26    14     0     0   -22.0   52.943 -138.569     40.1    990.1
     1     1    16     2    26    13     0     0   -23.0   52.483 -138.683     38.3    988.4
     1     1    16     2    26    12     0     0   -24.0   52.015 -138.820     37.4    988.4
     1     1    16     2    26    11     0     0   -25.0   51.538 -138.969     36.7    988.6
     1     1    16     2    26    10     0     0   -26.0   51.056 -139.133     36.5    988.9
     1     1    16     2    26     9     0     0   -27.0   50.572 -139.310     36.6    989.4
     1     1    16     2    26     8     0     0   -28.0   50.090 -139.497     37.2    990.2
     1     1    16     2    26     7     0     0   -29.0   49.614 -139.697     38.4    991.4
     1     1    16     2    26     6     0     0   -30.0   49.146 -139.920     40.5    992.3
     1     1    16     2    26     5     0     0   -31.0   48.693 -140.169     43.5    993.0
     1     1    16     2    26     4     0     0   -32.0   48.262 -140.442     46.6    993.3
     1     1    16     2    26     3     0     0   -33.0   47.850 -140.740     49.5    993.4
     1     1    16     2    26     2     0     0   -34.0   47.451 -141.063     51.9    993.1
     1     1    16     2    26     1     0     0   -35.0   47.063 -141.401     53.8    991.7
     1     1    16     2    26     0     0     0   -36.0   46.682 -141.748     55.1    990.6
     1     1    16     2    25    23     0     0   -37.0   46.312 -142.091     56.1    989.5
     1     1    16     2    25    22     0     0   -38.0   45.951 -142.422     56.8    988.5
     1     1    16     2    25    21     0     0   -39.0   45.602 -142.749     57.3    987.8
     1     1    16     2    25    20     0     0   -40.0   45.266 -143.080     57.7    987.4
     1     1    16     2    25    19     0     0   -41.0   44.937 -143.418     57.9    987.5
     1     1    16     2    25    18     0     0   -42.0   44.614 -143.757     58.0    987.8
     1     1    16     2    25    17     0     0   -43.0   44.293 -144.078     57.9    988.2
     1     1    16     2    25    16     0     0   -44.0   43.969 -144.374     57.3    988.3
     1     1    16     2    25    15     0     0   -45.0   43.640 -144.656     56.4    988.1
     1     1    16     2    25    14     0     0   -46.0   43.304 -144.936     55.4    987.6
     1     1    16     2    25    13     0     0   -47.0   42.963 -145.228     54.4    986.6
     1     1    16     2    25    12     0     0   -48.0   42.622 -145.545     53.5    985.1
     1     1    16     2    25    11     0     0   -49.0   42.286 -145.878     52.9    984.7
     1     1    16     2    25    10     0     0   -50.0   41.963 -146.206     52.5    984.7
     1     1    16     2    25     9     0     0   -51.0   41.653 -146.527     52.2    984.7
     1     1    16     2    25     8     0     0   -52.0   41.355 -146.843     51.9    984.5
     1     1    16     2    25     7     0     0   -53.0   41.070 -147.157     51.4    984.2
     1     1    16     2    25     6     0     0   -54.0   40.800 -147.474     51.0    983.8
     1     1    16     2    25     5     0     0   -55.0   40.530 -147.798     50.5    984.8
     1     1    16     2    25     4     0     0   -56.0   40.246 -148.135     50.0    985.8
     1     1    16     2    25     3     0     0   -57.0   39.946 -148.479     49.5    986.9
     1     1    16     2    25     2     0     0   -58.0   39.631 -148.826     48.8    988.0
     1     1    16     2    25     1     0     0   -59.0   39.302 -149.176     47.9    988.8
     1     1    16     2    25     0     0     0   -60.0   38.958 -149.533     46.7    989.3
     1     1    16     2    24    23     0     0   -61.0   38.618 -149.903     45.5    990.2
     1     1    16     2    24    22     0     0   -62.0   38.292 -150.288     44.6    990.4
     1     1    16     2    24    21     0     0   -63.0   37.977 -150.681     43.9    990.1
     1     1    16     2    24    20     0     0   -64.0   37.666 -151.079     43.4    989.4
     1     1    16     2    24    19     0     0   -65.0   37.352 -151.478     43.3    988.9
     1     1    16     2    24    18     0     0   -66.0   37.028 -151.873     44.0    989.0
     1     1    16     2    24    17     0     0   -67.0   36.706 -152.287     46.1    989.2
     1     1    16     2    24    16     0     0   -68.0   36.402 -152.743     49.6    989.8
     1     1    16     2    24    15     0     0   -69.0   36.117 -153.233     54.3    990.9
     1     1    16     2    24    14     0     0   -70.0   35.850 -153.748     59.9    991.9
     1     1    16     2    24    13     0     0   -71.0   35.598 -154.279     66.1    993.1
     1     1    16     2    24    12     0     0   -72.0   35.363 -154.819     72.5    994.3
