     1     1
    CDC1    15    12     1     0     0
     1 BACKWARD OMEGA   
    15    12    21     0   60.984 -139.059   750.0
     1 PRESSURE
     1     1    15    12    21     0     0     0     0.0   60.984 -139.059    750.0    785.6
     1     1    15    12    20    23     0     0    -1.0   60.913 -138.793    734.3    788.0
     1     1    15    12    20    22     0     0    -2.0   60.825 -138.529    719.2    790.6
     1     1    15    12    20    21     0     0    -3.0   60.721 -138.265    704.2    793.4
     1     1    15    12    20    20     0     0    -4.0   60.600 -138.002    688.7    796.5
     1     1    15    12    20    19     0     0    -5.0   60.461 -137.739    672.2    799.9
     1     1    15    12    20    18     0     0    -6.0   60.302 -137.476    654.0    803.6
     1     1    15    12    20    17     0     0    -7.0   60.129 -137.213    634.4    807.5
     1     1    15    12    20    16     0     0    -8.0   59.948 -136.957    615.0    812.1
     1     1    15    12    20    15     0     0    -9.0   59.761 -136.719    596.1    818.4
     1     1    15    12    20    14     0     0   -10.0   59.573 -136.508    577.4    824.6
     1     1    15    12    20    13     0     0   -11.0   59.383 -136.321    559.2    830.7
     1     1    15    12    20    12     0     0   -12.0   59.191 -136.158    542.2    836.9
     1     1    15    12    20    11     0     0   -13.0   58.994 -135.996    524.1    843.3
     1     1    15    12    20    10     0     0   -14.0   58.790 -135.812    502.1    850.3
     1     1    15    12    20     9     0     0   -15.0   58.582 -135.609    476.5    857.6
     1     1    15    12    20     8     0     0   -16.0   58.371 -135.388    447.5    865.2
     1     1    15    12    20     7     0     0   -17.0   58.161 -135.150    415.5    872.9
     1     1    15    12    20     6     0     0   -18.0   57.953 -134.898    380.6    880.0
     1     1    15    12    20     5     0     0   -19.0   57.746 -134.626    346.7    885.3
     1     1    15    12    20     4     0     0   -20.0   57.535 -134.321    317.6    889.0
     1     1    15    12    20     3     0     0   -21.0   57.323 -133.983    293.6    891.5
     1     1    15    12    20     2     0     0   -22.0   57.111 -133.619    274.8    893.1
     1     1    15    12    20     1     0     0   -23.0   56.900 -133.222    260.5    894.2
     1     1    15    12    20     0     0     0   -24.0   56.687 -132.779    250.1    894.6
     1     1    15    12    19    23     0     0   -25.0   56.473 -132.327    239.9    894.4
     1     1    15    12    19    22     0     0   -26.0   56.252 -131.911    226.9    894.5
     1     1    15    12    19    21     0     0   -27.0   56.019 -131.532    211.8    895.9
     1     1    15    12    19    20     0     0   -28.0   55.776 -131.177    195.1    898.4
     1     1    15    12    19    19     0     0   -29.0   55.527 -130.839    177.3    900.9
     1     1    15    12    19    18     0     0   -30.0   55.277 -130.512    159.2    904.1
     1     1    15    12    19    17     0     0   -31.0   55.035 -130.179    143.6    906.7
     1     1    15    12    19    16     0     0   -32.0   54.799 -129.850    132.1    908.0
     1     1    15    12    19    15     0     0   -33.0   54.564 -129.550    123.0    909.4
     1     1    15    12    19    14     0     0   -34.0   54.334 -129.279    115.4    910.9
     1     1    15    12    19    13     0     0   -35.0   54.111 -129.028    108.5    912.4
     1     1    15    12    19    12     0     0   -36.0   53.899 -128.793    101.7    913.7
     1     1    15    12    19    11     0     0   -37.0   53.698 -128.578     94.3    915.1
     1     1    15    12    19    10     0     0   -38.0   53.507 -128.390     86.0    917.1
     1     1    15    12    19     9     0     0   -39.0   53.323 -128.223     77.9    919.2
     1     1    15    12    19     8     0     0   -40.0   53.145 -128.073     70.9    921.1
     1     1    15    12    19     7     0     0   -41.0   52.972 -127.935     65.9    922.6
     1     1    15    12    19     6     0     0   -42.0   52.800 -127.808     63.7    924.0
     1     1    15    12    19     5     0     0   -43.0   52.623 -127.695     63.1    924.6
     1     1    15    12    19     4     0     0   -44.0   52.439 -127.599     62.3    925.7
     1     1    15    12    19     3     0     0   -45.0   52.253 -127.528     61.0    927.1
     1     1    15    12    19     2     0     0   -46.0   52.069 -127.481     59.2    929.1
     1     1    15    12    19     1     0     0   -47.0   51.891 -127.455     56.8    931.4
     1     1    15    12    19     0     0     0   -48.0   51.717 -127.448     53.9    934.2
     1     1    15    12    18    23     0     0   -49.0   51.549 -127.460     50.6    936.8
     1     1    15    12    18    22     0     0   -50.0   51.390 -127.493     47.2    939.8
     1     1    15    12    18    21     0     0   -51.0   51.238 -127.551     43.6    942.9
     1     1    15    12    18    20     0     0   -52.0   51.094 -127.636     40.2    946.3
     1     1    15    12    18    19     0     0   -53.0   50.958 -127.750     36.9    950.0
     1     1    15    12    18    18     0     0   -54.0   50.829 -127.898     33.9    954.1
     1     1    15    12    18    17     0     0   -55.0   50.716 -128.071     31.4    958.0
     1     1    15    12    18    16     0     0   -56.0   50.626 -128.262     29.4    961.7
     1     1    15    12    18    15     0     0   -57.0   50.559 -128.470     28.0    965.2
     1     1    15    12    18    14     0     0   -58.0   50.513 -128.696     27.0    968.6
     1     1    15    12    18    13     0     0   -59.0   50.487 -128.939     26.3    972.0
     1     1    15    12    18    12     0     0   -60.0   50.483 -129.199     26.0    975.4
     1     1    15    12    18    11     0     0   -61.0   50.482 -129.459     25.6    979.2
     1     1    15    12    18    10     0     0   -62.0   50.471 -129.705     25.1    983.1
     1     1    15    12    18     9     0     0   -63.0   50.455 -129.944     24.4    986.9
     1     1    15    12    18     8     0     0   -64.0   50.433 -130.179     23.3    988.9
     1     1    15    12    18     7     0     0   -65.0   50.402 -130.408     21.5    990.5
     1     1    15    12    18     6     0     0   -66.0   50.365 -130.633     18.8    992.3
     1     1    15    12    18     5     0     0   -67.0   50.321 -130.863     15.9    994.4
     1     1    15    12    18     4     0     0   -68.0   50.267 -131.109     13.4    996.5
     1     1    15    12    18     3     0     0   -69.0   50.209 -131.380     11.5    998.5
     1     1    15    12    18     2     0     0   -70.0   50.153 -131.686     10.2   1000.4
     1     1    15    12    18     1     0     0   -71.0   50.105 -132.038      9.8   1002.1
     1     1    15    12    18     0     0     0   -72.0   50.072 -132.448     10.3   1003.9
