     1     1
    CDC1    16     4     1     0     0
     1 BACKWARD OMEGA   
    16     4     8    18   60.984 -139.059   750.0
     1 PRESSURE
     1     1    16     4     8    18     0     0     0.0   60.984 -139.059    750.0    802.5
     1     1    16     4     8    17     0     0    -1.0   60.982 -139.448    748.9    802.0
     1     1    16     4     8    16     0     0    -2.0   60.949 -139.793    739.0    803.3
     1     1    16     4     8    15     0     0    -3.0   60.889 -140.095    720.9    806.3
     1     1    16     4     8    14     0     0    -4.0   60.807 -140.358    694.7    811.0
     1     1    16     4     8    13     0     0    -5.0   60.707 -140.588    660.9    816.7
     1     1    16     4     8    12     0     0    -6.0   60.596 -140.789    620.2    823.5
     1     1    16     4     8    11     0     0    -7.0   60.473 -140.955    576.1    831.2
     1     1    16     4     8    10     0     0    -8.0   60.334 -141.075    531.4    838.7
     1     1    16     4     8     9     0     0    -9.0   60.178 -141.147    486.1    846.7
     1     1    16     4     8     8     0     0   -10.0   60.004 -141.168    439.6    855.1
     1     1    16     4     8     7     0     0   -11.0   59.816 -141.140    393.1    866.8
     1     1    16     4     8     6     0     0   -12.0   59.615 -141.068    347.8    878.2
     1     1    16     4     8     5     0     0   -13.0   59.401 -140.948    303.3    889.9
     1     1    16     4     8     4     0     0   -14.0   59.167 -140.778    260.1    902.4
     1     1    16     4     8     3     0     0   -15.0   58.905 -140.560    220.4    915.7
     1     1    16     4     8     2     0     0   -16.0   58.604 -140.297    185.5    929.3
     1     1    16     4     8     1     0     0   -17.0   58.252 -139.994    155.4    943.3
     1     1    16     4     8     0     0     0   -18.0   57.849 -139.663    130.4    959.6
     1     1    16     4     7    23     0     0   -19.0   57.423 -139.334    110.4    974.2
     1     1    16     4     7    22     0     0   -20.0   57.014 -139.015     91.5    979.0
     1     1    16     4     7    21     0     0   -21.0   56.630 -138.697     71.7    985.1
     1     1    16     4     7    20     0     0   -22.0   56.254 -138.377     52.5    990.7
     1     1    16     4     7    19     0     0   -23.0   55.860 -138.054     35.7    997.4
     1     1    16     4     7    18     0     0   -24.0   55.425 -137.734     23.0   1005.4
     1     1    16     4     7    17     0     0   -25.0   54.950 -137.424     15.0   1012.6
     1     1    16     4     7    16     0     0   -26.0   54.479 -137.112      9.5   1011.5
     1     1    16     4     7    15     0     0   -27.0   54.032 -136.785      5.4   1010.9
     1     1    16     4     7    14     0     0   -28.0   53.596 -136.445      1.3   1011.1
     1     1    16     4     7    13     0     0   -29.0   53.159 -136.093      0.0   1012.2
     1     1    16     4     7    12     0     0   -30.0   52.707 -135.735      0.0   1014.3
     1     1    16     4     7    11     0     0   -31.0   52.252 -135.394      0.0   1015.8
     1     1    16     4     7    10     0     0   -32.0   51.814 -135.090      0.0   1016.2
     1     1    16     4     7     9     0     0   -33.0   51.402 -134.815      0.0   1016.0
     1     1    16     4     7     8     0     0   -34.0   51.014 -134.558      0.0   1016.1
     1     1    16     4     7     7     0     0   -35.0   50.647 -134.309      0.0   1016.5
     1     1    16     4     7     6     0     0   -36.0   50.297 -134.060      0.0   1017.5
     1     1    16     4     7     5     0     0   -37.0   49.958 -133.819      0.0   1018.5
     1     1    16     4     7     4     0     0   -38.0   49.624 -133.604      0.0   1019.7
     1     1    16     4     7     3     0     0   -39.0   49.291 -133.419      0.0   1020.7
     1     1    16     4     7     2     0     0   -40.0   48.963 -133.258      0.0   1021.5
     1     1    16     4     7     1     0     0   -41.0   48.640 -133.117      0.1   1022.2
     1     1    16     4     7     0     0     0   -42.0   48.325 -132.990      0.3   1022.7
     1     1    16     4     6    23     0     0   -43.0   48.022 -132.875      0.4   1022.7
     1     1    16     4     6    22     0     0   -44.0   47.734 -132.774      0.5   1022.7
     1     1    16     4     6    21     0     0   -45.0   47.456 -132.697      0.6   1022.4
     1     1    16     4     6    20     0     0   -46.0   47.185 -132.645      0.5   1021.9
     1     1    16     4     6    19     0     0   -47.0   46.918 -132.612      0.4   1021.3
     1     1    16     4     6    18     0     0   -48.0   46.653 -132.594      0.3   1020.9
     1     1    16     4     6    17     0     0   -49.0   46.389 -132.589      0.3   1020.2
     1     1    16     4     6    16     0     0   -50.0   46.124 -132.600      0.5   1019.7
     1     1    16     4     6    15     0     0   -51.0   45.859 -132.626      0.7   1019.2
     1     1    16     4     6    14     0     0   -52.0   45.593 -132.665      1.2   1018.9
     1     1    16     4     6    13     0     0   -53.0   45.325 -132.718      1.8   1018.8
     1     1    16     4     6    12     0     0   -54.0   45.055 -132.783      2.5   1018.8
     1     1    16     4     6    11     0     0   -55.0   44.783 -132.856      3.2   1019.8
     1     1    16     4     6    10     0     0   -56.0   44.514 -132.933      3.9   1021.1
     1     1    16     4     6     9     0     0   -57.0   44.246 -133.011      4.6   1022.4
     1     1    16     4     6     8     0     0   -58.0   43.980 -133.088      5.2   1023.8
     1     1    16     4     6     7     0     0   -59.0   43.718 -133.164      5.8   1025.1
     1     1    16     4     6     6     0     0   -60.0   43.459 -133.235      6.4   1026.5
     1     1    16     4     6     5     0     0   -61.0   43.203 -133.301      6.9   1027.5
     1     1    16     4     6     4     0     0   -62.0   42.949 -133.360      7.4   1028.4
     1     1    16     4     6     3     0     0   -63.0   42.695 -133.415      7.8   1029.4
     1     1    16     4     6     2     0     0   -64.0   42.444 -133.470      8.1   1030.0
     1     1    16     4     6     1     0     0   -65.0   42.196 -133.531      8.4   1030.0
     1     1    16     4     6     0     0     0   -66.0   41.952 -133.600      8.6   1029.9
     1     1    16     4     5    23     0     0   -67.0   41.711 -133.671      8.8   1030.2
     1     1    16     4     5    22     0     0   -68.0   41.470 -133.740      9.1   1030.5
     1     1    16     4     5    21     0     0   -69.0   41.231 -133.805      9.4   1030.8
     1     1    16     4     5    20     0     0   -70.0   40.993 -133.864      9.9   1031.2
     1     1    16     4     5    19     0     0   -71.0   40.759 -133.914     10.5   1031.5
     1     1    16     4     5    18     0     0   -72.0   40.528 -133.955     11.3   1031.8
