     1     1
    CDC1    16     2     1     0     0
     1 BACKWARD OMEGA   
    16     2    21     0   60.984 -139.059   750.0
     1 PRESSURE
     1     1    16     2    21     0     0     0     0.0   60.984 -139.059    750.0    805.7
     1     1    16     2    20    23     0     0    -1.0   60.567 -138.829    661.7    820.8
     1     1    16     2    20    22     0     0    -2.0   60.140 -138.510    562.9    838.5
     1     1    16     2    20    21     0     0    -3.0   59.725 -138.139    468.9    859.8
     1     1    16     2    20    20     0     0    -4.0   59.332 -137.751    389.2    880.9
     1     1    16     2    20    19     0     0    -5.0   58.964 -137.367    324.6    898.3
     1     1    16     2    20    18     0     0    -6.0   58.626 -137.005    272.7    912.8
     1     1    16     2    20    17     0     0    -7.0   58.312 -136.666    229.4    924.9
     1     1    16     2    20    16     0     0    -8.0   58.018 -136.352    191.7    935.9
     1     1    16     2    20    15     0     0    -9.0   57.741 -136.084    158.2    945.0
     1     1    16     2    20    14     0     0   -10.0   57.480 -135.878    128.3    953.6
     1     1    16     2    20    13     0     0   -11.0   57.228 -135.733    101.5    959.2
     1     1    16     2    20    12     0     0   -12.0   56.978 -135.640     76.9    965.7
     1     1    16     2    20    11     0     0   -13.0   56.739 -135.559     56.2    970.1
     1     1    16     2    20    10     0     0   -14.0   56.521 -135.458     41.2    973.6
     1     1    16     2    20     9     0     0   -15.0   56.323 -135.353     30.9    976.4
     1     1    16     2    20     8     0     0   -16.0   56.139 -135.256     24.6    978.5
     1     1    16     2    20     7     0     0   -17.0   55.968 -135.179     21.1    980.2
     1     1    16     2    20     6     0     0   -18.0   55.806 -135.132     19.9    981.4
     1     1    16     2    20     5     0     0   -19.0   55.652 -135.086     19.9    983.3
     1     1    16     2    20     4     0     0   -20.0   55.503 -135.001     19.8    985.1
     1     1    16     2    20     3     0     0   -21.0   55.359 -134.862     19.6    985.5
     1     1    16     2    20     2     0     0   -22.0   55.222 -134.653     19.5    985.0
     1     1    16     2    20     1     0     0   -23.0   55.090 -134.363     19.3    983.5
     1     1    16     2    20     0     0     0   -24.0   54.962 -133.993     19.2    980.7
     1     1    16     2    19    23     0     0   -25.0   54.838 -133.596     19.0    977.7
     1     1    16     2    19    22     0     0   -26.0   54.717 -133.220     18.4    975.1
     1     1    16     2    19    21     0     0   -27.0   54.601 -132.854     17.7    972.9
     1     1    16     2    19    20     0     0   -28.0   54.487 -132.487     16.6    970.8
     1     1    16     2    19    19     0     0   -29.0   54.378 -132.120     15.4    966.1
     1     1    16     2    19    18     0     0   -30.0   54.276 -131.752     14.0    961.6
     1     1    16     2    19    17     0     0   -31.0   54.169 -131.386     12.7    957.5
     1     1    16     2    19    16     0     0   -32.0   54.038 -131.021     11.5    953.9
     1     1    16     2    19    15     0     0   -33.0   53.882 -130.652     10.5    951.0
     1     1    16     2    19    14     0     0   -34.0   53.697 -130.276      9.6    948.9
     1     1    16     2    19    13     0     0   -35.0   53.482 -129.896      8.8    947.3
     1     1    16     2    19    12     0     0   -36.0   53.249 -129.523      7.8    945.4
     1     1    16     2    19    11     0     0   -37.0   53.014 -129.181      6.9    943.5
     1     1    16     2    19    10     0     0   -38.0   52.779 -128.877      6.0    942.0
     1     1    16     2    19     9     0     0   -39.0   52.534 -128.608      5.1    941.0
     1     1    16     2    19     8     0     0   -40.0   52.272 -128.374      4.3    939.9
     1     1    16     2    19     7     0     0   -41.0   51.991 -128.179      3.4    939.9
     1     1    16     2    19     6     0     0   -42.0   51.688 -128.031      2.4    941.2
     1     1    16     2    19     5     0     0   -43.0   51.377 -127.915      1.4    943.6
     1     1    16     2    19     4     0     0   -44.0   51.075 -127.807      0.5    946.0
     1     1    16     2    19     3     0     0   -45.0   50.786 -127.700      0.0    948.3
     1     1    16     2    19     2     0     0   -46.0   50.510 -127.583      0.0    950.4
     1     1    16     2    19     1     0     0   -47.0   50.250 -127.448      0.0    951.9
     1     1    16     2    19     0     0     0   -48.0   50.010 -127.287      0.0    952.4
     1     1    16     2    18    23     0     0   -49.0   49.782 -127.126      0.0    953.4
     1     1    16     2    18    22     0     0   -50.0   49.556 -126.992      0.0    955.2
     1     1    16     2    18    21     0     0   -51.0   49.332 -126.883      0.0    957.4
     1     1    16     2    18    20     0     0   -52.0   49.112 -126.793      0.0    959.9
     1     1    16     2    18    19     0     0   -53.0   48.896 -126.718      0.0    962.7
     1     1    16     2    18    18     0     0   -54.0   48.686 -126.652      0.0    965.5
     1     1    16     2    18    17     0     0   -55.0   48.477 -126.588      0.0    969.0
     1     1    16     2    18    16     0     0   -56.0   48.261 -126.512      0.0    972.6
     1     1    16     2    18    15     0     0   -57.0   48.036 -126.418      0.0    976.4
     1     1    16     2    18    14     0     0   -58.0   47.796 -126.296      0.0    980.5
     1     1    16     2    18    13     0     0   -59.0   47.540 -126.136      0.0    985.1
     1     1    16     2    18    12     0     0   -60.0   47.263 -125.951      0.0    984.5
     1     1    16     2    18    11     0     0   -61.0   46.967 -125.791      0.0    983.6
     1     1    16     2    18    10     0     0   -62.0   46.657 -125.681      0.0    983.0
     1     1    16     2    18     9     0     0   -63.0   46.335 -125.609      0.0    982.5
     1     1    16     2    18     8     0     0   -64.0   46.003 -125.560      0.0    982.1
     1     1    16     2    18     7     0     0   -65.0   45.665 -125.520      0.0    981.8
     1     1    16     2    18     6     0     0   -66.0   45.324 -125.474      0.0    981.4
     1     1    16     2    18     5     0     0   -67.0   44.974 -125.435      0.0    980.7
     1     1    16     2    18     4     0     0   -68.0   44.606 -125.427      0.0    979.1
     1     1    16     2    18     3     0     0   -69.0   44.227 -125.447      0.0    977.9
     1     1    16     2    18     2     0     0   -70.0   43.845 -125.488      0.2    977.0
     1     1    16     2    18     1     0     0   -71.0   43.466 -125.541      0.8    976.4
     1     1    16     2    18     0     0     0   -72.0   43.099 -125.599      2.0    976.2
