     1     1
    CDC1    15    11     1     0     0
     1 BACKWARD OMEGA   
    15    11     8     0   60.984 -139.059   750.0
     1 PRESSURE
     1     1    15    11     8     0     0     0     0.0   60.984 -139.059    750.0    798.9
     1     1    15    11     7    23     0     0    -1.0   60.844 -139.162    699.8    806.1
     1     1    15    11     7    22     0     0    -2.0   60.703 -139.231    652.7    812.9
     1     1    15    11     7    21     0     0    -3.0   60.558 -139.265    606.9    819.8
     1     1    15    11     7    20     0     0    -4.0   60.409 -139.263    560.8    826.1
     1     1    15    11     7    19     0     0    -5.0   60.255 -139.226    513.0    832.7
     1     1    15    11     7    18     0     0    -6.0   60.094 -139.154    461.6    840.1
     1     1    15    11     7    17     0     0    -7.0   59.920 -139.054    404.6    850.6
     1     1    15    11     7    16     0     0    -8.0   59.735 -138.938    343.5    863.8
     1     1    15    11     7    15     0     0    -9.0   59.545 -138.804    284.9    876.5
     1     1    15    11     7    14     0     0   -10.0   59.351 -138.651    232.6    888.9
     1     1    15    11     7    13     0     0   -11.0   59.151 -138.484    187.5    900.5
     1     1    15    11     7    12     0     0   -12.0   58.944 -138.312    148.6    910.7
     1     1    15    11     7    11     0     0   -13.0   58.728 -138.160    116.7    921.4
     1     1    15    11     7    10     0     0   -14.0   58.504 -138.044     92.3    931.5
     1     1    15    11     7     9     0     0   -15.0   58.271 -137.970     74.0    941.4
     1     1    15    11     7     8     0     0   -16.0   58.027 -137.941     59.6    950.6
     1     1    15    11     7     7     0     0   -17.0   57.770 -137.959     47.8    960.4
     1     1    15    11     7     6     0     0   -18.0   57.501 -138.027     38.2    970.7
     1     1    15    11     7     5     0     0   -19.0   57.220 -138.153     29.7    975.2
     1     1    15    11     7     4     0     0   -20.0   56.930 -138.345     22.3    979.9
     1     1    15    11     7     3     0     0   -21.0   56.627 -138.614     16.4    984.5
     1     1    15    11     7     2     0     0   -22.0   56.308 -138.968     12.3    988.8
     1     1    15    11     7     1     0     0   -23.0   55.968 -139.413      9.5    992.0
     1     1    15    11     7     0     0     0   -24.0   55.602 -139.961      7.8    994.2
     1     1    15    11     6    23     0     0   -25.0   55.235 -140.596      6.4    996.4
     1     1    15    11     6    22     0     0   -26.0   54.896 -141.285      5.2    996.9
     1     1    15    11     6    21     0     0   -27.0   54.576 -142.008      4.7    996.5
     1     1    15    11     6    20     0     0   -28.0   54.267 -142.755      5.2    996.3
     1     1    15    11     6    19     0     0   -29.0   53.968 -143.531      6.2    996.2
     1     1    15    11     6    18     0     0   -30.0   53.673 -144.343      7.4    996.5
     1     1    15    11     6    17     0     0   -31.0   53.377 -145.188      8.6    997.3
     1     1    15    11     6    16     0     0   -32.0   53.084 -146.062      9.7    998.3
     1     1    15    11     6    15     0     0   -33.0   52.795 -146.969     11.0    999.4
     1     1    15    11     6    14     0     0   -34.0   52.507 -147.908     12.9   1001.7
     1     1    15    11     6    13     0     0   -35.0   52.224 -148.859     15.1   1003.2
     1     1    15    11     6    12     0     0   -36.0   51.944 -149.806     17.3   1004.9
     1     1    15    11     6    11     0     0   -37.0   51.675 -150.744     18.8   1005.1
     1     1    15    11     6    10     0     0   -38.0   51.431 -151.679     18.7   1005.2
     1     1    15    11     6     9     0     0   -39.0   51.211 -152.616     17.3   1005.4
     1     1    15    11     6     8     0     0   -40.0   51.017 -153.567     14.9   1004.1
     1     1    15    11     6     7     0     0   -41.0   50.845 -154.537     11.9   1002.5
     1     1    15    11     6     6     0     0   -42.0   50.683 -155.522      7.8   1001.3
     1     1    15    11     6     5     0     0   -43.0   50.525 -156.537      2.9   1000.4
     1     1    15    11     6     4     0     0   -44.0   50.376 -157.598      0.0    999.9
     1     1    15    11     6     3     0     0   -45.0   50.237 -158.677      0.0   1003.0
     1     1    15    11     6     2     0     0   -46.0   50.111 -159.752      0.0   1006.0
     1     1    15    11     6     1     0     0   -47.0   49.997 -160.819      0.0   1009.3
     1     1    15    11     6     0     0     0   -48.0   49.896 -161.881      0.0   1012.5
     1     1    15    11     5    23     0     0   -49.0   49.811 -162.935      0.0   1013.2
     1     1    15    11     5    22     0     0   -50.0   49.746 -163.980      0.2   1012.0
     1     1    15    11     5    21     0     0   -51.0   49.700 -165.016      0.6   1010.9
     1     1    15    11     5    20     0     0   -52.0   49.673 -166.042      1.3   1009.4
     1     1    15    11     5    19     0     0   -53.0   49.667 -167.065      2.6   1007.6
     1     1    15    11     5    18     0     0   -54.0   49.683 -168.089      4.4   1007.1
     1     1    15    11     5    17     0     0   -55.0   49.721 -169.115      6.6   1007.7
     1     1    15    11     5    16     0     0   -56.0   49.778 -170.138      9.0   1008.0
     1     1    15    11     5    15     0     0   -57.0   49.846 -171.145     11.7   1008.4
     1     1    15    11     5    14     0     0   -58.0   49.913 -172.125     14.8   1008.8
     1     1    15    11     5    13     0     0   -59.0   49.978 -173.081     18.1   1008.8
     1     1    15    11     5    12     0     0   -60.0   50.041 -174.021     21.7   1008.1
     1     1    15    11     5    11     0     0   -61.0   50.121 -174.953     25.5   1006.8
     1     1    15    11     5    10     0     0   -62.0   50.228 -175.886     29.4   1004.4
     1     1    15    11     5     9     0     0   -63.0   50.357 -176.817     33.3   1002.2
     1     1    15    11     5     8     0     0   -64.0   50.501 -177.740     36.9   1000.4
     1     1    15    11     5     7     0     0   -65.0   50.653 -178.650     40.2    999.4
     1     1    15    11     5     6     0     0   -66.0   50.807 -179.552     43.3    998.8
     1     1    15    11     5     5     0     0   -67.0   50.975  179.550     46.8    998.5
     1     1    15    11     5     4     0     0   -68.0   51.165  178.658     52.2    999.1
     1     1    15    11     5     3     0     0   -69.0   51.381  177.773     61.7   1000.0
     1     1    15    11     5     2     0     0   -70.0   51.628  176.890     76.6    999.6
     1     1    15    11     5     1     0     0   -71.0   51.906  176.013     95.2    996.6
     1     1    15    11     5     0     0     0   -72.0   52.212  175.152    116.4    993.1
