     1     1
    CDC1    16     3     1     0     0
     1 BACKWARD OMEGA   
    16     3    21     0   60.984 -139.059   750.0
     1 PRESSURE
     1     1    16     3    21     0     0     0     0.0   60.984 -139.059    750.0    806.3
     1     1    16     3    20    23     0     0    -1.0   60.905 -138.724    758.9    806.1
     1     1    16     3    20    22     0     0    -2.0   60.802 -138.411    761.3    807.3
     1     1    16     3    20    21     0     0    -3.0   60.677 -138.119    757.3    809.5
     1     1    16     3    20    20     0     0    -4.0   60.529 -137.848    747.2    812.8
     1     1    16     3    20    19     0     0    -5.0   60.359 -137.597    731.3    817.1
     1     1    16     3    20    18     0     0    -6.0   60.166 -137.364    709.4    822.2
     1     1    16     3    20    17     0     0    -7.0   59.957 -137.133    683.7    828.5
     1     1    16     3    20    16     0     0    -8.0   59.746 -136.891    656.1    837.1
     1     1    16     3    20    15     0     0    -9.0   59.535 -136.639    626.7    845.8
     1     1    16     3    20    14     0     0   -10.0   59.326 -136.379    595.9    854.2
     1     1    16     3    20    13     0     0   -11.0   59.120 -136.112    564.0    862.2
     1     1    16     3    20    12     0     0   -12.0   58.917 -135.841    531.2    870.1
     1     1    16     3    20    11     0     0   -13.0   58.715 -135.572    499.4    877.9
     1     1    16     3    20    10     0     0   -14.0   58.512 -135.315    470.3    885.3
     1     1    16     3    20     9     0     0   -15.0   58.306 -135.066    443.8    892.6
     1     1    16     3    20     8     0     0   -16.0   58.094 -134.825    419.8    898.6
     1     1    16     3    20     7     0     0   -17.0   57.874 -134.591    398.1    904.0
     1     1    16     3    20     6     0     0   -18.0   57.643 -134.362    378.5    909.2
     1     1    16     3    20     5     0     0   -19.0   57.405 -134.130    359.9    912.8
     1     1    16     3    20     4     0     0   -20.0   57.169 -133.892    341.9    915.8
     1     1    16     3    20     3     0     0   -21.0   56.935 -133.652    324.9    918.8
     1     1    16     3    20     2     0     0   -22.0   56.703 -133.411    309.4    922.0
     1     1    16     3    20     1     0     0   -23.0   56.472 -133.170    295.5    925.2
     1     1    16     3    20     0     0     0   -24.0   56.240 -132.928    283.5    928.5
     1     1    16     3    19    23     0     0   -25.0   56.015 -132.686    272.4    931.5
     1     1    16     3    19    22     0     0   -26.0   55.805 -132.447    261.6    934.3
     1     1    16     3    19    21     0     0   -27.0   55.606 -132.214    250.6    935.8
     1     1    16     3    19    20     0     0   -28.0   55.416 -131.989    239.1    937.3
     1     1    16     3    19    19     0     0   -29.0   55.233 -131.770    227.0    939.0
     1     1    16     3    19    18     0     0   -30.0   55.053 -131.558    214.0    940.8
     1     1    16     3    19    17     0     0   -31.0   54.872 -131.346    201.7    942.0
     1     1    16     3    19    16     0     0   -32.0   54.687 -131.127    191.7    942.1
     1     1    16     3    19    15     0     0   -33.0   54.497 -130.903    184.2    942.0
     1     1    16     3    19    14     0     0   -34.0   54.303 -130.674    179.1    941.8
     1     1    16     3    19    13     0     0   -35.0   54.108 -130.440    176.4    941.6
     1     1    16     3    19    12     0     0   -36.0   53.914 -130.201    175.8    941.3
     1     1    16     3    19    11     0     0   -37.0   53.726 -129.973    175.1    941.4
     1     1    16     3    19    10     0     0   -38.0   53.550 -129.768    172.4    941.8
     1     1    16     3    19     9     0     0   -39.0   53.386 -129.585    168.3    942.4
     1     1    16     3    19     8     0     0   -40.0   53.235 -129.422    163.5    943.1
     1     1    16     3    19     7     0     0   -41.0   53.096 -129.280    158.3    943.8
     1     1    16     3    19     6     0     0   -42.0   52.971 -129.158    153.2    944.7
     1     1    16     3    19     5     0     0   -43.0   52.851 -129.043    148.6    945.8
     1     1    16     3    19     4     0     0   -44.0   52.730 -128.925    144.6    946.6
     1     1    16     3    19     3     0     0   -45.0   52.607 -128.803    141.3    947.3
     1     1    16     3    19     2     0     0   -46.0   52.483 -128.679    138.5    947.7
     1     1    16     3    19     1     0     0   -47.0   52.361 -128.551    135.9    947.4
     1     1    16     3    19     0     0     0   -48.0   52.243 -128.418    133.3    947.0
     1     1    16     3    18    23     0     0   -49.0   52.135 -128.270    131.5    946.2
     1     1    16     3    18    22     0     0   -50.0   52.043 -128.101    131.2    944.6
     1     1    16     3    18    21     0     0   -51.0   51.964 -127.911    132.6    942.3
     1     1    16     3    18    20     0     0   -52.0   51.895 -127.701    135.8    939.4
     1     1    16     3    18    19     0     0   -53.0   51.835 -127.472    141.0    935.9
     1     1    16     3    18    18     0     0   -54.0   51.777 -127.224    148.2    931.9
     1     1    16     3    18    17     0     0   -55.0   51.718 -126.969    158.3    927.7
     1     1    16     3    18    16     0     0   -56.0   51.657 -126.718    172.8    923.2
     1     1    16     3    18    15     0     0   -57.0   51.591 -126.470    192.3    918.4
     1     1    16     3    18    14     0     0   -58.0   51.522 -126.224    217.1    912.3
     1     1    16     3    18    13     0     0   -59.0   51.450 -125.981    247.6    905.8
     1     1    16     3    18    12     0     0   -60.0   51.373 -125.742    284.7    898.8
     1     1    16     3    18    11     0     0   -61.0   51.288 -125.498    326.5    891.6
     1     1    16     3    18    10     0     0   -62.0   51.191 -125.238    370.5    884.7
     1     1    16     3    18     9     0     0   -63.0   51.087 -124.960    416.8    876.6
     1     1    16     3    18     8     0     0   -64.0   50.978 -124.663    465.4    869.0
     1     1    16     3    18     7     0     0   -65.0   50.869 -124.350    516.5    861.1
     1     1    16     3    18     6     0     0   -66.0   50.761 -124.019    570.4    852.9
     1     1    16     3    18     5     0     0   -67.0   50.665 -123.698    630.5    844.1
     1     1    16     3    18     4     0     0   -68.0   50.594 -123.420    698.9    833.8
     1     1    16     3    18     3     0     0   -69.0   50.552 -123.187    775.2    823.4
     1     1    16     3    18     2     0     0   -70.0   50.541 -122.999    859.3    812.8
     1     1    16     3    18     1     0     0   -71.0   50.564 -122.853    951.6    801.4
     1     1    16     3    18     0     0     0   -72.0   50.619 -122.749   1052.5    789.2
