     1     1
    CDC1    16     2     1     0     0
     1 BACKWARD OMEGA   
    16     2    13    18   60.984 -139.059   750.0
     1 PRESSURE
     1     1    16     2    13    18     0     0     0.0   60.984 -139.059    750.0    800.3
     1     1    16     2    13    17     0     0    -1.0   60.741 -139.062    723.7    807.3
     1     1    16     2    13    16     0     0    -2.0   60.485 -139.028    694.8    814.9
     1     1    16     2    13    15     0     0    -3.0   60.222 -138.960    663.3    823.1
     1     1    16     2    13    14     0     0    -4.0   59.956 -138.864    629.4    832.4
     1     1    16     2    13    13     0     0    -5.0   59.695 -138.749    595.7    844.8
     1     1    16     2    13    12     0     0    -6.0   59.441 -138.623    563.3    856.2
     1     1    16     2    13    11     0     0    -7.0   59.190 -138.491    529.7    867.0
     1     1    16     2    13    10     0     0    -8.0   58.936 -138.360    492.7    878.9
     1     1    16     2    13     9     0     0    -9.0   58.682 -138.236    454.0    891.4
     1     1    16     2    13     8     0     0   -10.0   58.432 -138.126    415.0    904.2
     1     1    16     2    13     7     0     0   -11.0   58.190 -138.038    377.2    916.9
     1     1    16     2    13     6     0     0   -12.0   57.957 -137.976    342.1    928.4
     1     1    16     2    13     5     0     0   -13.0   57.722 -137.922    310.3    939.3
     1     1    16     2    13     4     0     0   -14.0   57.473 -137.863    281.7    949.8
     1     1    16     2    13     3     0     0   -15.0   57.206 -137.804    254.9    955.3
     1     1    16     2    13     2     0     0   -16.0   56.922 -137.751    230.0    961.2
     1     1    16     2    13     1     0     0   -17.0   56.627 -137.710    206.8    967.2
     1     1    16     2    13     0     0     0   -18.0   56.326 -137.691    184.9    972.8
     1     1    16     2    12    23     0     0   -19.0   56.026 -137.674    163.1    978.0
     1     1    16     2    12    22     0     0   -20.0   55.731 -137.632    140.2    983.7
     1     1    16     2    12    21     0     0   -21.0   55.440 -137.569    115.7    990.0
     1     1    16     2    12    20     0     0   -22.0   55.151 -137.485     89.2    997.1
     1     1    16     2    12    19     0     0   -23.0   54.861 -137.388     62.9   1001.8
     1     1    16     2    12    18     0     0   -24.0   54.558 -137.288     42.0   1003.1
     1     1    16     2    12    17     0     0   -25.0   54.247 -137.192     29.6   1003.0
     1     1    16     2    12    16     0     0   -26.0   53.933 -137.110     24.1   1001.8
     1     1    16     2    12    15     0     0   -27.0   53.609 -137.049     22.4   1000.4
     1     1    16     2    12    14     0     0   -28.0   53.272 -137.022     22.8    999.0
     1     1    16     2    12    13     0     0   -29.0   52.911 -137.042     24.2    997.3
     1     1    16     2    12    12     0     0   -30.0   52.518 -137.125     25.6    995.5
     1     1    16     2    12    11     0     0   -31.0   52.105 -137.223     26.2    993.1
     1     1    16     2    12    10     0     0   -32.0   51.696 -137.286     26.4    991.4
     1     1    16     2    12     9     0     0   -33.0   51.296 -137.335     26.4    989.9
     1     1    16     2    12     8     0     0   -34.0   50.904 -137.392     26.3    988.7
     1     1    16     2    12     7     0     0   -35.0   50.521 -137.481     26.3    987.6
     1     1    16     2    12     6     0     0   -36.0   50.148 -137.623     26.5    987.1
     1     1    16     2    12     5     0     0   -37.0   49.784 -137.804     26.8    987.6
     1     1    16     2    12     4     0     0   -38.0   49.432 -137.998     27.2    988.8
     1     1    16     2    12     3     0     0   -39.0   49.090 -138.203     27.5    989.9
     1     1    16     2    12     2     0     0   -40.0   48.762 -138.422     27.7    991.0
     1     1    16     2    12     1     0     0   -41.0   48.451 -138.656     27.9    992.1
     1     1    16     2    12     0     0     0   -42.0   48.156 -138.904     28.1    993.2
     1     1    16     2    11    23     0     0   -43.0   47.871 -139.151     28.2    994.2
     1     1    16     2    11    22     0     0   -44.0   47.591 -139.392     28.2    995.2
     1     1    16     2    11    21     0     0   -45.0   47.312 -139.640     28.0    994.9
     1     1    16     2    11    20     0     0   -46.0   47.034 -139.899     27.6    993.9
     1     1    16     2    11    19     0     0   -47.0   46.762 -140.162     27.2    992.7
     1     1    16     2    11    18     0     0   -48.0   46.494 -140.424     26.8    991.7
     1     1    16     2    11    17     0     0   -49.0   46.230 -140.658     26.3    991.2
     1     1    16     2    11    16     0     0   -50.0   45.967 -140.849     25.8    990.7
     1     1    16     2    11    15     0     0   -51.0   45.703 -141.007     25.1    990.3
     1     1    16     2    11    14     0     0   -52.0   45.436 -141.138     24.3    989.7
     1     1    16     2    11    13     0     0   -53.0   45.167 -141.248     23.5    989.2
     1     1    16     2    11    12     0     0   -54.0   44.897 -141.344     22.6    989.0
     1     1    16     2    11    11     0     0   -55.0   44.624 -141.426     21.8    990.0
     1     1    16     2    11    10     0     0   -56.0   44.347 -141.494     21.2    990.8
     1     1    16     2    11     9     0     0   -57.0   44.065 -141.548     20.6    991.5
     1     1    16     2    11     8     0     0   -58.0   43.780 -141.590     19.9    992.2
     1     1    16     2    11     7     0     0   -59.0   43.490 -141.620     19.2    992.8
     1     1    16     2    11     6     0     0   -60.0   43.197 -141.639     18.4    993.4
     1     1    16     2    11     5     0     0   -61.0   42.895 -141.668     17.5    994.3
     1     1    16     2    11     4     0     0   -62.0   42.577 -141.728     16.7    995.4
     1     1    16     2    11     3     0     0   -63.0   42.244 -141.811     15.9    996.8
     1     1    16     2    11     2     0     0   -64.0   41.895 -141.914     15.2    998.5
     1     1    16     2    11     1     0     0   -65.0   41.530 -142.029     14.3   1000.2
     1     1    16     2    11     0     0     0   -66.0   41.146 -142.150     13.3   1002.1
     1     1    16     2    10    23     0     0   -67.0   40.749 -142.281     12.2   1003.9
     1     1    16     2    10    22     0     0   -68.0   40.346 -142.428     11.1   1005.9
     1     1    16     2    10    21     0     0   -69.0   39.943 -142.590     10.1   1007.4
     1     1    16     2    10    20     0     0   -70.0   39.546 -142.771      9.2   1006.4
     1     1    16     2    10    19     0     0   -71.0   39.157 -142.971      8.5   1005.5
     1     1    16     2    10    18     0     0   -72.0   38.776 -143.181      8.0   1004.7
