     1     1
    CDC1    15    11     1     0     0
     1 BACKWARD OMEGA   
    15    11    21     6   60.984 -139.059   750.0
     1 PRESSURE
     1     1    15    11    21     6     0     0     0.0   60.984 -139.059    750.0    799.6
     1     1    15    11    21     5     0     0    -1.0   60.596 -139.262    581.4    824.0
     1     1    15    11    21     4     0     0    -2.0   60.224 -139.383    411.8    851.0
     1     1    15    11    21     3     0     0    -3.0   59.890 -139.429    277.3    877.2
     1     1    15    11    21     2     0     0    -4.0   59.599 -139.459    188.4    898.7
     1     1    15    11    21     1     0     0    -5.0   59.335 -139.517    133.3    913.6
     1     1    15    11    21     0     0     0    -6.0   59.084 -139.614     97.2    927.9
     1     1    15    11    20    23     0     0    -7.0   58.825 -139.769     70.6    940.6
     1     1    15    11    20    22     0     0    -8.0   58.540 -140.000     46.2    954.0
     1     1    15    11    20    21     0     0    -9.0   58.226 -140.311     22.1    970.8
     1     1    15    11    20    20     0     0   -10.0   57.879 -140.713      0.0    988.4
     1     1    15    11    20    19     0     0   -11.0   57.498 -141.221      0.0   1005.9
     1     1    15    11    20    18     0     0   -12.0   57.097 -141.804      0.0   1010.6
     1     1    15    11    20    17     0     0   -13.0   56.674 -142.404      0.0   1014.1
     1     1    15    11    20    16     0     0   -14.0   56.222 -142.965      0.0   1015.9
     1     1    15    11    20    15     0     0   -15.0   55.749 -143.463      0.0   1016.1
     1     1    15    11    20    14     0     0   -16.0   55.258 -143.900      0.0   1015.0
     1     1    15    11    20    13     0     0   -17.0   54.757 -144.277      0.0   1014.6
     1     1    15    11    20    12     0     0   -18.0   54.266 -144.588      0.0   1016.4
     1     1    15    11    20    11     0     0   -19.0   53.804 -144.829      0.0   1018.5
     1     1    15    11    20    10     0     0   -20.0   53.377 -144.998      0.0   1020.7
     1     1    15    11    20     9     0     0   -21.0   52.985 -145.093      0.2   1022.8
     1     1    15    11    20     8     0     0   -22.0   52.627 -145.111      0.5   1024.8
     1     1    15    11    20     7     0     0   -23.0   52.307 -145.049      0.9   1025.7
     1     1    15    11    20     6     0     0   -24.0   52.027 -144.906      1.3   1025.9
     1     1    15    11    20     5     0     0   -25.0   51.781 -144.691      1.5   1026.2
     1     1    15    11    20     4     0     0   -26.0   51.564 -144.417      1.6   1026.5
     1     1    15    11    20     3     0     0   -27.0   51.369 -144.086      1.5   1027.0
     1     1    15    11    20     2     0     0   -28.0   51.190 -143.704      1.4   1027.7
     1     1    15    11    20     1     0     0   -29.0   51.024 -143.275      1.1   1028.6
     1     1    15    11    20     0     0     0   -30.0   50.866 -142.807      0.8   1029.7
     1     1    15    11    19    23     0     0   -31.0   50.718 -142.308      0.5   1029.9
     1     1    15    11    19    22     0     0   -32.0   50.588 -141.790      0.3   1029.2
     1     1    15    11    19    21     0     0   -33.0   50.476 -141.258      0.3   1028.4
     1     1    15    11    19    20     0     0   -34.0   50.381 -140.711      0.4   1027.6
     1     1    15    11    19    19     0     0   -35.0   50.303 -140.150      0.7   1026.8
     1     1    15    11    19    18     0     0   -36.0   50.252 -139.589      1.2   1025.7
     1     1    15    11    19    17     0     0   -37.0   50.234 -139.057      2.0   1024.1
     1     1    15    11    19    16     0     0   -38.0   50.244 -138.571      2.8   1022.5
     1     1    15    11    19    15     0     0   -39.0   50.283 -138.133      3.9   1021.0
     1     1    15    11    19    14     0     0   -40.0   50.348 -137.744      5.0   1019.6
     1     1    15    11    19    13     0     0   -41.0   50.438 -137.408      6.2   1018.9
     1     1    15    11    19    12     0     0   -42.0   50.553 -137.130      7.5   1019.4
     1     1    15    11    19    11     0     0   -43.0   50.687 -136.900      8.7   1020.1
     1     1    15    11    19    10     0     0   -44.0   50.831 -136.702      9.6   1020.7
     1     1    15    11    19     9     0     0   -45.0   50.983 -136.535     10.2   1021.2
     1     1    15    11    19     8     0     0   -46.0   51.142 -136.396     10.6   1021.7
     1     1    15    11    19     7     0     0   -47.0   51.304 -136.285     10.8   1022.3
     1     1    15    11    19     6     0     0   -48.0   51.470 -136.198     10.6   1022.8
     1     1    15    11    19     5     0     0   -49.0   51.643 -136.154     10.3   1023.2
     1     1    15    11    19     4     0     0   -50.0   51.823 -136.174     10.0   1023.3
     1     1    15    11    19     3     0     0   -51.0   52.012 -136.257      9.6   1023.1
     1     1    15    11    19     2     0     0   -52.0   52.210 -136.403      9.2   1022.7
     1     1    15    11    19     1     0     0   -53.0   52.415 -136.611      8.8   1022.0
     1     1    15    11    19     0     0     0   -54.0   52.628 -136.873      8.2   1020.8
     1     1    15    11    18    23     0     0   -55.0   52.833 -137.186      7.6   1019.9
     1     1    15    11    18    22     0     0   -56.0   53.022 -137.555      7.0   1019.2
     1     1    15    11    18    21     0     0   -57.0   53.197 -137.974      6.3   1019.2
     1     1    15    11    18    20     0     0   -58.0   53.360 -138.433      5.6   1019.0
     1     1    15    11    18    19     0     0   -59.0   53.518 -138.924      4.9   1018.7
     1     1    15    11    18    18     0     0   -60.0   53.681 -139.441      4.1   1018.2
     1     1    15    11    18    17     0     0   -61.0   53.849 -139.982      3.3   1017.6
     1     1    15    11    18    16     0     0   -62.0   54.022 -140.543      2.7   1017.7
     1     1    15    11    18    15     0     0   -63.0   54.202 -141.124      2.3   1017.7
     1     1    15    11    18    14     0     0   -64.0   54.395 -141.730      2.0   1017.2
     1     1    15    11    18    13     0     0   -65.0   54.609 -142.366      2.0   1016.3
     1     1    15    11    18    12     0     0   -66.0   54.847 -143.034      2.2   1015.0
     1     1    15    11    18    11     0     0   -67.0   55.092 -143.723      2.5   1014.3
     1     1    15    11    18    10     0     0   -68.0   55.329 -144.433      3.0   1015.0
     1     1    15    11    18     9     0     0   -69.0   55.562 -145.166      3.5   1016.2
     1     1    15    11    18     8     0     0   -70.0   55.791 -145.911      4.1   1016.4
     1     1    15    11    18     7     0     0   -71.0   56.017 -146.658      4.9   1017.3
     1     1    15    11    18     6     0     0   -72.0   56.246 -147.405      5.7   1018.9
