     1     1
    CDC1    15    11     1     0     0
     1 BACKWARD OMEGA   
    15    11    24    12   60.984 -139.059   750.0
     1 PRESSURE
     1     1    15    11    24    12     0     0     0.0   60.984 -139.059    750.0    818.7
     1     1    15    11    24    11     0     0    -1.0   60.922 -139.846    723.2    823.6
     1     1    15    11    24    10     0     0    -2.0   60.831 -140.593    692.5    831.2
     1     1    15    11    24     9     0     0    -3.0   60.713 -141.290    655.7    840.4
     1     1    15    11    24     8     0     0    -4.0   60.571 -141.930    611.4    851.0
     1     1    15    11    24     7     0     0    -5.0   60.413 -142.514    558.9    862.3
     1     1    15    11    24     6     0     0    -6.0   60.249 -143.035    499.8    876.3
     1     1    15    11    24     5     0     0    -7.0   60.093 -143.467    439.6    891.4
     1     1    15    11    24     4     0     0    -8.0   59.953 -143.807    383.6    905.6
     1     1    15    11    24     3     0     0    -9.0   59.821 -144.074    334.0    918.5
     1     1    15    11    24     2     0     0   -10.0   59.690 -144.289    292.4    929.9
     1     1    15    11    24     1     0     0   -11.0   59.560 -144.460    258.6    940.2
     1     1    15    11    24     0     0     0   -12.0   59.431 -144.600    231.5    949.6
     1     1    15    11    23    23     0     0   -13.0   59.307 -144.723    210.5    957.4
     1     1    15    11    23    22     0     0   -14.0   59.195 -144.840    194.8    964.0
     1     1    15    11    23    21     0     0   -15.0   59.092 -144.959    183.3    969.4
     1     1    15    11    23    20     0     0   -16.0   59.000 -145.083    175.1    974.0
     1     1    15    11    23    19     0     0   -17.0   58.918 -145.213    169.6    977.9
     1     1    15    11    23    18     0     0   -18.0   58.845 -145.348    166.4    981.3
     1     1    15    11    23    17     0     0   -19.0   58.788 -145.497    164.5    983.9
     1     1    15    11    23    16     0     0   -20.0   58.750 -145.667    163.1    985.9
     1     1    15    11    23    15     0     0   -21.0   58.732 -145.854    162.1    987.3
     1     1    15    11    23    14     0     0   -22.0   58.734 -146.054    161.4    988.0
     1     1    15    11    23    13     0     0   -23.0   58.759 -146.265    161.1    988.1
     1     1    15    11    23    12     0     0   -24.0   58.805 -146.483    161.2    987.6
     1     1    15    11    23    11     0     0   -25.0   58.861 -146.702    162.4    986.4
     1     1    15    11    23    10     0     0   -26.0   58.914 -146.917    165.2    985.1
     1     1    15    11    23     9     0     0   -27.0   58.967 -147.129    169.7    983.7
     1     1    15    11    23     8     0     0   -28.0   59.022 -147.336    175.8    982.1
     1     1    15    11    23     7     0     0   -29.0   59.083 -147.539    183.6    980.0
     1     1    15    11    23     6     0     0   -30.0   59.149 -147.738    193.3    976.7
     1     1    15    11    23     5     0     0   -31.0   59.208 -147.935    202.5    973.5
     1     1    15    11    23     4     0     0   -32.0   59.247 -148.135    208.4    971.4
     1     1    15    11    23     3     0     0   -33.0   59.268 -148.342    210.3    970.4
     1     1    15    11    23     2     0     0   -34.0   59.269 -148.557    208.2    970.5
     1     1    15    11    23     1     0     0   -35.0   59.251 -148.781    202.1    971.7
     1     1    15    11    23     0     0     0   -36.0   59.213 -149.017    192.6    973.6
     1     1    15    11    22    23     0     0   -37.0   59.164 -149.272    183.5    976.2
     1     1    15    11    22    22     0     0   -38.0   59.111 -149.547    177.9    978.0
     1     1    15    11    22    21     0     0   -39.0   59.048 -149.839    175.4    979.7
     1     1    15    11    22    20     0     0   -40.0   58.972 -150.143    175.5    980.8
     1     1    15    11    22    19     0     0   -41.0   58.880 -150.457    178.1    981.3
     1     1    15    11    22    18     0     0   -42.0   58.771 -150.778    183.1    981.7
     1     1    15    11    22    17     0     0   -43.0   58.654 -151.124    189.6    982.0
     1     1    15    11    22    16     0     0   -44.0   58.536 -151.505    196.6    982.2
     1     1    15    11    22    15     0     0   -45.0   58.411 -151.916    204.1    982.0
     1     1    15    11    22    14     0     0   -46.0   58.273 -152.348    212.1    981.8
     1     1    15    11    22    13     0     0   -47.0   58.118 -152.797    220.2    982.2
     1     1    15    11    22    12     0     0   -48.0   57.941 -153.257    227.3    983.1
     1     1    15    11    22    11     0     0   -49.0   57.761 -153.735    235.4    983.3
     1     1    15    11    22    10     0     0   -50.0   57.598 -154.233    247.6    982.1
     1     1    15    11    22     9     0     0   -51.0   57.454 -154.741    264.3    979.5
     1     1    15    11    22     8     0     0   -52.0   57.331 -155.246    285.5    976.4
     1     1    15    11    22     7     0     0   -53.0   57.230 -155.741    310.3    973.7
     1     1    15    11    22     6     0     0   -54.0   57.150 -156.217    337.9    970.8
     1     1    15    11    22     5     0     0   -55.0   57.081 -156.690    367.2    967.5
     1     1    15    11    22     4     0     0   -56.0   57.013 -157.174    397.6    964.2
     1     1    15    11    22     3     0     0   -57.0   56.950 -157.672    429.6    960.6
     1     1    15    11    22     2     0     0   -58.0   56.892 -158.183    463.5    957.3
     1     1    15    11    22     1     0     0   -59.0   56.839 -158.707    499.5    954.0
     1     1    15    11    22     0     0     0   -60.0   56.790 -159.239    538.1    950.6
     1     1    15    11    21    23     0     0   -61.0   56.743 -159.780    576.9    945.9
     1     1    15    11    21    22     0     0   -62.0   56.699 -160.332    614.5    942.0
     1     1    15    11    21    21     0     0   -63.0   56.663 -160.897    651.8    937.7
     1     1    15    11    21    20     0     0   -64.0   56.639 -161.473    690.5    933.1
     1     1    15    11    21    19     0     0   -65.0   56.635 -162.060    731.9    928.5
     1     1    15    11    21    18     0     0   -66.0   56.655 -162.658    777.5    923.4
     1     1    15    11    21    17     0     0   -67.0   56.683 -163.281    822.1    917.2
     1     1    15    11    21    16     0     0   -68.0   56.703 -163.944    860.2    912.8
     1     1    15    11    21    15     0     0   -69.0   56.716 -164.647    891.5    909.5
     1     1    15    11    21    14     0     0   -70.0   56.725 -165.390    916.7    907.1
     1     1    15    11    21    13     0     0   -71.0   56.730 -166.174    937.0    905.4
     1     1    15    11    21    12     0     0   -72.0   56.734 -166.998    954.2    904.2
