     1     1
    CDC1    15    10     1     0     0
     1 BACKWARD OMEGA   
    15    10    15     0   60.984 -139.059   750.0
     1 PRESSURE
     1     1    15    10    15     0     0     0     0.0   60.984 -139.059    750.0    821.6
     1     1    15    10    14    23     0     0    -1.0   60.811 -139.205    748.7    824.6
     1     1    15    10    14    22     0     0    -2.0   60.638 -139.331    741.5    828.4
     1     1    15    10    14    21     0     0    -3.0   60.466 -139.441    727.8    832.9
     1     1    15    10    14    20     0     0    -4.0   60.292 -139.540    706.9    838.2
     1     1    15    10    14    19     0     0    -5.0   60.113 -139.629    678.3    844.4
     1     1    15    10    14    18     0     0    -6.0   59.928 -139.714    642.5    852.8
     1     1    15    10    14    17     0     0    -7.0   59.738 -139.773    605.0    863.7
     1     1    15    10    14    16     0     0    -8.0   59.545 -139.793    571.1    873.3
     1     1    15    10    14    15     0     0    -9.0   59.353 -139.781    540.9    882.4
     1     1    15    10    14    14     0     0   -10.0   59.162 -139.749    513.7    891.2
     1     1    15    10    14    13     0     0   -11.0   58.971 -139.708    488.5    899.9
     1     1    15    10    14    12     0     0   -12.0   58.782 -139.665    464.7    908.4
     1     1    15    10    14    11     0     0   -13.0   58.598 -139.633    440.4    916.7
     1     1    15    10    14    10     0     0   -14.0   58.423 -139.624    414.5    925.2
     1     1    15    10    14     9     0     0   -15.0   58.256 -139.636    386.8    934.0
     1     1    15    10    14     8     0     0   -16.0   58.095 -139.673    357.3    942.4
     1     1    15    10    14     7     0     0   -17.0   57.938 -139.735    325.7    950.9
     1     1    15    10    14     6     0     0   -18.0   57.784 -139.824    291.5    960.0
     1     1    15    10    14     5     0     0   -19.0   57.632 -139.931    257.5    969.5
     1     1    15    10    14     4     0     0   -20.0   57.480 -140.049    227.1    978.0
     1     1    15    10    14     3     0     0   -21.0   57.331 -140.185    201.4    982.4
     1     1    15    10    14     2     0     0   -22.0   57.187 -140.345    181.9    985.2
     1     1    15    10    14     1     0     0   -23.0   57.047 -140.537    168.7    987.3
     1     1    15    10    14     0     0     0   -24.0   56.910 -140.763    161.8    988.8
     1     1    15    10    13    23     0     0   -25.0   56.774 -141.027    158.3    989.6
     1     1    15    10    13    22     0     0   -26.0   56.635 -141.331    155.3    990.6
     1     1    15    10    13    21     0     0   -27.0   56.495 -141.676    152.3    991.5
     1     1    15    10    13    20     0     0   -28.0   56.355 -142.060    149.1    992.3
     1     1    15    10    13    19     0     0   -29.0   56.218 -142.484    145.5    992.8
     1     1    15    10    13    18     0     0   -30.0   56.083 -142.952    141.3    993.1
     1     1    15    10    13    17     0     0   -31.0   55.944 -143.459    135.4    993.2
     1     1    15    10    13    16     0     0   -32.0   55.796 -144.000    127.6    993.4
     1     1    15    10    13    15     0     0   -33.0   55.643 -144.579    118.8    993.1
     1     1    15    10    13    14     0     0   -34.0   55.488 -145.199    110.1    992.0
     1     1    15    10    13    13     0     0   -35.0   55.338 -145.862    102.2    989.6
     1     1    15    10    13    12     0     0   -36.0   55.199 -146.571     96.1    986.6
     1     1    15    10    13    11     0     0   -37.0   55.081 -147.315     93.4    982.9
     1     1    15    10    13    10     0     0   -38.0   54.982 -148.065     93.3    979.7
     1     1    15    10    13     9     0     0   -39.0   54.902 -148.808     94.2    978.3
     1     1    15    10    13     8     0     0   -40.0   54.843 -149.544     95.5    976.8
     1     1    15    10    13     7     0     0   -41.0   54.814 -150.279     97.3    975.9
     1     1    15    10    13     6     0     0   -42.0   54.810 -151.006     99.4    975.9
     1     1    15    10    13     5     0     0   -43.0   54.811 -151.719    101.8    976.1
     1     1    15    10    13     4     0     0   -44.0   54.805 -152.425    104.8    976.2
     1     1    15    10    13     3     0     0   -45.0   54.798 -153.124    108.3    977.1
     1     1    15    10    13     2     0     0   -46.0   54.796 -153.815    112.4    977.9
     1     1    15    10    13     1     0     0   -47.0   54.806 -154.504    117.0    978.5
     1     1    15    10    13     0     0     0   -48.0   54.834 -155.194    122.5    978.8
     1     1    15    10    12    23     0     0   -49.0   54.880 -155.864    128.3    978.4
     1     1    15    10    12    22     0     0   -50.0   54.946 -156.492    134.0    978.0
     1     1    15    10    12    21     0     0   -51.0   55.034 -157.082    139.6    977.5
     1     1    15    10    12    20     0     0   -52.0   55.143 -157.632    144.9    976.2
     1     1    15    10    12    19     0     0   -53.0   55.265 -158.143    150.1    974.4
     1     1    15    10    12    18     0     0   -54.0   55.393 -158.614    155.1    972.8
     1     1    15    10    12    17     0     0   -55.0   55.521 -159.060    159.7    971.1
     1     1    15    10    12    16     0     0   -56.0   55.643 -159.496    163.8    969.7
     1     1    15    10    12    15     0     0   -57.0   55.764 -159.927    167.3    968.5
     1     1    15    10    12    14     0     0   -58.0   55.886 -160.357    170.4    967.3
     1     1    15    10    12    13     0     0   -59.0   56.010 -160.789    172.9    966.2
     1     1    15    10    12    12     0     0   -60.0   56.137 -161.224    175.0    965.4
     1     1    15    10    12    11     0     0   -61.0   56.263 -161.646    176.8    964.9
     1     1    15    10    12    10     0     0   -62.0   56.387 -162.036    178.1    964.5
     1     1    15    10    12     9     0     0   -63.0   56.509 -162.394    179.2    964.4
     1     1    15    10    12     8     0     0   -64.0   56.634 -162.719    180.0    964.6
     1     1    15    10    12     7     0     0   -65.0   56.764 -163.013    180.5    964.9
     1     1    15    10    12     6     0     0   -66.0   56.900 -163.272    180.8    965.3
     1     1    15    10    12     5     0     0   -67.0   57.042 -163.527    181.0    965.6
     1     1    15    10    12     4     0     0   -68.0   57.191 -163.815    181.6    965.9
     1     1    15    10    12     3     0     0   -69.0   57.350 -164.140    182.5    966.3
     1     1    15    10    12     2     0     0   -70.0   57.520 -164.510    183.7    966.7
     1     1    15    10    12     1     0     0   -71.0   57.703 -164.924    185.3    966.9
     1     1    15    10    12     0     0     0   -72.0   57.902 -165.378    187.5    966.8
