     1     1
    CDC1    15    11     1     0     0
     1 BACKWARD OMEGA   
    15    11     8     6   60.984 -139.059   750.0
     1 PRESSURE
     1     1    15    11     8     6     0     0     0.0   60.984 -139.059    750.0    800.0
     1     1    15    11     8     5     0     0    -1.0   60.928 -139.050    731.6    802.2
     1     1    15    11     8     4     0     0    -2.0   60.859 -139.057    707.1    805.8
     1     1    15    11     8     3     0     0    -3.0   60.775 -139.077    676.9    810.3
     1     1    15    11     8     2     0     0    -4.0   60.677 -139.109    641.6    815.7
     1     1    15    11     8     1     0     0    -5.0   60.566 -139.149    601.9    821.9
     1     1    15    11     8     0     0     0    -6.0   60.440 -139.195    558.9    828.2
     1     1    15    11     7    23     0     0    -7.0   60.304 -139.225    514.9    834.5
     1     1    15    11     7    22     0     0    -8.0   60.163 -139.220    471.3    840.8
     1     1    15    11     7    21     0     0    -9.0   60.017 -139.179    426.3    847.5
     1     1    15    11     7    20     0     0   -10.0   59.867 -139.114    379.5    857.1
     1     1    15    11     7    19     0     0   -11.0   59.722 -139.031    332.6    866.3
     1     1    15    11     7    18     0     0   -12.0   59.580 -138.927    288.0    875.2
     1     1    15    11     7    17     0     0   -13.0   59.436 -138.804    246.0    884.6
     1     1    15    11     7    16     0     0   -14.0   59.281 -138.668    207.2    894.5
     1     1    15    11     7    15     0     0   -15.0   59.117 -138.523    171.8    903.4
     1     1    15    11     7    14     0     0   -16.0   58.941 -138.375    139.9    912.1
     1     1    15    11     7    13     0     0   -17.0   58.753 -138.229    111.7    921.3
     1     1    15    11     7    12     0     0   -18.0   58.551 -138.090     88.2    930.6
     1     1    15    11     7    11     0     0   -19.0   58.335 -137.978     69.5    939.8
     1     1    15    11     7    10     0     0   -20.0   58.108 -137.911     55.0    948.3
     1     1    15    11     7     9     0     0   -21.0   57.868 -137.892     43.2    957.4
     1     1    15    11     7     8     0     0   -22.0   57.616 -137.923     33.8    967.0
     1     1    15    11     7     7     0     0   -23.0   57.354 -138.006     26.1    973.8
     1     1    15    11     7     6     0     0   -24.0   57.084 -138.140     19.8    978.3
     1     1    15    11     7     5     0     0   -25.0   56.807 -138.335     14.7    982.6
     1     1    15    11     7     4     0     0   -26.0   56.518 -138.606     11.0    986.7
     1     1    15    11     7     3     0     0   -27.0   56.216 -138.959      8.1    990.0
     1     1    15    11     7     2     0     0   -28.0   55.897 -139.401      5.8    992.7
     1     1    15    11     7     1     0     0   -29.0   55.557 -139.941      4.1    994.7
     1     1    15    11     7     0     0     0   -30.0   55.200 -140.578      3.0    996.4
     1     1    15    11     6    23     0     0   -31.0   54.857 -141.282      2.1    996.8
     1     1    15    11     6    22     0     0   -32.0   54.541 -142.018      1.8    996.5
     1     1    15    11     6    21     0     0   -33.0   54.242 -142.775      2.1    996.4
     1     1    15    11     6    20     0     0   -34.0   53.959 -143.560      2.8    996.3
     1     1    15    11     6    19     0     0   -35.0   53.685 -144.379      3.8    996.5
     1     1    15    11     6    18     0     0   -36.0   53.408 -145.232      4.7    996.9
     1     1    15    11     6    17     0     0   -37.0   53.129 -146.115      5.4    997.9
     1     1    15    11     6    16     0     0   -38.0   52.854 -147.025      6.0    999.2
     1     1    15    11     6    15     0     0   -39.0   52.581 -147.964      6.9   1001.8
     1     1    15    11     6    14     0     0   -40.0   52.316 -148.919      8.2   1004.3
     1     1    15    11     6    13     0     0   -41.0   52.057 -149.875      9.3   1006.2
     1     1    15    11     6    12     0     0   -42.0   51.800 -150.822     10.5   1006.9
     1     1    15    11     6    11     0     0   -43.0   51.556 -151.760     11.4   1006.7
     1     1    15    11     6    10     0     0   -44.0   51.338 -152.698     11.5   1006.5
     1     1    15    11     6     9     0     0   -45.0   51.150 -153.654     10.9   1004.9
     1     1    15    11     6     8     0     0   -46.0   50.992 -154.635      9.7   1003.0
     1     1    15    11     6     7     0     0   -47.0   50.847 -155.638      7.3   1001.4
     1     1    15    11     6     6     0     0   -48.0   50.706 -156.663      2.7   1000.0
     1     1    15    11     6     5     0     0   -49.0   50.567 -157.720      0.0    999.9
     1     1    15    11     6     4     0     0   -50.0   50.441 -158.797      0.0   1002.8
     1     1    15    11     6     3     0     0   -51.0   50.328 -159.875      0.0   1005.7
     1     1    15    11     6     2     0     0   -52.0   50.229 -160.949      0.0   1008.9
     1     1    15    11     6     1     0     0   -53.0   50.143 -162.020      0.0   1012.2
     1     1    15    11     6     0     0     0   -54.0   50.072 -163.089      0.0   1013.3
     1     1    15    11     5    23     0     0   -55.0   50.019 -164.155      0.0   1012.1
     1     1    15    11     5    22     0     0   -56.0   49.988 -165.215      0.0   1010.9
     1     1    15    11     5    21     0     0   -57.0   49.979 -166.263      0.4   1009.0
     1     1    15    11     5    20     0     0   -58.0   49.991 -167.305      1.3   1006.8
     1     1    15    11     5    19     0     0   -59.0   50.026 -168.339      2.7   1006.8
     1     1    15    11     5    18     0     0   -60.0   50.087 -169.363      4.2   1007.3
     1     1    15    11     5    17     0     0   -61.0   50.169 -170.378      5.8   1007.7
     1     1    15    11     5    16     0     0   -62.0   50.263 -171.374      7.6   1008.4
     1     1    15    11     5    15     0     0   -63.0   50.362 -172.341      9.4   1009.3
     1     1    15    11     5    14     0     0   -64.0   50.463 -173.283     11.2   1009.1
     1     1    15    11     5    13     0     0   -65.0   50.563 -174.209     13.7   1008.3
     1     1    15    11     5    12     0     0   -66.0   50.667 -175.131     17.3   1007.2
     1     1    15    11     5    11     0     0   -67.0   50.784 -176.055     21.6   1004.6
     1     1    15    11     5    10     0     0   -68.0   50.921 -176.975     25.8   1002.5
     1     1    15    11     5     9     0     0   -69.0   51.070 -177.882     29.5   1001.1
     1     1    15    11     5     8     0     0   -70.0   51.225 -178.775     33.0   1000.5
     1     1    15    11     5     7     0     0   -71.0   51.383 -179.659     36.3   1000.2
     1     1    15    11     5     6     0     0   -72.0   51.542  179.464     39.8   1000.7
