     1     1
    CDC1    15    10     1     0     0
     1 BACKWARD OMEGA   
    15    10    23    18   60.984 -139.059   750.0
     1 PRESSURE
     1     1    15    10    23    18     0     0     0.0   60.984 -139.059    750.0    811.5
     1     1    15    10    23    17     0     0    -1.0   60.852 -139.365    735.7    815.2
     1     1    15    10    23    16     0     0    -2.0   60.721 -139.663    717.7    819.8
     1     1    15    10    23    15     0     0    -3.0   60.592 -139.957    696.2    824.9
     1     1    15    10    23    14     0     0    -4.0   60.467 -140.250    672.2    831.1
     1     1    15    10    23    13     0     0    -5.0   60.347 -140.546    646.4    837.6
     1     1    15    10    23    12     0     0    -6.0   60.234 -140.850    619.4    844.3
     1     1    15    10    23    11     0     0    -7.0   60.121 -141.157    593.8    850.5
     1     1    15    10    23    10     0     0    -8.0   60.002 -141.461    571.4    856.3
     1     1    15    10    23     9     0     0    -9.0   59.880 -141.763    552.9    863.5
     1     1    15    10    23     8     0     0   -10.0   59.757 -142.062    538.3    870.5
     1     1    15    10    23     7     0     0   -11.0   59.636 -142.364    527.2    877.0
     1     1    15    10    23     6     0     0   -12.0   59.519 -142.671    519.8    883.6
     1     1    15    10    23     5     0     0   -13.0   59.402 -142.980    513.0    890.0
     1     1    15    10    23     4     0     0   -14.0   59.283 -143.282    504.1    897.0
     1     1    15    10    23     3     0     0   -15.0   59.163 -143.584    493.4    904.1
     1     1    15    10    23     2     0     0   -16.0   59.044 -143.892    481.3    911.4
     1     1    15    10    23     1     0     0   -17.0   58.928 -144.212    468.1    918.7
     1     1    15    10    23     0     0     0   -18.0   58.817 -144.549    454.1    926.0
     1     1    15    10    22    23     0     0   -19.0   58.714 -144.901    441.3    932.9
     1     1    15    10    22    22     0     0   -20.0   58.619 -145.258    431.5    938.1
     1     1    15    10    22    21     0     0   -21.0   58.531 -145.617    424.6    942.3
     1     1    15    10    22    20     0     0   -22.0   58.450 -145.979    420.8    945.9
     1     1    15    10    22    19     0     0   -23.0   58.377 -146.345    419.7    948.7
     1     1    15    10    22    18     0     0   -24.0   58.313 -146.714    421.4    950.8
     1     1    15    10    22    17     0     0   -25.0   58.256 -147.087    425.4    952.5
     1     1    15    10    22    16     0     0   -26.0   58.204 -147.464    431.6    953.7
     1     1    15    10    22    15     0     0   -27.0   58.157 -147.844    439.9    952.7
     1     1    15    10    22    14     0     0   -28.0   58.114 -148.227    450.6    951.1
     1     1    15    10    22    13     0     0   -29.0   58.076 -148.613    464.0    949.1
     1     1    15    10    22    12     0     0   -30.0   58.044 -149.003    480.5    946.6
     1     1    15    10    22    11     0     0   -31.0   58.022 -149.394    498.8    943.4
     1     1    15    10    22    10     0     0   -32.0   58.013 -149.779    517.7    940.0
     1     1    15    10    22     9     0     0   -33.0   58.016 -150.153    536.5    936.0
     1     1    15    10    22     8     0     0   -34.0   58.029 -150.513    554.4    931.5
     1     1    15    10    22     7     0     0   -35.0   58.050 -150.855    571.4    927.0
     1     1    15    10    22     6     0     0   -36.0   58.080 -151.176    587.4    922.6
     1     1    15    10    22     5     0     0   -37.0   58.125 -151.481    604.9    918.3
     1     1    15    10    22     4     0     0   -38.0   58.195 -151.770    626.4    913.2
     1     1    15    10    22     3     0     0   -39.0   58.290 -152.041    651.7    907.1
     1     1    15    10    22     2     0     0   -40.0   58.407 -152.290    680.3    900.5
     1     1    15    10    22     1     0     0   -41.0   58.545 -152.513    711.6    893.6
     1     1    15    10    22     0     0     0   -42.0   58.700 -152.706    744.7    887.0
     1     1    15    10    21    23     0     0   -43.0   58.865 -152.863    777.9    880.5
     1     1    15    10    21    22     0     0   -44.0   59.030 -152.978    810.0    874.5
     1     1    15    10    21    21     0     0   -45.0   59.195 -153.053    842.1    868.6
     1     1    15    10    21    20     0     0   -46.0   59.360 -153.087    875.2    862.7
     1     1    15    10    21    19     0     0   -47.0   59.523 -153.081    910.0    856.9
     1     1    15    10    21    18     0     0   -48.0   59.684 -153.035    947.0    850.6
     1     1    15    10    21    17     0     0   -49.0   59.843 -152.948    981.2    843.8
     1     1    15    10    21    16     0     0   -50.0   60.004 -152.816   1007.5    838.5
     1     1    15    10    21    15     0     0   -51.0   60.166 -152.647   1026.1    834.8
     1     1    15    10    21    14     0     0   -52.0   60.327 -152.449   1037.2    831.7
     1     1    15    10    21    13     0     0   -53.0   60.485 -152.221   1041.2    829.4
     1     1    15    10    21    12     0     0   -54.0   60.639 -151.961   1038.9    827.6
     1     1    15    10    21    11     0     0   -55.0   60.779 -151.663   1036.3    826.4
     1     1    15    10    21    10     0     0   -56.0   60.894 -151.323   1039.0    824.0
     1     1    15    10    21     9     0     0   -57.0   60.987 -150.943   1045.7    821.4
     1     1    15    10    21     8     0     0   -58.0   61.056 -150.523   1055.5    818.7
     1     1    15    10    21     7     0     0   -59.0   61.103 -150.066   1067.5    816.1
     1     1    15    10    21     6     0     0   -60.0   61.125 -149.576   1079.9    812.7
     1     1    15    10    21     5     0     0   -61.0   61.124 -149.062   1089.1    809.7
     1     1    15    10    21     4     0     0   -62.0   61.105 -148.523   1093.0    807.8
     1     1    15    10    21     3     0     0   -63.0   61.068 -147.958   1090.5    807.1
     1     1    15    10    21     2     0     0   -64.0   61.015 -147.367   1081.0    807.0
     1     1    15    10    21     1     0     0   -65.0   60.945 -146.759   1063.5    806.9
     1     1    15    10    21     0     0     0   -66.0   60.859 -146.140   1038.1    808.0
     1     1    15    10    20    23     0     0   -67.0   60.755 -145.538   1006.0    810.3
     1     1    15    10    20    22     0     0   -68.0   60.627 -144.976    969.2    813.7
     1     1    15    10    20    21     0     0   -69.0   60.478 -144.455    928.1    818.4
     1     1    15    10    20    20     0     0   -70.0   60.306 -143.974    883.5    823.8
     1     1    15    10    20    19     0     0   -71.0   60.111 -143.526    836.2    829.8
     1     1    15    10    20    18     0     0   -72.0   59.895 -143.111    787.4    837.7
