     1     1
    CDC1    16     2     1     0     0
     1 BACKWARD OMEGA   
    16     2     3    18   60.984 -139.059   750.0
     1 PRESSURE
     1     1    16     2     3    18     0     0     0.0   60.984 -139.059    750.0    799.1
     1     1    16     2     3    17     0     0    -1.0   60.720 -138.447    727.6    805.4
     1     1    16     2     3    16     0     0    -2.0   60.456 -137.864    701.4    812.2
     1     1    16     2     3    15     0     0    -3.0   60.192 -137.315    669.7    819.5
     1     1    16     2     3    14     0     0    -4.0   59.927 -136.805    632.8    827.9
     1     1    16     2     3    13     0     0    -5.0   59.665 -136.339    593.3    839.0
     1     1    16     2     3    12     0     0    -6.0   59.408 -135.909    552.5    849.2
     1     1    16     2     3    11     0     0    -7.0   59.155 -135.495    514.9    859.2
     1     1    16     2     3    10     0     0    -8.0   58.905 -135.082    484.8    867.7
     1     1    16     2     3     9     0     0    -9.0   58.661 -134.677    461.2    873.4
     1     1    16     2     3     8     0     0   -10.0   58.425 -134.289    443.4    877.3
     1     1    16     2     3     7     0     0   -11.0   58.199 -133.923    430.5    880.1
     1     1    16     2     3     6     0     0   -12.0   57.984 -133.585    421.5    882.0
     1     1    16     2     3     5     0     0   -13.0   57.777 -133.279    414.4    883.5
     1     1    16     2     3     4     0     0   -14.0   57.575 -133.004    407.8    885.2
     1     1    16     2     3     3     0     0   -15.0   57.371 -132.757    401.7    887.2
     1     1    16     2     3     2     0     0   -16.0   57.162 -132.531    396.6    889.9
     1     1    16     2     3     1     0     0   -17.0   56.945 -132.321    392.6    892.4
     1     1    16     2     3     0     0     0   -18.0   56.722 -132.125    390.1    894.9
     1     1    16     2     2    23     0     0   -19.0   56.500 -131.947    387.1    897.2
     1     1    16     2     2    22     0     0   -20.0   56.288 -131.787    381.9    900.0
     1     1    16     2     2    21     0     0   -21.0   56.087 -131.645    374.4    903.2
     1     1    16     2     2    20     0     0   -22.0   55.896 -131.522    364.6    906.5
     1     1    16     2     2    19     0     0   -23.0   55.718 -131.419    352.5    910.2
     1     1    16     2     2    18     0     0   -24.0   55.551 -131.334    338.2    914.2
     1     1    16     2     2    17     0     0   -25.0   55.387 -131.251    322.3    918.6
     1     1    16     2     2    16     0     0   -26.0   55.216 -131.154    305.4    922.9
     1     1    16     2     2    15     0     0   -27.0   55.037 -131.041    287.7    927.4
     1     1    16     2     2    14     0     0   -28.0   54.848 -130.914    269.6    931.0
     1     1    16     2     2    13     0     0   -29.0   54.649 -130.782    251.3    934.6
     1     1    16     2     2    12     0     0   -30.0   54.439 -130.645    233.3    938.5
     1     1    16     2     2    11     0     0   -31.0   54.227 -130.506    216.0    942.1
     1     1    16     2     2    10     0     0   -32.0   54.019 -130.366    200.1    945.6
     1     1    16     2     2     9     0     0   -33.0   53.818 -130.221    185.6    948.4
     1     1    16     2     2     8     0     0   -34.0   53.623 -130.071    172.6    951.0
     1     1    16     2     2     7     0     0   -35.0   53.436 -129.916    161.3    953.1
     1     1    16     2     2     6     0     0   -36.0   53.257 -129.758    151.7    954.5
     1     1    16     2     2     5     0     0   -37.0   53.084 -129.608    143.9    956.2
     1     1    16     2     2     4     0     0   -38.0   52.911 -129.475    137.7    957.9
     1     1    16     2     2     3     0     0   -39.0   52.735 -129.359    132.7    959.9
     1     1    16     2     2     2     0     0   -40.0   52.555 -129.263    128.4    962.2
     1     1    16     2     2     1     0     0   -41.0   52.373 -129.188    124.5    963.8
     1     1    16     2     2     0     0     0   -42.0   52.190 -129.133    120.7    965.4
     1     1    16     2     1    23     0     0   -43.0   52.010 -129.083    116.5    967.1
     1     1    16     2     1    22     0     0   -44.0   51.838 -129.028    111.7    968.7
     1     1    16     2     1    21     0     0   -45.0   51.673 -128.967    106.2    970.4
     1     1    16     2     1    20     0     0   -46.0   51.514 -128.900    100.2    972.0
     1     1    16     2     1    19     0     0   -47.0   51.364 -128.829     93.7    973.6
     1     1    16     2     1    18     0     0   -48.0   51.222 -128.755     87.0    975.3
     1     1    16     2     1    17     0     0   -49.0   51.099 -128.700     80.5    977.1
     1     1    16     2     1    16     0     0   -50.0   51.002 -128.684     74.9    979.1
     1     1    16     2     1    15     0     0   -51.0   50.931 -128.706     70.0    981.0
     1     1    16     2     1    14     0     0   -52.0   50.884 -128.766     65.8    983.0
     1     1    16     2     1    13     0     0   -53.0   50.860 -128.864     62.1    985.4
     1     1    16     2     1    12     0     0   -54.0   50.858 -129.003     59.1    988.0
     1     1    16     2     1    11     0     0   -55.0   50.877 -129.168     56.8    990.7
     1     1    16     2     1    10     0     0   -56.0   50.914 -129.342     55.5    993.3
     1     1    16     2     1     9     0     0   -57.0   50.971 -129.529     55.2    995.8
     1     1    16     2     1     8     0     0   -58.0   51.048 -129.727     56.0    998.2
     1     1    16     2     1     7     0     0   -59.0   51.146 -129.940     57.8   1000.8
     1     1    16     2     1     6     0     0   -60.0   51.262 -130.166     60.6   1001.8
     1     1    16     2     1     5     0     0   -61.0   51.390 -130.410     63.4   1002.2
     1     1    16     2     1     4     0     0   -62.0   51.529 -130.676     65.5   1003.1
     1     1    16     2     1     3     0     0   -63.0   51.679 -130.965     66.9   1004.5
     1     1    16     2     1     2     0     0   -64.0   51.841 -131.277     67.9   1006.4
     1     1    16     2     1     1     0     0   -65.0   52.016 -131.613     68.7   1008.9
     1     1    16     2     1     0     0     0   -66.0   52.206 -131.975     69.5   1012.1
