     1     1
    CDC1    16     2     1     0     0
     1 BACKWARD OMEGA   
    16     2    14     6   60.984 -139.059   750.0
     1 PRESSURE
     1     1    16     2    14     6     0     0     0.0   60.984 -139.059    750.0    798.3
     1     1    16     2    14     5     0     0    -1.0   60.734 -138.976    713.1    806.4
     1     1    16     2    14     4     0     0    -2.0   60.476 -138.839    675.7    814.9
     1     1    16     2    14     3     0     0    -3.0   60.207 -138.636    637.2    823.6
     1     1    16     2    14     2     0     0    -4.0   59.928 -138.364    598.4    833.4
     1     1    16     2    14     1     0     0    -5.0   59.647 -138.051    562.4    845.7
     1     1    16     2    14     0     0     0    -6.0   59.366 -137.721    530.7    857.3
     1     1    16     2    13    23     0     0    -7.0   59.085 -137.396    503.2    868.3
     1     1    16     2    13    22     0     0    -8.0   58.805 -137.089    479.5    878.3
     1     1    16     2    13    21     0     0    -9.0   58.524 -136.781    458.6    887.8
     1     1    16     2    13    20     0     0   -10.0   58.238 -136.455    439.1    897.0
     1     1    16     2    13    19     0     0   -11.0   57.946 -136.098    419.9    905.9
     1     1    16     2    13    18     0     0   -12.0   57.644 -135.691    399.6    914.7
     1     1    16     2    13    17     0     0   -13.0   57.349 -135.267    378.8    921.1
     1     1    16     2    13    16     0     0   -14.0   57.081 -134.880    360.3    924.3
     1     1    16     2    13    15     0     0   -15.0   56.839 -134.534    344.0    925.6
     1     1    16     2    13    14     0     0   -16.0   56.619 -134.218    329.7    927.2
     1     1    16     2    13    13     0     0   -17.0   56.417 -133.919    317.0    929.0
     1     1    16     2    13    12     0     0   -18.0   56.227 -133.633    305.9    930.7
     1     1    16     2    13    11     0     0   -19.0   56.048 -133.373    296.4    932.6
     1     1    16     2    13    10     0     0   -20.0   55.882 -133.152    288.5    934.6
     1     1    16     2    13     9     0     0   -21.0   55.728 -132.966    282.4    936.7
     1     1    16     2    13     8     0     0   -22.0   55.589 -132.814    278.3    938.8
     1     1    16     2    13     7     0     0   -23.0   55.464 -132.691    276.1    940.7
     1     1    16     2    13     6     0     0   -24.0   55.355 -132.598    275.8    942.3
     1     1    16     2    13     5     0     0   -25.0   55.248 -132.513    275.3    943.7
     1     1    16     2    13     4     0     0   -26.0   55.129 -132.417    271.9    945.3
     1     1    16     2    13     3     0     0   -27.0   54.997 -132.311    265.7    947.2
     1     1    16     2    13     2     0     0   -28.0   54.854 -132.199    256.9    948.0
     1     1    16     2    13     1     0     0   -29.0   54.698 -132.083    246.2    949.2
     1     1    16     2    13     0     0     0   -30.0   54.530 -131.966    234.0    950.9
     1     1    16     2    12    23     0     0   -31.0   54.350 -131.852    222.2    953.2
     1     1    16     2    12    22     0     0   -32.0   54.159 -131.748    212.0    955.6
     1     1    16     2    12    21     0     0   -33.0   53.955 -131.650    203.7    958.2
     1     1    16     2    12    20     0     0   -34.0   53.738 -131.555    197.0    960.9
     1     1    16     2    12    19     0     0   -35.0   53.508 -131.461    192.1    963.6
     1     1    16     2    12    18     0     0   -36.0   53.264 -131.364    188.8    966.4
     1     1    16     2    12    17     0     0   -37.0   53.010 -131.265    186.9    969.1
     1     1    16     2    12    16     0     0   -38.0   52.752 -131.172    185.6    972.1
     1     1    16     2    12    15     0     0   -39.0   52.489 -131.089    184.6    975.4
     1     1    16     2    12    14     0     0   -40.0   52.224 -131.022    182.0    976.2
     1     1    16     2    12    13     0     0   -41.0   51.954 -130.971    176.4    977.7
     1     1    16     2    12    12     0     0   -42.0   51.680 -130.935    167.2    979.9
     1     1    16     2    12    11     0     0   -43.0   51.400 -130.903    155.6    982.3
     1     1    16     2    12    10     0     0   -44.0   51.111 -130.869    143.1    984.8
     1     1    16     2    12     9     0     0   -45.0   50.817 -130.837    130.3    987.7
     1     1    16     2    12     8     0     0   -46.0   50.519 -130.812    117.7    990.8
     1     1    16     2    12     7     0     0   -47.0   50.219 -130.801    106.0    994.1
     1     1    16     2    12     6     0     0   -48.0   49.918 -130.811     95.7    996.9
     1     1    16     2    12     5     0     0   -49.0   49.608 -130.818     88.5    998.5
     1     1    16     2    12     4     0     0   -50.0   49.283 -130.799     85.3    999.1
     1     1    16     2    12     3     0     0   -51.0   48.940 -130.766     85.4    999.2
     1     1    16     2    12     2     0     0   -52.0   48.580 -130.729     87.9    998.9
     1     1    16     2    12     1     0     0   -53.0   48.200 -130.702     92.0    998.4
     1     1    16     2    12     0     0     0   -54.0   47.801 -130.698     97.1    997.7
     1     1    16     2    11    23     0     0   -55.0   47.388 -130.709     98.5    997.1
     1     1    16     2    11    22     0     0   -56.0   46.976 -130.712     93.1    996.9
     1     1    16     2    11    21     0     0   -57.0   46.572 -130.708     83.4    997.3
     1     1    16     2    11    20     0     0   -58.0   46.173 -130.708     70.7    997.9
     1     1    16     2    11    19     0     0   -59.0   45.776 -130.728     56.9    997.9
     1     1    16     2    11    18     0     0   -60.0   45.377 -130.791     43.8    997.8
     1     1    16     2    11    17     0     0   -61.0   44.980 -130.888     32.5    997.6
     1     1    16     2    11    16     0     0   -62.0   44.587 -130.971     23.6    999.9
     1     1    16     2    11    15     0     0   -63.0   44.192 -131.016     16.5   1002.1
     1     1    16     2    11    14     0     0   -64.0   43.787 -131.035     11.1   1004.3
     1     1    16     2    11    13     0     0   -65.0   43.363 -131.052      6.4   1005.4
     1     1    16     2    11    12     0     0   -66.0   42.910 -131.096      1.5   1006.3
     1     1    16     2    11    11     0     0   -67.0   42.441 -131.162      0.0   1008.5
     1     1    16     2    11    10     0     0   -68.0   41.986 -131.200      0.0   1009.6
     1     1    16     2    11     9     0     0   -69.0   41.548 -131.185      0.0   1010.7
     1     1    16     2    11     8     0     0   -70.0   41.123 -131.121      0.0   1011.6
     1     1    16     2    11     7     0     0   -71.0   40.703 -131.012      0.0   1012.3
     1     1    16     2    11     6     0     0   -72.0   40.284 -130.865      0.0   1012.8
