     1     1
    CDC1    15    12     1     0     0
     1 BACKWARD OMEGA   
    15    12    27    12   60.984 -139.059   750.0
     1 PRESSURE
     1     1    15    12    27    12     0     0     0.0   60.984 -139.059    750.0    807.1
     1     1    15    12    27    11     0     0    -1.0   60.866 -139.162    765.3    806.7
     1     1    15    12    27    10     0     0    -2.0   60.754 -139.252    766.8    808.3
     1     1    15    12    27     9     0     0    -3.0   60.648 -139.331    754.4    811.2
     1     1    15    12    27     8     0     0    -4.0   60.549 -139.397    727.8    815.5
     1     1    15    12    27     7     0     0    -5.0   60.457 -139.451    687.2    821.4
     1     1    15    12    27     6     0     0    -6.0   60.373 -139.491    632.6    828.8
     1     1    15    12    27     5     0     0    -7.0   60.293 -139.509    575.4    837.3
     1     1    15    12    27     4     0     0    -8.0   60.212 -139.504    527.1    843.4
     1     1    15    12    27     3     0     0    -9.0   60.132 -139.481    487.8    848.6
     1     1    15    12    27     2     0     0   -10.0   60.055 -139.447    456.5    853.1
     1     1    15    12    27     1     0     0   -11.0   59.981 -139.408    432.8    857.0
     1     1    15    12    27     0     0     0   -12.0   59.911 -139.373    416.4    860.8
     1     1    15    12    26    23     0     0   -13.0   59.836 -139.317    402.0    864.1
     1     1    15    12    26    22     0     0   -14.0   59.753 -139.213    385.3    868.5
     1     1    15    12    26    21     0     0   -15.0   59.661 -139.059    366.4    873.3
     1     1    15    12    26    20     0     0   -16.0   59.565 -138.854    346.0    878.0
     1     1    15    12    26    19     0     0   -17.0   59.465 -138.596    325.0    882.7
     1     1    15    12    26    18     0     0   -18.0   59.367 -138.285    303.7    887.3
     1     1    15    12    26    17     0     0   -19.0   59.262 -137.929    281.7    892.6
     1     1    15    12    26    16     0     0   -20.0   59.142 -137.538    258.5    898.7
     1     1    15    12    26    15     0     0   -21.0   59.010 -137.110    234.5    904.4
     1     1    15    12    26    14     0     0   -22.0   58.870 -136.651    210.3    910.2
     1     1    15    12    26    13     0     0   -23.0   58.726 -136.161    186.1    915.6
     1     1    15    12    26    12     0     0   -24.0   58.587 -135.642    161.8    920.1
     1     1    15    12    26    11     0     0   -25.0   58.469 -135.110    138.0    924.2
     1     1    15    12    26    10     0     0   -26.0   58.372 -134.595    113.2    924.8
     1     1    15    12    26     9     0     0   -27.0   58.283 -134.106     86.1    925.2
     1     1    15    12    26     8     0     0   -28.0   58.203 -133.648     56.7    925.3
     1     1    15    12    26     7     0     0   -29.0   58.158 -133.232     30.7    924.9
     1     1    15    12    26     6     0     0   -30.0   58.176 -132.881     14.4    923.5
     1     1    15    12    26     5     0     0   -31.0   58.227 -132.584      3.5    918.5
     1     1    15    12    26     4     0     0   -32.0   58.289 -132.313      0.0    913.4
     1     1    15    12    26     3     0     0   -33.0   58.345 -132.052      0.0    908.5
     1     1    15    12    26     2     0     0   -34.0   58.391 -131.792      0.0    903.8
     1     1    15    12    26     1     0     0   -35.0   58.427 -131.526      0.0    899.4
     1     1    15    12    26     0     0     0   -36.0   58.452 -131.250      0.0    895.0
     1     1    15    12    25    23     0     0   -37.0   58.477 -130.991      0.0    891.0
     1     1    15    12    25    22     0     0   -38.0   58.506 -130.775      0.0    887.6
     1     1    15    12    25    21     0     0   -39.0   58.539 -130.601      0.4    884.8
     1     1    15    12    25    20     0     0   -40.0   58.575 -130.466      1.5    882.6
     1     1    15    12    25    19     0     0   -41.0   58.612 -130.368      3.2    880.9
     1     1    15    12    25    18     0     0   -42.0   58.651 -130.306      5.3    879.7
     1     1    15    12    25    17     0     0   -43.0   58.691 -130.251      7.6    878.4
     1     1    15    12    25    16     0     0   -44.0   58.730 -130.180      9.6    876.9
     1     1    15    12    25    15     0     0   -45.0   58.767 -130.094     11.7    874.9
     1     1    15    12    25    14     0     0   -46.0   58.803 -129.996     14.2    872.7
     1     1    15    12    25    13     0     0   -47.0   58.840 -129.886     17.0    871.3
     1     1    15    12    25    12     0     0   -48.0   58.879 -129.769     19.7    869.9
     1     1    15    12    25    11     0     0   -49.0   58.921 -129.658     22.3    868.3
     1     1    15    12    25    10     0     0   -50.0   58.965 -129.564     24.8    866.7
     1     1    15    12    25     9     0     0   -51.0   59.011 -129.487     26.9    865.3
     1     1    15    12    25     8     0     0   -52.0   59.058 -129.423     28.6    864.1
     1     1    15    12    25     7     0     0   -53.0   59.108 -129.371     29.6    863.0
     1     1    15    12    25     6     0     0   -54.0   59.160 -129.330     30.0    862.0
     1     1    15    12    25     5     0     0   -55.0   59.214 -129.287     31.2    861.5
     1     1    15    12    25     4     0     0   -56.0   59.275 -129.231     34.8    860.5
     1     1    15    12    25     3     0     0   -57.0   59.342 -129.166     41.4    859.3
     1     1    15    12    25     2     0     0   -58.0   59.420 -129.098     52.1    857.7
     1     1    15    12    25     1     0     0   -59.0   59.511 -129.033     68.6    855.8
     1     1    15    12    25     0     0     0   -60.0   59.621 -128.982     92.5    852.4
     1     1    15    12    24    23     0     0   -61.0   59.744 -128.952    120.8    847.6
     1     1    15    12    24    22     0     0   -62.0   59.870 -128.945    149.0    843.7
     1     1    15    12    24    21     0     0   -63.0   59.994 -128.952    175.4    840.1
     1     1    15    12    24    20     0     0   -64.0   60.111 -128.969    198.1    836.7
     1     1    15    12    24    19     0     0   -65.0   60.217 -128.993    215.6    833.7
     1     1    15    12    24    18     0     0   -66.0   60.313 -129.020    227.9    831.4
     1     1    15    12    24    17     0     0   -67.0   60.407 -129.053    235.8    830.0
     1     1    15    12    24    16     0     0   -68.0   60.504 -129.095    240.5    828.9
     1     1    15    12    24    15     0     0   -69.0   60.604 -129.146    242.1    828.0
     1     1    15    12    24    14     0     0   -70.0   60.708 -129.204    240.9    827.4
     1     1    15    12    24    13     0     0   -71.0   60.817 -129.269    237.3    827.0
     1     1    15    12    24    12     0     0   -72.0   60.929 -129.341    231.5    826.8
