     1     1
    CDC1    16     4     1     0     0
     1 BACKWARD OMEGA   
    16     4    11    12   60.984 -139.059   750.0
     1 PRESSURE
     1     1    16     4    11    12     0     0     0.0   60.984 -139.059    750.0    807.2
     1     1    16     4    11    11     0     0    -1.0   60.843 -139.219    723.9    812.5
     1     1    16     4    11    10     0     0    -2.0   60.696 -139.384    700.1    817.9
     1     1    16     4    11     9     0     0    -3.0   60.544 -139.557    678.6    823.2
     1     1    16     4    11     8     0     0    -4.0   60.385 -139.737    659.7    828.4
     1     1    16     4    11     7     0     0    -5.0   60.220 -139.928    643.5    833.5
     1     1    16     4    11     6     0     0    -6.0   60.049 -140.131    630.0    839.0
     1     1    16     4    11     5     0     0    -7.0   59.873 -140.319    617.6    846.2
     1     1    16     4    11     4     0     0    -8.0   59.693 -140.464    604.8    854.4
     1     1    16     4    11     3     0     0    -9.0   59.511 -140.569    591.2    862.4
     1     1    16     4    11     2     0     0   -10.0   59.328 -140.639    576.8    870.5
     1     1    16     4    11     1     0     0   -11.0   59.146 -140.681    561.8    878.5
     1     1    16     4    11     0     0     0   -12.0   58.965 -140.699    546.1    886.5
     1     1    16     4    10    23     0     0   -13.0   58.778 -140.711    527.6    895.0
     1     1    16     4    10    22     0     0   -14.0   58.576 -140.730    504.5    904.9
     1     1    16     4    10    21     0     0   -15.0   58.359 -140.758    478.6    915.7
     1     1    16     4    10    20     0     0   -16.0   58.126 -140.797    451.5    927.5
     1     1    16     4    10    19     0     0   -17.0   57.876 -140.850    424.4    940.0
     1     1    16     4    10    18     0     0   -18.0   57.607 -140.918    398.5    953.2
     1     1    16     4    10    17     0     0   -19.0   57.328 -140.983    375.2    960.5
     1     1    16     4    10    16     0     0   -20.0   57.046 -141.023    355.7    963.2
     1     1    16     4    10    15     0     0   -21.0   56.758 -141.041    340.0    965.4
     1     1    16     4    10    14     0     0   -22.0   56.461 -141.040    327.5    967.3
     1     1    16     4    10    13     0     0   -23.0   56.151 -141.021    318.0    968.9
     1     1    16     4    10    12     0     0   -24.0   55.825 -140.988    311.2    970.2
     1     1    16     4    10    11     0     0   -25.0   55.485 -140.952    306.2    971.9
     1     1    16     4    10    10     0     0   -26.0   55.135 -140.920    302.2    973.6
     1     1    16     4    10     9     0     0   -27.0   54.778 -140.892    298.7    974.2
     1     1    16     4    10     8     0     0   -28.0   54.419 -140.863    294.7    974.2
     1     1    16     4    10     7     0     0   -29.0   54.056 -140.834    289.9    974.3
     1     1    16     4    10     6     0     0   -30.0   53.687 -140.806    283.8    974.5
     1     1    16     4    10     5     0     0   -31.0   53.313 -140.772    276.6    974.9
     1     1    16     4    10     4     0     0   -32.0   52.943 -140.725    269.1    975.4
     1     1    16     4    10     3     0     0   -33.0   52.575 -140.661    261.4    975.8
     1     1    16     4    10     2     0     0   -34.0   52.213 -140.574    253.6    977.3
     1     1    16     4    10     1     0     0   -35.0   51.858 -140.459    245.7    979.0
     1     1    16     4    10     0     0     0   -36.0   51.510 -140.317    237.9    980.8
     1     1    16     4     9    23     0     0   -37.0   51.166 -140.166    230.4    982.8
     1     1    16     4     9    22     0     0   -38.0   50.828 -140.021    222.5    984.8
     1     1    16     4     9    21     0     0   -39.0   50.496 -139.878    214.1    986.9
     1     1    16     4     9    20     0     0   -40.0   50.174 -139.734    204.9    989.0
     1     1    16     4     9    19     0     0   -41.0   49.863 -139.587    194.9    991.1
     1     1    16     4     9    18     0     0   -42.0   49.564 -139.440    184.4    993.2
     1     1    16     4     9    17     0     0   -43.0   49.276 -139.298    173.6    995.2
     1     1    16     4     9    16     0     0   -44.0   48.998 -139.161    162.8    997.3
     1     1    16     4     9    15     0     0   -45.0   48.733 -139.028    152.4    999.5
     1     1    16     4     9    14     0     0   -46.0   48.483 -138.900    142.4   1001.7
     1     1    16     4     9    13     0     0   -47.0   48.248 -138.776    133.2   1003.9
     1     1    16     4     9    12     0     0   -48.0   48.031 -138.656    124.7   1006.0
     1     1    16     4     9    11     0     0   -49.0   47.838 -138.549    117.6   1007.9
     1     1    16     4     9    10     0     0   -50.0   47.672 -138.461    112.6   1009.3
     1     1    16     4     9     9     0     0   -51.0   47.531 -138.389    109.6   1010.4
     1     1    16     4     9     8     0     0   -52.0   47.415 -138.333    108.3   1010.9
     1     1    16     4     9     7     0     0   -53.0   47.323 -138.291    108.6   1011.0
     1     1    16     4     9     6     0     0   -54.0   47.252 -138.264    110.7   1010.9
     1     1    16     4     9     5     0     0   -55.0   47.196 -138.256    114.6   1010.7
     1     1    16     4     9     4     0     0   -56.0   47.147 -138.270    120.5   1010.2
     1     1    16     4     9     3     0     0   -57.0   47.101 -138.306    128.5   1009.4
     1     1    16     4     9     2     0     0   -58.0   47.059 -138.368    139.1   1008.4
     1     1    16     4     9     1     0     0   -59.0   47.019 -138.456    152.5   1007.0
     1     1    16     4     9     0     0     0   -60.0   46.977 -138.573    168.9   1005.4
     1     1    16     4     8    23     0     0   -61.0   46.933 -138.712    187.9   1003.3
     1     1    16     4     8    22     0     0   -62.0   46.886 -138.862    208.5   1000.8
     1     1    16     4     8    21     0     0   -63.0   46.838 -139.020    230.3    997.7
     1     1    16     4     8    20     0     0   -64.0   46.790 -139.181    253.6    994.5
     1     1    16     4     8    19     0     0   -65.0   46.743 -139.347    278.6    991.3
     1     1    16     4     8    18     0     0   -66.0   46.699 -139.515    306.0    987.9
     1     1    16     4     8    17     0     0   -67.0   46.668 -139.698    333.9    983.8
     1     1    16     4     8    16     0     0   -68.0   46.655 -139.910    359.6    980.2
     1     1    16     4     8    15     0     0   -69.0   46.660 -140.152    382.5    977.2
     1     1    16     4     8    14     0     0   -70.0   46.678 -140.428    401.6    974.1
     1     1    16     4     8    13     0     0   -71.0   46.710 -140.739    416.3    971.8
     1     1    16     4     8    12     0     0   -72.0   46.753 -141.088    426.0    970.2
