     1     1
    CDC1    15    10     1     0     0
     1 BACKWARD OMEGA   
    15    10    14     0   60.984 -139.059   750.0
     1 PRESSURE
     1     1    15    10    14     0     0     0     0.0   60.984 -139.059    750.0    810.0
     1     1    15    10    13    23     0     0    -1.0   60.886 -139.315    724.1    813.9
     1     1    15    10    13    22     0     0    -2.0   60.779 -139.525    694.5    818.5
     1     1    15    10    13    21     0     0    -3.0   60.664 -139.690    660.9    823.6
     1     1    15    10    13    20     0     0    -4.0   60.543 -139.808    622.8    829.4
     1     1    15    10    13    19     0     0    -5.0   60.416 -139.879    580.4    835.5
     1     1    15    10    13    18     0     0    -6.0   60.286 -139.899    535.1    841.6
     1     1    15    10    13    17     0     0    -7.0   60.140 -139.889    486.3    848.8
     1     1    15    10    13    16     0     0    -8.0   59.964 -139.871    432.9    858.1
     1     1    15    10    13    15     0     0    -9.0   59.763 -139.869    377.5    871.3
     1     1    15    10    13    14     0     0   -10.0   59.542 -139.903    323.5    884.1
     1     1    15    10    13    13     0     0   -11.0   59.302 -139.970    273.4    897.5
     1     1    15    10    13    12     0     0   -12.0   59.044 -140.067    228.7    911.6
     1     1    15    10    13    11     0     0   -13.0   58.781 -140.195    191.0    925.5
     1     1    15    10    13    10     0     0   -14.0   58.525 -140.357    159.8    937.8
     1     1    15    10    13     9     0     0   -15.0   58.272 -140.559    132.4    950.3
     1     1    15    10    13     8     0     0   -16.0   58.021 -140.801    107.8    963.0
     1     1    15    10    13     7     0     0   -17.0   57.772 -141.081     84.3    976.2
     1     1    15    10    13     6     0     0   -18.0   57.519 -141.393     61.1    989.2
     1     1    15    10    13     5     0     0   -19.0   57.260 -141.749     40.4    993.7
     1     1    15    10    13     4     0     0   -20.0   56.997 -142.160     24.8    997.2
     1     1    15    10    13     3     0     0   -21.0   56.729 -142.628     14.6   1000.0
     1     1    15    10    13     2     0     0   -22.0   56.457 -143.148      9.0   1000.6
     1     1    15    10    13     1     0     0   -23.0   56.178 -143.713      6.6   1000.3
     1     1    15    10    13     0     0     0   -24.0   55.882 -144.314      5.7    999.3
     1     1    15    10    12    23     0     0   -25.0   55.584 -144.947      5.4    996.8
     1     1    15    10    12    22     0     0   -26.0   55.308 -145.623      5.2    992.1
     1     1    15    10    12    21     0     0   -27.0   55.063 -146.352      5.1    987.2
     1     1    15    10    12    20     0     0   -28.0   54.847 -147.121      5.4    984.8
     1     1    15    10    12    19     0     0   -29.0   54.661 -147.905      6.2    984.4
     1     1    15    10    12    18     0     0   -30.0   54.502 -148.680      7.4    984.5
     1     1    15    10    12    17     0     0   -31.0   54.368 -149.428      8.7    984.0
     1     1    15    10    12    16     0     0   -32.0   54.260 -150.143      9.7    983.8
     1     1    15    10    12    15     0     0   -33.0   54.183 -150.833     10.7    984.3
     1     1    15    10    12    14     0     0   -34.0   54.136 -151.498     11.8    984.5
     1     1    15    10    12    13     0     0   -35.0   54.114 -152.138     13.2    984.5
     1     1    15    10    12    12     0     0   -36.0   54.109 -152.756     14.8    984.5
     1     1    15    10    12    11     0     0   -37.0   54.119 -153.377     16.1    984.8
     1     1    15    10    12    10     0     0   -38.0   54.145 -154.020     16.9    985.2
     1     1    15    10    12     9     0     0   -39.0   54.190 -154.685     17.1    985.7
     1     1    15    10    12     8     0     0   -40.0   54.257 -155.368     17.0    986.0
     1     1    15    10    12     7     0     0   -41.0   54.344 -156.055     16.9    986.2
     1     1    15    10    12     6     0     0   -42.0   54.449 -156.740     16.6    986.5
     1     1    15    10    12     5     0     0   -43.0   54.577 -157.416     16.4    987.1
     1     1    15    10    12     4     0     0   -44.0   54.726 -158.062     16.3    986.6
     1     1    15    10    12     3     0     0   -45.0   54.889 -158.673     16.4    986.0
     1     1    15    10    12     2     0     0   -46.0   55.061 -159.256     16.6    985.1
     1     1    15    10    12     1     0     0   -47.0   55.239 -159.821     16.9    983.9
     1     1    15    10    12     0     0     0   -48.0   55.415 -160.370     17.4    982.7
     1     1    15    10    11    23     0     0   -49.0   55.586 -160.891     17.9    981.8
     1     1    15    10    11    22     0     0   -50.0   55.753 -161.373     18.3    981.2
     1     1    15    10    11    21     0     0   -51.0   55.919 -161.824     18.8    980.9
     1     1    15    10    11    20     0     0   -52.0   56.088 -162.250     19.2    980.8
     1     1    15    10    11    19     0     0   -53.0   56.261 -162.652     19.6    980.9
     1     1    15    10    11    18     0     0   -54.0   56.440 -163.028     19.9    981.3
     1     1    15    10    11    17     0     0   -55.0   56.626 -163.401     20.2    981.6
     1     1    15    10    11    16     0     0   -56.0   56.817 -163.801     20.2    982.3
     1     1    15    10    11    15     0     0   -57.0   57.014 -164.240     20.1    983.2
     1     1    15    10    11    14     0     0   -58.0   57.216 -164.730     19.8    984.4
     1     1    15    10    11    13     0     0   -59.0   57.422 -165.280     19.4    985.8
     1     1    15    10    11    12     0     0   -60.0   57.632 -165.883     18.8    986.9
     1     1    15    10    11    11     0     0   -61.0   57.851 -166.502     18.2    987.5
     1     1    15    10    11    10     0     0   -62.0   58.086 -167.108     17.6    987.7
     1     1    15    10    11     9     0     0   -63.0   58.338 -167.702     17.2    987.3
     1     1    15    10    11     8     0     0   -64.0   58.602 -168.282     16.8    986.3
     1     1    15    10    11     7     0     0   -65.0   58.873 -168.850     16.4    985.1
     1     1    15    10    11     6     0     0   -66.0   59.148 -169.412     16.1    984.0
     1     1    15    10    11     5     0     0   -67.0   59.428 -169.979     15.9    982.8
     1     1    15    10    11     4     0     0   -68.0   59.718 -170.550     15.6    982.3
     1     1    15    10    11     3     0     0   -69.0   60.015 -171.123     15.4    982.3
     1     1    15    10    11     2     0     0   -70.0   60.321 -171.687     15.1    983.7
     1     1    15    10    11     1     0     0   -71.0   60.635 -172.239     14.9    985.2
     1     1    15    10    11     0     0     0   -72.0   60.959 -172.791     14.7    987.0
