     1     1
    CDC1    16     4     1     0     0
     1 BACKWARD OMEGA   
    16     4    16     0   60.984 -139.059   750.0
     1 PRESSURE
     1     1    16     4    16     0     0     0     0.0   60.984 -139.059    750.0    807.3
     1     1    16     4    15    23     0     0    -1.0   60.766 -138.894    699.6    815.7
     1     1    16     4    15    22     0     0    -2.0   60.538 -138.733    655.2    823.6
     1     1    16     4    15    21     0     0    -3.0   60.302 -138.573    616.1    831.2
     1     1    16     4    15    20     0     0    -4.0   60.058 -138.409    582.1    837.9
     1     1    16     4    15    19     0     0    -5.0   59.813 -138.245    553.9    846.8
     1     1    16     4    15    18     0     0    -6.0   59.573 -138.088    530.9    856.0
     1     1    16     4    15    17     0     0    -7.0   59.340 -137.927    509.3    864.9
     1     1    16     4    15    16     0     0    -8.0   59.113 -137.752    486.1    874.0
     1     1    16     4    15    15     0     0    -9.0   58.893 -137.570    462.0    883.1
     1     1    16     4    15    14     0     0   -10.0   58.681 -137.386    437.5    891.7
     1     1    16     4    15    13     0     0   -11.0   58.476 -137.207    413.0    899.9
     1     1    16     4    15    12     0     0   -12.0   58.279 -137.036    389.1    907.9
     1     1    16     4    15    11     0     0   -13.0   58.088 -136.881    367.3    915.5
     1     1    16     4    15    10     0     0   -14.0   57.904 -136.744    348.5    922.3
     1     1    16     4    15     9     0     0   -15.0   57.725 -136.621    332.5    928.7
     1     1    16     4    15     8     0     0   -16.0   57.553 -136.510    318.9    934.7
     1     1    16     4    15     7     0     0   -17.0   57.384 -136.411    307.5    938.7
     1     1    16     4    15     6     0     0   -18.0   57.218 -136.330    298.4    941.7
     1     1    16     4    15     5     0     0   -19.0   57.057 -136.254    289.4    944.3
     1     1    16     4    15     4     0     0   -20.0   56.903 -136.170    278.7    947.2
     1     1    16     4    15     3     0     0   -21.0   56.756 -136.079    266.3    950.4
     1     1    16     4    15     2     0     0   -22.0   56.616 -135.981    252.1    953.7
     1     1    16     4    15     1     0     0   -23.0   56.482 -135.875    236.3    957.3
     1     1    16     4    15     0     0     0   -24.0   56.355 -135.762    219.0    961.0
     1     1    16     4    14    23     0     0   -25.0   56.230 -135.655    202.2    965.3
     1     1    16     4    14    22     0     0   -26.0   56.106 -135.567    187.7    968.7
     1     1    16     4    14    21     0     0   -27.0   55.982 -135.500    175.1    972.0
     1     1    16     4    14    20     0     0   -28.0   55.858 -135.454    164.6    975.1
     1     1    16     4    14    19     0     0   -29.0   55.736 -135.427    155.9    978.2
     1     1    16     4    14    18     0     0   -30.0   55.616 -135.419    149.1    981.0
     1     1    16     4    14    17     0     0   -31.0   55.501 -135.414    144.9    983.8
     1     1    16     4    14    16     0     0   -32.0   55.399 -135.394    144.1    985.9
     1     1    16     4    14    15     0     0   -33.0   55.309 -135.354    146.7    987.4
     1     1    16     4    14    14     0     0   -34.0   55.232 -135.295    152.8    988.3
     1     1    16     4    14    13     0     0   -35.0   55.168 -135.213    162.5    988.7
     1     1    16     4    14    12     0     0   -36.0   55.119 -135.108    175.9    988.4
     1     1    16     4    14    11     0     0   -37.0   55.073 -134.985    192.0    987.4
     1     1    16     4    14    10     0     0   -38.0   55.019 -134.847    209.3    984.9
     1     1    16     4    14     9     0     0   -39.0   54.956 -134.692    226.8    981.3
     1     1    16     4    14     8     0     0   -40.0   54.883 -134.519    244.2    977.5
     1     1    16     4    14     7     0     0   -41.0   54.801 -134.327    261.8    973.6
     1     1    16     4    14     6     0     0   -42.0   54.707 -134.115    279.9    969.7
     1     1    16     4    14     5     0     0   -43.0   54.606 -133.873    297.3    965.6
     1     1    16     4    14     4     0     0   -44.0   54.499 -133.594    313.2    961.9
     1     1    16     4    14     3     0     0   -45.0   54.388 -133.277    328.3    958.2
     1     1    16     4    14     2     0     0   -46.0   54.270 -132.920    343.7    954.6
     1     1    16     4    14     1     0     0   -47.0   54.144 -132.519    360.2    951.0
     1     1    16     4    14     0     0     0   -48.0   54.007 -132.073    378.1    943.8
     1     1    16     4    13    23     0     0   -49.0   53.855 -131.602    396.9    936.0
     1     1    16     4    13    22     0     0   -50.0   53.686 -131.125    414.7    929.1
     1     1    16     4    13    21     0     0   -51.0   53.494 -130.645    430.2    923.4
     1     1    16     4    13    20     0     0   -52.0   53.275 -130.162    442.1    919.4
     1     1    16     4    13    19     0     0   -53.0   53.023 -129.683    449.0    915.7
     1     1    16     4    13    18     0     0   -54.0   52.738 -129.218    449.5    912.9
     1     1    16     4    13    17     0     0   -55.0   52.419 -128.784    445.5    911.0
     1     1    16     4    13    16     0     0   -56.0   52.072 -128.403    438.6    909.2
     1     1    16     4    13    15     0     0   -57.0   51.698 -128.076    428.3    909.9
     1     1    16     4    13    14     0     0   -58.0   51.303 -127.792    414.4    912.9
     1     1    16     4    13    13     0     0   -59.0   50.893 -127.543    396.6    918.0
     1     1    16     4    13    12     0     0   -60.0   50.476 -127.327    374.6    924.1
     1     1    16     4    13    11     0     0   -61.0   50.075 -127.156    348.9    930.0
     1     1    16     4    13    10     0     0   -62.0   49.711 -127.043    323.0    937.7
     1     1    16     4    13     9     0     0   -63.0   49.383 -126.990    298.2    946.0
     1     1    16     4    13     8     0     0   -64.0   49.092 -126.991    274.6    954.5
     1     1    16     4    13     7     0     0   -65.0   48.836 -127.041    252.3    963.0
     1     1    16     4    13     6     0     0   -66.0   48.616 -127.141    231.2    971.4
     1     1    16     4    13     5     0     0   -67.0   48.408 -127.267    210.8    979.1
     1     1    16     4    13     4     0     0   -68.0   48.196 -127.404    191.9    986.5
     1     1    16     4    13     3     0     0   -69.0   47.980 -127.564    175.9    992.7
     1     1    16     4    13     2     0     0   -70.0   47.759 -127.764    163.6    997.4
     1     1    16     4    13     1     0     0   -71.0   47.537 -128.017    156.0   1001.1
     1     1    16     4    13     0     0     0   -72.0   47.318 -128.328    153.9   1001.1
