     1     1
    CDC1    15    12     1     0     0
     1 BACKWARD OMEGA   
    15    12    20     0   60.984 -139.059   750.0
     1 PRESSURE
     1     1    15    12    20     0     0     0     0.0   60.984 -139.059    750.0    785.5
     1     1    15    12    19    23     0     0    -1.0   60.730 -138.526    724.7    791.8
     1     1    15    12    19    22     0     0    -2.0   60.451 -137.969    697.4    798.4
     1     1    15    12    19    21     0     0    -3.0   60.154 -137.385    666.9    805.4
     1     1    15    12    19    20     0     0    -4.0   59.854 -136.800    633.4    814.5
     1     1    15    12    19    19     0     0    -5.0   59.569 -136.254    598.1    825.2
     1     1    15    12    19    18     0     0    -6.0   59.301 -135.759    560.2    834.9
     1     1    15    12    19    17     0     0    -7.0   59.040 -135.295    523.1    844.9
     1     1    15    12    19    16     0     0    -8.0   58.778 -134.847    491.6    853.1
     1     1    15    12    19    15     0     0    -9.0   58.513 -134.412    466.8    858.5
     1     1    15    12    19    14     0     0   -10.0   58.249 -133.987    449.8    862.5
     1     1    15    12    19    13     0     0   -11.0   57.987 -133.571    441.1    864.8
     1     1    15    12    19    12     0     0   -12.0   57.731 -133.164    441.2    865.2
     1     1    15    12    19    11     0     0   -13.0   57.492 -132.796    446.3    863.7
     1     1    15    12    19    10     0     0   -14.0   57.284 -132.495    451.9    863.7
     1     1    15    12    19     9     0     0   -15.0   57.104 -132.258    457.5    863.5
     1     1    15    12    19     8     0     0   -16.0   56.945 -132.073    461.8    864.0
     1     1    15    12    19     7     0     0   -17.0   56.809 -131.936    464.2    865.0
     1     1    15    12    19     6     0     0   -18.0   56.695 -131.842    464.2    866.5
     1     1    15    12    19     5     0     0   -19.0   56.594 -131.759    462.4    867.7
     1     1    15    12    19     4     0     0   -20.0   56.497 -131.662    458.9    868.7
     1     1    15    12    19     3     0     0   -21.0   56.402 -131.552    454.0    869.4
     1     1    15    12    19     2     0     0   -22.0   56.309 -131.427    448.1    870.0
     1     1    15    12    19     1     0     0   -23.0   56.219 -131.291    441.3    870.3
     1     1    15    12    19     0     0     0   -24.0   56.131 -131.142    433.9    870.4
     1     1    15    12    18    23     0     0   -25.0   56.040 -130.978    425.8    870.1
     1     1    15    12    18    22     0     0   -26.0   55.943 -130.796    416.8    869.8
     1     1    15    12    18    21     0     0   -27.0   55.843 -130.595    406.7    869.4
     1     1    15    12    18    20     0     0   -28.0   55.741 -130.379    395.4    868.8
     1     1    15    12    18    19     0     0   -29.0   55.641 -130.147    382.9    868.2
     1     1    15    12    18    18     0     0   -30.0   55.546 -129.901    369.3    867.7
     1     1    15    12    18    17     0     0   -31.0   55.454 -129.644    355.4    867.2
     1     1    15    12    18    16     0     0   -32.0   55.360 -129.382    342.2    866.5
     1     1    15    12    18    15     0     0   -33.0   55.266 -129.111    329.1    865.6
     1     1    15    12    18    14     0     0   -34.0   55.174 -128.828    316.0    864.4
     1     1    15    12    18    13     0     0   -35.0   55.086 -128.530    302.6    862.9
     1     1    15    12    18    12     0     0   -36.0   55.005 -128.211    288.5    860.9
     1     1    15    12    18    11     0     0   -37.0   54.927 -127.877    273.3    858.9
     1     1    15    12    18    10     0     0   -38.0   54.846 -127.538    257.0    856.9
     1     1    15    12    18     9     0     0   -39.0   54.761 -127.192    240.1    858.2
     1     1    15    12    18     8     0     0   -40.0   54.670 -126.837    222.8    859.8
     1     1    15    12    18     7     0     0   -41.0   54.572 -126.473    205.0    861.3
     1     1    15    12    18     6     0     0   -42.0   54.463 -126.098    186.4    862.5
     1     1    15    12    18     5     0     0   -43.0   54.347 -125.718    168.3    863.0
     1     1    15    12    18     4     0     0   -44.0   54.229 -125.340    151.7    863.1
     1     1    15    12    18     3     0     0   -45.0   54.111 -124.971    136.6    862.8
     1     1    15    12    18     2     0     0   -46.0   53.997 -124.620    123.3    864.2
     1     1    15    12    18     1     0     0   -47.0   53.885 -124.292    111.3    864.9
     1     1    15    12    18     0     0     0   -48.0   53.773 -123.987     99.7    865.4
     1     1    15    12    17    23     0     0   -49.0   53.656 -123.694     88.9    865.8
     1     1    15    12    17    22     0     0   -50.0   53.526 -123.403     80.0    865.3
     1     1    15    12    17    21     0     0   -51.0   53.376 -123.113     73.1    863.9
     1     1    15    12    17    20     0     0   -52.0   53.198 -122.824     69.0    860.8
     1     1    15    12    17    19     0     0   -53.0   52.981 -122.532     68.5    856.2
     1     1    15    12    17    18     0     0   -54.0   52.723 -122.235     72.5    850.5
     1     1    15    12    17    17     0     0   -55.0   52.457 -121.943     78.5    844.8
     1     1    15    12    17    16     0     0   -56.0   52.217 -121.667     83.8    844.9
     1     1    15    12    17    15     0     0   -57.0   52.007 -121.410     88.7    844.9
     1     1    15    12    17    14     0     0   -58.0   51.816 -121.167     94.3    844.5
     1     1    15    12    17    13     0     0   -59.0   51.637 -120.933    101.9    843.6
     1     1    15    12    17    12     0     0   -60.0   51.463 -120.707    113.1    842.3
     1     1    15    12    17    11     0     0   -61.0   51.290 -120.504    128.4    840.2
     1     1    15    12    17    10     0     0   -62.0   51.117 -120.341    148.3    838.2
     1     1    15    12    17     9     0     0   -63.0   50.941 -120.216    173.7    836.2
     1     1    15    12    17     8     0     0   -64.0   50.764 -120.126    205.6    833.7
     1     1    15    12    17     7     0     0   -65.0   50.591 -120.071    243.9    830.3
     1     1    15    12    17     6     0     0   -66.0   50.427 -120.049    288.5    827.0
     1     1    15    12    17     5     0     0   -67.0   50.285 -120.052    337.8    823.6
     1     1    15    12    17     4     0     0   -68.0   50.178 -120.073    389.3    819.8
     1     1    15    12    17     3     0     0   -69.0   50.109 -120.110    442.8    815.2
     1     1    15    12    17     2     0     0   -70.0   50.079 -120.162    498.0    810.6
     1     1    15    12    17     1     0     0   -71.0   50.087 -120.227    554.8    806.0
     1     1    15    12    17     0     0     0   -72.0   50.133 -120.304    613.2    801.0
