     1     1
    CDC1    15    12     1     0     0
     1 BACKWARD OMEGA   
    15    12    22    12   60.984 -139.059   750.0
     1 PRESSURE
     1     1    15    12    22    12     0     0     0.0   60.984 -139.059    750.0    785.5
     1     1    15    12    22    11     0     0    -1.0   60.871 -139.135    748.4    787.3
     1     1    15    12    22    10     0     0    -2.0   60.754 -139.193    745.4    789.4
     1     1    15    12    22     9     0     0    -3.0   60.633 -139.231    741.0    791.7
     1     1    15    12    22     8     0     0    -4.0   60.507 -139.253    735.4    794.1
     1     1    15    12    22     7     0     0    -5.0   60.376 -139.257    728.6    796.7
     1     1    15    12    22     6     0     0    -6.0   60.242 -139.246    720.7    799.5
     1     1    15    12    22     5     0     0    -7.0   60.105 -139.238    712.1    803.0
     1     1    15    12    22     4     0     0    -8.0   59.969 -139.252    702.7    807.1
     1     1    15    12    22     3     0     0    -9.0   59.836 -139.289    693.6    812.8
     1     1    15    12    22     2     0     0   -10.0   59.709 -139.352    684.9    818.5
     1     1    15    12    22     1     0     0   -11.0   59.588 -139.442    677.2    823.8
     1     1    15    12    22     0     0     0   -12.0   59.472 -139.560    671.0    828.9
     1     1    15    12    21    23     0     0   -13.0   59.364 -139.678    666.0    833.4
     1     1    15    12    21    22     0     0   -14.0   59.264 -139.766    660.4    837.7
     1     1    15    12    21    21     0     0   -15.0   59.176 -139.826    654.1    841.6
     1     1    15    12    21    20     0     0   -16.0   59.099 -139.860    647.0    845.1
     1     1    15    12    21    19     0     0   -17.0   59.035 -139.866    638.5    848.4
     1     1    15    12    21    18     0     0   -18.0   58.983 -139.844    628.6    851.2
     1     1    15    12    21    17     0     0   -19.0   58.940 -139.805    617.5    853.7
     1     1    15    12    21    16     0     0   -20.0   58.902 -139.762    605.6    855.9
     1     1    15    12    21    15     0     0   -21.0   58.868 -139.714    593.0    858.0
     1     1    15    12    21    14     0     0   -22.0   58.838 -139.660    579.8    860.0
     1     1    15    12    21    13     0     0   -23.0   58.809 -139.599    566.1    862.0
     1     1    15    12    21    12     0     0   -24.0   58.783 -139.532    552.1    863.9
     1     1    15    12    21    11     0     0   -25.0   58.756 -139.449    538.2    865.6
     1     1    15    12    21    10     0     0   -26.0   58.725 -139.344    525.4    867.2
     1     1    15    12    21     9     0     0   -27.0   58.687 -139.217    513.5    868.8
     1     1    15    12    21     8     0     0   -28.0   58.643 -139.069    502.3    870.6
     1     1    15    12    21     7     0     0   -29.0   58.590 -138.903    491.6    872.6
     1     1    15    12    21     6     0     0   -30.0   58.527 -138.719    481.5    874.8
     1     1    15    12    21     5     0     0   -31.0   58.456 -138.539    469.3    877.6
     1     1    15    12    21     4     0     0   -32.0   58.379 -138.383    453.0    881.4
     1     1    15    12    21     3     0     0   -33.0   58.299 -138.250    432.7    885.7
     1     1    15    12    21     2     0     0   -34.0   58.217 -138.142    408.7    890.7
     1     1    15    12    21     1     0     0   -35.0   58.134 -138.059    381.2    896.2
     1     1    15    12    21     0     0     0   -36.0   58.050 -137.991    350.7    901.5
     1     1    15    12    20    23     0     0   -37.0   57.961 -137.916    319.4    907.5
     1     1    15    12    20    22     0     0   -38.0   57.861 -137.822    288.9    913.6
     1     1    15    12    20    21     0     0   -39.0   57.747 -137.708    259.2    920.3
     1     1    15    12    20    20     0     0   -40.0   57.618 -137.575    230.3    927.4
     1     1    15    12    20    19     0     0   -41.0   57.473 -137.426    202.2    934.4
     1     1    15    12    20    18     0     0   -42.0   57.309 -137.279    175.3    938.4
     1     1    15    12    20    17     0     0   -43.0   57.130 -137.163    152.5    942.7
     1     1    15    12    20    16     0     0   -44.0   56.942 -137.099    135.0    946.8
     1     1    15    12    20    15     0     0   -45.0   56.747 -137.098    122.0    950.9
     1     1    15    12    20    14     0     0   -46.0   56.543 -137.167    112.7    955.2
     1     1    15    12    20    13     0     0   -47.0   56.332 -137.316    106.2    959.4
     1     1    15    12    20    12     0     0   -48.0   56.112 -137.557    101.9    963.5
     1     1    15    12    20    11     0     0   -49.0   55.891 -137.897     98.0    966.0
     1     1    15    12    20    10     0     0   -50.0   55.676 -138.342     93.7    968.3
     1     1    15    12    20     9     0     0   -51.0   55.468 -138.906     89.0    970.1
     1     1    15    12    20     8     0     0   -52.0   55.265 -139.601     84.0    971.3
     1     1    15    12    20     7     0     0   -53.0   55.069 -140.442     78.6    972.2
     1     1    15    12    20     6     0     0   -54.0   54.890 -141.413     73.2    972.2
     1     1    15    12    20     5     0     0   -55.0   54.734 -142.477     68.0    971.8
     1     1    15    12    20     4     0     0   -56.0   54.609 -143.614     63.3    971.5
     1     1    15    12    20     3     0     0   -57.0   54.510 -144.824     59.2    971.5
     1     1    15    12    20     2     0     0   -58.0   54.431 -146.093     55.7    970.8
     1     1    15    12    20     1     0     0   -59.0   54.367 -147.399     52.8    969.7
     1     1    15    12    20     0     0     0   -60.0   54.313 -148.716     50.7    970.0
     1     1    15    12    19    23     0     0   -61.0   54.279 -149.995     49.6    970.1
     1     1    15    12    19    22     0     0   -62.0   54.276 -151.218     49.2    973.0
     1     1    15    12    19    21     0     0   -63.0   54.302 -152.392     49.4    975.0
     1     1    15    12    19    20     0     0   -64.0   54.347 -153.513     50.0    976.9
     1     1    15    12    19    19     0     0   -65.0   54.401 -154.582     50.9    978.8
     1     1    15    12    19    18     0     0   -66.0   54.458 -155.609     51.8    979.6
     1     1    15    12    19    17     0     0   -67.0   54.501 -156.591     52.7    979.8
     1     1    15    12    19    16     0     0   -68.0   54.515 -157.524     53.4    980.1
     1     1    15    12    19    15     0     0   -69.0   54.492 -158.423     53.9    979.1
     1     1    15    12    19    14     0     0   -70.0   54.428 -159.311     54.2    978.4
     1     1    15    12    19    13     0     0   -71.0   54.325 -160.204     54.3    977.8
     1     1    15    12    19    12     0     0   -72.0   54.188 -161.123     54.4    977.0
