     1     1
    CDC1    15    11     1     0     0
     1 BACKWARD OMEGA   
    15    11     8    12   60.984 -139.059   750.0
     1 PRESSURE
     1     1    15    11     8    12     0     0     0.0   60.984 -139.059    750.0    804.0
     1     1    15    11     8    11     0     0    -1.0   61.005 -139.109    698.5    808.8
     1     1    15    11     8    10     0     0    -2.0   61.020 -139.142    654.0    812.8
     1     1    15    11     8     9     0     0    -3.0   61.027 -139.157    616.1    816.3
     1     1    15    11     8     8     0     0    -4.0   61.024 -139.154    584.5    818.9
     1     1    15    11     8     7     0     0    -5.0   61.010 -139.131    559.0    820.9
     1     1    15    11     8     6     0     0    -6.0   60.982 -139.090    539.2    822.6
     1     1    15    11     8     5     0     0    -7.0   60.940 -139.048    519.5    824.5
     1     1    15    11     8     4     0     0    -8.0   60.883 -139.022    494.7    827.8
     1     1    15    11     8     3     0     0    -9.0   60.811 -139.009    465.5    831.9
     1     1    15    11     8     2     0     0   -10.0   60.724 -139.007    432.3    836.9
     1     1    15    11     8     1     0     0   -11.0   60.622 -139.012    396.1    842.6
     1     1    15    11     8     0     0     0   -12.0   60.503 -139.020    357.8    848.8
     1     1    15    11     7    23     0     0   -13.0   60.373 -139.005    320.2    854.3
     1     1    15    11     7    22     0     0   -14.0   60.236 -138.942    285.1    859.6
     1     1    15    11     7    21     0     0   -15.0   60.092 -138.831    251.9    864.9
     1     1    15    11     7    20     0     0   -16.0   59.945 -138.677    220.6    871.3
     1     1    15    11     7    19     0     0   -17.0   59.797 -138.496    191.5    879.2
     1     1    15    11     7    18     0     0   -18.0   59.652 -138.303    164.5    885.8
     1     1    15    11     7    17     0     0   -19.0   59.501 -138.099    138.7    893.2
     1     1    15    11     7    16     0     0   -20.0   59.337 -137.889    114.5    901.1
     1     1    15    11     7    15     0     0   -21.0   59.162 -137.673     92.8    909.3
     1     1    15    11     7    14     0     0   -22.0   58.973 -137.457     74.4    917.5
     1     1    15    11     7    13     0     0   -23.0   58.773 -137.251     58.3    924.2
     1     1    15    11     7    12     0     0   -24.0   58.563 -137.064     44.0    931.2
     1     1    15    11     7    11     0     0   -25.0   58.344 -136.908     32.2    938.6
     1     1    15    11     7    10     0     0   -26.0   58.120 -136.793     23.4    946.2
     1     1    15    11     7     9     0     0   -27.0   57.887 -136.715     17.0    954.0
     1     1    15    11     7     8     0     0   -28.0   57.646 -136.671     12.6    962.2
     1     1    15    11     7     7     0     0   -29.0   57.396 -136.662      9.3    968.7
     1     1    15    11     7     6     0     0   -30.0   57.139 -136.691      6.4    972.9
     1     1    15    11     7     5     0     0   -31.0   56.872 -136.772      3.0    977.3
     1     1    15    11     7     4     0     0   -32.0   56.593 -136.916      0.0    982.1
     1     1    15    11     7     3     0     0   -33.0   56.300 -137.130      0.0    987.3
     1     1    15    11     7     2     0     0   -34.0   55.988 -137.424      0.0    992.7
     1     1    15    11     7     1     0     0   -35.0   55.658 -137.806      0.0    997.0
     1     1    15    11     7     0     0     0   -36.0   55.310 -138.284      0.0   1000.4
     1     1    15    11     6    23     0     0   -37.0   54.956 -138.853      0.0   1002.4
     1     1    15    11     6    22     0     0   -38.0   54.614 -139.482      0.0   1000.8
     1     1    15    11     6    21     0     0   -39.0   54.287 -140.150      0.8    999.5
     1     1    15    11     6    20     0     0   -40.0   53.975 -140.849      3.5    999.2
     1     1    15    11     6    19     0     0   -41.0   53.671 -141.574      7.5    999.2
     1     1    15    11     6    18     0     0   -42.0   53.362 -142.326     12.0    999.2
     1     1    15    11     6    17     0     0   -43.0   53.048 -143.108     16.7    999.1
     1     1    15    11     6    16     0     0   -44.0   52.733 -143.924     21.6    999.4
     1     1    15    11     6    15     0     0   -45.0   52.421 -144.779     26.7   1000.1
     1     1    15    11     6    14     0     0   -46.0   52.115 -145.657     31.4   1000.2
     1     1    15    11     6    13     0     0   -47.0   51.815 -146.542     35.6    999.8
     1     1    15    11     6    12     0     0   -48.0   51.515 -147.431     39.8    999.2
     1     1    15    11     6    11     0     0   -49.0   51.225 -148.321     42.4   1000.5
     1     1    15    11     6    10     0     0   -50.0   50.959 -149.210     41.8   1002.2
     1     1    15    11     6     9     0     0   -51.0   50.711 -150.097     38.4   1003.8
     1     1    15    11     6     8     0     0   -52.0   50.482 -150.986     33.2   1004.7
     1     1    15    11     6     7     0     0   -53.0   50.274 -151.877     26.8   1005.7
     1     1    15    11     6     6     0     0   -54.0   50.082 -152.767     20.1   1006.2
     1     1    15    11     6     5     0     0   -55.0   49.902 -153.671     14.6   1005.7
     1     1    15    11     6     4     0     0   -56.0   49.732 -154.609     10.7   1005.2
     1     1    15    11     6     3     0     0   -57.0   49.568 -155.581      7.9   1005.0
     1     1    15    11     6     2     0     0   -58.0   49.409 -156.582      5.8   1005.6
     1     1    15    11     6     1     0     0   -59.0   49.253 -157.603      4.5   1006.5
     1     1    15    11     6     0     0     0   -60.0   49.102 -158.628      4.3   1009.2
     1     1    15    11     5    23     0     0   -61.0   48.963 -159.643      4.6   1011.0
     1     1    15    11     5    22     0     0   -62.0   48.839 -160.642      5.4   1012.1
     1     1    15    11     5    21     0     0   -63.0   48.727 -161.623      6.5   1012.5
     1     1    15    11     5    20     0     0   -64.0   48.625 -162.586      7.6   1012.3
     1     1    15    11     5    19     0     0   -65.0   48.532 -163.533      8.9   1011.7
     1     1    15    11     5    18     0     0   -66.0   48.452 -164.474     10.3   1011.1
     1     1    15    11     5    17     0     0   -67.0   48.385 -165.424     12.2   1010.2
     1     1    15    11     5    16     0     0   -68.0   48.335 -166.395     15.1   1009.4
     1     1    15    11     5    15     0     0   -69.0   48.306 -167.382     19.5   1008.6
     1     1    15    11     5    14     0     0   -70.0   48.293 -168.377     25.3   1008.1
     1     1    15    11     5    13     0     0   -71.0   48.290 -169.368     32.4   1007.7
     1     1    15    11     5    12     0     0   -72.0   48.293 -170.357     41.0   1006.9
