     1     1
    CDC1    15    12     1     0     0
     1 BACKWARD OMEGA   
    15    12     6     0   60.984 -139.059   750.0
     1 PRESSURE
     1     1    15    12     6     0     0     0     0.0   60.984 -139.059    750.0    794.6
     1     1    15    12     5    23     0     0    -1.0   60.897 -138.901    773.6    793.7
     1     1    15    12     5    22     0     0    -2.0   60.815 -138.748    796.6    792.9
     1     1    15    12     5    21     0     0    -3.0   60.738 -138.597    818.9    792.1
     1     1    15    12     5    20     0     0    -4.0   60.667 -138.449    839.9    791.3
     1     1    15    12     5    19     0     0    -5.0   60.601 -138.300    859.4    790.7
     1     1    15    12     5    18     0     0    -6.0   60.540 -138.151    877.1    790.1
     1     1    15    12     5    17     0     0    -7.0   60.474 -138.003    894.3    789.6
     1     1    15    12     5    16     0     0    -8.0   60.393 -137.855    914.2    788.8
     1     1    15    12     5    15     0     0    -9.0   60.298 -137.704    937.2    787.8
     1     1    15    12     5    14     0     0   -10.0   60.190 -137.549    963.9    786.6
     1     1    15    12     5    13     0     0   -11.0   60.068 -137.386    995.5    785.1
     1     1    15    12     5    12     0     0   -12.0   59.935 -137.215   1032.9    783.9
     1     1    15    12     5    11     0     0   -13.0   59.796 -137.059   1071.7    783.1
     1     1    15    12     5    10     0     0   -14.0   59.654 -136.940   1107.8    783.1
     1     1    15    12     5     9     0     0   -15.0   59.508 -136.851   1141.2    783.6
     1     1    15    12     5     8     0     0   -16.0   59.359 -136.787   1172.3    784.5
     1     1    15    12     5     7     0     0   -17.0   59.206 -136.744   1201.5    785.8
     1     1    15    12     5     6     0     0   -18.0   59.048 -136.716   1229.4    787.4
     1     1    15    12     5     5     0     0   -19.0   58.890 -136.694   1258.4    789.0
     1     1    15    12     5     4     0     0   -20.0   58.735 -136.676   1289.5    790.0
     1     1    15    12     5     3     0     0   -21.0   58.588 -136.673   1324.3    790.4
     1     1    15    12     5     2     0     0   -22.0   58.451 -136.695   1363.6    790.2
     1     1    15    12     5     1     0     0   -23.0   58.327 -136.751   1408.6    789.4
     1     1    15    12     5     0     0     0   -24.0   58.216 -136.850   1460.3    787.8
     1     1    15    12     4    23     0     0   -25.0   58.119 -136.973   1515.2    784.8
     1     1    15    12     4    22     0     0   -26.0   58.035 -137.099   1568.7    782.1
     1     1    15    12     4    21     0     0   -27.0   57.966 -137.231   1620.3    779.3
     1     1    15    12     4    20     0     0   -28.0   57.913 -137.373   1669.6    776.4
     1     1    15    12     4    19     0     0   -29.0   57.874 -137.529   1716.0    773.4
     1     1    15    12     4    18     0     0   -30.0   57.849 -137.702   1758.4    769.9
     1     1    15    12     4    17     0     0   -31.0   57.827 -137.875   1798.2    767.1
     1     1    15    12     4    16     0     0   -32.0   57.802 -138.030   1835.6    764.3
     1     1    15    12     4    15     0     0   -33.0   57.775 -138.169   1870.7    761.9
     1     1    15    12     4    14     0     0   -34.0   57.747 -138.293   1903.4    759.7
     1     1    15    12     4    13     0     0   -35.0   57.718 -138.403   1933.2    757.8
     1     1    15    12     4    12     0     0   -36.0   57.690 -138.501   1959.9    756.1
     1     1    15    12     4    11     0     0   -37.0   57.663 -138.592   1984.0    754.6
     1     1    15    12     4    10     0     0   -38.0   57.635 -138.682   2006.0    753.3
     1     1    15    12     4     9     0     0   -39.0   57.607 -138.770   2025.8    752.1
     1     1    15    12     4     8     0     0   -40.0   57.579 -138.856   2043.4    751.2
     1     1    15    12     4     7     0     0   -41.0   57.551 -138.938   2058.6    750.5
     1     1    15    12     4     6     0     0   -42.0   57.524 -139.018   2071.3    750.1
     1     1    15    12     4     5     0     0   -43.0   57.493 -139.072   2080.6    750.0
     1     1    15    12     4     4     0     0   -44.0   57.458 -139.079   2084.6    749.8
     1     1    15    12     4     3     0     0   -45.0   57.418 -139.036   2084.0    749.9
     1     1    15    12     4     2     0     0   -46.0   57.374 -138.941   2079.0    750.3
     1     1    15    12     4     1     0     0   -47.0   57.326 -138.793   2069.3    751.0
     1     1    15    12     4     0     0     0   -48.0   57.273 -138.591   2054.6    752.1
     1     1    15    12     3    23     0     0   -49.0   57.208 -138.349   2033.7    753.4
     1     1    15    12     3    22     0     0   -50.0   57.127 -138.082   2007.0    755.6
     1     1    15    12     3    21     0     0   -51.0   57.026 -137.794   1974.4    758.6
     1     1    15    12     3    20     0     0   -52.0   56.903 -137.486   1936.2    762.3
     1     1    15    12     3    19     0     0   -53.0   56.758 -137.162   1892.9    766.1
     1     1    15    12     3    18     0     0   -54.0   56.590 -136.828   1846.8    770.7
     1     1    15    12     3    17     0     0   -55.0   56.397 -136.485   1803.2    776.3
     1     1    15    12     3    16     0     0   -56.0   56.173 -136.140   1766.8    781.6
     1     1    15    12     3    15     0     0   -57.0   55.914 -135.798   1736.5    787.1
     1     1    15    12     3    14     0     0   -58.0   55.616 -135.465   1711.4    793.2
     1     1    15    12     3    13     0     0   -59.0   55.273 -135.146   1691.2    799.9
     1     1    15    12     3    12     0     0   -60.0   54.882 -134.851   1673.5    804.7
     1     1    15    12     3    11     0     0   -61.0   54.464 -134.621   1651.7    805.4
     1     1    15    12     3    10     0     0   -62.0   54.037 -134.477   1623.1    808.7
     1     1    15    12     3     9     0     0   -63.0   53.599 -134.414   1586.8    813.8
     1     1    15    12     3     8     0     0   -64.0   53.150 -134.427   1542.6    820.1
     1     1    15    12     3     7     0     0   -65.0   52.688 -134.515   1490.3    827.5
     1     1    15    12     3     6     0     0   -66.0   52.219 -134.672   1431.5    834.2
     1     1    15    12     3     5     0     0   -67.0   51.750 -134.878   1374.6    839.5
     1     1    15    12     3     4     0     0   -68.0   51.284 -135.123   1324.7    843.1
     1     1    15    12     3     3     0     0   -69.0   50.825 -135.418   1281.7    845.5
     1     1    15    12     3     2     0     0   -70.0   50.375 -135.774   1246.2    847.1
     1     1    15    12     3     1     0     0   -71.0   49.937 -136.197   1219.3    848.2
     1     1    15    12     3     0     0     0   -72.0   49.519 -136.668   1202.5    849.8
