     1     1
    CDC1    16     4     1     0     0
     1 BACKWARD OMEGA   
    16     4    10    18   60.984 -139.059   750.0
     1 PRESSURE
     1     1    16     4    10    18     0     0     0.0   60.984 -139.059    750.0    808.7
     1     1    16     4    10    17     0     0    -1.0   60.725 -139.075    688.1    819.7
     1     1    16     4    10    16     0     0    -2.0   60.481 -139.084    627.6    830.6
     1     1    16     4    10    15     0     0    -3.0   60.252 -139.077    569.1    840.7
     1     1    16     4    10    14     0     0    -4.0   60.041 -139.041    514.5    850.0
     1     1    16     4    10    13     0     0    -5.0   59.849 -138.971    466.4    860.9
     1     1    16     4    10    12     0     0    -6.0   59.673 -138.867    425.6    871.1
     1     1    16     4    10    11     0     0    -7.0   59.508 -138.751    391.4    880.9
     1     1    16     4    10    10     0     0    -8.0   59.345 -138.641    362.4    889.8
     1     1    16     4    10     9     0     0    -9.0   59.185 -138.535    337.9    897.7
     1     1    16     4    10     8     0     0   -10.0   59.026 -138.432    317.1    905.2
     1     1    16     4    10     7     0     0   -11.0   58.869 -138.333    299.3    912.4
     1     1    16     4    10     6     0     0   -12.0   58.714 -138.237    283.9    919.3
     1     1    16     4    10     5     0     0   -13.0   58.565 -138.133    271.2    925.9
     1     1    16     4    10     4     0     0   -14.0   58.425 -138.014    261.4    931.8
     1     1    16     4    10     3     0     0   -15.0   58.294 -137.879    254.3    937.0
     1     1    16     4    10     2     0     0   -16.0   58.173 -137.729    249.9    941.6
     1     1    16     4    10     1     0     0   -17.0   58.061 -137.562    248.1    945.5
     1     1    16     4    10     0     0     0   -18.0   57.957 -137.378    248.9    948.2
     1     1    16     4     9    23     0     0   -19.0   57.859 -137.198    251.4    949.8
     1     1    16     4     9    22     0     0   -20.0   57.760 -137.038    254.6    951.5
     1     1    16     4     9    21     0     0   -21.0   57.661 -136.896    258.1    953.4
     1     1    16     4     9    20     0     0   -22.0   57.562 -136.772    261.7    955.4
     1     1    16     4     9    19     0     0   -23.0   57.464 -136.665    265.1    956.9
     1     1    16     4     9    18     0     0   -24.0   57.366 -136.580    268.3    957.6
     1     1    16     4     9    17     0     0   -25.0   57.270 -136.513    270.5    957.9
     1     1    16     4     9    16     0     0   -26.0   57.177 -136.459    271.2    958.6
     1     1    16     4     9    15     0     0   -27.0   57.085 -136.416    270.4    959.6
     1     1    16     4     9    14     0     0   -28.0   56.994 -136.384    267.9    960.9
     1     1    16     4     9    13     0     0   -29.0   56.903 -136.360    263.7    962.5
     1     1    16     4     9    12     0     0   -30.0   56.811 -136.344    257.7    964.4
     1     1    16     4     9    11     0     0   -31.0   56.720 -136.352    250.3    966.8
     1     1    16     4     9    10     0     0   -32.0   56.632 -136.396    241.4    969.6
     1     1    16     4     9     9     0     0   -33.0   56.545 -136.475    230.8    972.7
     1     1    16     4     9     8     0     0   -34.0   56.459 -136.587    218.6    976.3
     1     1    16     4     9     7     0     0   -35.0   56.371 -136.731    204.6    980.3
     1     1    16     4     9     6     0     0   -36.0   56.282 -136.906    189.2    984.2
     1     1    16     4     9     5     0     0   -37.0   56.191 -137.107    174.5    987.9
     1     1    16     4     9     4     0     0   -38.0   56.094 -137.331    162.3    991.2
     1     1    16     4     9     3     0     0   -39.0   55.990 -137.578    152.5    994.2
     1     1    16     4     9     2     0     0   -40.0   55.876 -137.846    144.5    996.3
     1     1    16     4     9     1     0     0   -41.0   55.747 -138.128    138.3    998.2
     1     1    16     4     9     0     0     0   -42.0   55.602 -138.422    134.2    999.9
     1     1    16     4     8    23     0     0   -43.0   55.452 -138.732    130.9   1000.6
     1     1    16     4     8    22     0     0   -44.0   55.310 -139.067    126.5   1001.5
     1     1    16     4     8    21     0     0   -45.0   55.176 -139.425    120.9   1002.3
     1     1    16     4     8    20     0     0   -46.0   55.050 -139.802    114.0   1003.2
     1     1    16     4     8    19     0     0   -47.0   54.931 -140.193    105.7   1003.7
     1     1    16     4     8    18     0     0   -48.0   54.816 -140.590     95.8   1004.3
     1     1    16     4     8    17     0     0   -49.0   54.699 -140.992     85.9   1004.3
     1     1    16     4     8    16     0     0   -50.0   54.578 -141.405     77.4   1004.2
     1     1    16     4     8    15     0     0   -51.0   54.459 -141.836     70.5   1003.8
     1     1    16     4     8    14     0     0   -52.0   54.349 -142.292     65.4   1003.4
     1     1    16     4     8    13     0     0   -53.0   54.254 -142.778     62.0   1002.8
     1     1    16     4     8    12     0     0   -54.0   54.176 -143.296     60.5   1001.9
     1     1    16     4     8    11     0     0   -55.0   54.105 -143.819     59.0   1001.0
     1     1    16     4     8    10     0     0   -56.0   54.035 -144.327     55.8   1000.7
     1     1    16     4     8     9     0     0   -57.0   53.972 -144.828     51.3   1000.7
     1     1    16     4     8     8     0     0   -58.0   53.921 -145.322     46.2   1000.5
     1     1    16     4     8     7     0     0   -59.0   53.882 -145.807     41.2   1000.2
     1     1    16     4     8     6     0     0   -60.0   53.858 -146.282     37.0   1000.0
     1     1    16     4     8     5     0     0   -61.0   53.842 -146.748     33.8    999.1
     1     1    16     4     8     4     0     0   -62.0   53.827 -147.202     31.3    998.3
     1     1    16     4     8     3     0     0   -63.0   53.816 -147.648     29.2    997.7
     1     1    16     4     8     2     0     0   -64.0   53.809 -148.081     27.0    997.4
     1     1    16     4     8     1     0     0   -65.0   53.806 -148.498     24.7    997.3
     1     1    16     4     8     0     0     0   -66.0   53.807 -148.901     22.4    997.3
     1     1    16     4     7    23     0     0   -67.0   53.817 -149.274     20.5    997.4
     1     1    16     4     7    22     0     0   -68.0   53.844 -149.609     19.0    997.3
     1     1    16     4     7    21     0     0   -69.0   53.893 -149.914     17.9    997.1
     1     1    16     4     7    20     0     0   -70.0   53.967 -150.193     17.2    996.8
     1     1    16     4     7    19     0     0   -71.0   54.064 -150.445     16.7    996.5
     1     1    16     4     7    18     0     0   -72.0   54.187 -150.667     16.3    995.9
