     1     1
    CDC1    15    10     1     0     0
     1 BACKWARD OMEGA   
    15    10     5    18   60.984 -139.059   750.0
     1 PRESSURE
     1     1    15    10     5    18     0     0     0.0   60.984 -139.059    750.0    817.2
     1     1    15    10     5    17     0     0    -1.0   60.998 -139.078    740.8    818.0
     1     1    15    10     5    16     0     0    -2.0   61.017 -139.089    731.1    818.8
     1     1    15    10     5    15     0     0    -3.0   61.040 -139.093    720.9    819.6
     1     1    15    10     5    14     0     0    -4.0   61.068 -139.091    710.2    820.3
     1     1    15    10     5    13     0     0    -5.0   61.100 -139.082    699.0    821.1
     1     1    15    10     5    12     0     0    -6.0   61.138 -139.067    687.2    821.8
     1     1    15    10     5    11     0     0    -7.0   61.180 -139.059    677.2    822.6
     1     1    15    10     5    10     0     0    -8.0   61.226 -139.068    670.6    822.7
     1     1    15    10     5     9     0     0    -9.0   61.275 -139.097    667.3    822.5
     1     1    15    10     5     8     0     0   -10.0   61.327 -139.144    667.4    821.9
     1     1    15    10     5     7     0     0   -11.0   61.382 -139.210    670.7    820.9
     1     1    15    10     5     6     0     0   -12.0   61.440 -139.294    677.3    819.5
     1     1    15    10     5     5     0     0   -13.0   61.498 -139.397    685.9    817.7
     1     1    15    10     5     4     0     0   -14.0   61.553 -139.516    695.6    816.0
     1     1    15    10     5     3     0     0   -15.0   61.604 -139.654    706.5    814.2
     1     1    15    10     5     2     0     0   -16.0   61.652 -139.808    718.4    812.3
     1     1    15    10     5     1     0     0   -17.0   61.697 -139.979    731.3    810.4
     1     1    15    10     5     0     0     0   -18.0   61.738 -140.166    745.1    808.8
     1     1    15    10     4    23     0     0   -19.0   61.786 -140.374    759.9    806.9
     1     1    15    10     4    22     0     0   -20.0   61.851 -140.609    776.0    804.6
     1     1    15    10     4    21     0     0   -21.0   61.931 -140.871    793.2    801.9
     1     1    15    10     4    20     0     0   -22.0   62.027 -141.161    811.6    798.8
     1     1    15    10     4    19     0     0   -23.0   62.137 -141.482    831.1    795.2
     1     1    15    10     4    18     0     0   -24.0   62.263 -141.833    851.6    791.1
     1     1    15    10     4    17     0     0   -25.0   62.390 -142.227    871.9    787.2
     1     1    15    10     4    16     0     0   -26.0   62.507 -142.675    890.4    784.7
     1     1    15    10     4    15     0     0   -27.0   62.610 -143.175    908.3    787.1
     1     1    15    10     4    14     0     0   -28.0   62.697 -143.724    923.4    789.6
     1     1    15    10     4    13     0     0   -29.0   62.768 -144.318    936.1    792.1
     1     1    15    10     4    12     0     0   -30.0   62.822 -144.954    946.4    794.5
     1     1    15    10     4    11     0     0   -31.0   62.865 -145.607    953.1    798.7
     1     1    15    10     4    10     0     0   -32.0   62.903 -146.255    952.6    803.7
     1     1    15    10     4     9     0     0   -33.0   62.934 -146.895    943.3    809.2
     1     1    15    10     4     8     0     0   -34.0   62.955 -147.525    923.6    815.6
     1     1    15    10     4     7     0     0   -35.0   62.962 -148.140    892.7    823.2
     1     1    15    10     4     6     0     0   -36.0   62.950 -148.730    850.1    831.3
     1     1    15    10     4     5     0     0   -37.0   62.906 -149.280    801.0    840.0
     1     1    15    10     4     4     0     0   -38.0   62.824 -149.777    752.1    847.6
     1     1    15    10     4     3     0     0   -39.0   62.709 -150.224    704.5    854.3
     1     1    15    10     4     2     0     0   -40.0   62.564 -150.624    659.4    860.0
     1     1    15    10     4     1     0     0   -41.0   62.395 -150.981    618.0    867.9
     1     1    15    10     4     0     0     0   -42.0   62.208 -151.296    580.3    876.2
     1     1    15    10     3    23     0     0   -43.0   62.009 -151.570    542.1    884.3
     1     1    15    10     3    22     0     0   -44.0   61.803 -151.803    499.1    893.0
     1     1    15    10     3    21     0     0   -45.0   61.592 -151.995    452.0    902.1
     1     1    15    10     3    20     0     0   -46.0   61.376 -152.147    401.3    911.7
     1     1    15    10     3    19     0     0   -47.0   61.160 -152.258    348.2    921.0
     1     1    15    10     3    18     0     0   -48.0   60.948 -152.328    294.9    929.8
     1     1    15    10     3    17     0     0   -49.0   60.745 -152.351    245.6    938.7
     1     1    15    10     3    16     0     0   -50.0   60.556 -152.323    203.4    946.9
     1     1    15    10     3    15     0     0   -51.0   60.379 -152.244    168.4    952.9
     1     1    15    10     3    14     0     0   -52.0   60.211 -152.118    139.6    958.5
     1     1    15    10     3    13     0     0   -53.0   60.049 -151.953    116.4    964.0
     1     1    15    10     3    12     0     0   -54.0   59.886 -151.757     97.6    969.8
     1     1    15    10     3    11     0     0   -55.0   59.730 -151.551     82.7    976.0
     1     1    15    10     3    10     0     0   -56.0   59.591 -151.346     71.0    981.2
     1     1    15    10     3     9     0     0   -57.0   59.467 -151.146     61.7    985.6
     1     1    15    10     3     8     0     0   -58.0   59.354 -150.953     54.0    989.8
     1     1    15    10     3     7     0     0   -59.0   59.251 -150.769     47.8    993.7
     1     1    15    10     3     6     0     0   -60.0   59.158 -150.593     42.9    997.4
     1     1    15    10     3     5     0     0   -61.0   59.062 -150.431     38.8   1000.8
     1     1    15    10     3     4     0     0   -62.0   58.953 -150.286     35.2   1004.4
     1     1    15    10     3     3     0     0   -63.0   58.831 -150.160     32.1   1008.2
     1     1    15    10     3     2     0     0   -64.0   58.694 -150.057     29.5   1012.3
     1     1    15    10     3     1     0     0   -65.0   58.543 -149.980     27.3   1016.4
     1     1    15    10     3     0     0     0   -66.0   58.377 -149.934     25.4   1020.5
     1     1    15    10     2    23     0     0   -67.0   58.198 -149.924     23.8   1024.6
     1     1    15    10     2    22     0     0   -68.0   58.004 -149.953     22.4   1028.8
     1     1    15    10     2    21     0     0   -69.0   57.795 -150.023     21.0   1033.1
     1     1    15    10     2    20     0     0   -70.0   57.570 -150.133     19.8   1037.2
     1     1    15    10     2    19     0     0   -71.0   57.331 -150.273     18.7   1036.6
     1     1    15    10     2    18     0     0   -72.0   57.083 -150.424     17.5   1034.1
