     1     1
    CDC1    16     4     1     0     0
     1 BACKWARD OMEGA   
    16     4    24    12   60.984 -139.059   750.0
     1 PRESSURE
     1     1    16     4    24    12     0     0     0.0   60.984 -139.059    750.0    810.9
     1     1    16     4    24    11     0     0    -1.0   60.933 -138.826    746.8    811.9
     1     1    16     4    24    10     0     0    -2.0   60.864 -138.614    745.6    812.8
     1     1    16     4    24     9     0     0    -3.0   60.778 -138.416    746.4    813.9
     1     1    16     4    24     8     0     0    -4.0   60.673 -138.231    748.8    815.0
     1     1    16     4    24     7     0     0    -5.0   60.548 -138.055    752.8    816.3
     1     1    16     4    24     6     0     0    -6.0   60.404 -137.884    758.1    817.7
     1     1    16     4    24     5     0     0    -7.0   60.238 -137.709    762.3    819.2
     1     1    16     4    24     4     0     0    -8.0   60.047 -137.520    762.9    821.7
     1     1    16     4    24     3     0     0    -9.0   59.833 -137.323    760.7    827.1
     1     1    16     4    24     2     0     0   -10.0   59.599 -137.129    755.9    833.9
     1     1    16     4    24     1     0     0   -11.0   59.347 -136.943    748.8    841.3
     1     1    16     4    24     0     0     0   -12.0   59.075 -136.766    739.8    849.3
     1     1    16     4    23    23     0     0   -13.0   58.790 -136.600    729.7    857.3
     1     1    16     4    23    22     0     0   -14.0   58.498 -136.447    719.9    865.4
     1     1    16     4    23    21     0     0   -15.0   58.203 -136.309    709.3    873.6
     1     1    16     4    23    20     0     0   -16.0   57.907 -136.191    697.4    881.9
     1     1    16     4    23    19     0     0   -17.0   57.612 -136.093    683.5    890.5
     1     1    16     4    23    18     0     0   -18.0   57.322 -136.028    667.1    897.3
     1     1    16     4    23    17     0     0   -19.0   57.033 -135.990    649.1    903.2
     1     1    16     4    23    16     0     0   -20.0   56.739 -135.967    630.6    909.4
     1     1    16     4    23    15     0     0   -21.0   56.437 -135.961    612.8    915.4
     1     1    16     4    23    14     0     0   -22.0   56.124 -135.975    596.4    921.3
     1     1    16     4    23    13     0     0   -23.0   55.795 -136.012    582.2    927.2
     1     1    16     4    23    12     0     0   -24.0   55.448 -136.075    570.9    932.9
     1     1    16     4    23    11     0     0   -25.0   55.086 -136.163    562.6    939.0
     1     1    16     4    23    10     0     0   -26.0   54.718 -136.271    555.6    940.8
     1     1    16     4    23     9     0     0   -27.0   54.347 -136.401    549.4    940.9
     1     1    16     4    23     8     0     0   -28.0   53.968 -136.558    543.2    940.7
     1     1    16     4    23     7     0     0   -29.0   53.573 -136.748    536.0    940.2
     1     1    16     4    23     6     0     0   -30.0   53.155 -136.979    526.8    939.3
     1     1    16     4    23     5     0     0   -31.0   52.720 -137.241    513.9    938.4
     1     1    16     4    23     4     0     0   -32.0   52.286 -137.511    497.7    938.1
     1     1    16     4    23     3     0     0   -33.0   51.869 -137.775    480.6    939.5
     1     1    16     4    23     2     0     0   -34.0   51.473 -138.031    463.7    941.1
     1     1    16     4    23     1     0     0   -35.0   51.091 -138.286    447.0    942.9
     1     1    16     4    23     0     0     0   -36.0   50.715 -138.546    430.8    944.8
     1     1    16     4    22    23     0     0   -37.0   50.347 -138.824    416.6    947.4
     1     1    16     4    22    22     0     0   -38.0   49.994 -139.120    405.6    949.7
     1     1    16     4    22    21     0     0   -39.0   49.660 -139.416    397.4    952.8
     1     1    16     4    22    20     0     0   -40.0   49.353 -139.696    391.4    955.2
     1     1    16     4    22    19     0     0   -41.0   49.066 -139.960    386.6    957.3
     1     1    16     4    22    18     0     0   -42.0   48.795 -140.207    382.0    958.8
     1     1    16     4    22    17     0     0   -43.0   48.545 -140.450    378.1    959.9
     1     1    16     4    22    16     0     0   -44.0   48.322 -140.696    376.3    960.4
     1     1    16     4    22    15     0     0   -45.0   48.124 -140.939    375.8    960.6
     1     1    16     4    22    14     0     0   -46.0   47.949 -141.175    376.5    960.6
     1     1    16     4    22    13     0     0   -47.0   47.798 -141.396    377.9    960.5
     1     1    16     4    22    12     0     0   -48.0   47.668 -141.594    379.9    960.3
     1     1    16     4    22    11     0     0   -49.0   47.563 -141.779    383.6    959.9
     1     1    16     4    22    10     0     0   -50.0   47.487 -141.962    390.1    958.9
     1     1    16     4    22     9     0     0   -51.0   47.441 -142.140    399.3    957.4
     1     1    16     4    22     8     0     0   -52.0   47.429 -142.311    411.5    955.7
     1     1    16     4    22     7     0     0   -53.0   47.451 -142.474    426.7    953.6
     1     1    16     4    22     6     0     0   -54.0   47.508 -142.623    444.9    951.1
     1     1    16     4    22     5     0     0   -55.0   47.578 -142.743    464.3    947.7
     1     1    16     4    22     4     0     0   -56.0   47.641 -142.827    483.1    944.8
     1     1    16     4    22     3     0     0   -57.0   47.698 -142.876    501.4    942.0
     1     1    16     4    22     2     0     0   -58.0   47.750 -142.888    519.4    939.3
     1     1    16     4    22     1     0     0   -59.0   47.796 -142.863    537.2    936.8
     1     1    16     4    22     0     0     0   -60.0   47.836 -142.800    554.9    934.4
     1     1    16     4    21    23     0     0   -61.0   47.866 -142.703    572.2    932.2
     1     1    16     4    21    22     0     0   -62.0   47.885 -142.580    588.9    930.1
     1     1    16     4    21    21     0     0   -63.0   47.889 -142.431    604.8    928.0
     1     1    16     4    21    20     0     0   -64.0   47.880 -142.259    619.5    925.8
     1     1    16     4    21    19     0     0   -65.0   47.854 -142.068    632.8    923.8
     1     1    16     4    21    18     0     0   -66.0   47.812 -141.860    644.3    921.7
     1     1    16     4    21    17     0     0   -67.0   47.740 -141.654    652.1    920.3
     1     1    16     4    21    16     0     0   -68.0   47.630 -141.467    654.6    919.7
     1     1    16     4    21    15     0     0   -69.0   47.480 -141.306    651.7    919.9
     1     1    16     4    21    14     0     0   -70.0   47.295 -141.185    643.1    920.5
     1     1    16     4    21    13     0     0   -71.0   47.080 -141.112    629.3    921.6
     1     1    16     4    21    12     0     0   -72.0   46.838 -141.088    611.0    922.9
