     1     1
    CDC1    16     2     1     0     0
     1 BACKWARD OMEGA   
    16     2    10     0   60.984 -139.059   750.0
     1 PRESSURE
     1     1    16     2    10     0     0     0     0.0   60.984 -139.059    750.0    810.6
     1     1    16     2     9    23     0     0    -1.0   61.034 -138.946    831.0    801.9
     1     1    16     2     9    22     0     0    -2.0   61.072 -138.916    908.4    794.1
     1     1    16     2     9    21     0     0    -3.0   61.102 -138.962    983.1    786.1
     1     1    16     2     9    20     0     0    -4.0   61.127 -139.076   1055.4    778.8
     1     1    16     2     9    19     0     0    -5.0   61.150 -139.255   1125.4    772.0
     1     1    16     2     9    18     0     0    -6.0   61.172 -139.494   1192.7    765.7
     1     1    16     2     9    17     0     0    -7.0   61.190 -139.770   1254.8    759.1
     1     1    16     2     9    16     0     0    -8.0   61.200 -140.065   1311.2    753.1
     1     1    16     2     9    15     0     0    -9.0   61.201 -140.381   1361.6    748.6
     1     1    16     2     9    14     0     0   -10.0   61.194 -140.717   1405.3    745.0
     1     1    16     2     9    13     0     0   -11.0   61.176 -141.075   1441.8    742.4
     1     1    16     2     9    12     0     0   -12.0   61.149 -141.452   1470.6    740.9
     1     1    16     2     9    11     0     0   -13.0   61.106 -141.806   1489.5    740.3
     1     1    16     2     9    10     0     0   -14.0   61.038 -142.096   1497.7    741.1
     1     1    16     2     9     9     0     0   -15.0   60.947 -142.325   1495.7    743.2
     1     1    16     2     9     8     0     0   -16.0   60.835 -142.500   1483.8    746.5
     1     1    16     2     9     7     0     0   -17.0   60.701 -142.628   1462.4    751.3
     1     1    16     2     9     6     0     0   -18.0   60.543 -142.716   1431.5    757.3
     1     1    16     2     9     5     0     0   -19.0   60.384 -142.770   1397.6    765.1
     1     1    16     2     9     4     0     0   -20.0   60.249 -142.784   1364.6    771.4
     1     1    16     2     9     3     0     0   -21.0   60.139 -142.750   1332.9    776.8
     1     1    16     2     9     2     0     0   -22.0   60.055 -142.663   1302.4    781.1
     1     1    16     2     9     1     0     0   -23.0   59.999 -142.518   1273.3    784.4
     1     1    16     2     9     0     0     0   -24.0   59.971 -142.315   1245.9    787.0
     1     1    16     2     8    23     0     0   -25.0   59.939 -142.073   1218.4    789.6
     1     1    16     2     8    22     0     0   -26.0   59.874 -141.815   1189.9    793.5
     1     1    16     2     8    21     0     0   -27.0   59.778 -141.541   1161.0    798.6
     1     1    16     2     8    20     0     0   -28.0   59.655 -141.251   1132.1    804.6
     1     1    16     2     8    19     0     0   -29.0   59.509 -140.940   1103.7    811.3
     1     1    16     2     8    18     0     0   -30.0   59.347 -140.603   1076.1    818.5
     1     1    16     2     8    17     0     0   -31.0   59.174 -140.273   1048.2    825.4
     1     1    16     2     8    16     0     0   -32.0   58.996 -139.985   1019.6    833.0
     1     1    16     2     8    15     0     0   -33.0   58.813 -139.732    990.1    841.7
     1     1    16     2     8    14     0     0   -34.0   58.626 -139.503    959.0    850.9
     1     1    16     2     8    13     0     0   -35.0   58.438 -139.285    926.5    860.5
     1     1    16     2     8    12     0     0   -36.0   58.250 -139.068    892.5    870.0
     1     1    16     2     8    11     0     0   -37.0   58.056 -138.859    854.8    879.4
     1     1    16     2     8    10     0     0   -38.0   57.850 -138.672    812.0    890.3
     1     1    16     2     8     9     0     0   -39.0   57.633 -138.510    765.4    902.3
     1     1    16     2     8     8     0     0   -40.0   57.408 -138.384    716.0    913.0
     1     1    16     2     8     7     0     0   -41.0   57.172 -138.303    664.7    921.3
     1     1    16     2     8     6     0     0   -42.0   56.922 -138.272    613.5    929.9
     1     1    16     2     8     5     0     0   -43.0   56.660 -138.262    564.1    937.3
     1     1    16     2     8     4     0     0   -44.0   56.388 -138.247    518.9    944.6
     1     1    16     2     8     3     0     0   -45.0   56.105 -138.234    478.6    951.7
     1     1    16     2     8     2     0     0   -46.0   55.811 -138.225    444.0    958.6
     1     1    16     2     8     1     0     0   -47.0   55.507 -138.226    415.6    965.0
     1     1    16     2     8     0     0     0   -48.0   55.191 -138.243    393.7    970.8
     1     1    16     2     7    23     0     0   -49.0   54.865 -138.266    374.7    973.4
     1     1    16     2     7    22     0     0   -50.0   54.534 -138.283    354.8    973.9
     1     1    16     2     7    21     0     0   -51.0   54.193 -138.305    334.7    974.4
     1     1    16     2     7    20     0     0   -52.0   53.837 -138.345    314.2    975.1
     1     1    16     2     7    19     0     0   -53.0   53.459 -138.415    293.2    975.9
     1     1    16     2     7    18     0     0   -54.0   53.051 -138.532    271.5    976.7
     1     1    16     2     7    17     0     0   -55.0   52.615 -138.697    251.8    977.1
     1     1    16     2     7    16     0     0   -56.0   52.164 -138.902    237.2    977.6
     1     1    16     2     7    15     0     0   -57.0   51.708 -139.139    227.7    978.4
     1     1    16     2     7    14     0     0   -58.0   51.245 -139.415    223.4    979.0
     1     1    16     2     7    13     0     0   -59.0   50.766 -139.740    224.2    979.6
     1     1    16     2     7    12     0     0   -60.0   50.261 -140.116    230.0    980.0
     1     1    16     2     7    11     0     0   -61.0   49.736 -140.505    239.5    978.6
     1     1    16     2     7    10     0     0   -62.0   49.217 -140.874    252.0    976.6
     1     1    16     2     7     9     0     0   -63.0   48.701 -141.237    267.9    974.4
     1     1    16     2     7     8     0     0   -64.0   48.175 -141.620    289.2    971.6
     1     1    16     2     7     7     0     0   -65.0   47.625 -142.065    318.3    967.6
     1     1    16     2     7     6     0     0   -66.0   47.040 -142.579    355.2    961.3
     1     1    16     2     7     5     0     0   -67.0   46.434 -143.094    392.3    954.8
     1     1    16     2     7     4     0     0   -68.0   45.821 -143.590    425.4    950.6
     1     1    16     2     7     3     0     0   -69.0   45.190 -144.121    458.6    947.8
     1     1    16     2     7     2     0     0   -70.0   44.536 -144.701    493.3    944.5
     1     1    16     2     7     1     0     0   -71.0   43.874 -145.312    528.2    939.6
     1     1    16     2     7     0     0     0   -72.0   43.221 -145.966    565.6    933.2
