     1     1
    CDC1    15    10     1     0     0
     1 BACKWARD OMEGA   
    15    10    26    12   60.984 -139.059   750.0
     1 PRESSURE
     1     1    15    10    26    12     0     0     0.0   60.984 -139.059    750.0    815.5
     1     1    15    10    26    11     0     0    -1.0   60.929 -138.944    795.9    811.7
     1     1    15    10    26    10     0     0    -2.0   60.907 -138.853    844.4    807.0
     1     1    15    10    26     9     0     0    -3.0   60.917 -138.789    895.6    801.7
     1     1    15    10    26     8     0     0    -4.0   60.959 -138.753    949.6    795.2
     1     1    15    10    26     7     0     0    -5.0   61.031 -138.746   1006.6    787.9
     1     1    15    10    26     6     0     0    -6.0   61.131 -138.769   1066.7    780.2
     1     1    15    10    26     5     0     0    -7.0   61.247 -138.815   1128.1    772.0
     1     1    15    10    26     4     0     0    -8.0   61.364 -138.876   1187.6    764.4
     1     1    15    10    26     3     0     0    -9.0   61.483 -138.949   1245.7    757.0
     1     1    15    10    26     2     0     0   -10.0   61.605 -139.031   1302.7    749.4
     1     1    15    10    26     1     0     0   -11.0   61.729 -139.120   1358.8    741.9
     1     1    15    10    26     0     0     0   -12.0   61.856 -139.216   1414.2    734.7
     1     1    15    10    25    23     0     0   -13.0   61.977 -139.343   1465.0    727.7
     1     1    15    10    25    22     0     0   -14.0   62.082 -139.530   1507.4    722.2
     1     1    15    10    25    21     0     0   -15.0   62.169 -139.775   1541.2    717.7
     1     1    15    10    25    20     0     0   -16.0   62.236 -140.079   1566.9    714.5
     1     1    15    10    25    19     0     0   -17.0   62.282 -140.439   1586.2    712.6
     1     1    15    10    25    18     0     0   -18.0   62.306 -140.852   1601.4    711.7
     1     1    15    10    25    17     0     0   -19.0   62.304 -141.265   1615.4    711.3
     1     1    15    10    25    16     0     0   -20.0   62.275 -141.626   1628.0    711.1
     1     1    15    10    25    15     0     0   -21.0   62.223 -141.934   1637.0    711.5
     1     1    15    10    25    14     0     0   -22.0   62.149 -142.189   1640.5    712.7
     1     1    15    10    25    13     0     0   -23.0   62.055 -142.392   1637.0    714.8
     1     1    15    10    25    12     0     0   -24.0   61.943 -142.544   1626.1    718.0
     1     1    15    10    25    11     0     0   -25.0   61.820 -142.659   1609.8    722.5
     1     1    15    10    25    10     0     0   -26.0   61.694 -142.748   1589.5    727.1
     1     1    15    10    25     9     0     0   -27.0   61.564 -142.809   1564.9    732.1
     1     1    15    10    25     8     0     0   -28.0   61.429 -142.840   1535.8    737.5
     1     1    15    10    25     7     0     0   -29.0   61.288 -142.840   1501.7    743.4
     1     1    15    10    25     6     0     0   -30.0   61.141 -142.807   1462.2    749.7
     1     1    15    10    25     5     0     0   -31.0   60.978 -142.751   1420.4    756.7
     1     1    15    10    25     4     0     0   -32.0   60.788 -142.679   1379.4    763.7
     1     1    15    10    25     3     0     0   -33.0   60.572 -142.589   1338.2    771.3
     1     1    15    10    25     2     0     0   -34.0   60.327 -142.477   1295.6    779.5
     1     1    15    10    25     1     0     0   -35.0   60.054 -142.340   1250.9    788.7
     1     1    15    10    25     0     0     0   -36.0   59.759 -142.186   1205.3    800.9
     1     1    15    10    24    23     0     0   -37.0   59.454 -142.013   1154.6    814.3
     1     1    15    10    24    22     0     0   -38.0   59.144 -141.807   1094.9    829.5
     1     1    15    10    24    21     0     0   -39.0   58.828 -141.571   1026.7    845.9
     1     1    15    10    24    20     0     0   -40.0   58.505 -141.306    951.5    863.8
     1     1    15    10    24    19     0     0   -41.0   58.172 -141.013    871.3    882.1
     1     1    15    10    24    18     0     0   -42.0   57.825 -140.693    788.7    900.9
     1     1    15    10    24    17     0     0   -43.0   57.470 -140.353    710.0    920.0
     1     1    15    10    24    16     0     0   -44.0   57.110 -140.029    638.2    929.5
     1     1    15    10    24    15     0     0   -45.0   56.745 -139.743    577.1    937.6
     1     1    15    10    24    14     0     0   -46.0   56.380 -139.488    525.8    945.2
     1     1    15    10    24    13     0     0   -47.0   56.015 -139.254    482.7    952.6
     1     1    15    10    24    12     0     0   -48.0   55.649 -139.031    446.6    959.7
     1     1    15    10    24    11     0     0   -49.0   55.288 -138.823    417.7    966.9
     1     1    15    10    24    10     0     0   -50.0   54.941 -138.637    395.0    972.9
     1     1    15    10    24     9     0     0   -51.0   54.612 -138.463    376.3    975.0
     1     1    15    10    24     8     0     0   -52.0   54.305 -138.295    360.3    976.6
     1     1    15    10    24     7     0     0   -53.0   54.016 -138.133    345.8    978.2
     1     1    15    10    24     6     0     0   -54.0   53.745 -137.976    331.5    979.7
     1     1    15    10    24     5     0     0   -55.0   53.494 -137.831    320.1    980.8
     1     1    15    10    24     4     0     0   -56.0   53.266 -137.706    314.8    980.9
     1     1    15    10    24     3     0     0   -57.0   53.060 -137.603    315.9    980.3
     1     1    15    10    24     2     0     0   -58.0   52.873 -137.522    323.6    979.0
     1     1    15    10    24     1     0     0   -59.0   52.705 -137.468    338.4    976.9
     1     1    15    10    24     0     0     0   -60.0   52.554 -137.443    360.6    974.1
     1     1    15    10    23    23     0     0   -61.0   52.419 -137.438    384.0    970.8
     1     1    15    10    23    22     0     0   -62.0   52.302 -137.443    401.6    968.5
     1     1    15    10    23    21     0     0   -63.0   52.200 -137.456    413.4    966.9
     1     1    15    10    23    20     0     0   -64.0   52.113 -137.480    419.3    966.1
     1     1    15    10    23    19     0     0   -65.0   52.039 -137.516    419.3    966.0
     1     1    15    10    23    18     0     0   -66.0   51.978 -137.565    413.3    966.9
     1     1    15    10    23    17     0     0   -67.0   51.929 -137.633    406.5    968.1
     1     1    15    10    23    16     0     0   -68.0   51.892 -137.724    404.1    968.1
     1     1    15    10    23    15     0     0   -69.0   51.866 -137.842    406.0    967.7
     1     1    15    10    23    14     0     0   -70.0   51.850 -137.986    412.4    966.7
     1     1    15    10    23    13     0     0   -71.0   51.843 -138.158    423.4    965.2
     1     1    15    10    23    12     0     0   -72.0   51.846 -138.358    439.6    963.1
