     1     1
    CDC1    16     2     1     0     0
     1 BACKWARD OMEGA   
    16     2    16     0   60.984 -139.059   750.0
     1 PRESSURE
     1     1    16     2    16     0     0     0     0.0   60.984 -139.059    750.0    802.5
     1     1    16     2    15    23     0     0    -1.0   60.952 -139.300    734.8    805.0
     1     1    16     2    15    22     0     0    -2.0   60.906 -139.546    720.1    807.7
     1     1    16     2    15    21     0     0    -3.0   60.845 -139.795    705.9    810.7
     1     1    16     2    15    20     0     0    -4.0   60.770 -140.046    692.1    814.0
     1     1    16     2    15    19     0     0    -5.0   60.680 -140.299    678.8    818.2
     1     1    16     2    15    18     0     0    -6.0   60.576 -140.556    665.9    822.7
     1     1    16     2    15    17     0     0    -7.0   60.469 -140.816    651.2    827.2
     1     1    16     2    15    16     0     0    -8.0   60.366 -141.087    632.3    832.4
     1     1    16     2    15    15     0     0    -9.0   60.268 -141.377    609.5    838.2
     1     1    16     2    15    14     0     0   -10.0   60.175 -141.691    583.8    844.1
     1     1    16     2    15    13     0     0   -11.0   60.085 -142.030    556.2    850.5
     1     1    16     2    15    12     0     0   -12.0   59.997 -142.397    527.8    857.3
     1     1    16     2    15    11     0     0   -13.0   59.906 -142.756    500.4    865.8
     1     1    16     2    15    10     0     0   -14.0   59.804 -143.075    475.0    874.3
     1     1    16     2    15     9     0     0   -15.0   59.694 -143.361    451.4    882.7
     1     1    16     2    15     8     0     0   -16.0   59.575 -143.624    429.7    891.1
     1     1    16     2    15     7     0     0   -17.0   59.449 -143.869    410.1    899.4
     1     1    16     2    15     6     0     0   -18.0   59.314 -144.106    392.8    907.7
     1     1    16     2    15     5     0     0   -19.0   59.176 -144.325    377.7    915.4
     1     1    16     2    15     4     0     0   -20.0   59.036 -144.515    363.7    922.5
     1     1    16     2    15     3     0     0   -21.0   58.894 -144.681    351.1    929.3
     1     1    16     2    15     2     0     0   -22.0   58.750 -144.827    340.1    935.8
     1     1    16     2    15     1     0     0   -23.0   58.603 -144.956    330.7    942.1
     1     1    16     2    15     0     0     0   -24.0   58.453 -145.073    323.1    947.8
     1     1    16     2    14    23     0     0   -25.0   58.294 -145.185    315.2    953.5
     1     1    16     2    14    22     0     0   -26.0   58.121 -145.293    304.7    960.0
     1     1    16     2    14    21     0     0   -27.0   57.934 -145.396    292.2    967.2
     1     1    16     2    14    20     0     0   -28.0   57.734 -145.494    278.0    974.9
     1     1    16     2    14    19     0     0   -29.0   57.521 -145.582    262.4    983.2
     1     1    16     2    14    18     0     0   -30.0   57.296 -145.666    244.7    984.0
     1     1    16     2    14    17     0     0   -31.0   57.068 -145.756    226.4    983.8
     1     1    16     2    14    16     0     0   -32.0   56.840 -145.858    209.0    983.4
     1     1    16     2    14    15     0     0   -33.0   56.611 -145.976    192.1    982.5
     1     1    16     2    14    14     0     0   -34.0   56.381 -146.114    175.8    981.2
     1     1    16     2    14    13     0     0   -35.0   56.149 -146.277    160.0    979.8
     1     1    16     2    14    12     0     0   -36.0   55.918 -146.468    144.8    978.2
     1     1    16     2    14    11     0     0   -37.0   55.679 -146.699    131.5    976.7
     1     1    16     2    14    10     0     0   -38.0   55.423 -146.989    121.0    974.0
     1     1    16     2    14     9     0     0   -39.0   55.144 -147.350    112.2    970.5
     1     1    16     2    14     8     0     0   -40.0   54.842 -147.777    104.6    969.3
     1     1    16     2    14     7     0     0   -41.0   54.532 -148.226     97.7    971.1
     1     1    16     2    14     6     0     0   -42.0   54.225 -148.660     91.5    973.1
     1     1    16     2    14     5     0     0   -43.0   53.922 -149.075     86.2    975.5
     1     1    16     2    14     4     0     0   -44.0   53.625 -149.474     82.1    978.0
     1     1    16     2    14     3     0     0   -45.0   53.330 -149.863     78.9    980.8
     1     1    16     2    14     2     0     0   -46.0   53.037 -150.243     76.6    983.7
     1     1    16     2    14     1     0     0   -47.0   52.745 -150.615     75.0    986.4
     1     1    16     2    14     0     0     0   -48.0   52.451 -150.985     74.1    988.2
     1     1    16     2    13    23     0     0   -49.0   52.161 -151.353     73.5    987.4
     1     1    16     2    13    22     0     0   -50.0   51.879 -151.722     73.3    986.8
     1     1    16     2    13    21     0     0   -51.0   51.599 -152.092     73.3    986.3
     1     1    16     2    13    20     0     0   -52.0   51.314 -152.462     73.4    985.8
     1     1    16     2    13    19     0     0   -53.0   51.018 -152.829     73.4    984.4
     1     1    16     2    13    18     0     0   -54.0   50.708 -153.189     73.3    982.7
     1     1    16     2    13    17     0     0   -55.0   50.386 -153.548     73.0    980.7
     1     1    16     2    13    16     0     0   -56.0   50.056 -153.919     72.2    978.7
     1     1    16     2    13    15     0     0   -57.0   49.723 -154.304     71.2    978.2
     1     1    16     2    13    14     0     0   -58.0   49.393 -154.689     70.0    978.5
     1     1    16     2    13    13     0     0   -59.0   49.064 -155.069     68.6    979.1
     1     1    16     2    13    12     0     0   -60.0   48.733 -155.442     67.3    980.2
     1     1    16     2    13    11     0     0   -61.0   48.399 -155.808     66.2    981.2
     1     1    16     2    13    10     0     0   -62.0   48.064 -156.173     65.6    982.3
     1     1    16     2    13     9     0     0   -63.0   47.724 -156.547     65.6    983.7
     1     1    16     2    13     8     0     0   -64.0   47.376 -156.935     66.2    984.4
     1     1    16     2    13     7     0     0   -65.0   47.024 -157.330     67.2    984.0
     1     1    16     2    13     6     0     0   -66.0   46.672 -157.724     68.5    983.6
     1     1    16     2    13     5     0     0   -67.0   46.324 -158.121     69.9    982.9
     1     1    16     2    13     4     0     0   -68.0   45.983 -158.528     71.1    982.3
     1     1    16     2    13     3     0     0   -69.0   45.646 -158.946     72.3    981.6
     1     1    16     2    13     2     0     0   -70.0   45.313 -159.376     73.5    981.0
     1     1    16     2    13     1     0     0   -71.0   44.981 -159.819     74.8    980.6
     1     1    16     2    13     0     0     0   -72.0   44.652 -160.274     76.0    980.4
