     1     1
    CDC1    15    10     1     0     0
     1 BACKWARD OMEGA   
    15    10    11     0   60.984 -139.059   750.0
     1 PRESSURE
     1     1    15    10    11     0     0     0     0.0   60.984 -139.059    750.0    793.5
     1     1    15    10    10    23     0     0    -1.0   60.894 -139.256    718.6    798.3
     1     1    15    10    10    22     0     0    -2.0   60.788 -139.446    687.6    803.6
     1     1    15    10    10    21     0     0    -3.0   60.666 -139.630    656.7    809.2
     1     1    15    10    10    20     0     0    -4.0   60.526 -139.807    626.0    815.2
     1     1    15    10    10    19     0     0    -5.0   60.369 -139.977    595.4    821.4
     1     1    15    10    10    18     0     0    -6.0   60.192 -140.139    564.9    828.0
     1     1    15    10    10    17     0     0    -7.0   59.999 -140.297    530.3    834.7
     1     1    15    10    10    16     0     0    -8.0   59.793 -140.455    489.9    846.0
     1     1    15    10    10    15     0     0    -9.0   59.577 -140.616    446.0    858.3
     1     1    15    10    10    14     0     0   -10.0   59.352 -140.779    400.1    871.6
     1     1    15    10    10    13     0     0   -11.0   59.118 -140.947    354.7    885.1
     1     1    15    10    10    12     0     0   -12.0   58.877 -141.122    313.2    898.3
     1     1    15    10    10    11     0     0   -13.0   58.638 -141.318    278.5    910.3
     1     1    15    10    10    10     0     0   -14.0   58.409 -141.556    251.9    921.3
     1     1    15    10    10     9     0     0   -15.0   58.189 -141.850    231.9    931.9
     1     1    15    10    10     8     0     0   -16.0   57.976 -142.213    217.3    942.0
     1     1    15    10    10     7     0     0   -17.0   57.772 -142.654    207.6    952.0
     1     1    15    10    10     6     0     0   -18.0   57.577 -143.170    201.6    961.6
     1     1    15    10    10     5     0     0   -19.0   57.406 -143.694    198.2    966.2
     1     1    15    10    10     4     0     0   -20.0   57.273 -144.172    196.7    967.5
     1     1    15    10    10     3     0     0   -21.0   57.178 -144.617    196.9    968.6
     1     1    15    10    10     2     0     0   -22.0   57.120 -145.043    198.7    969.5
     1     1    15    10    10     1     0     0   -23.0   57.097 -145.450    201.8    968.8
     1     1    15    10    10     0     0     0   -24.0   57.103 -145.835    206.1    968.2
     1     1    15    10     9    23     0     0   -25.0   57.126 -146.165    210.0    968.4
     1     1    15    10     9    22     0     0   -26.0   57.151 -146.413    211.8    969.1
     1     1    15    10     9    21     0     0   -27.0   57.179 -146.581    211.2    970.2
     1     1    15    10     9    20     0     0   -28.0   57.209 -146.672    207.9    971.7
     1     1    15    10     9    19     0     0   -29.0   57.244 -146.689    202.0    973.5
     1     1    15    10     9    18     0     0   -30.0   57.287 -146.635    193.7    975.3
     1     1    15    10     9    17     0     0   -31.0   57.330 -146.528    183.7    977.8
     1     1    15    10     9    16     0     0   -32.0   57.362 -146.384    172.7    980.2
     1     1    15    10     9    15     0     0   -33.0   57.384 -146.204    160.6    982.6
     1     1    15    10     9    14     0     0   -34.0   57.397 -145.990    147.6    985.2
     1     1    15    10     9    13     0     0   -35.0   57.403 -145.742    133.6    988.0
     1     1    15    10     9    12     0     0   -36.0   57.401 -145.459    118.8    990.9
     1     1    15    10     9    11     0     0   -37.0   57.386 -145.164    103.6    993.0
     1     1    15    10     9    10     0     0   -38.0   57.344 -144.877     88.9    994.3
     1     1    15    10     9     9     0     0   -39.0   57.268 -144.595     75.1    994.8
     1     1    15    10     9     8     0     0   -40.0   57.149 -144.320     63.3    994.2
     1     1    15    10     9     7     0     0   -41.0   56.984 -144.055     54.1    993.5
     1     1    15    10     9     6     0     0   -42.0   56.775 -143.804     46.9    992.8
     1     1    15    10     9     5     0     0   -43.0   56.540 -143.570     42.0    991.2
     1     1    15    10     9     4     0     0   -44.0   56.297 -143.365     39.3    989.7
     1     1    15    10     9     3     0     0   -45.0   56.042 -143.204     38.0    988.4
     1     1    15    10     9     2     0     0   -46.0   55.766 -143.105     37.4    987.2
     1     1    15    10     9     1     0     0   -47.0   55.462 -143.092     37.3    986.0
     1     1    15    10     9     0     0     0   -48.0   55.117 -143.192     37.7    984.4
     1     1    15    10     8    23     0     0   -49.0   54.741 -143.331     37.9    983.3
     1     1    15    10     8    22     0     0   -50.0   54.361 -143.411     37.6    983.2
     1     1    15    10     8    21     0     0   -51.0   53.977 -143.441     36.9    983.4
     1     1    15    10     8    20     0     0   -52.0   53.580 -143.448     35.9    983.6
     1     1    15    10     8    19     0     0   -53.0   53.161 -143.460     34.6    983.9
     1     1    15    10     8    18     0     0   -54.0   52.709 -143.508     33.3    984.3
     1     1    15    10     8    17     0     0   -55.0   52.239 -143.571     32.0    985.2
     1     1    15    10     8    16     0     0   -56.0   51.779 -143.602     30.9    986.1
     1     1    15    10     8    15     0     0   -57.0   51.330 -143.609     30.2    986.8
     1     1    15    10     8    14     0     0   -58.0   50.885 -143.614     29.7    987.5
     1     1    15    10     8    13     0     0   -59.0   50.434 -143.645     29.4    988.0
     1     1    15    10     8    12     0     0   -60.0   49.969 -143.732     29.3    988.1
     1     1    15    10     8    11     0     0   -61.0   49.510 -143.862     29.3    988.0
     1     1    15    10     8    10     0     0   -62.0   49.081 -143.997     29.4    987.9
     1     1    15    10     8     9     0     0   -63.0   48.677 -144.138     29.4    987.7
     1     1    15    10     8     8     0     0   -64.0   48.293 -144.287     29.3    987.6
     1     1    15    10     8     7     0     0   -65.0   47.927 -144.448     29.0    987.4
     1     1    15    10     8     6     0     0   -66.0   47.576 -144.624     28.5    987.2
     1     1    15    10     8     5     0     0   -67.0   47.240 -144.822     28.0    987.4
     1     1    15    10     8     4     0     0   -68.0   46.922 -145.042     27.7    987.9
     1     1    15    10     8     3     0     0   -69.0   46.624 -145.280     27.5    988.6
     1     1    15    10     8     2     0     0   -70.0   46.349 -145.537     27.5    989.4
     1     1    15    10     8     1     0     0   -71.0   46.098 -145.812     27.5    990.2
     1     1    15    10     8     0     0     0   -72.0   45.873 -146.107     27.7    991.1
