     1     1
    CDC1    15    11     1     0     0
     1 BACKWARD OMEGA   
    15    11    15     0   60.984 -139.059   750.0
     1 PRESSURE
     1     1    15    11    15     0     0     0     0.0   60.984 -139.059    750.0    793.5
     1     1    15    11    14    23     0     0    -1.0   60.898 -138.765    693.4    800.4
     1     1    15    11    14    22     0     0    -2.0   60.823 -138.481    637.8    807.2
     1     1    15    11    14    21     0     0    -3.0   60.759 -138.210    583.1    813.6
     1     1    15    11    14    20     0     0    -4.0   60.704 -137.952    528.8    819.4
     1     1    15    11    14    19     0     0    -5.0   60.654 -137.710    474.9    825.4
     1     1    15    11    14    18     0     0    -6.0   60.609 -137.482    421.5    831.6
     1     1    15    11    14    17     0     0    -7.0   60.565 -137.273    368.0    837.9
     1     1    15    11    14    16     0     0    -8.0   60.516 -137.080    316.4    843.3
     1     1    15    11    14    15     0     0    -9.0   60.458 -136.898    269.4    848.5
     1     1    15    11    14    14     0     0   -10.0   60.393 -136.724    226.8    853.6
     1     1    15    11    14    13     0     0   -11.0   60.320 -136.555    188.3    858.6
     1     1    15    11    14    12     0     0   -12.0   60.239 -136.388    153.9    862.3
     1     1    15    11    14    11     0     0   -13.0   60.152 -136.230    123.4    865.6
     1     1    15    11    14    10     0     0   -14.0   60.055 -136.093     96.9    869.1
     1     1    15    11    14     9     0     0   -15.0   59.950 -135.985     75.2    873.4
     1     1    15    11    14     8     0     0   -16.0   59.837 -135.917     57.2    877.2
     1     1    15    11    14     7     0     0   -17.0   59.716 -135.893     42.1    881.5
     1     1    15    11    14     6     0     0   -18.0   59.588 -135.913     30.0    886.1
     1     1    15    11    14     5     0     0   -19.0   59.457 -135.950     20.9    890.9
     1     1    15    11    14     4     0     0   -20.0   59.326 -135.977     14.4    895.4
     1     1    15    11    14     3     0     0   -21.0   59.194 -136.000      9.8    899.5
     1     1    15    11    14     2     0     0   -22.0   59.058 -136.022      6.4    903.1
     1     1    15    11    14     1     0     0   -23.0   58.918 -136.051      2.7    906.9
     1     1    15    11    14     0     0     0   -24.0   58.772 -136.094      0.0    910.9
     1     1    15    11    13    23     0     0   -25.0   58.623 -136.144      0.0    914.9
     1     1    15    11    13    22     0     0   -26.0   58.471 -136.188      0.0    919.0
     1     1    15    11    13    21     0     0   -27.0   58.316 -136.228      0.0    923.2
     1     1    15    11    13    20     0     0   -28.0   58.158 -136.266      0.0    927.6
     1     1    15    11    13    19     0     0   -29.0   57.995 -136.303      0.0    932.0
     1     1    15    11    13    18     0     0   -30.0   57.828 -136.343      0.0    936.7
     1     1    15    11    13    17     0     0   -31.0   57.653 -136.392      0.0    941.8
     1     1    15    11    13    16     0     0   -32.0   57.468 -136.459      0.0    947.0
     1     1    15    11    13    15     0     0   -33.0   57.273 -136.559      0.0    950.4
     1     1    15    11    13    14     0     0   -34.0   57.069 -136.709      0.0    954.1
     1     1    15    11    13    13     0     0   -35.0   56.854 -136.921      0.0    958.2
     1     1    15    11    13    12     0     0   -36.0   56.628 -137.213      0.0    962.6
     1     1    15    11    13    11     0     0   -37.0   56.389 -137.612      0.0    966.8
     1     1    15    11    13    10     0     0   -38.0   56.151 -138.145      0.0    969.6
     1     1    15    11    13     9     0     0   -39.0   55.923 -138.810      0.0    971.6
     1     1    15    11    13     8     0     0   -40.0   55.706 -139.607      0.0    972.6
     1     1    15    11    13     7     0     0   -41.0   55.512 -140.524      0.0    973.6
     1     1    15    11    13     6     0     0   -42.0   55.361 -141.527      0.0    974.2
     1     1    15    11    13     5     0     0   -43.0   55.261 -142.588      0.0    973.9
     1     1    15    11    13     4     0     0   -44.0   55.219 -143.688      0.0    973.3
     1     1    15    11    13     3     0     0   -45.0   55.251 -144.813      0.0    972.7
     1     1    15    11    13     2     0     0   -46.0   55.352 -145.950      0.0    972.4
     1     1    15    11    13     1     0     0   -47.0   55.512 -147.089      0.0    973.0
     1     1    15    11    13     0     0     0   -48.0   55.716 -148.214      0.0    973.7
     1     1    15    11    12    23     0     0   -49.0   55.932 -149.283      0.0    973.6
     1     1    15    11    12    22     0     0   -50.0   56.148 -150.260      0.0    973.4
     1     1    15    11    12    21     0     0   -51.0   56.361 -151.133      0.1    973.0
     1     1    15    11    12    20     0     0   -52.0   56.565 -151.896      0.3    972.0
     1     1    15    11    12    19     0     0   -53.0   56.757 -152.551      0.7    970.6
     1     1    15    11    12    18     0     0   -54.0   56.939 -153.109      1.3    969.5
     1     1    15    11    12    17     0     0   -55.0   57.127 -153.590      1.9    967.9
     1     1    15    11    12    16     0     0   -56.0   57.327 -154.008      2.5    966.0
     1     1    15    11    12    15     0     0   -57.0   57.543 -154.363      3.2    963.6
     1     1    15    11    12    14     0     0   -58.0   57.775 -154.667      4.3    960.0
     1     1    15    11    12    13     0     0   -59.0   58.022 -154.929      5.9    956.6
     1     1    15    11    12    12     0     0   -60.0   58.287 -155.142      8.0    953.6
     1     1    15    11    12    11     0     0   -61.0   58.567 -155.276     10.5    950.0
     1     1    15    11    12    10     0     0   -62.0   58.858 -155.298     13.8    945.7
     1     1    15    11    12     9     0     0   -63.0   59.166 -155.191     19.0    940.6
     1     1    15    11    12     8     0     0   -64.0   59.494 -154.930     27.0    934.8
     1     1    15    11    12     7     0     0   -65.0   59.840 -154.499     37.5    929.7
     1     1    15    11    12     6     0     0   -66.0   60.181 -153.922     48.3    925.9
     1     1    15    11    12     5     0     0   -67.0   60.478 -153.295     57.4    923.4
     1     1    15    11    12     4     0     0   -68.0   60.710 -152.688     63.7    920.6
     1     1    15    11    12     3     0     0   -69.0   60.886 -152.109     66.6    918.6
     1     1    15    11    12     2     0     0   -70.0   61.019 -151.552     66.7    917.1
     1     1    15    11    12     1     0     0   -71.0   61.116 -151.013     64.8    916.0
     1     1    15    11    12     0     0     0   -72.0   61.181 -150.487     61.2    915.3
