     1     1
    CDC1    16     4     1     0     0
     1 BACKWARD OMEGA   
    16     4     6    12   60.984 -139.059   750.0
     1 PRESSURE
     1     1    16     4     6    12     0     0     0.0   60.984 -139.059    750.0    810.6
     1     1    16     4     6    11     0     0    -1.0   60.806 -139.354    689.8    819.7
     1     1    16     4     6    10     0     0    -2.0   60.610 -139.623    627.2    830.0
     1     1    16     4     6     9     0     0    -3.0   60.398 -139.865    563.9    840.6
     1     1    16     4     6     8     0     0    -4.0   60.174 -140.078    503.6    851.3
     1     1    16     4     6     7     0     0    -5.0   59.939 -140.272    448.7    863.5
     1     1    16     4     6     6     0     0    -6.0   59.695 -140.459    400.8    878.1
     1     1    16     4     6     5     0     0    -7.0   59.451 -140.656    358.0    891.4
     1     1    16     4     6     4     0     0    -8.0   59.217 -140.866    319.0    904.0
     1     1    16     4     6     3     0     0    -9.0   58.986 -141.091    284.1    916.3
     1     1    16     4     6     2     0     0   -10.0   58.756 -141.332    253.1    928.6
     1     1    16     4     6     1     0     0   -11.0   58.523 -141.588    225.7    940.9
     1     1    16     4     6     0     0     0   -12.0   58.282 -141.857    201.3    953.4
     1     1    16     4     5    23     0     0   -13.0   58.034 -142.120    177.3    965.0
     1     1    16     4     5    22     0     0   -14.0   57.782 -142.362    151.4    977.0
     1     1    16     4     5    21     0     0   -15.0   57.525 -142.589    122.8    989.9
     1     1    16     4     5    20     0     0   -16.0   57.271 -142.812     93.0    995.0
     1     1    16     4     5    19     0     0   -17.0   57.025 -143.044     66.0    998.2
     1     1    16     4     5    18     0     0   -18.0   56.789 -143.299     43.8   1000.0
     1     1    16     4     5    17     0     0   -19.0   56.555 -143.563     28.8   1001.6
     1     1    16     4     5    16     0     0   -20.0   56.315 -143.823     19.9   1001.8
     1     1    16     4     5    15     0     0   -21.0   56.070 -144.085     14.9   1001.4
     1     1    16     4     5    14     0     0   -22.0   55.825 -144.356     12.1   1000.3
     1     1    16     4     5    13     0     0   -23.0   55.581 -144.646     10.7    998.7
     1     1    16     4     5    12     0     0   -24.0   55.339 -144.961      9.9    996.6
     1     1    16     4     5    11     0     0   -25.0   55.101 -145.300      9.5    993.5
     1     1    16     4     5    10     0     0   -26.0   54.864 -145.653      9.4    991.8
     1     1    16     4     5     9     0     0   -27.0   54.626 -146.008      9.6    991.4
     1     1    16     4     5     8     0     0   -28.0   54.387 -146.358     10.3    991.2
     1     1    16     4     5     7     0     0   -29.0   54.149 -146.701     11.4    991.0
     1     1    16     4     5     6     0     0   -30.0   53.914 -147.031     12.8    991.0
     1     1    16     4     5     5     0     0   -31.0   53.674 -147.339     13.9    991.1
     1     1    16     4     5     4     0     0   -32.0   53.419 -147.627     14.4    991.8
     1     1    16     4     5     3     0     0   -33.0   53.152 -147.904     14.7    993.1
     1     1    16     4     5     2     0     0   -34.0   52.872 -148.179     14.8    994.6
     1     1    16     4     5     1     0     0   -35.0   52.583 -148.461     15.1    996.4
     1     1    16     4     5     0     0     0   -36.0   52.288 -148.754     15.3    996.8
     1     1    16     4     4    23     0     0   -37.0   51.987 -149.052     15.6    996.6
     1     1    16     4     4    22     0     0   -38.0   51.681 -149.350     16.0    996.4
     1     1    16     4     4    21     0     0   -39.0   51.374 -149.656     16.4    996.3
     1     1    16     4     4    20     0     0   -40.0   51.070 -149.974     16.9    996.3
     1     1    16     4     4    19     0     0   -41.0   50.767 -150.304     17.5    995.9
     1     1    16     4     4    18     0     0   -42.0   50.464 -150.646     18.1    995.4
     1     1    16     4     4    17     0     0   -43.0   50.147 -150.997     18.7    994.7
     1     1    16     4     4    16     0     0   -44.0   49.806 -151.365     19.3    994.1
     1     1    16     4     4    15     0     0   -45.0   49.450 -151.757     19.8    993.8
     1     1    16     4     4    14     0     0   -46.0   49.087 -152.183     20.4    993.7
     1     1    16     4     4    13     0     0   -47.0   48.723 -152.651     21.0    993.4
     1     1    16     4     4    12     0     0   -48.0   48.360 -153.157     21.8    993.0
     1     1    16     4     4    11     0     0   -49.0   47.989 -153.658     22.5    993.2
     1     1    16     4     4    10     0     0   -50.0   47.607 -154.130     23.3    993.8
     1     1    16     4     4     9     0     0   -51.0   47.221 -154.595     24.1    993.7
     1     1    16     4     4     8     0     0   -52.0   46.842 -155.059     24.8    993.1
     1     1    16     4     4     7     0     0   -53.0   46.471 -155.521     25.3    992.8
     1     1    16     4     4     6     0     0   -54.0   46.109 -155.980     25.7    992.8
     1     1    16     4     4     5     0     0   -55.0   45.747 -156.424     26.1    992.9
     1     1    16     4     4     4     0     0   -56.0   45.375 -156.856     26.5    992.9
     1     1    16     4     4     3     0     0   -57.0   45.002 -157.307     26.8    992.9
     1     1    16     4     4     2     0     0   -58.0   44.630 -157.787     27.0    993.2
     1     1    16     4     4     1     0     0   -59.0   44.260 -158.295     27.1    993.3
     1     1    16     4     4     0     0     0   -60.0   43.894 -158.832     27.1    993.6
     1     1    16     4     3    23     0     0   -61.0   43.530 -159.371     27.0    994.4
     1     1    16     4     3    22     0     0   -62.0   43.164 -159.887     26.9    995.1
     1     1    16     4     3    21     0     0   -63.0   42.797 -160.397     26.9    995.9
     1     1    16     4     3    20     0     0   -64.0   42.430 -160.911     26.8    996.5
     1     1    16     4     3    19     0     0   -65.0   42.068 -161.422     26.6    996.5
     1     1    16     4     3    18     0     0   -66.0   41.715 -161.924     27.1    996.4
     1     1    16     4     3    17     0     0   -67.0   41.362 -162.394     28.5    996.4
     1     1    16     4     3    16     0     0   -68.0   40.995 -162.807     30.5    995.9
     1     1    16     4     3    15     0     0   -69.0   40.611 -163.178     32.7    995.3
     1     1    16     4     3    14     0     0   -70.0   40.213 -163.531     34.4    994.8
     1     1    16     4     3    13     0     0   -71.0   39.807 -163.884     34.7    994.8
     1     1    16     4     3    12     0     0   -72.0   39.401 -164.246     32.5    995.6
