     1     1
    CDC1    15    10     1     0     0
     1 BACKWARD OMEGA   
    15    10     6     6   60.984 -139.059   750.0
     1 PRESSURE
     1     1    15    10     6     6     0     0     0.0   60.984 -139.059    750.0    813.7
     1     1    15    10     6     5     0     0    -1.0   60.977 -139.099    732.5    816.1
     1     1    15    10     6     4     0     0    -2.0   60.965 -139.117    717.6    818.2
     1     1    15    10     6     3     0     0    -3.0   60.950 -139.114    705.2    820.1
     1     1    15    10     6     2     0     0    -4.0   60.932 -139.089    695.2    821.8
     1     1    15    10     6     1     0     0    -5.0   60.910 -139.043    687.8    823.3
     1     1    15    10     6     0     0     0    -6.0   60.886 -138.975    682.9    824.5
     1     1    15    10     5    23     0     0    -7.0   60.864 -138.903    679.1    825.3
     1     1    15    10     5    22     0     0    -8.0   60.848 -138.844    674.8    826.2
     1     1    15    10     5    21     0     0    -9.0   60.839 -138.798    669.9    827.0
     1     1    15    10     5    20     0     0   -10.0   60.836 -138.765    664.4    827.8
     1     1    15    10     5    19     0     0   -11.0   60.838 -138.745    658.3    828.6
     1     1    15    10     5    18     0     0   -12.0   60.846 -138.738    651.4    829.5
     1     1    15    10     5    17     0     0   -13.0   60.860 -138.733    643.8    830.2
     1     1    15    10     5    16     0     0   -14.0   60.880 -138.720    636.0    830.9
     1     1    15    10     5    15     0     0   -15.0   60.906 -138.698    627.7    831.5
     1     1    15    10     5    14     0     0   -16.0   60.938 -138.669    618.9    832.0
     1     1    15    10     5    13     0     0   -17.0   60.977 -138.634    609.8    832.5
     1     1    15    10     5    12     0     0   -18.0   61.022 -138.593    600.3    832.9
     1     1    15    10     5    11     0     0   -19.0   61.072 -138.561    592.3    833.1
     1     1    15    10     5    10     0     0   -20.0   61.125 -138.552    587.6    832.8
     1     1    15    10     5     9     0     0   -21.0   61.181 -138.565    585.9    832.2
     1     1    15    10     5     8     0     0   -22.0   61.238 -138.599    587.1    831.3
     1     1    15    10     5     7     0     0   -23.0   61.298 -138.655    591.2    830.1
     1     1    15    10     5     6     0     0   -24.0   61.360 -138.731    598.1    828.7
     1     1    15    10     5     5     0     0   -25.0   61.421 -138.826    607.0    827.0
     1     1    15    10     5     4     0     0   -26.0   61.480 -138.940    617.0    825.1
     1     1    15    10     5     3     0     0   -27.0   61.535 -139.072    628.3    823.2
     1     1    15    10     5     2     0     0   -28.0   61.588 -139.222    640.8    821.2
     1     1    15    10     5     1     0     0   -29.0   61.637 -139.390    654.5    819.1
     1     1    15    10     5     0     0     0   -30.0   61.682 -139.574    669.3    816.9
     1     1    15    10     4    23     0     0   -31.0   61.734 -139.780    685.2    814.3
     1     1    15    10     4    22     0     0   -32.0   61.801 -140.012    702.4    811.4
     1     1    15    10     4    21     0     0   -33.0   61.885 -140.273    720.9    808.5
     1     1    15    10     4    20     0     0   -34.0   61.985 -140.564    740.4    805.2
     1     1    15    10     4    19     0     0   -35.0   62.102 -140.887    760.9    801.5
     1     1    15    10     4    18     0     0   -36.0   62.234 -141.243    782.4    797.3
     1     1    15    10     4    17     0     0   -37.0   62.368 -141.640    803.3    793.2
     1     1    15    10     4    16     0     0   -38.0   62.491 -142.090    822.4    789.6
     1     1    15    10     4    15     0     0   -39.0   62.601 -142.590    840.7    790.9
     1     1    15    10     4    14     0     0   -40.0   62.695 -143.139    857.0    793.7
     1     1    15    10     4    13     0     0   -41.0   62.773 -143.732    870.8    796.4
     1     1    15    10     4    12     0     0   -42.0   62.834 -144.365    882.4    799.0
     1     1    15    10     4    11     0     0   -43.0   62.885 -145.018    890.1    801.8
     1     1    15    10     4    10     0     0   -44.0   62.934 -145.671    891.5    806.8
     1     1    15    10     4     9     0     0   -45.0   62.976 -146.319    884.7    812.3
     1     1    15    10     4     8     0     0   -46.0   63.010 -146.960    868.0    818.5
     1     1    15    10     4     7     0     0   -47.0   63.032 -147.588    840.1    825.5
     1     1    15    10     4     6     0     0   -48.0   63.036 -148.196    800.3    833.7
     1     1    15    10     4     5     0     0   -49.0   63.008 -148.765    754.2    842.6
     1     1    15    10     4     4     0     0   -50.0   62.942 -149.281    708.1    850.3
     1     1    15    10     4     3     0     0   -51.0   62.841 -149.745    662.9    857.3
     1     1    15    10     4     2     0     0   -52.0   62.709 -150.160    619.6    863.4
     1     1    15    10     4     1     0     0   -53.0   62.550 -150.530    578.8    867.9
     1     1    15    10     4     0     0     0   -54.0   62.371 -150.859    542.0    875.1
     1     1    15    10     3    23     0     0   -55.0   62.179 -151.146    504.9    883.6
     1     1    15    10     3    22     0     0   -56.0   61.978 -151.388    462.8    892.9
     1     1    15    10     3    21     0     0   -57.0   61.772 -151.588    416.6    902.4
     1     1    15    10     3    20     0     0   -58.0   61.562 -151.744    366.8    912.2
     1     1    15    10     3    19     0     0   -59.0   61.352 -151.858    315.0    921.2
     1     1    15    10     3    18     0     0   -60.0   61.147 -151.931    263.5    930.4
     1     1    15    10     3    17     0     0   -61.0   60.952 -151.957    216.0    939.7
     1     1    15    10     3    16     0     0   -62.0   60.771 -151.928    175.7    947.0
     1     1    15    10     3    15     0     0   -63.0   60.602 -151.846    142.7    953.1
     1     1    15    10     3    14     0     0   -64.0   60.442 -151.716    116.0    958.8
     1     1    15    10     3    13     0     0   -65.0   60.288 -151.546     94.9    964.3
     1     1    15    10     3    12     0     0   -66.0   60.137 -151.341     78.6    969.6
     1     1    15    10     3    11     0     0   -67.0   60.000 -151.116     66.3    974.3
     1     1    15    10     3    10     0     0   -68.0   59.885 -150.890     56.8    978.6
     1     1    15    10     3     9     0     0   -69.0   59.785 -150.669     48.9    982.6
     1     1    15    10     3     8     0     0   -70.0   59.700 -150.455     42.4    986.3
     1     1    15    10     3     7     0     0   -71.0   59.628 -150.248     37.2    989.6
     1     1    15    10     3     6     0     0   -72.0   59.569 -150.049     33.0    992.7
