     1     1
    CDC1    15    12     1     0     0
     1 BACKWARD OMEGA   
    15    12     5     6   60.984 -139.059   750.0
     1 PRESSURE
     1     1    15    12     5     6     0     0     0.0   60.984 -139.059    750.0    797.0
     1     1    15    12     5     5     0     0    -1.0   60.886 -139.258    755.4    798.2
     1     1    15    12     5     4     0     0    -2.0   60.779 -139.453    762.9    799.3
     1     1    15    12     5     3     0     0    -3.0   60.663 -139.649    773.2    800.3
     1     1    15    12     5     2     0     0    -4.0   60.539 -139.855    787.1    801.2
     1     1    15    12     5     1     0     0    -5.0   60.407 -140.076    805.6    802.0
     1     1    15    12     5     0     0     0    -6.0   60.267 -140.320    830.0    803.1
     1     1    15    12     4    23     0     0    -7.0   60.126 -140.576    855.8    803.6
     1     1    15    12     4    22     0     0    -8.0   59.988 -140.834    877.3    805.1
     1     1    15    12     4    21     0     0    -9.0   59.853 -141.087    894.3    808.8
     1     1    15    12     4    20     0     0   -10.0   59.722 -141.333    905.5    812.8
     1     1    15    12     4    19     0     0   -11.0   59.593 -141.579    910.7    817.3
     1     1    15    12     4    18     0     0   -12.0   59.467 -141.830    909.5    822.4
     1     1    15    12     4    17     0     0   -13.0   59.341 -142.075    905.1    828.2
     1     1    15    12     4    16     0     0   -14.0   59.215 -142.302    901.0    833.6
     1     1    15    12     4    15     0     0   -15.0   59.090 -142.514    897.3    838.9
     1     1    15    12     4    14     0     0   -16.0   58.967 -142.715    894.4    844.4
     1     1    15    12     4    13     0     0   -17.0   58.848 -142.908    892.5    849.6
     1     1    15    12     4    12     0     0   -18.0   58.735 -143.098    892.0    854.4
     1     1    15    12     4    11     0     0   -19.0   58.630 -143.295    891.3    858.9
     1     1    15    12     4    10     0     0   -20.0   58.537 -143.507    888.4    863.4
     1     1    15    12     4     9     0     0   -21.0   58.455 -143.735    883.0    867.9
     1     1    15    12     4     8     0     0   -22.0   58.382 -143.981    875.0    872.5
     1     1    15    12     4     7     0     0   -23.0   58.320 -144.247    863.9    877.1
     1     1    15    12     4     6     0     0   -24.0   58.268 -144.535    849.5    881.9
     1     1    15    12     4     5     0     0   -25.0   58.224 -144.824    835.7    887.2
     1     1    15    12     4     4     0     0   -26.0   58.190 -145.092    826.3    890.8
     1     1    15    12     4     3     0     0   -27.0   58.165 -145.337    822.0    892.8
     1     1    15    12     4     2     0     0   -28.0   58.148 -145.559    823.1    893.9
     1     1    15    12     4     1     0     0   -29.0   58.138 -145.759    829.5    894.2
     1     1    15    12     4     0     0     0   -30.0   58.136 -145.940    841.4    893.5
     1     1    15    12     3    23     0     0   -31.0   58.144 -146.104    855.1    891.7
     1     1    15    12     3    22     0     0   -32.0   58.163 -146.255    867.4    889.9
     1     1    15    12     3    21     0     0   -33.0   58.196 -146.394    878.4    888.0
     1     1    15    12     3    20     0     0   -34.0   58.241 -146.519    888.1    885.9
     1     1    15    12     3    19     0     0   -35.0   58.297 -146.634    896.9    883.5
     1     1    15    12     3    18     0     0   -36.0   58.365 -146.740    904.9    881.0
     1     1    15    12     3    17     0     0   -37.0   58.436 -146.819    911.9    878.8
     1     1    15    12     3    16     0     0   -38.0   58.500 -146.852    915.7    877.1
     1     1    15    12     3    15     0     0   -39.0   58.558 -146.836    916.2    875.6
     1     1    15    12     3    14     0     0   -40.0   58.609 -146.767    913.0    874.6
     1     1    15    12     3    13     0     0   -41.0   58.654 -146.642    905.8    873.8
     1     1    15    12     3    12     0     0   -42.0   58.690 -146.455    894.7    873.3
     1     1    15    12     3    11     0     0   -43.0   58.717 -146.216    882.5    873.3
     1     1    15    12     3    10     0     0   -44.0   58.739 -145.941    872.1    872.9
     1     1    15    12     3     9     0     0   -45.0   58.753 -145.630    863.2    872.3
     1     1    15    12     3     8     0     0   -46.0   58.761 -145.284    855.8    871.6
     1     1    15    12     3     7     0     0   -47.0   58.763 -144.907    849.4    870.6
     1     1    15    12     3     6     0     0   -48.0   58.757 -144.505    843.3    868.8
     1     1    15    12     3     5     0     0   -49.0   58.739 -144.085    836.1    867.1
     1     1    15    12     3     4     0     0   -50.0   58.705 -143.650    826.1    866.2
     1     1    15    12     3     3     0     0   -51.0   58.656 -143.198    813.7    865.9
     1     1    15    12     3     2     0     0   -52.0   58.591 -142.728    799.4    866.2
     1     1    15    12     3     1     0     0   -53.0   58.512 -142.238    783.6    867.5
     1     1    15    12     3     0     0     0   -54.0   58.416 -141.732    766.8    870.0
     1     1    15    12     2    23     0     0   -55.0   58.304 -141.224    748.7    873.5
     1     1    15    12     2    22     0     0   -56.0   58.178 -140.729    728.2    877.9
     1     1    15    12     2    21     0     0   -57.0   58.040 -140.239    704.7    883.0
     1     1    15    12     2    20     0     0   -58.0   57.892 -139.750    677.9    889.6
     1     1    15    12     2    19     0     0   -59.0   57.733 -139.262    647.7    897.3
     1     1    15    12     2    18     0     0   -60.0   57.565 -138.771    613.7    905.6
     1     1    15    12     2    17     0     0   -61.0   57.390 -138.321    577.5    910.4
     1     1    15    12     2    16     0     0   -62.0   57.213 -137.957    542.4    914.0
     1     1    15    12     2    15     0     0   -63.0   57.039 -137.680    509.0    918.3
     1     1    15    12     2    14     0     0   -64.0   56.873 -137.488    477.3    922.9
     1     1    15    12     2    13     0     0   -65.0   56.718 -137.380    446.9    927.5
     1     1    15    12     2    12     0     0   -66.0   56.573 -137.357    417.7    932.5
     1     1    15    12     2    11     0     0   -67.0   56.445 -137.372    389.7    937.4
     1     1    15    12     2    10     0     0   -68.0   56.338 -137.384    363.1    941.3
     1     1    15    12     2     9     0     0   -69.0   56.257 -137.401    338.7    944.7
     1     1    15    12     2     8     0     0   -70.0   56.203 -137.428    316.6    947.5
     1     1    15    12     2     7     0     0   -71.0   56.177 -137.466    297.3    949.9
     1     1    15    12     2     6     0     0   -72.0   56.180 -137.516    280.8    951.6
