     1     1
    CDC1    16     3     1     0     0
     1 BACKWARD OMEGA   
    16     3    27     0   60.984 -139.059   750.0
     1 PRESSURE
     1     1    16     3    27     0     0     0     0.0   60.984 -139.059    750.0    800.0
     1     1    16     3    26    23     0     0    -1.0   60.804 -138.843    724.2    804.7
     1     1    16     3    26    22     0     0    -2.0   60.606 -138.613    684.7    811.8
     1     1    16     3    26    21     0     0    -3.0   60.389 -138.367    630.4    820.9
     1     1    16     3    26    20     0     0    -4.0   60.154 -138.095    561.3    831.5
     1     1    16     3    26    19     0     0    -5.0   59.902 -137.796    479.8    845.1
     1     1    16     3    26    18     0     0    -6.0   59.642 -137.483    391.4    863.2
     1     1    16     3    26    17     0     0    -7.0   59.393 -137.165    312.4    880.4
     1     1    16     3    26    16     0     0    -8.0   59.163 -136.842    251.4    893.5
     1     1    16     3    26    15     0     0    -9.0   58.949 -136.515    204.7    904.7
     1     1    16     3    26    14     0     0   -10.0   58.748 -136.185    167.6    913.1
     1     1    16     3    26    13     0     0   -11.0   58.559 -135.849    137.4    920.6
     1     1    16     3    26    12     0     0   -12.0   58.383 -135.508    112.5    927.3
     1     1    16     3    26    11     0     0   -13.0   58.217 -135.180     91.9    933.2
     1     1    16     3    26    10     0     0   -14.0   58.057 -134.883     74.6    938.0
     1     1    16     3    26     9     0     0   -15.0   57.900 -134.620     58.7    940.3
     1     1    16     3    26     8     0     0   -16.0   57.742 -134.390     41.8    943.2
     1     1    16     3    26     7     0     0   -17.0   57.582 -134.189     22.8    947.0
     1     1    16     3    26     6     0     0   -18.0   57.416 -134.018      1.2    951.2
     1     1    16     3    26     5     0     0   -19.0   57.242 -133.868      0.0    953.1
     1     1    16     3    26     4     0     0   -20.0   57.062 -133.728      0.0    955.3
     1     1    16     3    26     3     0     0   -21.0   56.877 -133.596      0.0    957.9
     1     1    16     3    26     2     0     0   -22.0   56.687 -133.472      0.0    960.9
     1     1    16     3    26     1     0     0   -23.0   56.494 -133.357      0.0    964.2
     1     1    16     3    26     0     0     0   -24.0   56.298 -133.251      0.0    967.7
     1     1    16     3    25    23     0     0   -25.0   56.102 -133.147      0.0    971.1
     1     1    16     3    25    22     0     0   -26.0   55.913 -133.039      0.0    974.4
     1     1    16     3    25    21     0     0   -27.0   55.731 -132.925      0.0    977.6
     1     1    16     3    25    20     0     0   -28.0   55.559 -132.804      0.0    980.5
     1     1    16     3    25    19     0     0   -29.0   55.398 -132.677      0.0    983.3
     1     1    16     3    25    18     0     0   -30.0   55.248 -132.540      0.0    985.9
     1     1    16     3    25    17     0     0   -31.0   55.109 -132.404      0.0    987.1
     1     1    16     3    25    16     0     0   -32.0   54.977 -132.278      0.0    987.7
     1     1    16     3    25    15     0     0   -33.0   54.849 -132.165      0.0    987.2
     1     1    16     3    25    14     0     0   -34.0   54.726 -132.069      0.0    987.1
     1     1    16     3    25    13     0     0   -35.0   54.608 -131.991      0.0    987.4
     1     1    16     3    25    12     0     0   -36.0   54.498 -131.935      0.0    988.0
     1     1    16     3    25    11     0     0   -37.0   54.399 -131.901      0.0    988.6
     1     1    16     3    25    10     0     0   -38.0   54.314 -131.888      0.0    989.4
     1     1    16     3    25     9     0     0   -39.0   54.243 -131.898      0.0    990.4
     1     1    16     3    25     8     0     0   -40.0   54.187 -131.931      0.0    991.5
     1     1    16     3    25     7     0     0   -41.0   54.146 -131.987      0.0    992.9
     1     1    16     3    25     6     0     0   -42.0   54.119 -132.066      0.0    994.4
     1     1    16     3    25     5     0     0   -43.0   54.101 -132.157      0.0    995.6
     1     1    16     3    25     4     0     0   -44.0   54.086 -132.252      0.0    996.7
     1     1    16     3    25     3     0     0   -45.0   54.074 -132.351      0.0    997.9
     1     1    16     3    25     2     0     0   -46.0   54.066 -132.456      0.0    999.1
     1     1    16     3    25     1     0     0   -47.0   54.061 -132.567      0.0    999.7
     1     1    16     3    25     0     0     0   -48.0   54.061 -132.685      0.0   1000.0
     1     1    16     3    24    23     0     0   -49.0   54.063 -132.815      0.0   1000.0
     1     1    16     3    24    22     0     0   -50.0   54.065 -132.964      0.0   1000.2
     1     1    16     3    24    21     0     0   -51.0   54.069 -133.132      0.0   1000.5
     1     1    16     3    24    20     0     0   -52.0   54.076 -133.320      0.0   1000.9
     1     1    16     3    24    19     0     0   -53.0   54.089 -133.529      0.0   1001.5
     1     1    16     3    24    18     0     0   -54.0   54.109 -133.758      0.0   1002.2
     1     1    16     3    24    17     0     0   -55.0   54.129 -133.995      0.0   1003.0
     1     1    16     3    24    16     0     0   -56.0   54.140 -134.231      0.3   1003.8
     1     1    16     3    24    15     0     0   -57.0   54.143 -134.472      1.3   1004.6
     1     1    16     3    24    14     0     0   -58.0   54.143 -134.723      3.4   1005.4
     1     1    16     3    24    13     0     0   -59.0   54.142 -134.989      6.5   1006.3
     1     1    16     3    24    12     0     0   -60.0   54.141 -135.263     10.8   1005.1
     1     1    16     3    24    11     0     0   -61.0   54.130 -135.524     16.4   1003.4
     1     1    16     3    24    10     0     0   -62.0   54.103 -135.764     23.0   1001.6
     1     1    16     3    24     9     0     0   -63.0   54.058 -135.996     30.4    999.7
     1     1    16     3    24     8     0     0   -64.0   53.995 -136.235     38.2    997.8
     1     1    16     3    24     7     0     0   -65.0   53.915 -136.495     46.0    995.6
     1     1    16     3    24     6     0     0   -66.0   53.821 -136.792     53.0    993.3
     1     1    16     3    24     5     0     0   -67.0   53.709 -137.118     58.6    991.1
     1     1    16     3    24     4     0     0   -68.0   53.572 -137.456     62.2    988.7
     1     1    16     3    24     3     0     0   -69.0   53.411 -137.805     63.7    986.7
     1     1    16     3    24     2     0     0   -70.0   53.230 -138.168     63.8    984.8
     1     1    16     3    24     1     0     0   -71.0   53.033 -138.558     62.8    982.7
     1     1    16     3    24     0     0     0   -72.0   52.823 -138.992     61.5    980.6
