     1     1
    CDC1    16     4     1     0     0
     1 BACKWARD OMEGA   
    16     4    27     6   60.984 -139.059   750.0
     1 PRESSURE
     1     1    16     4    27     6     0     0     0.0   60.984 -139.059    750.0    809.2
     1     1    16     4    27     5     0     0    -1.0   60.840 -138.982    760.8    810.1
     1     1    16     4    27     4     0     0    -2.0   60.679 -138.864    766.4    812.0
     1     1    16     4    27     3     0     0    -3.0   60.502 -138.709    767.1    814.6
     1     1    16     4    27     2     0     0    -4.0   60.308 -138.521    762.9    817.8
     1     1    16     4    27     1     0     0    -5.0   60.097 -138.304    754.2    821.7
     1     1    16     4    27     0     0     0    -6.0   59.867 -138.064    742.3    828.2
     1     1    16     4    26    23     0     0    -7.0   59.626 -137.834    730.2    836.3
     1     1    16     4    26    22     0     0    -8.0   59.382 -137.632    718.9    844.2
     1     1    16     4    26    21     0     0    -9.0   59.137 -137.456    707.5    852.1
     1     1    16     4    26    20     0     0   -10.0   58.893 -137.300    694.7    859.9
     1     1    16     4    26    19     0     0   -11.0   58.652 -137.161    679.7    867.8
     1     1    16     4    26    18     0     0   -12.0   58.418 -137.037    661.5    875.9
     1     1    16     4    26    17     0     0   -13.0   58.187 -136.903    637.3    884.2
     1     1    16     4    26    16     0     0   -14.0   57.957 -136.737    605.9    893.2
     1     1    16     4    26    15     0     0   -15.0   57.731 -136.535    567.7    902.0
     1     1    16     4    26    14     0     0   -16.0   57.512 -136.297    523.7    910.9
     1     1    16     4    26    13     0     0   -17.0   57.300 -136.029    474.3    917.7
     1     1    16     4    26    12     0     0   -18.0   57.097 -135.738    421.3    925.1
     1     1    16     4    26    11     0     0   -19.0   56.903 -135.443    368.4    933.8
     1     1    16     4    26    10     0     0   -20.0   56.715 -135.154    318.3    941.4
     1     1    16     4    26     9     0     0   -21.0   56.527 -134.868    272.0    948.2
     1     1    16     4    26     8     0     0   -22.0   56.337 -134.584    230.1    953.8
     1     1    16     4    26     7     0     0   -23.0   56.139 -134.302    192.2    959.3
     1     1    16     4    26     6     0     0   -24.0   55.927 -134.018    157.6    963.9
     1     1    16     4    26     5     0     0   -25.0   55.689 -133.712    126.7    969.5
     1     1    16     4    26     4     0     0   -26.0   55.416 -133.363    101.2    975.4
     1     1    16     4    26     3     0     0   -27.0   55.111 -132.977     82.6    981.7
     1     1    16     4    26     2     0     0   -28.0   54.775 -132.579     70.6    984.8
     1     1    16     4    26     1     0     0   -29.0   54.418 -132.214     61.4    985.0
     1     1    16     4    26     0     0     0   -30.0   54.047 -131.902     52.9    986.5
     1     1    16     4    25    23     0     0   -31.0   53.683 -131.633     45.7    989.0
     1     1    16     4    25    22     0     0   -32.0   53.342 -131.398     40.0    992.1
     1     1    16     4    25    21     0     0   -33.0   53.023 -131.190     35.8    995.6
     1     1    16     4    25    20     0     0   -34.0   52.726 -131.002     32.9    999.2
     1     1    16     4    25    19     0     0   -35.0   52.451 -130.830     31.0   1002.4
     1     1    16     4    25    18     0     0   -36.0   52.202 -130.677     29.6   1003.3
     1     1    16     4    25    17     0     0   -37.0   51.979 -130.558     28.6   1003.9
     1     1    16     4    25    16     0     0   -38.0   51.777 -130.486     27.6   1005.0
     1     1    16     4    25    15     0     0   -39.0   51.596 -130.458     26.6   1006.3
     1     1    16     4    25    14     0     0   -40.0   51.435 -130.475     25.5   1007.9
     1     1    16     4    25    13     0     0   -41.0   51.293 -130.539     24.5   1009.6
     1     1    16     4    25    12     0     0   -42.0   51.170 -130.650     23.5   1011.5
     1     1    16     4    25    11     0     0   -43.0   51.057 -130.799     22.4   1013.6
     1     1    16     4    25    10     0     0   -44.0   50.945 -130.972     21.5   1015.7
     1     1    16     4    25     9     0     0   -45.0   50.835 -131.169     20.6   1017.8
     1     1    16     4    25     8     0     0   -46.0   50.725 -131.389     19.8   1019.7
     1     1    16     4    25     7     0     0   -47.0   50.614 -131.630     19.2   1021.5
     1     1    16     4    25     6     0     0   -48.0   50.503 -131.891     18.7   1023.1
     1     1    16     4    25     5     0     0   -49.0   50.389 -132.174     18.5   1024.5
     1     1    16     4    25     4     0     0   -50.0   50.272 -132.479     18.8   1025.7
     1     1    16     4    25     3     0     0   -51.0   50.155 -132.808     19.7   1024.5
     1     1    16     4    25     2     0     0   -52.0   50.043 -133.168     21.5   1022.8
     1     1    16     4    25     1     0     0   -53.0   49.937 -133.559     24.4   1020.7
     1     1    16     4    25     0     0     0   -54.0   49.838 -133.984     29.2   1018.4
     1     1    16     4    24    23     0     0   -55.0   49.736 -134.433     35.9   1015.7
     1     1    16     4    24    22     0     0   -56.0   49.622 -134.895     44.3   1013.1
     1     1    16     4    24    21     0     0   -57.0   49.496 -135.370     54.6   1010.8
     1     1    16     4    24    20     0     0   -58.0   49.358 -135.864     66.4   1008.9
     1     1    16     4    24    19     0     0   -59.0   49.214 -136.381     79.3   1007.1
     1     1    16     4    24    18     0     0   -60.0   49.066 -136.932     92.4   1004.9
     1     1    16     4    24    17     0     0   -61.0   48.919 -137.511    105.5   1002.9
     1     1    16     4    24    16     0     0   -62.0   48.776 -138.103    118.6   1002.7
     1     1    16     4    24    15     0     0   -63.0   48.638 -138.705    130.9   1002.6
     1     1    16     4    24    14     0     0   -64.0   48.505 -139.319    142.4   1002.5
     1     1    16     4    24    13     0     0   -65.0   48.375 -139.947    152.7   1002.5
     1     1    16     4    24    12     0     0   -66.0   48.252 -140.594    162.1   1002.1
     1     1    16     4    24    11     0     0   -67.0   48.135 -141.269    170.6   1001.8
     1     1    16     4    24    10     0     0   -68.0   48.021 -141.978    178.3   1001.3
     1     1    16     4    24     9     0     0   -69.0   47.914 -142.723    185.5   1000.2
     1     1    16     4    24     8     0     0   -70.0   47.819 -143.506    193.2    997.9
     1     1    16     4    24     7     0     0   -71.0   47.741 -144.334    201.8    995.5
     1     1    16     4    24     6     0     0   -72.0   47.685 -145.211    211.3    992.9
