     1     1
    CDC1    15    11     1     0     0
     1 BACKWARD OMEGA   
    15    11    22    12   60.984 -139.059   750.0
     1 PRESSURE
     1     1    15    11    22    12     0     0     0.0   60.984 -139.059    750.0    808.0
     1     1    15    11    22    11     0     0    -1.0   60.968 -139.609    682.7    816.2
     1     1    15    11    22    10     0     0    -2.0   60.959 -140.177    620.9    824.2
     1     1    15    11    22     9     0     0    -3.0   60.957 -140.758    565.0    831.9
     1     1    15    11    22     8     0     0    -4.0   60.961 -141.346    515.1    838.8
     1     1    15    11    22     7     0     0    -5.0   60.971 -141.937    470.0    845.3
     1     1    15    11    22     6     0     0    -6.0   60.984 -142.527    428.7    851.6
     1     1    15    11    22     5     0     0    -7.0   61.004 -143.145    390.9    859.3
     1     1    15    11    22     4     0     0    -8.0   61.035 -143.825    356.4    866.6
     1     1    15    11    22     3     0     0    -9.0   61.074 -144.566    324.7    873.5
     1     1    15    11    22     2     0     0   -10.0   61.118 -145.358    296.1    880.8
     1     1    15    11    22     1     0     0   -11.0   61.159 -146.174    272.7    888.4
     1     1    15    11    22     0     0     0   -12.0   61.196 -146.991    256.4    895.3
     1     1    15    11    21    23     0     0   -13.0   61.228 -147.783    246.3    899.7
     1     1    15    11    21    22     0     0   -14.0   61.261 -148.539    238.6    902.1
     1     1    15    11    21    21     0     0   -15.0   61.291 -149.273    231.4    904.9
     1     1    15    11    21    20     0     0   -16.0   61.321 -149.996    224.7    907.7
     1     1    15    11    21    19     0     0   -17.0   61.348 -150.724    217.3    909.2
     1     1    15    11    21    18     0     0   -18.0   61.370 -151.465    208.4    911.3
     1     1    15    11    21    17     0     0   -19.0   61.381 -152.195    201.0    914.1
     1     1    15    11    21    16     0     0   -20.0   61.385 -152.902    196.1    916.5
     1     1    15    11    21    15     0     0   -21.0   61.388 -153.599    191.8    919.0
     1     1    15    11    21    14     0     0   -22.0   61.394 -154.291    187.2    921.6
     1     1    15    11    21    13     0     0   -23.0   61.401 -154.978    182.5    924.2
     1     1    15    11    21    12     0     0   -24.0   61.403 -155.633    178.2    927.8
     1     1    15    11    21    11     0     0   -25.0   61.403 -156.229    175.0    931.2
     1     1    15    11    21    10     0     0   -26.0   61.414 -156.765    173.1    934.1
     1     1    15    11    21     9     0     0   -27.0   61.438 -157.246    172.1    936.7
     1     1    15    11    21     8     0     0   -28.0   61.474 -157.677    171.7    939.2
     1     1    15    11    21     7     0     0   -29.0   61.519 -158.067    172.0    941.7
     1     1    15    11    21     6     0     0   -30.0   61.567 -158.419    173.1    943.8
     1     1    15    11    21     5     0     0   -31.0   61.597 -158.725    173.6    945.5
     1     1    15    11    21     4     0     0   -32.0   61.596 -158.974    172.6    947.0
     1     1    15    11    21     3     0     0   -33.0   61.569 -159.168    170.3    948.2
     1     1    15    11    21     2     0     0   -34.0   61.522 -159.305    167.0    949.0
     1     1    15    11    21     1     0     0   -35.0   61.459 -159.382    162.7    949.3
     1     1    15    11    21     0     0     0   -36.0   61.382 -159.394    157.2    949.3
     1     1    15    11    20    23     0     0   -37.0   61.291 -159.376    151.3    949.9
     1     1    15    11    20    22     0     0   -38.0   61.187 -159.372    146.0    950.5
     1     1    15    11    20    21     0     0   -39.0   61.070 -159.384    141.4    951.2
     1     1    15    11    20    20     0     0   -40.0   60.941 -159.411    137.2    951.9
     1     1    15    11    20    19     0     0   -41.0   60.798 -159.457    133.6    952.7
     1     1    15    11    20    18     0     0   -42.0   60.641 -159.521    130.5    953.7
     1     1    15    11    20    17     0     0   -43.0   60.464 -159.617    126.8    954.6
     1     1    15    11    20    16     0     0   -44.0   60.262 -159.761    122.2    956.1
     1     1    15    11    20    15     0     0   -45.0   60.032 -159.961    117.3    958.2
     1     1    15    11    20    14     0     0   -46.0   59.781 -160.218    112.5    961.0
     1     1    15    11    20    13     0     0   -47.0   59.517 -160.525    108.3    964.2
     1     1    15    11    20    12     0     0   -48.0   59.244 -160.881    104.8    967.3
     1     1    15    11    20    11     0     0   -49.0   58.970 -161.266    101.5    969.8
     1     1    15    11    20    10     0     0   -50.0   58.698 -161.664     97.9    972.1
     1     1    15    11    20     9     0     0   -51.0   58.421 -162.092     94.3    974.1
     1     1    15    11    20     8     0     0   -52.0   58.133 -162.571     91.0    975.8
     1     1    15    11    20     7     0     0   -53.0   57.840 -163.123     88.2    977.1
     1     1    15    11    20     6     0     0   -54.0   57.548 -163.769     86.3    978.6
     1     1    15    11    20     5     0     0   -55.0   57.263 -164.481     85.0    979.3
     1     1    15    11    20     4     0     0   -56.0   56.989 -165.210     84.1    979.6
     1     1    15    11    20     3     0     0   -57.0   56.732 -165.950     83.5    979.7
     1     1    15    11    20     2     0     0   -58.0   56.490 -166.711     83.5    980.0
     1     1    15    11    20     1     0     0   -59.0   56.254 -167.520     84.4    980.3
     1     1    15    11    20     0     0     0   -60.0   56.035 -168.400     86.3    979.7
     1     1    15    11    19    23     0     0   -61.0   55.837 -169.323     88.8    978.8
     1     1    15    11    19    22     0     0   -62.0   55.644 -170.254     91.2    977.6
     1     1    15    11    19    21     0     0   -63.0   55.453 -171.200     93.6    975.8
     1     1    15    11    19    20     0     0   -64.0   55.258 -172.183     95.7    973.8
     1     1    15    11    19    19     0     0   -65.0   55.058 -173.229     97.6    971.6
     1     1    15    11    19    18     0     0   -66.0   54.873 -174.342     99.0    969.3
     1     1    15    11    19    17     0     0   -67.0   54.722 -175.465    100.2    969.1
     1     1    15    11    19    16     0     0   -68.0   54.600 -176.537    101.1    969.6
     1     1    15    11    19    15     0     0   -69.0   54.496 -177.564    101.9    969.3
     1     1    15    11    19    14     0     0   -70.0   54.414 -178.558    102.7    969.9
     1     1    15    11    19    13     0     0   -71.0   54.370 -179.532    103.1    969.9
     1     1    15    11    19    12     0     0   -72.0   54.379  179.498    103.0    969.4
