     1     1
    CDC1    16     2     1     0     0
     1 BACKWARD OMEGA   
    16     2    10    18   60.984 -139.059   750.0
     1 PRESSURE
     1     1    16     2    10    18     0     0     0.0   60.984 -139.059    750.0    803.5
     1     1    16     2    10    17     0     0    -1.0   60.739 -138.850    720.8    810.0
     1     1    16     2    10    16     0     0    -2.0   60.497 -138.619    682.0    818.0
     1     1    16     2    10    15     0     0    -3.0   60.255 -138.366    633.2    827.2
     1     1    16     2    10    14     0     0    -4.0   60.014 -138.091    575.0    837.0
     1     1    16     2    10    13     0     0    -5.0   59.780 -137.788    512.4    850.5
     1     1    16     2    10    12     0     0    -6.0   59.557 -137.464    449.4    863.9
     1     1    16     2    10    11     0     0    -7.0   59.347 -137.097    394.4    876.5
     1     1    16     2    10    10     0     0    -8.0   59.150 -136.671    353.4    885.1
     1     1    16     2    10     9     0     0    -9.0   58.966 -136.200    323.1    891.5
     1     1    16     2    10     8     0     0   -10.0   58.796 -135.695    301.2    896.3
     1     1    16     2    10     7     0     0   -11.0   58.641 -135.163    285.7    899.7
     1     1    16     2    10     6     0     0   -12.0   58.500 -134.600    274.2    899.2
     1     1    16     2    10     5     0     0   -13.0   58.385 -134.042    264.7    896.7
     1     1    16     2    10     4     0     0   -14.0   58.302 -133.532    257.2    893.4
     1     1    16     2    10     3     0     0   -15.0   58.246 -133.074    252.0    889.7
     1     1    16     2    10     2     0     0   -16.0   58.210 -132.674    249.2    885.9
     1     1    16     2    10     1     0     0   -17.0   58.188 -132.337    249.6    882.0
     1     1    16     2    10     0     0     0   -18.0   58.179 -132.064    254.3    878.0
     1     1    16     2     9    23     0     0   -19.0   58.181 -131.856    264.5    874.4
     1     1    16     2     9    22     0     0   -20.0   58.197 -131.716    280.8    871.0
     1     1    16     2     9    21     0     0   -21.0   58.228 -131.648    304.2    867.7
     1     1    16     2     9    20     0     0   -22.0   58.278 -131.652    335.7    864.5
     1     1    16     2     9    19     0     0   -23.0   58.347 -131.733    376.4    861.3
     1     1    16     2     9    18     0     0   -24.0   58.436 -131.893    426.8    856.9
     1     1    16     2     9    17     0     0   -25.0   58.517 -132.119    478.9    852.1
     1     1    16     2     9    16     0     0   -26.0   58.565 -132.389    523.4    850.2
     1     1    16     2     9    15     0     0   -27.0   58.582 -132.699    559.8    850.0
     1     1    16     2     9    14     0     0   -28.0   58.571 -133.043    587.2    851.7
     1     1    16     2     9    13     0     0   -29.0   58.533 -133.418    605.6    855.5
     1     1    16     2     9    12     0     0   -30.0   58.473 -133.822    615.9    861.0
     1     1    16     2     9    11     0     0   -31.0   58.385 -134.223    615.1    867.5
     1     1    16     2     9    10     0     0   -32.0   58.260 -134.595    600.5    876.5
     1     1    16     2     9     9     0     0   -33.0   58.102 -134.942    572.7    887.6
     1     1    16     2     9     8     0     0   -34.0   57.912 -135.273    532.4    899.0
     1     1    16     2     9     7     0     0   -35.0   57.695 -135.605    481.9    912.5
     1     1    16     2     9     6     0     0   -36.0   57.454 -135.956    424.5    927.9
     1     1    16     2     9     5     0     0   -37.0   57.215 -136.292    370.0    941.1
     1     1    16     2     9     4     0     0   -38.0   56.995 -136.581    325.5    950.4
     1     1    16     2     9     3     0     0   -39.0   56.789 -136.834    289.0    958.2
     1     1    16     2     9     2     0     0   -40.0   56.599 -137.056    258.5    965.0
     1     1    16     2     9     1     0     0   -41.0   56.422 -137.258    232.9    970.8
     1     1    16     2     9     0     0     0   -42.0   56.257 -137.447    211.5    975.7
     1     1    16     2     8    23     0     0   -43.0   56.106 -137.605    192.9    979.9
     1     1    16     2     8    22     0     0   -44.0   55.966 -137.709    175.7    983.0
     1     1    16     2     8    21     0     0   -45.0   55.835 -137.756    159.3    985.9
     1     1    16     2     8    20     0     0   -46.0   55.710 -137.742    143.6    988.6
     1     1    16     2     8    19     0     0   -47.0   55.589 -137.662    128.4    991.2
     1     1    16     2     8    18     0     0   -48.0   55.469 -137.511    113.7    993.9
     1     1    16     2     8    17     0     0   -49.0   55.353 -137.304     99.1    997.8
     1     1    16     2     8    16     0     0   -50.0   55.247 -137.059     84.5   1001.9
     1     1    16     2     8    15     0     0   -51.0   55.156 -136.771     70.5   1005.5
     1     1    16     2     8    14     0     0   -52.0   55.083 -136.441     57.5   1008.2
     1     1    16     2     8    13     0     0   -53.0   55.032 -136.070     45.8   1010.6
     1     1    16     2     8    12     0     0   -54.0   55.005 -135.662     35.8   1012.4
     1     1    16     2     8    11     0     0   -55.0   54.983 -135.255     27.6   1013.9
     1     1    16     2     8    10     0     0   -56.0   54.943 -134.876     21.2   1014.1
     1     1    16     2     8     9     0     0   -57.0   54.888 -134.515     16.5   1011.9
     1     1    16     2     8     8     0     0   -58.0   54.818 -134.165     13.1   1009.9
     1     1    16     2     8     7     0     0   -59.0   54.739 -133.822     10.7   1007.9
     1     1    16     2     8     6     0     0   -60.0   54.655 -133.483      8.8   1005.7
     1     1    16     2     8     5     0     0   -61.0   54.558 -133.145      7.2   1003.7
     1     1    16     2     8     4     0     0   -62.0   54.441 -132.806      5.9   1002.2
     1     1    16     2     8     3     0     0   -63.0   54.305 -132.466      4.9   1001.1
     1     1    16     2     8     2     0     0   -64.0   54.149 -132.132      4.0    998.0
     1     1    16     2     8     1     0     0   -65.0   53.973 -131.810      3.3    995.7
     1     1    16     2     8     0     0     0   -66.0   53.776 -131.500      2.8    994.3
     1     1    16     2     7    23     0     0   -67.0   53.551 -131.207      2.3    993.3
     1     1    16     2     7    22     0     0   -68.0   53.292 -130.930      1.6    993.7
     1     1    16     2     7    21     0     0   -69.0   52.999 -130.666      0.6    995.2
     1     1    16     2     7    20     0     0   -70.0   52.673 -130.410      0.0    998.0
     1     1    16     2     7    19     0     0   -71.0   52.319 -130.154      0.0    999.9
     1     1    16     2     7    18     0     0   -72.0   51.949 -129.892      0.0    999.8
