     1     1
    CDC1    16     3     1     0     0
     1 BACKWARD OMEGA   
    16     3    25     0   60.984 -139.059   750.0
     1 PRESSURE
     1     1    16     3    25     0     0     0     0.0   60.984 -139.059    750.0    808.1
     1     1    16     3    24    23     0     0    -1.0   60.965 -139.191    743.9    809.1
     1     1    16     3    24    22     0     0    -2.0   60.947 -139.309    742.9    809.3
     1     1    16     3    24    21     0     0    -3.0   60.933 -139.415    746.9    808.9
     1     1    16     3    24    20     0     0    -4.0   60.922 -139.508    755.8    807.8
     1     1    16     3    24    19     0     0    -5.0   60.914 -139.591    769.5    806.2
     1     1    16     3    24    18     0     0    -6.0   60.909 -139.662    787.9    804.0
     1     1    16     3    24    17     0     0    -7.0   60.908 -139.721    808.7    801.3
     1     1    16     3    24    16     0     0    -8.0   60.911 -139.763    829.1    798.9
     1     1    16     3    24    15     0     0    -9.0   60.918 -139.790    849.2    796.4
     1     1    16     3    24    14     0     0   -10.0   60.931 -139.801    869.1    793.9
     1     1    16     3    24    13     0     0   -11.0   60.950 -139.796    888.6    791.3
     1     1    16     3    24    12     0     0   -12.0   60.975 -139.776    907.7    788.5
     1     1    16     3    24    11     0     0   -13.0   60.995 -139.733    925.9    786.1
     1     1    16     3    24    10     0     0   -14.0   60.996 -139.660    942.1    784.3
     1     1    16     3    24     9     0     0   -15.0   60.978 -139.556    956.7    782.9
     1     1    16     3    24     8     0     0   -16.0   60.939 -139.417    970.1    782.0
     1     1    16     3    24     7     0     0   -17.0   60.877 -139.243    983.0    781.5
     1     1    16     3    24     6     0     0   -18.0   60.791 -139.030    996.1    781.3
     1     1    16     3    24     5     0     0   -19.0   60.690 -138.780   1009.5    781.0
     1     1    16     3    24     4     0     0   -20.0   60.581 -138.500   1021.7    780.9
     1     1    16     3    24     3     0     0   -21.0   60.465 -138.191   1031.4    781.0
     1     1    16     3    24     2     0     0   -22.0   60.341 -137.855   1036.9    781.5
     1     1    16     3    24     1     0     0   -23.0   60.206 -137.494   1036.2    782.7
     1     1    16     3    24     0     0     0   -24.0   60.063 -137.115   1026.8    784.2
     1     1    16     3    23    23     0     0   -25.0   59.906 -136.723   1013.1    788.4
     1     1    16     3    23    22     0     0   -26.0   59.729 -136.324    999.7    793.4
     1     1    16     3    23    21     0     0   -27.0   59.531 -135.923    985.4    798.8
     1     1    16     3    23    20     0     0   -28.0   59.311 -135.522    969.4    804.6
     1     1    16     3    23    19     0     0   -29.0   59.068 -135.124    950.3    811.0
     1     1    16     3    23    18     0     0   -30.0   58.804 -134.732    926.4    816.6
     1     1    16     3    23    17     0     0   -31.0   58.525 -134.351    894.4    822.2
     1     1    16     3    23    16     0     0   -32.0   58.238 -133.981    853.7    828.4
     1     1    16     3    23    15     0     0   -33.0   57.943 -133.616    804.3    835.4
     1     1    16     3    23    14     0     0   -34.0   57.639 -133.252    747.0    843.0
     1     1    16     3    23    13     0     0   -35.0   57.326 -132.892    683.6    851.8
     1     1    16     3    23    12     0     0   -36.0   57.005 -132.545    617.1    862.3
     1     1    16     3    23    11     0     0   -37.0   56.691 -132.219    554.6    871.6
     1     1    16     3    23    10     0     0   -38.0   56.390 -131.921    500.4    879.6
     1     1    16     3    23     9     0     0   -39.0   56.097 -131.641    452.6    887.5
     1     1    16     3    23     8     0     0   -40.0   55.807 -131.375    410.3    895.3
     1     1    16     3    23     7     0     0   -41.0   55.518 -131.117    372.8    902.8
     1     1    16     3    23     6     0     0   -42.0   55.226 -130.864    340.0    909.1
     1     1    16     3    23     5     0     0   -43.0   54.940 -130.627    310.9    914.3
     1     1    16     3    23     4     0     0   -44.0   54.670 -130.428    285.4    918.8
     1     1    16     3    23     3     0     0   -45.0   54.420 -130.276    264.2    923.7
     1     1    16     3    23     2     0     0   -46.0   54.189 -130.170    247.1    928.8
     1     1    16     3    23     1     0     0   -47.0   53.978 -130.111    234.1    933.9
     1     1    16     3    23     0     0     0   -48.0   53.789 -130.099    224.8    939.0
     1     1    16     3    22    23     0     0   -49.0   53.616 -130.112    216.5    943.3
     1     1    16     3    22    22     0     0   -50.0   53.455 -130.128    207.0    947.9
     1     1    16     3    22    21     0     0   -51.0   53.308 -130.144    196.5    952.3
     1     1    16     3    22    20     0     0   -52.0   53.175 -130.161    185.5    956.0
     1     1    16     3    22    19     0     0   -53.0   53.057 -130.177    174.2    959.5
     1     1    16     3    22    18     0     0   -54.0   52.955 -130.192    162.8    962.7
     1     1    16     3    22    17     0     0   -55.0   52.865 -130.207    152.1    965.2
     1     1    16     3    22    16     0     0   -56.0   52.782 -130.222    142.9    967.4
     1     1    16     3    22    15     0     0   -57.0   52.707 -130.236    135.0    969.3
     1     1    16     3    22    14     0     0   -58.0   52.641 -130.247    128.3    970.8
     1     1    16     3    22    13     0     0   -59.0   52.582 -130.254    122.5    972.1
     1     1    16     3    22    12     0     0   -60.0   52.531 -130.256    117.7    973.1
     1     1    16     3    22    11     0     0   -61.0   52.485 -130.251    114.1    973.9
     1     1    16     3    22    10     0     0   -62.0   52.442 -130.243    112.1    974.1
     1     1    16     3    22     9     0     0   -63.0   52.401 -130.233    111.7    974.0
     1     1    16     3    22     8     0     0   -64.0   52.363 -130.219    112.9    973.6
     1     1    16     3    22     7     0     0   -65.0   52.328 -130.200    115.8    973.0
     1     1    16     3    22     6     0     0   -66.0   52.296 -130.177    120.6    972.0
     1     1    16     3    22     5     0     0   -67.0   52.260 -130.145    126.9    970.7
     1     1    16     3    22     4     0     0   -68.0   52.217 -130.101    133.8    969.3
     1     1    16     3    22     3     0     0   -69.0   52.165 -130.045    141.7    967.9
     1     1    16     3    22     2     0     0   -70.0   52.105 -129.979    150.3    966.1
     1     1    16     3    22     1     0     0   -71.0   52.035 -129.902    160.0    963.9
     1     1    16     3    22     0     0     0   -72.0   51.956 -129.817    170.7    961.5
