     1     1
    CDC1    16     3     1     0     0
     1 BACKWARD OMEGA   
    16     3     3    18   60.984 -139.059   750.0
     1 PRESSURE
     1     1    16     3     3    18     0     0     0.0   60.984 -139.059    750.0    796.3
     1     1    16     3     3    17     0     0    -1.0   60.900 -138.671    749.0    798.1
     1     1    16     3     3    16     0     0    -2.0   60.826 -138.275    755.6    798.7
     1     1    16     3     3    15     0     0    -3.0   60.763 -137.867    770.5    798.2
     1     1    16     3     3    14     0     0    -4.0   60.711 -137.448    794.1    796.6
     1     1    16     3     3    13     0     0    -5.0   60.671 -137.018    826.6    793.4
     1     1    16     3     3    12     0     0    -6.0   60.645 -136.579    868.5    789.1
     1     1    16     3     3    11     0     0    -7.0   60.623 -136.136    915.6    783.5
     1     1    16     3     3    10     0     0    -8.0   60.599 -135.693    964.7    777.9
     1     1    16     3     3     9     0     0    -9.0   60.574 -135.244   1015.1    772.2
     1     1    16     3     3     8     0     0   -10.0   60.551 -134.786   1066.0    766.0
     1     1    16     3     3     7     0     0   -11.0   60.531 -134.314   1116.5    759.1
     1     1    16     3     3     6     0     0   -12.0   60.515 -133.825   1166.5    752.2
     1     1    16     3     3     5     0     0   -13.0   60.503 -133.354   1213.5    745.5
     1     1    16     3     3     4     0     0   -14.0   60.495 -132.941   1255.0    739.7
     1     1    16     3     3     3     0     0   -15.0   60.493 -132.591   1291.5    734.5
     1     1    16     3     3     2     0     0   -16.0   60.498 -132.307   1323.5    730.4
     1     1    16     3     3     1     0     0   -17.0   60.512 -132.094   1351.4    727.0
     1     1    16     3     3     0     0     0   -18.0   60.534 -131.950   1375.3    724.3
     1     1    16     3     2    23     0     0   -19.0   60.556 -131.829   1397.8    722.1
     1     1    16     3     2    22     0     0   -20.0   60.570 -131.688   1420.2    719.6
     1     1    16     3     2    21     0     0   -21.0   60.576 -131.526   1442.6    717.1
     1     1    16     3     2    20     0     0   -22.0   60.575 -131.342   1464.4    714.6
     1     1    16     3     2    19     0     0   -23.0   60.569 -131.132   1485.2    712.2
     1     1    16     3     2    18     0     0   -24.0   60.561 -130.892   1504.3    709.8
     1     1    16     3     2    17     0     0   -25.0   60.568 -130.633   1521.6    706.9
     1     1    16     3     2    16     0     0   -26.0   60.606 -130.372   1537.6    704.0
     1     1    16     3     2    15     0     0   -27.0   60.676 -130.114   1551.5    701.2
     1     1    16     3     2    14     0     0   -28.0   60.775 -129.864   1563.6    699.5
     1     1    16     3     2    13     0     0   -29.0   60.902 -129.625   1573.3    698.9
     1     1    16     3     2    12     0     0   -30.0   61.052 -129.402   1579.8    698.6
     1     1    16     3     2    11     0     0   -31.0   61.212 -129.207   1583.7    698.9
     1     1    16     3     2    10     0     0   -32.0   61.367 -129.049   1585.5    699.3
     1     1    16     3     2     9     0     0   -33.0   61.517 -128.928   1586.2    699.8
     1     1    16     3     2     8     0     0   -34.0   61.661 -128.840   1586.7    700.2
     1     1    16     3     2     7     0     0   -35.0   61.798 -128.785   1587.5    700.5
     1     1    16     3     2     6     0     0   -36.0   61.929 -128.762   1589.1    700.6
     1     1    16     3     2     5     0     0   -37.0   62.053 -128.760   1589.5    700.2
     1     1    16     3     2     4     0     0   -38.0   62.170 -128.769   1585.9    700.3
     1     1    16     3     2     3     0     0   -39.0   62.281 -128.785   1577.2    700.8
     1     1    16     3     2     2     0     0   -40.0   62.385 -128.806   1562.5    701.8
     1     1    16     3     2     1     0     0   -41.0   62.482 -128.829   1541.2    703.4
     1     1    16     3     2     0     0     0   -42.0   62.574 -128.855   1514.3    706.8
     1     1    16     3     1    23     0     0   -43.0   62.663 -128.885   1488.7    711.1
     1     1    16     3     1    22     0     0   -44.0   62.755 -128.919   1472.4    713.9
     1     1    16     3     1    21     0     0   -45.0   62.850 -128.955   1464.9    716.0
     1     1    16     3     1    20     0     0   -46.0   62.947 -128.993   1466.3    717.2
     1     1    16     3     1    19     0     0   -47.0   63.046 -129.033   1476.7    717.7
     1     1    16     3     1    18     0     0   -48.0   63.149 -129.077   1496.3    717.4
     1     1    16     3     1    17     0     0   -49.0   63.259 -129.157   1517.5    716.2
     1     1    16     3     1    16     0     0   -50.0   63.380 -129.303   1533.1    716.1
     1     1    16     3     1    15     0     0   -51.0   63.513 -129.514   1543.4    716.4
     1     1    16     3     1    14     0     0   -52.0   63.656 -129.788   1548.6    717.0
     1     1    16     3     1    13     0     0   -53.0   63.809 -130.124   1549.9    718.5
     1     1    16     3     1    12     0     0   -54.0   63.971 -130.518   1548.2    721.5
     1     1    16     3     1    11     0     0   -55.0   64.126 -130.937   1542.4    724.3
     1     1    16     3     1    10     0     0   -56.0   64.263 -131.346   1532.7    727.1
     1     1    16     3     1     9     0     0   -57.0   64.384 -131.746   1517.3    730.0
     1     1    16     3     1     8     0     0   -58.0   64.492 -132.138   1495.6    733.3
     1     1    16     3     1     7     0     0   -59.0   64.590 -132.521   1467.0    737.2
     1     1    16     3     1     6     0     0   -60.0   64.679 -132.897   1432.2    742.7
     1     1    16     3     1     5     0     0   -61.0   64.765 -133.283   1396.3    749.2
     1     1    16     3     1     4     0     0   -62.0   64.857 -133.697   1364.2    755.1
     1     1    16     3     1     3     0     0   -63.0   64.955 -134.141   1335.6    760.8
     1     1    16     3     1     2     0     0   -64.0   65.057 -134.614   1310.5    766.7
     1     1    16     3     1     1     0     0   -65.0   65.163 -135.109   1289.1    772.2
     1     1    16     3     1     0     0     0   -66.0   65.268 -135.623   1271.8    777.2
