     1     1
    CDC1    15    12     1     0     0
     1 BACKWARD OMEGA   
    15    12    29    12   60.984 -139.059   750.0
     1 PRESSURE
     1     1    15    12    29    12     0     0     0.0   60.984 -139.059    750.0    807.2
     1     1    15    12    29    11     0     0    -1.0   60.797 -139.530    766.2    808.4
     1     1    15    12    29    10     0     0    -2.0   60.584 -139.944    768.0    812.2
     1     1    15    12    29     9     0     0    -3.0   60.345 -140.294    755.1    818.8
     1     1    15    12    29     8     0     0    -4.0   60.087 -140.572    726.2    827.5
     1     1    15    12    29     7     0     0    -5.0   59.816 -140.785    682.9    840.9
     1     1    15    12    29     6     0     0    -6.0   59.548 -140.947    627.5    856.9
     1     1    15    12    29     5     0     0    -7.0   59.282 -141.050    565.4    873.0
     1     1    15    12    29     4     0     0    -8.0   59.017 -141.081    502.8    888.6
     1     1    15    12    29     3     0     0    -9.0   58.748 -141.047    441.7    904.0
     1     1    15    12    29     2     0     0   -10.0   58.475 -140.952    383.0    919.6
     1     1    15    12    29     1     0     0   -11.0   58.193 -140.795    327.7    933.7
     1     1    15    12    29     0     0     0   -12.0   57.897 -140.568    276.8    947.8
     1     1    15    12    28    23     0     0   -13.0   57.581 -140.252    233.0    963.8
     1     1    15    12    28    22     0     0   -14.0   57.239 -139.843    196.1    971.7
     1     1    15    12    28    21     0     0   -15.0   56.885 -139.376    163.2    976.7
     1     1    15    12    28    20     0     0   -16.0   56.525 -138.879    132.6    983.1
     1     1    15    12    28    19     0     0   -17.0   56.155 -138.361    105.2    990.6
     1     1    15    12    28    18     0     0   -18.0   55.770 -137.829     82.2    999.1
     1     1    15    12    28    17     0     0   -19.0   55.384 -137.328     64.2   1006.7
     1     1    15    12    28    16     0     0   -20.0   55.020 -136.905     50.4   1013.4
     1     1    15    12    28    15     0     0   -21.0   54.691 -136.567     40.2   1015.3
     1     1    15    12    28    14     0     0   -22.0   54.398 -136.309     33.2   1017.0
     1     1    15    12    28    13     0     0   -23.0   54.139 -136.121     28.8   1018.6
     1     1    15    12    28    12     0     0   -24.0   53.912 -135.997     26.5   1020.0
     1     1    15    12    28    11     0     0   -25.0   53.710 -135.922     25.6   1020.3
     1     1    15    12    28    10     0     0   -26.0   53.531 -135.885     25.8   1020.3
     1     1    15    12    28     9     0     0   -27.0   53.372 -135.885     27.1   1020.0
     1     1    15    12    28     8     0     0   -28.0   53.235 -135.917     29.7   1019.5
     1     1    15    12    28     7     0     0   -29.0   53.118 -135.982     33.7   1018.6
     1     1    15    12    28     6     0     0   -30.0   53.021 -136.077     39.6   1017.5
     1     1    15    12    28     5     0     0   -31.0   52.938 -136.201     47.2   1015.8
     1     1    15    12    28     4     0     0   -32.0   52.865 -136.352     56.3   1014.1
     1     1    15    12    28     3     0     0   -33.0   52.801 -136.530     66.8   1012.2
     1     1    15    12    28     2     0     0   -34.0   52.747 -136.737     79.0   1009.9
     1     1    15    12    28     1     0     0   -35.0   52.705 -136.974     93.1   1006.7
     1     1    15    12    28     0     0     0   -36.0   52.678 -137.243    109.0   1003.3
     1     1    15    12    27    23     0     0   -37.0   52.659 -137.525    125.8    999.5
     1     1    15    12    27    22     0     0   -38.0   52.635 -137.799    142.0    996.6
     1     1    15    12    27    21     0     0   -39.0   52.605 -138.068    156.8    994.0
     1     1    15    12    27    20     0     0   -40.0   52.571 -138.334    169.7    991.8
     1     1    15    12    27    19     0     0   -41.0   52.531 -138.602    180.3    990.0
     1     1    15    12    27    18     0     0   -42.0   52.488 -138.876    188.4    988.6
     1     1    15    12    27    17     0     0   -43.0   52.443 -139.161    196.5    987.4
     1     1    15    12    27    16     0     0   -44.0   52.394 -139.465    206.7    985.5
     1     1    15    12    27    15     0     0   -45.0   52.342 -139.789    219.0    983.2
     1     1    15    12    27    14     0     0   -46.0   52.286 -140.136    233.1    981.1
     1     1    15    12    27    13     0     0   -47.0   52.226 -140.506    248.9    979.3
     1     1    15    12    27    12     0     0   -48.0   52.161 -140.902    266.2    977.4
     1     1    15    12    27    11     0     0   -49.0   52.082 -141.314    282.7    975.7
     1     1    15    12    27    10     0     0   -50.0   51.983 -141.730    296.3    974.8
     1     1    15    12    27     9     0     0   -51.0   51.863 -142.150    307.3    974.2
     1     1    15    12    27     8     0     0   -52.0   51.723 -142.573    316.0    973.8
     1     1    15    12    27     7     0     0   -53.0   51.567 -143.001    322.8    972.8
     1     1    15    12    27     6     0     0   -54.0   51.397 -143.433    328.1    972.0
     1     1    15    12    27     5     0     0   -55.0   51.215 -143.871    332.9    971.0
     1     1    15    12    27     4     0     0   -56.0   51.021 -144.312    338.3    969.6
     1     1    15    12    27     3     0     0   -57.0   50.814 -144.750    344.2    968.0
     1     1    15    12    27     2     0     0   -58.0   50.595 -145.182    350.9    966.1
     1     1    15    12    27     1     0     0   -59.0   50.367 -145.608    358.4    964.0
     1     1    15    12    27     0     0     0   -60.0   50.131 -146.029    366.6    961.8
     1     1    15    12    26    23     0     0   -61.0   49.898 -146.457    374.2    959.8
     1     1    15    12    26    22     0     0   -62.0   49.674 -146.903    380.1    958.2
     1     1    15    12    26    21     0     0   -63.0   49.459 -147.368    384.0    956.7
     1     1    15    12    26    20     0     0   -64.0   49.252 -147.848    386.2    956.1
     1     1    15    12    26    19     0     0   -65.0   49.053 -148.341    387.5    956.0
     1     1    15    12    26    18     0     0   -66.0   48.859 -148.843    388.2    956.0
     1     1    15    12    26    17     0     0   -67.0   48.660 -149.356    388.6    956.1
     1     1    15    12    26    16     0     0   -68.0   48.444 -149.883    388.1    956.2
     1     1    15    12    26    15     0     0   -69.0   48.214 -150.431    386.3    956.5
     1     1    15    12    26    14     0     0   -70.0   47.976 -151.005    382.9    956.9
     1     1    15    12    26    13     0     0   -71.0   47.734 -151.608    377.5    957.4
     1     1    15    12    26    12     0     0   -72.0   47.488 -152.241    369.4    958.3
