     1     1
    CDC1    16     1     1     0     0
     1 BACKWARD OMEGA   
    16     1    28    12   60.984 -139.059   750.0
     1 PRESSURE
     1     1    16     1    28    12     0     0     0.0   60.984 -139.059    750.0    785.5
     1     1    16     1    28    11     0     0    -1.0   60.588 -138.749    663.9    799.4
     1     1    16     1    28    10     0     0    -2.0   60.183 -138.401    564.8    815.9
     1     1    16     1    28     9     0     0    -3.0   59.775 -138.032    458.3    837.0
     1     1    16     1    28     8     0     0    -4.0   59.374 -137.669    356.6    861.4
     1     1    16     1    28     7     0     0    -5.0   58.982 -137.318    271.5    882.4
     1     1    16     1    28     6     0     0    -6.0   58.598 -136.977    205.1    900.5
     1     1    16     1    28     5     0     0    -7.0   58.218 -136.631    152.2    915.3
     1     1    16     1    28     4     0     0    -8.0   57.845 -136.266    109.6    929.4
     1     1    16     1    28     3     0     0    -9.0   57.480 -135.875     76.2    941.7
     1     1    16     1    28     2     0     0   -10.0   57.121 -135.478     50.6    947.7
     1     1    16     1    28     1     0     0   -11.0   56.759 -135.089     32.4    954.5
     1     1    16     1    28     0     0     0   -12.0   56.383 -134.701     21.0    959.3
     1     1    16     1    27    23     0     0   -13.0   56.000 -134.320     14.8    963.0
     1     1    16     1    27    22     0     0   -14.0   55.624 -133.953     11.6    966.8
     1     1    16     1    27    21     0     0   -15.0   55.257 -133.600      9.7    970.8
     1     1    16     1    27    20     0     0   -16.0   54.902 -133.261      8.3    973.9
     1     1    16     1    27    19     0     0   -17.0   54.562 -132.941      7.0    974.6
     1     1    16     1    27    18     0     0   -18.0   54.233 -132.645      5.9    976.3
     1     1    16     1    27    17     0     0   -19.0   53.888 -132.337      4.7    978.3
     1     1    16     1    27    16     0     0   -20.0   53.508 -131.988      3.4    979.4
     1     1    16     1    27    15     0     0   -21.0   53.099 -131.607      1.8    981.2
     1     1    16     1    27    14     0     0   -22.0   52.664 -131.195      0.3    984.1
     1     1    16     1    27    13     0     0   -23.0   52.217 -130.752      0.0    985.3
     1     1    16     1    27    12     0     0   -24.0   51.771 -130.269      0.0    986.1
     1     1    16     1    27    11     0     0   -25.0   51.333 -129.773      0.0    986.6
     1     1    16     1    27    10     0     0   -26.0   50.905 -129.289      0.0    985.8
     1     1    16     1    27     9     0     0   -27.0   50.498 -128.811      0.0    985.6
     1     1    16     1    27     8     0     0   -28.0   50.123 -128.330      0.0    985.8
     1     1    16     1    27     7     0     0   -29.0   49.795 -127.857      0.0    986.1
     1     1    16     1    27     6     0     0   -30.0   49.517 -127.415      0.0    986.8
     1     1    16     1    27     5     0     0   -31.0   49.275 -127.032      0.0    986.6
     1     1    16     1    27     4     0     0   -32.0   49.051 -126.721      0.0    987.6
     1     1    16     1    27     3     0     0   -33.0   48.838 -126.471      0.0    989.6
     1     1    16     1    27     2     0     0   -34.0   48.630 -126.274      0.0    992.5
     1     1    16     1    27     1     0     0   -35.0   48.423 -126.123      0.0    996.2
     1     1    16     1    27     0     0     0   -36.0   48.214 -126.012      0.0   1000.5
     1     1    16     1    26    23     0     0   -37.0   48.001 -125.929      0.0   1005.0
     1     1    16     1    26    22     0     0   -38.0   47.779 -125.865      0.0   1009.9
     1     1    16     1    26    21     0     0   -39.0   47.547 -125.822      0.0   1015.3
     1     1    16     1    26    20     0     0   -40.0   47.302 -125.802      0.0   1016.1
     1     1    16     1    26    19     0     0   -41.0   47.046 -125.804      0.0   1015.9
     1     1    16     1    26    18     0     0   -42.0   46.776 -125.827      0.0   1015.9
     1     1    16     1    26    17     0     0   -43.0   46.492 -125.857      0.0   1015.9
     1     1    16     1    26    16     0     0   -44.0   46.190 -125.880      0.0   1015.8
     1     1    16     1    26    15     0     0   -45.0   45.872 -125.898      0.0   1015.7
     1     1    16     1    26    14     0     0   -46.0   45.539 -125.914      0.0   1015.7
     1     1    16     1    26    13     0     0   -47.0   45.191 -125.935      0.0   1015.6
     1     1    16     1    26    12     0     0   -48.0   44.835 -125.957      0.0   1015.2
     1     1    16     1    26    11     0     0   -49.0   44.488 -125.971      0.0   1014.1
     1     1    16     1    26    10     0     0   -50.0   44.157 -125.970      0.0   1013.1
     1     1    16     1    26     9     0     0   -51.0   43.839 -125.955      0.0   1012.0
     1     1    16     1    26     8     0     0   -52.0   43.532 -125.931      0.1   1010.8
     1     1    16     1    26     7     0     0   -53.0   43.234 -125.899      0.5   1009.6
     1     1    16     1    26     6     0     0   -54.0   42.942 -125.862      1.0   1008.3
     1     1    16     1    26     5     0     0   -55.0   42.655 -125.825      1.4   1007.0
     1     1    16     1    26     4     0     0   -56.0   42.371 -125.794      1.7   1006.5
     1     1    16     1    26     3     0     0   -57.0   42.092 -125.775      1.9   1007.1
     1     1    16     1    26     2     0     0   -58.0   41.819 -125.771      2.1   1007.9
     1     1    16     1    26     1     0     0   -59.0   41.551 -125.781      2.2   1008.7
     1     1    16     1    26     0     0     0   -60.0   41.286 -125.804      2.1   1009.7
     1     1    16     1    25    23     0     0   -61.0   41.033 -125.836      2.1   1010.6
     1     1    16     1    25    22     0     0   -62.0   40.796 -125.867      2.3   1011.3
     1     1    16     1    25    21     0     0   -63.0   40.574 -125.895      2.7   1012.0
     1     1    16     1    25    20     0     0   -64.0   40.366 -125.918      3.3   1012.5
     1     1    16     1    25    19     0     0   -65.0   40.172 -125.933      4.3   1012.9
     1     1    16     1    25    18     0     0   -66.0   39.991 -125.937      5.7   1013.2
     1     1    16     1    25    17     0     0   -67.0   39.819 -125.938      7.1   1014.2
     1     1    16     1    25    16     0     0   -68.0   39.656 -125.943      8.2   1015.1
     1     1    16     1    25    15     0     0   -69.0   39.498 -125.954      9.2   1016.0
     1     1    16     1    25    14     0     0   -70.0   39.346 -125.971      9.9   1016.8
     1     1    16     1    25    13     0     0   -71.0   39.198 -125.996     10.4   1017.5
     1     1    16     1    25    12     0     0   -72.0   39.053 -126.031     10.9   1018.1
