     1     1
    CDC1    16     3     1     0     0
     1 BACKWARD OMEGA   
    16     3    26    12   60.984 -139.059   750.0
     1 PRESSURE
     1     1    16     3    26    12     0     0     0.0   60.984 -139.059    750.0    802.0
     1     1    16     3    26    11     0     0    -1.0   60.730 -138.940    698.3    811.5
     1     1    16     3    26    10     0     0    -2.0   60.455 -138.805    638.8    823.1
     1     1    16     3    26     9     0     0    -3.0   60.159 -138.656    572.9    835.7
     1     1    16     3    26     8     0     0    -4.0   59.847 -138.504    505.7    850.9
     1     1    16     3    26     7     0     0    -5.0   59.531 -138.364    442.5    868.7
     1     1    16     3    26     6     0     0    -6.0   59.213 -138.245    385.1    886.4
     1     1    16     3    26     5     0     0    -7.0   58.902 -138.119    334.6    902.1
     1     1    16     3    26     4     0     0    -8.0   58.599 -137.962    291.0    916.9
     1     1    16     3    26     3     0     0    -9.0   58.299 -137.783    253.9    931.1
     1     1    16     3    26     2     0     0   -10.0   57.996 -137.586    222.5    945.0
     1     1    16     3    26     1     0     0   -11.0   57.685 -137.380    195.9    957.8
     1     1    16     3    26     0     0     0   -12.0   57.366 -137.176    172.2    966.7
     1     1    16     3    25    23     0     0   -13.0   57.051 -136.985    149.5    972.2
     1     1    16     3    25    22     0     0   -14.0   56.753 -136.809    127.8    978.1
     1     1    16     3    25    21     0     0   -15.0   56.470 -136.642    107.5    984.3
     1     1    16     3    25    20     0     0   -16.0   56.199 -136.482     88.9    990.5
     1     1    16     3    25    19     0     0   -17.0   55.941 -136.330     72.2    996.4
     1     1    16     3    25    18     0     0   -18.0   55.694 -136.185     57.1   1001.4
     1     1    16     3    25    17     0     0   -19.0   55.465 -136.063     44.1   1006.4
     1     1    16     3    25    16     0     0   -20.0   55.259 -135.974     33.9   1011.1
     1     1    16     3    25    15     0     0   -21.0   55.077 -135.922     26.1   1015.4
     1     1    16     3    25    14     0     0   -22.0   54.919 -135.903     20.6   1017.8
     1     1    16     3    25    13     0     0   -23.0   54.785 -135.916     16.7   1018.7
     1     1    16     3    25    12     0     0   -24.0   54.674 -135.958     14.1   1019.4
     1     1    16     3    25    11     0     0   -25.0   54.583 -136.023     12.4   1019.7
     1     1    16     3    25    10     0     0   -26.0   54.508 -136.102     11.2   1019.9
     1     1    16     3    25     9     0     0   -27.0   54.451 -136.196     10.4   1020.1
     1     1    16     3    25     8     0     0   -28.0   54.410 -136.306      9.9   1020.2
     1     1    16     3    25     7     0     0   -29.0   54.388 -136.434      9.6   1020.2
     1     1    16     3    25     6     0     0   -30.0   54.384 -136.579      9.5   1020.4
     1     1    16     3    25     5     0     0   -31.0   54.395 -136.743      9.5   1020.0
     1     1    16     3    25     4     0     0   -32.0   54.419 -136.930      9.6   1019.6
     1     1    16     3    25     3     0     0   -33.0   54.456 -137.138      9.6   1019.3
     1     1    16     3    25     2     0     0   -34.0   54.508 -137.371      9.7   1019.0
     1     1    16     3    25     1     0     0   -35.0   54.576 -137.626      9.8   1018.7
     1     1    16     3    25     0     0     0   -36.0   54.657 -137.902      9.9   1018.1
     1     1    16     3    24    23     0     0   -37.0   54.743 -138.180      9.9   1017.0
     1     1    16     3    24    22     0     0   -38.0   54.828 -138.439      9.7   1015.9
     1     1    16     3    24    21     0     0   -39.0   54.912 -138.677      9.5   1014.8
     1     1    16     3    24    20     0     0   -40.0   54.992 -138.891      9.0   1013.7
     1     1    16     3    24    19     0     0   -41.0   55.068 -139.080      8.4   1011.9
     1     1    16     3    24    18     0     0   -42.0   55.138 -139.247      7.6   1010.2
     1     1    16     3    24    17     0     0   -43.0   55.210 -139.399      7.2   1008.6
     1     1    16     3    24    16     0     0   -44.0   55.292 -139.544      7.5   1007.0
     1     1    16     3    24    15     0     0   -45.0   55.385 -139.680      8.5   1005.5
     1     1    16     3    24    14     0     0   -46.0   55.490 -139.805     10.2   1003.9
     1     1    16     3    24    13     0     0   -47.0   55.606 -139.918     12.7   1002.0
     1     1    16     3    24    12     0     0   -48.0   55.730 -140.017     16.7    999.8
     1     1    16     3    24    11     0     0   -49.0   55.847 -140.077     21.5    997.4
     1     1    16     3    24    10     0     0   -50.0   55.943 -140.075     26.1    995.2
     1     1    16     3    24     9     0     0   -51.0   56.020 -140.013     30.2    993.1
     1     1    16     3    24     8     0     0   -52.0   56.078 -139.890     33.4    991.3
     1     1    16     3    24     7     0     0   -53.0   56.115 -139.711     36.0    989.6
     1     1    16     3    24     6     0     0   -54.0   56.129 -139.482     38.1    988.2
     1     1    16     3    24     5     0     0   -55.0   56.121 -139.212     40.2    987.1
     1     1    16     3    24     4     0     0   -56.0   56.093 -138.910     42.3    986.3
     1     1    16     3    24     3     0     0   -57.0   56.043 -138.578     44.4    985.7
     1     1    16     3    24     2     0     0   -58.0   55.968 -138.218     46.0    985.5
     1     1    16     3    24     1     0     0   -59.0   55.863 -137.831     46.9    986.0
     1     1    16     3    24     0     0     0   -60.0   55.722 -137.414     46.5    986.9
     1     1    16     3    23    23     0     0   -61.0   55.546 -136.996     45.1    987.9
     1     1    16     3    23    22     0     0   -62.0   55.342 -136.610     43.4    989.7
     1     1    16     3    23    21     0     0   -63.0   55.110 -136.261     41.5    992.4
     1     1    16     3    23    20     0     0   -64.0   54.856 -135.966     39.3    993.8
     1     1    16     3    23    19     0     0   -65.0   54.583 -135.744     36.7    993.9
     1     1    16     3    23    18     0     0   -66.0   54.295 -135.591     33.1    994.3
     1     1    16     3    23    17     0     0   -67.0   53.987 -135.469     28.8    995.3
     1     1    16     3    23    16     0     0   -68.0   53.658 -135.349     24.2    996.5
     1     1    16     3    23    15     0     0   -69.0   53.302 -135.241     19.3    997.9
     1     1    16     3    23    14     0     0   -70.0   52.915 -135.157     14.5    999.3
     1     1    16     3    23    13     0     0   -71.0   52.492 -135.113      9.8   1000.6
     1     1    16     3    23    12     0     0   -72.0   52.053 -135.131      5.8    999.4
