     1     1
    CDC1    15    11     1     0     0
     1 BACKWARD OMEGA   
    15    11    25     0   60.984 -139.059   750.0
     1 PRESSURE
     1     1    15    11    25     0     0     0     0.0   60.984 -139.059    750.0    820.9
     1     1    15    11    24    23     0     0    -1.0   60.816 -139.577    713.2    828.1
     1     1    15    11    24    22     0     0    -2.0   60.641 -140.041    666.4    837.6
     1     1    15    11    24    21     0     0    -3.0   60.467 -140.439    611.7    849.1
     1     1    15    11    24    20     0     0    -4.0   60.301 -140.768    551.8    860.3
     1     1    15    11    24    19     0     0    -5.0   60.147 -141.023    489.6    871.3
     1     1    15    11    24    18     0     0    -6.0   60.010 -141.203    426.9    882.2
     1     1    15    11    24    17     0     0    -7.0   59.890 -141.343    368.6    894.4
     1     1    15    11    24    16     0     0    -8.0   59.783 -141.485    316.2    904.4
     1     1    15    11    24    15     0     0    -9.0   59.687 -141.642    269.4    913.9
     1     1    15    11    24    14     0     0   -10.0   59.603 -141.821    227.8    923.0
     1     1    15    11    24    13     0     0   -11.0   59.527 -142.025    191.3    931.4
     1     1    15    11    24    12     0     0   -12.0   59.458 -142.263    160.7    938.4
     1     1    15    11    24    11     0     0   -13.0   59.382 -142.521    132.6    945.2
     1     1    15    11    24    10     0     0   -14.0   59.287 -142.772    105.7    954.2
     1     1    15    11    24     9     0     0   -15.0   59.171 -143.011     82.0    963.6
     1     1    15    11    24     8     0     0   -16.0   59.035 -143.239     62.5    972.5
     1     1    15    11    24     7     0     0   -17.0   58.884 -143.461     47.4    981.2
     1     1    15    11    24     6     0     0   -18.0   58.719 -143.685     36.2    990.1
     1     1    15    11    24     5     0     0   -19.0   58.547 -143.924     28.7    999.2
     1     1    15    11    24     4     0     0   -20.0   58.374 -144.191     24.1   1008.1
     1     1    15    11    24     3     0     0   -21.0   58.198 -144.494     21.4   1016.9
     1     1    15    11    24     2     0     0   -22.0   58.014 -144.841     19.9   1025.9
     1     1    15    11    24     1     0     0   -23.0   57.818 -145.240     19.1   1034.1
     1     1    15    11    24     0     0     0   -24.0   57.609 -145.694     18.7   1041.7
     1     1    15    11    23    23     0     0   -25.0   57.391 -146.191     18.5   1044.9
     1     1    15    11    23    22     0     0   -26.0   57.169 -146.703     18.4   1043.3
     1     1    15    11    23    21     0     0   -27.0   56.941 -147.209     18.5   1041.3
     1     1    15    11    23    20     0     0   -28.0   56.704 -147.704     18.6   1038.0
     1     1    15    11    23    19     0     0   -29.0   56.460 -148.179     18.7   1033.5
     1     1    15    11    23    18     0     0   -30.0   56.209 -148.631     18.9   1029.4
     1     1    15    11    23    17     0     0   -31.0   55.962 -149.075     19.2   1025.3
     1     1    15    11    23    16     0     0   -32.0   55.731 -149.521     19.6   1021.7
     1     1    15    11    23    15     0     0   -33.0   55.511 -149.968     20.1   1018.4
     1     1    15    11    23    14     0     0   -34.0   55.300 -150.413     20.9   1016.3
     1     1    15    11    23    13     0     0   -35.0   55.096 -150.854     21.8   1014.8
     1     1    15    11    23    12     0     0   -36.0   54.895 -151.284     23.0   1015.5
     1     1    15    11    23    11     0     0   -37.0   54.701 -151.710     24.5   1017.4
     1     1    15    11    23    10     0     0   -38.0   54.516 -152.142     26.6   1019.4
     1     1    15    11    23     9     0     0   -39.0   54.345 -152.581     29.0   1021.4
     1     1    15    11    23     8     0     0   -40.0   54.191 -153.022     31.9   1023.0
     1     1    15    11    23     7     0     0   -41.0   54.051 -153.462     35.0   1024.2
     1     1    15    11    23     6     0     0   -42.0   53.925 -153.898     38.5   1025.2
     1     1    15    11    23     5     0     0   -43.0   53.807 -154.336     42.3   1025.6
     1     1    15    11    23     4     0     0   -44.0   53.694 -154.786     46.6   1025.8
     1     1    15    11    23     3     0     0   -45.0   53.590 -155.247     51.6   1025.6
     1     1    15    11    23     2     0     0   -46.0   53.496 -155.714     57.6   1024.9
     1     1    15    11    23     1     0     0   -47.0   53.413 -156.185     64.9   1024.0
     1     1    15    11    23     0     0     0   -48.0   53.344 -156.656     73.9   1022.9
     1     1    15    11    22    23     0     0   -49.0   53.271 -157.122     84.7   1020.7
     1     1    15    11    22    22     0     0   -50.0   53.178 -157.581     97.5   1018.4
     1     1    15    11    22    21     0     0   -51.0   53.069 -158.036    112.4   1016.4
     1     1    15    11    22    20     0     0   -52.0   52.951 -158.488    129.6   1014.3
     1     1    15    11    22    19     0     0   -53.0   52.836 -158.941    149.8   1012.0
     1     1    15    11    22    18     0     0   -54.0   52.733 -159.405    173.6   1009.6
     1     1    15    11    22    17     0     0   -55.0   52.632 -159.872    199.5   1006.7
     1     1    15    11    22    16     0     0   -56.0   52.516 -160.330    224.4   1003.1
     1     1    15    11    22    15     0     0   -57.0   52.390 -160.777    246.9   1000.2
     1     1    15    11    22    14     0     0   -58.0   52.261 -161.217    266.4    997.9
     1     1    15    11    22    13     0     0   -59.0   52.134 -161.660    282.7    996.2
     1     1    15    11    22    12     0     0   -60.0   52.016 -162.116    295.9    995.0
     1     1    15    11    22    11     0     0   -61.0   51.903 -162.574    307.5    994.1
     1     1    15    11    22    10     0     0   -62.0   51.791 -163.013    319.1    992.5
     1     1    15    11    22     9     0     0   -63.0   51.680 -163.439    330.9    990.9
     1     1    15    11    22     8     0     0   -64.0   51.571 -163.860    343.3    989.2
     1     1    15    11    22     7     0     0   -65.0   51.466 -164.287    356.7    987.4
     1     1    15    11    22     6     0     0   -66.0   51.369 -164.730    371.5    985.4
     1     1    15    11    22     5     0     0   -67.0   51.274 -165.180    387.3    983.0
     1     1    15    11    22     4     0     0   -68.0   51.175 -165.622    403.6    980.3
     1     1    15    11    22     3     0     0   -69.0   51.071 -166.056    419.6    977.6
     1     1    15    11    22     2     0     0   -70.0   50.959 -166.487    435.0    975.0
     1     1    15    11    22     1     0     0   -71.0   50.839 -166.918    449.2    972.4
     1     1    15    11    22     0     0     0   -72.0   50.711 -167.356    462.0    970.0
