     1     1
    CDC1    16     1     1     0     0
     1 BACKWARD OMEGA   
    16     1    23    12   60.984 -139.059   750.0
     1 PRESSURE
     1     1    16     1    23    12     0     0     0.0   60.984 -139.059    750.0    797.1
     1     1    16     1    23    11     0     0    -1.0   60.745 -139.103    697.7    806.5
     1     1    16     1    23    10     0     0    -2.0   60.502 -139.102    643.2    816.5
     1     1    16     1    23     9     0     0    -3.0   60.253 -139.053    585.4    827.0
     1     1    16     1    23     8     0     0    -4.0   59.999 -138.952    524.4    837.4
     1     1    16     1    23     7     0     0    -5.0   59.745 -138.812    464.6    852.4
     1     1    16     1    23     6     0     0    -6.0   59.498 -138.652    409.0    866.7
     1     1    16     1    23     5     0     0    -7.0   59.248 -138.475    357.6    880.2
     1     1    16     1    23     4     0     0    -8.0   58.988 -138.277    311.8    892.9
     1     1    16     1    23     3     0     0    -9.0   58.716 -138.051    272.5    905.4
     1     1    16     1    23     2     0     0   -10.0   58.435 -137.796    238.9    917.7
     1     1    16     1    23     1     0     0   -11.0   58.143 -137.510    210.3    929.8
     1     1    16     1    23     0     0     0   -12.0   57.845 -137.195    185.5    939.8
     1     1    16     1    22    23     0     0   -13.0   57.552 -136.877    163.5    948.7
     1     1    16     1    22    22     0     0   -14.0   57.273 -136.592    143.5    953.3
     1     1    16     1    22    21     0     0   -15.0   57.007 -136.350    125.5    957.4
     1     1    16     1    22    20     0     0   -16.0   56.750 -136.147    109.4    961.9
     1     1    16     1    22    19     0     0   -17.0   56.499 -135.971     94.7    966.7
     1     1    16     1    22    18     0     0   -18.0   56.251 -135.815     80.9    971.8
     1     1    16     1    22    17     0     0   -19.0   56.002 -135.678     68.6    976.6
     1     1    16     1    22    16     0     0   -20.0   55.747 -135.570     58.5    981.2
     1     1    16     1    22    15     0     0   -21.0   55.485 -135.501     50.4    986.1
     1     1    16     1    22    14     0     0   -22.0   55.212 -135.480     44.3    991.1
     1     1    16     1    22    13     0     0   -23.0   54.928 -135.518     40.2    994.9
     1     1    16     1    22    12     0     0   -24.0   54.636 -135.609     37.9    995.0
     1     1    16     1    22    11     0     0   -25.0   54.338 -135.735     36.4    994.5
     1     1    16     1    22    10     0     0   -26.0   54.030 -135.885     34.9    994.1
     1     1    16     1    22     9     0     0   -27.0   53.714 -136.068     33.0    993.5
     1     1    16     1    22     8     0     0   -28.0   53.393 -136.295     30.9    992.8
     1     1    16     1    22     7     0     0   -29.0   53.069 -136.579     28.5    991.7
     1     1    16     1    22     6     0     0   -30.0   52.747 -136.937     26.0    990.2
     1     1    16     1    22     5     0     0   -31.0   52.422 -137.359     24.1    987.0
     1     1    16     1    22     4     0     0   -32.0   52.099 -137.803     22.9    984.6
     1     1    16     1    22     3     0     0   -33.0   51.787 -138.249     22.2    983.3
     1     1    16     1    22     2     0     0   -34.0   51.490 -138.708     21.7    982.7
     1     1    16     1    22     1     0     0   -35.0   51.212 -139.191     21.6    982.6
     1     1    16     1    22     0     0     0   -36.0   50.960 -139.711     21.6    983.0
     1     1    16     1    21    23     0     0   -37.0   50.733 -140.261     21.6    983.4
     1     1    16     1    21    22     0     0   -38.0   50.524 -140.836     21.5    984.1
     1     1    16     1    21    21     0     0   -39.0   50.335 -141.447     21.4    984.8
     1     1    16     1    21    20     0     0   -40.0   50.171 -142.108     21.3    985.6
     1     1    16     1    21    19     0     0   -41.0   50.038 -142.824     21.3    985.2
     1     1    16     1    21    18     0     0   -42.0   49.934 -143.587     21.3    983.1
     1     1    16     1    21    17     0     0   -43.0   49.854 -144.370     21.4    980.8
     1     1    16     1    21    16     0     0   -44.0   49.803 -145.158     21.5    978.7
     1     1    16     1    21    15     0     0   -45.0   49.788 -145.959     21.5    977.2
     1     1    16     1    21    14     0     0   -46.0   49.813 -146.780     21.5    975.9
     1     1    16     1    21    13     0     0   -47.0   49.883 -147.632     21.4    975.0
     1     1    16     1    21    12     0     0   -48.0   49.992 -148.499     21.2    976.1
     1     1    16     1    21    11     0     0   -49.0   50.133 -149.333     21.0    977.7
     1     1    16     1    21    10     0     0   -50.0   50.309 -150.105     20.6    979.4
     1     1    16     1    21     9     0     0   -51.0   50.517 -150.800     20.0    980.6
     1     1    16     1    21     8     0     0   -52.0   50.748 -151.406     19.4    981.9
     1     1    16     1    21     7     0     0   -53.0   51.002 -151.924     18.7    983.3
     1     1    16     1    21     6     0     0   -54.0   51.280 -152.357     17.9    984.8
     1     1    16     1    21     5     0     0   -55.0   51.569 -152.692     17.1    986.0
     1     1    16     1    21     4     0     0   -56.0   51.852 -152.922     16.4    986.9
     1     1    16     1    21     3     0     0   -57.0   52.122 -153.050     15.7    987.9
     1     1    16     1    21     2     0     0   -58.0   52.375 -153.083     15.1    988.9
     1     1    16     1    21     1     0     0   -59.0   52.606 -153.029     14.6    989.3
     1     1    16     1    21     0     0     0   -60.0   52.816 -152.897     14.1    988.9
     1     1    16     1    20    23     0     0   -61.0   53.002 -152.707     13.5    988.6
     1     1    16     1    20    22     0     0   -62.0   53.162 -152.477     13.0    988.3
     1     1    16     1    20    21     0     0   -63.0   53.296 -152.205     12.5    987.8
     1     1    16     1    20    20     0     0   -64.0   53.408 -151.890     12.0    987.4
     1     1    16     1    20    19     0     0   -65.0   53.498 -151.532     11.4    987.1
     1     1    16     1    20    18     0     0   -66.0   53.569 -151.132     11.0    986.9
     1     1    16     1    20    17     0     0   -67.0   53.623 -150.713     10.5    986.4
     1     1    16     1    20    16     0     0   -68.0   53.656 -150.303     10.1    986.0
     1     1    16     1    20    15     0     0   -69.0   53.665 -149.905      9.9    986.0
     1     1    16     1    20    14     0     0   -70.0   53.643 -149.519      9.7    986.6
     1     1    16     1    20    13     0     0   -71.0   53.589 -149.143      9.5    987.5
     1     1    16     1    20    12     0     0   -72.0   53.500 -148.779      9.5    988.7
