     1     1
    CDC1    16     4     1     0     0
     1 BACKWARD OMEGA   
    16     4    24     0   60.984 -139.059   750.0
     1 PRESSURE
     1     1    16     4    24     0     0     0     0.0   60.984 -139.059    750.0    809.5
     1     1    16     4    23    23     0     0    -1.0   60.747 -138.875    745.0    813.2
     1     1    16     4    23    22     0     0    -2.0   60.485 -138.667    739.3    817.3
     1     1    16     4    23    21     0     0    -3.0   60.201 -138.436    733.2    821.7
     1     1    16     4    23    20     0     0    -4.0   59.896 -138.191    727.3    827.8
     1     1    16     4    23    19     0     0    -5.0   59.577 -137.958    722.6    837.2
     1     1    16     4    23    18     0     0    -6.0   59.249 -137.753    718.5    846.7
     1     1    16     4    23    17     0     0    -7.0   58.920 -137.563    712.7    856.4
     1     1    16     4    23    16     0     0    -8.0   58.594 -137.373    702.7    866.2
     1     1    16     4    23    15     0     0    -9.0   58.272 -137.181    689.1    875.9
     1     1    16     4    23    14     0     0   -10.0   57.951 -136.986    672.7    885.6
     1     1    16     4    23    13     0     0   -11.0   57.629 -136.788    654.5    895.2
     1     1    16     4    23    12     0     0   -12.0   57.304 -136.598    634.7    901.9
     1     1    16     4    23    11     0     0   -13.0   56.980 -136.436    616.7    907.4
     1     1    16     4    23    10     0     0   -14.0   56.665 -136.307    602.6    912.4
     1     1    16     4    23     9     0     0   -15.0   56.353 -136.201    591.8    917.4
     1     1    16     4    23     8     0     0   -16.0   56.043 -136.115    583.5    922.4
     1     1    16     4    23     7     0     0   -17.0   55.732 -136.041    577.4    927.2
     1     1    16     4    23     6     0     0   -18.0   55.416 -135.976    572.7    932.1
     1     1    16     4    23     5     0     0   -19.0   55.105 -135.911    568.5    937.4
     1     1    16     4    23     4     0     0   -20.0   54.816 -135.843    562.9    939.8
     1     1    16     4    23     3     0     0   -21.0   54.551 -135.772    555.2    940.8
     1     1    16     4    23     2     0     0   -22.0   54.312 -135.692    545.3    942.1
     1     1    16     4    23     1     0     0   -23.0   54.100 -135.599    532.8    943.7
     1     1    16     4    23     0     0     0   -24.0   53.915 -135.487    517.6    945.8
     1     1    16     4    22    23     0     0   -25.0   53.756 -135.367    502.0    948.3
     1     1    16     4    22    22     0     0   -26.0   53.619 -135.251    488.9    950.3
     1     1    16     4    22    21     0     0   -27.0   53.502 -135.135    478.7    952.0
     1     1    16     4    22    20     0     0   -28.0   53.408 -135.015    471.6    953.3
     1     1    16     4    22    19     0     0   -29.0   53.335 -134.889    468.0    953.5
     1     1    16     4    22    18     0     0   -30.0   53.283 -134.753    468.2    953.2
     1     1    16     4    22    17     0     0   -31.0   53.245 -134.613    470.6    952.4
     1     1    16     4    22    16     0     0   -32.0   53.217 -134.472    472.6    951.9
     1     1    16     4    22    15     0     0   -33.0   53.199 -134.331    474.4    951.3
     1     1    16     4    22    14     0     0   -34.0   53.191 -134.188    476.0    950.8
     1     1    16     4    22    13     0     0   -35.0   53.191 -134.044    477.5    950.2
     1     1    16     4    22    12     0     0   -36.0   53.201 -133.898    478.6    949.5
     1     1    16     4    22    11     0     0   -37.0   53.213 -133.745    481.1    949.0
     1     1    16     4    22    10     0     0   -38.0   53.219 -133.582    486.2    948.1
     1     1    16     4    22     9     0     0   -39.0   53.220 -133.408    493.9    946.8
     1     1    16     4    22     8     0     0   -40.0   53.213 -133.224    504.3    945.3
     1     1    16     4    22     7     0     0   -41.0   53.198 -133.029    517.2    943.6
     1     1    16     4    22     6     0     0   -42.0   53.174 -132.821    532.5    941.8
     1     1    16     4    22     5     0     0   -43.0   53.143 -132.616    549.0    939.5
     1     1    16     4    22     4     0     0   -44.0   53.105 -132.429    565.2    936.9
     1     1    16     4    22     3     0     0   -45.0   53.060 -132.260    580.9    933.6
     1     1    16     4    22     2     0     0   -46.0   53.009 -132.107    596.5    930.7
     1     1    16     4    22     1     0     0   -47.0   52.953 -131.970    612.2    928.1
     1     1    16     4    22     0     0     0   -48.0   52.893 -131.849    628.1    925.9
     1     1    16     4    21    23     0     0   -49.0   52.822 -131.736    640.9    923.5
     1     1    16     4    21    22     0     0   -50.0   52.735 -131.625    648.0    922.6
     1     1    16     4    21    21     0     0   -51.0   52.634 -131.517    649.4    922.6
     1     1    16     4    21    20     0     0   -52.0   52.519 -131.411    645.3    923.5
     1     1    16     4    21    19     0     0   -53.0   52.391 -131.305    635.2    924.1
     1     1    16     4    21    18     0     0   -54.0   52.249 -131.194    618.7    925.4
     1     1    16     4    21    17     0     0   -55.0   52.103 -131.085    597.9    927.3
     1     1    16     4    21    16     0     0   -56.0   51.957 -130.986    574.7    929.5
     1     1    16     4    21    15     0     0   -57.0   51.812 -130.901    549.0    932.3
     1     1    16     4    21    14     0     0   -58.0   51.667 -130.831    521.0    935.7
     1     1    16     4    21    13     0     0   -59.0   51.521 -130.781    490.6    939.6
     1     1    16     4    21    12     0     0   -60.0   51.375 -130.753    458.0    944.1
     1     1    16     4    21    11     0     0   -61.0   51.232 -130.737    427.9    949.3
     1     1    16     4    21    10     0     0   -62.0   51.100 -130.723    404.4    953.2
     1     1    16     4    21     9     0     0   -63.0   50.976 -130.715    387.4    956.3
     1     1    16     4    21     8     0     0   -64.0   50.859 -130.716    376.8    958.3
     1     1    16     4    21     7     0     0   -65.0   50.750 -130.727    372.7    959.6
     1     1    16     4    21     6     0     0   -66.0   50.647 -130.749    375.0    960.2
     1     1    16     4    21     5     0     0   -67.0   50.550 -130.771    381.2    960.4
     1     1    16     4    21     4     0     0   -68.0   50.459 -130.780    387.9    960.6
     1     1    16     4    21     3     0     0   -69.0   50.375 -130.778    395.3    960.5
     1     1    16     4    21     2     0     0   -70.0   50.299 -130.763    403.5    960.2
     1     1    16     4    21     1     0     0   -71.0   50.229 -130.736    412.5    959.8
     1     1    16     4    21     0     0     0   -72.0   50.167 -130.697    422.2    959.1
