     1     1
    CDC1    16     1     1     0     0
     1 BACKWARD OMEGA   
    16     1    13     0   60.984 -139.059   750.0
     1 PRESSURE
     1     1    16     1    13     0     0     0     0.0   60.984 -139.059    750.0    794.1
     1     1    16     1    12    23     0     0    -1.0   60.902 -138.899    734.4    797.2
     1     1    16     1    12    22     0     0    -2.0   60.800 -138.769    719.9    800.5
     1     1    16     1    12    21     0     0    -3.0   60.677 -138.667    706.2    804.2
     1     1    16     1    12    20     0     0    -4.0   60.534 -138.588    693.1    808.3
     1     1    16     1    12    19     0     0    -5.0   60.371 -138.529    680.3    812.8
     1     1    16     1    12    18     0     0    -6.0   60.187 -138.486    667.7    817.7
     1     1    16     1    12    17     0     0    -7.0   59.982 -138.458    649.2    822.9
     1     1    16     1    12    16     0     0    -8.0   59.761 -138.430    619.4    833.3
     1     1    16     1    12    15     0     0    -9.0   59.526 -138.393    579.2    845.1
     1     1    16     1    12    14     0     0   -10.0   59.276 -138.348    530.0    858.2
     1     1    16     1    12    13     0     0   -11.0   59.009 -138.297    473.8    873.0
     1     1    16     1    12    12     0     0   -12.0   58.726 -138.242    412.7    889.6
     1     1    16     1    12    11     0     0   -13.0   58.435 -138.164    352.8    905.9
     1     1    16     1    12    10     0     0   -14.0   58.145 -138.049    299.9    920.7
     1     1    16     1    12     9     0     0   -15.0   57.859 -137.906    254.9    934.7
     1     1    16     1    12     8     0     0   -16.0   57.574 -137.744    217.3    948.2
     1     1    16     1    12     7     0     0   -17.0   57.288 -137.565    184.4    955.9
     1     1    16     1    12     6     0     0   -18.0   56.999 -137.370    153.5    961.4
     1     1    16     1    12     5     0     0   -19.0   56.713 -137.145    125.2    966.7
     1     1    16     1    12     4     0     0   -20.0   56.435 -136.886    101.0    971.8
     1     1    16     1    12     3     0     0   -21.0   56.163 -136.615     81.1    976.8
     1     1    16     1    12     2     0     0   -22.0   55.892 -136.355     65.8    981.0
     1     1    16     1    12     1     0     0   -23.0   55.615 -136.126     55.1    985.0
     1     1    16     1    12     0     0     0   -24.0   55.327 -135.943     48.8    989.1
     1     1    16     1    11    23     0     0   -25.0   55.029 -135.777     45.1    993.9
     1     1    16     1    11    22     0     0   -26.0   54.725 -135.583     41.4    994.9
     1     1    16     1    11    21     0     0   -27.0   54.419 -135.351     37.4    995.8
     1     1    16     1    11    20     0     0   -28.0   54.108 -135.085     32.7    997.1
     1     1    16     1    11    19     0     0   -29.0   53.789 -134.797     27.7    997.4
     1     1    16     1    11    18     0     0   -30.0   53.462 -134.492     22.5    997.8
     1     1    16     1    11    17     0     0   -31.0   53.121 -134.175     17.8    999.3
     1     1    16     1    11    16     0     0   -32.0   52.759 -133.840     13.9   1001.5
     1     1    16     1    11    15     0     0   -33.0   52.368 -133.473     11.0   1003.7
     1     1    16     1    11    14     0     0   -34.0   51.961 -133.076      8.7   1004.1
     1     1    16     1    11    13     0     0   -35.0   51.546 -132.656      6.9   1004.8
     1     1    16     1    11    12     0     0   -36.0   51.129 -132.209      4.8   1003.8
     1     1    16     1    11    11     0     0   -37.0   50.722 -131.742      2.2   1003.1
     1     1    16     1    11    10     0     0   -38.0   50.321 -131.241      0.0   1003.5
     1     1    16     1    11     9     0     0   -39.0   49.914 -130.676      0.0   1004.6
     1     1    16     1    11     8     0     0   -40.0   49.489 -130.039      0.0   1005.0
     1     1    16     1    11     7     0     0   -41.0   49.063 -129.357      0.0   1002.1
     1     1    16     1    11     6     0     0   -42.0   48.652 -128.649      0.0   1002.1
     1     1    16     1    11     5     0     0   -43.0   48.259 -127.923      0.0   1005.8
     1     1    16     1    11     4     0     0   -44.0   47.900 -127.211      0.0   1010.1
     1     1    16     1    11     3     0     0   -45.0   47.592 -126.556      0.0   1012.8
     1     1    16     1    11     2     0     0   -46.0   47.346 -125.992      0.0   1012.3
     1     1    16     1    11     1     0     0   -47.0   47.157 -125.518      0.0   1010.0
     1     1    16     1    11     0     0     0   -48.0   47.018 -125.120      0.0   1008.0
     1     1    16     1    10    23     0     0   -49.0   46.908 -124.774      0.0   1004.6
     1     1    16     1    10    22     0     0   -50.0   46.812 -124.461      0.0   1000.4
     1     1    16     1    10    21     0     0   -51.0   46.725 -124.173      0.0    996.4
     1     1    16     1    10    20     0     0   -52.0   46.649 -123.907      0.1    992.5
     1     1    16     1    10    19     0     0   -53.0   46.584 -123.660      0.4    988.9
     1     1    16     1    10    18     0     0   -54.0   46.529 -123.431      0.8    985.5
     1     1    16     1    10    17     0     0   -55.0   46.484 -123.217      1.5    981.6
     1     1    16     1    10    16     0     0   -56.0   46.448 -123.016      2.2    977.9
     1     1    16     1    10    15     0     0   -57.0   46.418 -122.827      2.9    974.4
     1     1    16     1    10    14     0     0   -58.0   46.395 -122.646      3.7    971.1
     1     1    16     1    10    13     0     0   -59.0   46.378 -122.472      4.6    967.9
     1     1    16     1    10    12     0     0   -60.0   46.358 -122.300      5.4    965.0
     1     1    16     1    10    11     0     0   -61.0   46.333 -122.133      6.2    962.1
     1     1    16     1    10    10     0     0   -62.0   46.302 -121.981      6.8    959.2
     1     1    16     1    10     9     0     0   -63.0   46.265 -121.844      7.4    956.5
     1     1    16     1    10     8     0     0   -64.0   46.224 -121.723      7.9    953.9
     1     1    16     1    10     7     0     0   -65.0   46.179 -121.618      8.3    951.5
     1     1    16     1    10     6     0     0   -66.0   46.129 -121.528      8.5    949.3
     1     1    16     1    10     5     0     0   -67.0   46.074 -121.446      8.7    946.9
     1     1    16     1    10     4     0     0   -68.0   46.014 -121.366      8.9    944.5
     1     1    16     1    10     3     0     0   -69.0   45.949 -121.286      8.9    941.9
     1     1    16     1    10     2     0     0   -70.0   45.880 -121.206      8.8    939.3
     1     1    16     1    10     1     0     0   -71.0   45.807 -121.125      8.7    936.5
     1     1    16     1    10     0     0     0   -72.0   45.733 -121.042      8.4    933.8
