     1     1
    CDC1    16     4     1     0     0
     1 BACKWARD OMEGA   
    16     4    17     6   60.984 -139.059   750.0
     1 PRESSURE
     1     1    16     4    17     6     0     0     0.0   60.984 -139.059    750.0    815.0
     1     1    16     4    17     5     0     0    -1.0   60.892 -139.038    762.3    814.8
     1     1    16     4    17     4     0     0    -2.0   60.798 -139.012    766.7    815.8
     1     1    16     4    17     3     0     0    -3.0   60.702 -138.981    763.4    817.6
     1     1    16     4    17     2     0     0    -4.0   60.601 -138.944    752.8    820.3
     1     1    16     4    17     1     0     0    -5.0   60.494 -138.902    735.3    823.9
     1     1    16     4    17     0     0     0    -6.0   60.381 -138.853    711.2    828.3
     1     1    16     4    16    23     0     0    -7.0   60.259 -138.788    683.7    833.1
     1     1    16     4    16    22     0     0    -8.0   60.128 -138.701    655.9    837.8
     1     1    16     4    16    21     0     0    -9.0   59.988 -138.595    627.4    842.8
     1     1    16     4    16    20     0     0   -10.0   59.842 -138.474    598.8    849.8
     1     1    16     4    16    19     0     0   -11.0   59.693 -138.343    570.2    856.5
     1     1    16     4    16    18     0     0   -12.0   59.542 -138.202    541.8    863.4
     1     1    16     4    16    17     0     0   -13.0   59.388 -138.060    511.8    870.7
     1     1    16     4    16    16     0     0   -14.0   59.231 -137.924    478.6    878.9
     1     1    16     4    16    15     0     0   -15.0   59.072 -137.796    443.1    887.7
     1     1    16     4    16    14     0     0   -16.0   58.910 -137.676    406.4    896.9
     1     1    16     4    16    13     0     0   -17.0   58.747 -137.565    369.2    906.3
     1     1    16     4    16    12     0     0   -18.0   58.581 -137.465    332.5    915.0
     1     1    16     4    16    11     0     0   -19.0   58.414 -137.372    300.2    923.3
     1     1    16     4    16    10     0     0   -20.0   58.244 -137.282    275.1    930.5
     1     1    16     4    16     9     0     0   -21.0   58.072 -137.195    255.9    937.2
     1     1    16     4    16     8     0     0   -22.0   57.898 -137.112    241.6    943.4
     1     1    16     4    16     7     0     0   -23.0   57.722 -137.031    231.6    949.2
     1     1    16     4    16     6     0     0   -24.0   57.544 -136.954    225.4    954.6
     1     1    16     4    16     5     0     0   -25.0   57.361 -136.881    220.2    957.3
     1     1    16     4    16     4     0     0   -26.0   57.171 -136.816    213.6    960.0
     1     1    16     4    16     3     0     0   -27.0   56.975 -136.761    205.6    963.2
     1     1    16     4    16     2     0     0   -28.0   56.775 -136.719    196.1    966.7
     1     1    16     4    16     1     0     0   -29.0   56.570 -136.693    185.2    970.3
     1     1    16     4    16     0     0     0   -30.0   56.363 -136.689    172.8    974.3
     1     1    16     4    15    23     0     0   -31.0   56.159 -136.695    159.7    978.3
     1     1    16     4    15    22     0     0   -32.0   55.964 -136.697    146.6    982.1
     1     1    16     4    15    21     0     0   -33.0   55.776 -136.697    133.7    985.8
     1     1    16     4    15    20     0     0   -34.0   55.594 -136.695    120.8    989.4
     1     1    16     4    15    19     0     0   -35.0   55.417 -136.690    108.0    993.0
     1     1    16     4    15    18     0     0   -36.0   55.243 -136.684     95.4    996.7
     1     1    16     4    15    17     0     0   -37.0   55.070 -136.690     84.4   1000.8
     1     1    16     4    15    16     0     0   -38.0   54.893 -136.727     76.3   1002.7
     1     1    16     4    15    15     0     0   -39.0   54.709 -136.792     71.1   1002.6
     1     1    16     4    15    14     0     0   -40.0   54.517 -136.885     68.6   1002.3
     1     1    16     4    15    13     0     0   -41.0   54.319 -137.007     68.7   1001.7
     1     1    16     4    15    12     0     0   -42.0   54.114 -137.159     71.7   1000.7
     1     1    16     4    15    11     0     0   -43.0   53.904 -137.335     76.9    999.3
     1     1    16     4    15    10     0     0   -44.0   53.689 -137.528     83.3    997.3
     1     1    16     4    15     9     0     0   -45.0   53.471 -137.737     90.5    995.1
     1     1    16     4    15     8     0     0   -46.0   53.251 -137.960     98.0    993.1
     1     1    16     4    15     7     0     0   -47.0   53.030 -138.195    105.6    991.2
     1     1    16     4    15     6     0     0   -48.0   52.808 -138.440    112.9    989.5
     1     1    16     4    15     5     0     0   -49.0   52.583 -138.697    117.7    987.7
     1     1    16     4    15     4     0     0   -50.0   52.356 -138.969    118.1    987.3
     1     1    16     4    15     3     0     0   -51.0   52.128 -139.251    114.8    987.9
     1     1    16     4    15     2     0     0   -52.0   51.895 -139.542    108.3    989.2
     1     1    16     4    15     1     0     0   -53.0   51.657 -139.845     99.4    991.0
     1     1    16     4    15     0     0     0   -54.0   51.414 -140.159     88.4    993.7
     1     1    16     4    14    23     0     0   -55.0   51.171 -140.482     76.8    996.9
     1     1    16     4    14    22     0     0   -56.0   50.935 -140.807     66.1    999.4
     1     1    16     4    14    21     0     0   -57.0   50.709 -141.133     56.7   1001.7
     1     1    16     4    14    20     0     0   -58.0   50.492 -141.454     48.5   1003.9
     1     1    16     4    14    19     0     0   -59.0   50.281 -141.767     41.5   1006.0
     1     1    16     4    14    18     0     0   -60.0   50.072 -142.065     35.7   1007.9
     1     1    16     4    14    17     0     0   -61.0   49.867 -142.354     31.1   1009.4
     1     1    16     4    14    16     0     0   -62.0   49.667 -142.645     27.6   1009.9
     1     1    16     4    14    15     0     0   -63.0   49.473 -142.942     25.0   1009.7
     1     1    16     4    14    14     0     0   -64.0   49.283 -143.242     22.9   1009.4
     1     1    16     4    14    13     0     0   -65.0   49.094 -143.540     21.4   1008.9
     1     1    16     4    14    12     0     0   -66.0   48.901 -143.834     20.5   1008.4
     1     1    16     4    14    11     0     0   -67.0   48.713 -144.134     19.8   1008.1
     1     1    16     4    14    10     0     0   -68.0   48.539 -144.450     19.1   1007.7
     1     1    16     4    14     9     0     0   -69.0   48.374 -144.777     18.4   1007.4
     1     1    16     4    14     8     0     0   -70.0   48.214 -145.110     17.7   1007.2
     1     1    16     4    14     7     0     0   -71.0   48.060 -145.445     17.0   1006.9
     1     1    16     4    14     6     0     0   -72.0   47.907 -145.776     16.2   1006.7
