     1     1
    CDC1    15    10     1     0     0
     1 BACKWARD OMEGA   
    15    10    11     6   60.984 -139.059   750.0
     1 PRESSURE
     1     1    15    10    11     6     0     0     0.0   60.984 -139.059    750.0    795.7
     1     1    15    10    11     5     0     0    -1.0   60.837 -139.244    722.5    800.6
     1     1    15    10    11     4     0     0    -2.0   60.695 -139.417    691.3    806.0
     1     1    15    10    11     3     0     0    -3.0   60.559 -139.576    655.5    812.0
     1     1    15    10    11     2     0     0    -4.0   60.429 -139.718    614.5    818.7
     1     1    15    10    11     1     0     0    -5.0   60.307 -139.838    567.6    825.3
     1     1    15    10    11     0     0     0    -6.0   60.192 -139.934    515.0    832.4
     1     1    15    10    10    23     0     0    -7.0   60.074 -140.015    460.2    840.8
     1     1    15    10    10    22     0     0    -8.0   59.942 -140.090    407.4    850.3
     1     1    15    10    10    21     0     0    -9.0   59.795 -140.160    359.3    861.0
     1     1    15    10    10    20     0     0   -10.0   59.634 -140.219    318.6    870.6
     1     1    15    10    10    19     0     0   -11.0   59.461 -140.262    285.8    879.9
     1     1    15    10    10    18     0     0   -12.0   59.276 -140.290    259.3    888.9
     1     1    15    10    10    17     0     0   -13.0   59.081 -140.314    236.1    897.6
     1     1    15    10    10    16     0     0   -14.0   58.876 -140.347    213.9    907.2
     1     1    15    10    10    15     0     0   -15.0   58.663 -140.389    193.1    917.0
     1     1    15    10    10    14     0     0   -16.0   58.441 -140.445    173.8    926.5
     1     1    15    10    10    13     0     0   -17.0   58.210 -140.517    155.9    936.6
     1     1    15    10    10    12     0     0   -18.0   57.971 -140.607    139.7    947.1
     1     1    15    10    10    11     0     0   -19.0   57.731 -140.742    126.0    956.7
     1     1    15    10    10    10     0     0   -20.0   57.495 -140.959    115.1    966.1
     1     1    15    10    10     9     0     0   -21.0   57.264 -141.267    106.3    968.2
     1     1    15    10    10     8     0     0   -22.0   57.037 -141.657     99.3    970.2
     1     1    15    10    10     7     0     0   -23.0   56.818 -142.113     94.0    972.1
     1     1    15    10    10     6     0     0   -24.0   56.606 -142.613     90.2    973.4
     1     1    15    10    10     5     0     0   -25.0   56.416 -143.104     87.5    973.8
     1     1    15    10    10     4     0     0   -26.0   56.262 -143.558     85.9    973.9
     1     1    15    10    10     3     0     0   -27.0   56.141 -143.993     85.1    973.7
     1     1    15    10    10     2     0     0   -28.0   56.053 -144.417     85.2    973.5
     1     1    15    10    10     1     0     0   -29.0   55.994 -144.839     86.1    973.4
     1     1    15    10    10     0     0     0   -30.0   55.961 -145.256     87.7    972.5
     1     1    15    10     9    23     0     0   -31.0   55.944 -145.633     89.2    971.8
     1     1    15    10     9    22     0     0   -32.0   55.934 -145.939     89.7    971.6
     1     1    15    10     9    21     0     0   -33.0   55.929 -146.179     88.9    971.7
     1     1    15    10     9    20     0     0   -34.0   55.929 -146.357     86.7    972.2
     1     1    15    10     9    19     0     0   -35.0   55.935 -146.478     83.1    973.0
     1     1    15    10     9    18     0     0   -36.0   55.950 -146.544     78.2    974.3
     1     1    15    10     9    17     0     0   -37.0   55.959 -146.558     72.4    976.0
     1     1    15    10     9    16     0     0   -38.0   55.950 -146.524     66.0    977.3
     1     1    15    10     9    15     0     0   -39.0   55.924 -146.447     59.4    978.5
     1     1    15    10     9    14     0     0   -40.0   55.881 -146.330     52.9    979.6
     1     1    15    10     9    13     0     0   -41.0   55.825 -146.171     46.7    980.6
     1     1    15    10     9    12     0     0   -42.0   55.755 -145.969     41.0    981.5
     1     1    15    10     9    11     0     0   -43.0   55.667 -145.753     36.1    982.0
     1     1    15    10     9    10     0     0   -44.0   55.552 -145.555     32.0    982.2
     1     1    15    10     9     9     0     0   -45.0   55.408 -145.375     28.7    982.0
     1     1    15    10     9     8     0     0   -46.0   55.234 -145.216     26.0    981.7
     1     1    15    10     9     7     0     0   -47.0   55.029 -145.081     23.9    981.0
     1     1    15    10     9     6     0     0   -48.0   54.797 -144.962     22.2    982.4
     1     1    15    10     9     5     0     0   -49.0   54.548 -144.867     20.8    983.0
     1     1    15    10     9     4     0     0   -50.0   54.282 -144.813     19.9    983.6
     1     1    15    10     9     3     0     0   -51.0   53.999 -144.802     19.3    984.3
     1     1    15    10     9     2     0     0   -52.0   53.697 -144.837     19.0    985.0
     1     1    15    10     9     1     0     0   -53.0   53.374 -144.919     19.1    985.8
     1     1    15    10     9     0     0     0   -54.0   53.030 -145.052     19.4    986.8
     1     1    15    10     8    23     0     0   -55.0   52.663 -145.208     19.8    987.0
     1     1    15    10     8    22     0     0   -56.0   52.274 -145.365     20.0    986.6
     1     1    15    10     8    21     0     0   -57.0   51.870 -145.524     20.0    985.8
     1     1    15    10     8    20     0     0   -58.0   51.457 -145.690     19.7    985.2
     1     1    15    10     8    19     0     0   -59.0   51.040 -145.877     19.4    984.7
     1     1    15    10     8    18     0     0   -60.0   50.621 -146.096     19.0    984.3
     1     1    15    10     8    17     0     0   -61.0   50.207 -146.356     18.6    983.6
     1     1    15    10     8    16     0     0   -62.0   49.798 -146.662     18.3    982.5
     1     1    15    10     8    15     0     0   -63.0   49.397 -147.011     18.0    981.4
     1     1    15    10     8    14     0     0   -64.0   49.012 -147.398     17.7    980.4
     1     1    15    10     8    13     0     0   -65.0   48.651 -147.832     17.5    980.3
     1     1    15    10     8    12     0     0   -66.0   48.329 -148.315     17.3    980.5
     1     1    15    10     8    11     0     0   -67.0   48.053 -148.818     17.2    981.1
     1     1    15    10     8    10     0     0   -68.0   47.824 -149.319     16.9    981.7
     1     1    15    10     8     9     0     0   -69.0   47.640 -149.835     16.5    982.5
     1     1    15    10     8     8     0     0   -70.0   47.504 -150.373     16.0    983.8
     1     1    15    10     8     7     0     0   -71.0   47.425 -150.931     15.3    985.4
     1     1    15    10     8     6     0     0   -72.0   47.404 -151.511     14.6    986.8
