     1     1
    CDC1    15    11     1     0     0
     1 BACKWARD OMEGA   
    15    11    20     0   60.984 -139.059   750.0
     1 PRESSURE
     1     1    15    11    20     0     0     0     0.0   60.984 -139.059    750.0    811.1
     1     1    15    11    19    23     0     0    -1.0   60.829 -139.465    715.3    818.0
     1     1    15    11    19    22     0     0    -2.0   60.681 -139.838    675.1    826.0
     1     1    15    11    19    21     0     0    -3.0   60.543 -140.179    632.3    834.8
     1     1    15    11    19    20     0     0    -4.0   60.417 -140.487    590.1    843.6
     1     1    15    11    19    19     0     0    -5.0   60.307 -140.758    552.0    851.2
     1     1    15    11    19    18     0     0    -6.0   60.215 -140.992    519.7    857.8
     1     1    15    11    19    17     0     0    -7.0   60.138 -141.198    494.9    862.9
     1     1    15    11    19    16     0     0    -8.0   60.072 -141.391    478.0    866.9
     1     1    15    11    19    15     0     0    -9.0   60.018 -141.581    468.9    869.9
     1     1    15    11    19    14     0     0   -10.0   59.975 -141.781    467.8    872.2
     1     1    15    11    19    13     0     0   -11.0   59.943 -141.998    475.1    873.6
     1     1    15    11    19    12     0     0   -12.0   59.920 -142.238    490.9    873.7
     1     1    15    11    19    11     0     0   -13.0   59.908 -142.506    510.7    872.5
     1     1    15    11    19    10     0     0   -14.0   59.907 -142.800    529.6    872.5
     1     1    15    11    19     9     0     0   -15.0   59.919 -143.115    547.0    872.6
     1     1    15    11    19     8     0     0   -16.0   59.943 -143.449    563.2    872.6
     1     1    15    11    19     7     0     0   -17.0   59.978 -143.801    578.2    872.5
     1     1    15    11    19     6     0     0   -18.0   60.026 -144.170    592.3    872.7
     1     1    15    11    19     5     0     0   -19.0   60.080 -144.541    608.7    872.4
     1     1    15    11    19     4     0     0   -20.0   60.134 -144.900    631.5    870.8
     1     1    15    11    19     3     0     0   -21.0   60.189 -145.247    660.3    867.7
     1     1    15    11    19     2     0     0   -22.0   60.244 -145.584    694.7    863.9
     1     1    15    11    19     1     0     0   -23.0   60.300 -145.911    734.5    859.4
     1     1    15    11    19     0     0     0   -24.0   60.360 -146.228    779.7    854.4
     1     1    15    11    18    23     0     0   -25.0   60.427 -146.549    830.2    849.2
     1     1    15    11    18    22     0     0   -26.0   60.509 -146.887    885.2    843.4
     1     1    15    11    18    21     0     0   -27.0   60.608 -147.245    945.9    836.5
     1     1    15    11    18    20     0     0   -28.0   60.726 -147.624   1012.5    827.7
     1     1    15    11    18    19     0     0   -29.0   60.863 -148.027   1084.1    817.6
     1     1    15    11    18    18     0     0   -30.0   61.018 -148.454   1160.8    807.2
     1     1    15    11    18    17     0     0   -31.0   61.184 -148.898   1238.6    796.6
     1     1    15    11    18    16     0     0   -32.0   61.352 -149.349   1313.4    787.1
     1     1    15    11    18    15     0     0   -33.0   61.524 -149.801   1386.0    778.0
     1     1    15    11    18    14     0     0   -34.0   61.702 -150.249   1456.3    769.1
     1     1    15    11    18    13     0     0   -35.0   61.882 -150.684   1523.8    760.6
     1     1    15    11    18    12     0     0   -36.0   62.066 -151.102   1589.1    752.9
     1     1    15    11    18    11     0     0   -37.0   62.253 -151.497   1653.6    745.6
     1     1    15    11    18    10     0     0   -38.0   62.441 -151.869   1718.8    738.2
     1     1    15    11    18     9     0     0   -39.0   62.629 -152.217   1785.4    733.6
     1     1    15    11    18     8     0     0   -40.0   62.816 -152.542   1851.2    730.2
     1     1    15    11    18     7     0     0   -41.0   62.997 -152.842   1913.7    726.8
     1     1    15    11    18     6     0     0   -42.0   63.172 -153.118   1972.2    723.6
     1     1    15    11    18     5     0     0   -43.0   63.338 -153.365   2028.0    720.7
     1     1    15    11    18     4     0     0   -44.0   63.488 -153.579   2082.3    717.5
     1     1    15    11    18     3     0     0   -45.0   63.624 -153.758   2136.1    714.1
     1     1    15    11    18     2     0     0   -46.0   63.746 -153.897   2190.1    710.2
     1     1    15    11    18     1     0     0   -47.0   63.852 -153.995   2244.7    705.8
     1     1    15    11    18     0     0     0   -48.0   63.942 -154.048   2300.3    701.1
     1     1    15    11    17    23     0     0   -49.0   64.024 -154.068   2354.0    695.9
     1     1    15    11    17    22     0     0   -50.0   64.105 -154.064   2403.7    691.4
     1     1    15    11    17    21     0     0   -51.0   64.185 -154.037   2449.0    687.2
     1     1    15    11    17    20     0     0   -52.0   64.264 -153.988   2489.7    683.4
     1     1    15    11    17    19     0     0   -53.0   64.342 -153.916   2525.8    680.0
     1     1    15    11    17    18     0     0   -54.0   64.421 -153.823   2557.1    676.9
     1     1    15    11    17    17     0     0   -55.0   64.502 -153.712   2585.0    674.2
     1     1    15    11    17    16     0     0   -56.0   64.589 -153.584   2611.2    671.4
     1     1    15    11    17    15     0     0   -57.0   64.682 -153.438   2635.3    668.9
     1     1    15    11    17    14     0     0   -58.0   64.779 -153.271   2657.3    666.6
     1     1    15    11    17    13     0     0   -59.0   64.880 -153.082   2677.3    664.5
     1     1    15    11    17    12     0     0   -60.0   64.986 -152.870   2695.3    662.6
     1     1    15    11    17    11     0     0   -61.0   65.096 -152.632   2711.0    659.9
     1     1    15    11    17    10     0     0   -62.0   65.210 -152.366   2724.4    656.8
     1     1    15    11    17     9     0     0   -63.0   65.325 -152.073   2736.2    653.7
     1     1    15    11    17     8     0     0   -64.0   65.437 -151.753   2746.1    650.9
     1     1    15    11    17     7     0     0   -65.0   65.544 -151.404   2753.7    648.2
     1     1    15    11    17     6     0     0   -66.0   65.642 -151.027   2758.4    645.8
     1     1    15    11    17     5     0     0   -67.0   65.724 -150.630   2759.1    643.6
     1     1    15    11    17     4     0     0   -68.0   65.786 -150.222   2756.2    642.0
     1     1    15    11    17     3     0     0   -69.0   65.827 -149.807   2749.2    641.0
     1     1    15    11    17     2     0     0   -70.0   65.849 -149.393   2738.5    640.5
     1     1    15    11    17     1     0     0   -71.0   65.850 -148.985   2724.4    640.4
     1     1    15    11    17     0     0     0   -72.0   65.831 -148.588   2707.4    640.7
