     1     1
    CDC1    16     4     1     0     0
     1 BACKWARD OMEGA   
    16     4    17    12   60.984 -139.059   750.0
     1 PRESSURE
     1     1    16     4    17    12     0     0     0.0   60.984 -139.059    750.0    813.4
     1     1    16     4    17    11     0     0    -1.0   60.876 -138.833    759.8    814.2
     1     1    16     4    17    10     0     0    -2.0   60.768 -138.633    769.1    815.1
     1     1    16     4    17     9     0     0    -3.0   60.662 -138.462    777.9    816.0
     1     1    16     4    17     8     0     0    -4.0   60.558 -138.321    786.4    817.1
     1     1    16     4    17     7     0     0    -5.0   60.457 -138.211    794.6    818.2
     1     1    16     4    17     6     0     0    -6.0   60.360 -138.133    802.7    819.3
     1     1    16     4    17     5     0     0    -7.0   60.263 -138.070    807.4    819.8
     1     1    16     4    17     4     0     0    -8.0   60.161 -138.004    805.7    821.4
     1     1    16     4    17     3     0     0    -9.0   60.052 -137.934    798.0    823.7
     1     1    16     4    17     2     0     0   -10.0   59.937 -137.863    785.2    827.5
     1     1    16     4    17     1     0     0   -11.0   59.814 -137.791    767.8    832.7
     1     1    16     4    17     0     0     0   -12.0   59.682 -137.720    746.2    838.8
     1     1    16     4    16    23     0     0   -13.0   59.543 -137.644    721.8    845.1
     1     1    16     4    16    22     0     0   -14.0   59.396 -137.556    696.3    851.7
     1     1    16     4    16    21     0     0   -15.0   59.244 -137.457    669.4    858.6
     1     1    16     4    16    20     0     0   -16.0   59.088 -137.350    641.3    865.7
     1     1    16     4    16    19     0     0   -17.0   58.928 -137.234    612.0    873.1
     1     1    16     4    16    18     0     0   -18.0   58.767 -137.109    582.0    880.0
     1     1    16     4    16    17     0     0   -19.0   58.604 -136.984    550.2    887.4
     1     1    16     4    16    16     0     0   -20.0   58.441 -136.865    515.6    895.3
     1     1    16     4    16    15     0     0   -21.0   58.276 -136.751    478.8    903.7
     1     1    16     4    16    14     0     0   -22.0   58.110 -136.644    440.5    912.5
     1     1    16     4    16    13     0     0   -23.0   57.945 -136.542    401.5    921.6
     1     1    16     4    16    12     0     0   -24.0   57.779 -136.445    362.7    930.4
     1     1    16     4    16    11     0     0   -25.0   57.614 -136.354    328.2    938.3
     1     1    16     4    16    10     0     0   -26.0   57.448 -136.269    301.1    944.4
     1     1    16     4    16     9     0     0   -27.0   57.282 -136.191    279.8    948.3
     1     1    16     4    16     8     0     0   -28.0   57.115 -136.121    263.4    951.8
     1     1    16     4    16     7     0     0   -29.0   56.948 -136.058    251.4    955.1
     1     1    16     4    16     6     0     0   -30.0   56.781 -136.001    243.0    958.1
     1     1    16     4    16     5     0     0   -31.0   56.612 -135.953    235.6    960.9
     1     1    16     4    16     4     0     0   -32.0   56.438 -135.917    226.7    964.5
     1     1    16     4    16     3     0     0   -33.0   56.259 -135.897    216.2    968.5
     1     1    16     4    16     2     0     0   -34.0   56.078 -135.893    204.3    972.8
     1     1    16     4    16     1     0     0   -35.0   55.893 -135.910    190.9    977.3
     1     1    16     4    16     0     0     0   -36.0   55.706 -135.952    176.1    981.8
     1     1    16     4    15    23     0     0   -37.0   55.519 -136.006    160.5    986.2
     1     1    16     4    15    22     0     0   -38.0   55.338 -136.057    144.9    990.6
     1     1    16     4    15    21     0     0   -39.0   55.159 -136.106    129.1    994.9
     1     1    16     4    15    20     0     0   -40.0   54.982 -136.153    113.5    998.9
     1     1    16     4    15    19     0     0   -41.0   54.803 -136.198     98.0   1000.3
     1     1    16     4    15    18     0     0   -42.0   54.619 -136.240     82.9   1001.8
     1     1    16     4    15    17     0     0   -43.0   54.429 -136.294     70.0   1003.2
     1     1    16     4    15    16     0     0   -44.0   54.231 -136.378     60.7   1003.5
     1     1    16     4    15    15     0     0   -45.0   54.025 -136.490     54.7   1003.5
     1     1    16     4    15    14     0     0   -46.0   53.813 -136.631     51.4   1003.1
     1     1    16     4    15    13     0     0   -47.0   53.595 -136.801     50.7   1002.3
     1     1    16     4    15    12     0     0   -48.0   53.373 -137.002     52.9   1001.1
     1     1    16     4    15    11     0     0   -49.0   53.147 -137.228     57.1    999.4
     1     1    16     4    15    10     0     0   -50.0   52.917 -137.474     62.8    997.5
     1     1    16     4    15     9     0     0   -51.0   52.685 -137.737     69.7    995.9
     1     1    16     4    15     8     0     0   -52.0   52.454 -138.011     77.0    994.3
     1     1    16     4    15     7     0     0   -53.0   52.224 -138.289     83.6    992.9
     1     1    16     4    15     6     0     0   -54.0   51.996 -138.562     89.3    991.9
     1     1    16     4    15     5     0     0   -55.0   51.766 -138.837     92.6    991.2
     1     1    16     4    15     4     0     0   -56.0   51.535 -139.123     92.4    991.6
     1     1    16     4    15     3     0     0   -57.0   51.299 -139.422     89.4    992.6
     1     1    16     4    15     2     0     0   -58.0   51.059 -139.735     84.0    994.3
     1     1    16     4    15     1     0     0   -59.0   50.813 -140.062     76.7    996.6
     1     1    16     4    15     0     0     0   -60.0   50.563 -140.401     68.0    999.0
     1     1    16     4    14    23     0     0   -61.0   50.319 -140.747     59.3   1001.5
     1     1    16     4    14    22     0     0   -62.0   50.085 -141.094     51.9   1003.9
     1     1    16     4    14    21     0     0   -63.0   49.863 -141.435     45.7   1005.9
     1     1    16     4    14    20     0     0   -64.0   49.650 -141.766     40.4   1007.5
     1     1    16     4    14    19     0     0   -65.0   49.445 -142.083     35.8   1008.8
     1     1    16     4    14    18     0     0   -66.0   49.242 -142.387     32.0   1009.8
     1     1    16     4    14    17     0     0   -67.0   49.043 -142.688     28.8   1010.0
     1     1    16     4    14    16     0     0   -68.0   48.850 -142.997     26.2   1009.7
     1     1    16     4    14    15     0     0   -69.0   48.660 -143.314     24.0   1009.3
     1     1    16     4    14    14     0     0   -70.0   48.469 -143.633     22.4   1008.8
     1     1    16     4    14    13     0     0   -71.0   48.273 -143.952     21.2   1008.1
     1     1    16     4    14    12     0     0   -72.0   48.069 -144.268     20.6   1007.4
