     1     1
    CDC1    16     1     1     0     0
     1 BACKWARD OMEGA   
    16     1    15     0   60.984 -139.059   750.0
     1 PRESSURE
     1     1    16     1    15     0     0     0     0.0   60.984 -139.059    750.0    805.8
     1     1    16     1    14    23     0     0    -1.0   60.975 -139.215    757.9    805.1
     1     1    16     1    14    22     0     0    -2.0   60.961 -139.342    765.3    804.5
     1     1    16     1    14    21     0     0    -3.0   60.942 -139.442    772.2    804.0
     1     1    16     1    14    20     0     0    -4.0   60.920 -139.516    778.6    803.5
     1     1    16     1    14    19     0     0    -5.0   60.894 -139.564    784.6    803.1
     1     1    16     1    14    18     0     0    -6.0   60.864 -139.588    790.2    802.8
     1     1    16     1    14    17     0     0    -7.0   60.829 -139.590    794.3    802.4
     1     1    16     1    14    16     0     0    -8.0   60.785 -139.574    795.5    802.4
     1     1    16     1    14    15     0     0    -9.0   60.734 -139.539    793.9    802.9
     1     1    16     1    14    14     0     0   -10.0   60.674 -139.485    789.4    803.8
     1     1    16     1    14    13     0     0   -11.0   60.606 -139.410    782.0    805.1
     1     1    16     1    14    12     0     0   -12.0   60.528 -139.315    771.7    806.8
     1     1    16     1    14    11     0     0   -13.0   60.440 -139.199    761.0    808.9
     1     1    16     1    14    10     0     0   -14.0   60.338 -139.059    752.2    810.7
     1     1    16     1    14     9     0     0   -15.0   60.222 -138.894    744.9    812.5
     1     1    16     1    14     8     0     0   -16.0   60.093 -138.704    738.6    814.3
     1     1    16     1    14     7     0     0   -17.0   59.950 -138.489    733.0    817.1
     1     1    16     1    14     6     0     0   -18.0   59.798 -138.262    728.4    821.3
     1     1    16     1    14     5     0     0   -19.0   59.640 -138.026    724.3    825.7
     1     1    16     1    14     4     0     0   -20.0   59.476 -137.774    720.2    830.1
     1     1    16     1    14     3     0     0   -21.0   59.304 -137.508    716.1    834.5
     1     1    16     1    14     2     0     0   -22.0   59.124 -137.229    711.7    838.7
     1     1    16     1    14     1     0     0   -23.0   58.934 -136.940    706.5    843.0
     1     1    16     1    14     0     0     0   -24.0   58.731 -136.640    700.6    847.5
     1     1    16     1    13    23     0     0   -25.0   58.522 -136.338    692.0    852.3
     1     1    16     1    13    22     0     0   -26.0   58.313 -136.042    679.4    857.4
     1     1    16     1    13    21     0     0   -27.0   58.100 -135.745    662.8    862.7
     1     1    16     1    13    20     0     0   -28.0   57.883 -135.440    642.3    868.4
     1     1    16     1    13    19     0     0   -29.0   57.658 -135.123    617.8    874.3
     1     1    16     1    13    18     0     0   -30.0   57.427 -134.796    589.5    878.1
     1     1    16     1    13    17     0     0   -31.0   57.197 -134.473    560.6    880.7
     1     1    16     1    13    16     0     0   -32.0   56.970 -134.160    533.7    883.1
     1     1    16     1    13    15     0     0   -33.0   56.746 -133.853    508.7    885.6
     1     1    16     1    13    14     0     0   -34.0   56.522 -133.548    485.0    888.3
     1     1    16     1    13    13     0     0   -35.0   56.297 -133.243    462.4    891.1
     1     1    16     1    13    12     0     0   -36.0   56.069 -132.934    440.8    894.0
     1     1    16     1    13    11     0     0   -37.0   55.835 -132.635    418.1    897.9
     1     1    16     1    13    10     0     0   -38.0   55.596 -132.360    392.2    902.4
     1     1    16     1    13     9     0     0   -39.0   55.350 -132.102    364.0    906.7
     1     1    16     1    13     8     0     0   -40.0   55.096 -131.850    334.4    911.2
     1     1    16     1    13     7     0     0   -41.0   54.831 -131.606    304.8    915.1
     1     1    16     1    13     6     0     0   -42.0   54.554 -131.385    276.5    919.1
     1     1    16     1    13     5     0     0   -43.0   54.256 -131.174    251.4    924.0
     1     1    16     1    13     4     0     0   -44.0   53.932 -130.961    230.4    928.9
     1     1    16     1    13     3     0     0   -45.0   53.580 -130.752    212.4    934.4
     1     1    16     1    13     2     0     0   -46.0   53.197 -130.549    196.7    940.6
     1     1    16     1    13     1     0     0   -47.0   52.780 -130.355    182.5    947.1
     1     1    16     1    13     0     0     0   -48.0   52.332 -130.172    169.2    953.4
     1     1    16     1    12    23     0     0   -49.0   51.883 -130.008    156.0    958.5
     1     1    16     1    12    22     0     0   -50.0   51.446 -129.859    142.1    962.7
     1     1    16     1    12    21     0     0   -51.0   51.011 -129.718    127.3    967.3
     1     1    16     1    12    20     0     0   -52.0   50.574 -129.579    112.3    972.3
     1     1    16     1    12    19     0     0   -53.0   50.128 -129.437     97.9    977.5
     1     1    16     1    12    18     0     0   -54.0   49.678 -129.290     83.6    981.7
     1     1    16     1    12    17     0     0   -55.0   49.241 -129.138     69.1    986.0
     1     1    16     1    12    16     0     0   -56.0   48.823 -128.978     55.1    990.3
     1     1    16     1    12    15     0     0   -57.0   48.416 -128.811     42.2    995.2
     1     1    16     1    12    14     0     0   -58.0   48.009 -128.634     31.1   1000.8
     1     1    16     1    12    13     0     0   -59.0   47.592 -128.443     22.4   1007.2
     1     1    16     1    12    12     0     0   -60.0   47.161 -128.239     16.4   1010.1
     1     1    16     1    12    11     0     0   -61.0   46.724 -128.038     12.6   1012.1
     1     1    16     1    12    10     0     0   -62.0   46.281 -127.859     10.0   1014.2
     1     1    16     1    12     9     0     0   -63.0   45.822 -127.700      8.0   1016.1
     1     1    16     1    12     8     0     0   -64.0   45.343 -127.555      6.4   1018.1
     1     1    16     1    12     7     0     0   -65.0   44.844 -127.416      5.3   1019.1
     1     1    16     1    12     6     0     0   -66.0   44.335 -127.275      4.6   1019.2
     1     1    16     1    12     5     0     0   -67.0   43.837 -127.156      3.9   1019.1
     1     1    16     1    12     4     0     0   -68.0   43.359 -127.075      3.2   1019.3
     1     1    16     1    12     3     0     0   -69.0   42.899 -127.022      2.6   1019.8
     1     1    16     1    12     2     0     0   -70.0   42.460 -126.986      2.0   1020.5
     1     1    16     1    12     1     0     0   -71.0   42.045 -126.953      1.5   1020.4
     1     1    16     1    12     0     0     0   -72.0   41.658 -126.916      0.9   1020.3
