     1     1
    CDC1    16     4     1     0     0
     1 BACKWARD OMEGA   
    16     4     4    12   60.984 -139.059   750.0
     1 PRESSURE
     1     1    16     4     4    12     0     0     0.0   60.984 -139.059    750.0    805.2
     1     1    16     4     4    11     0     0    -1.0   60.912 -138.834    751.9    806.4
     1     1    16     4     4    10     0     0    -2.0   60.843 -138.598    754.5    807.5
     1     1    16     4     4     9     0     0    -3.0   60.778 -138.351    757.8    808.4
     1     1    16     4     4     8     0     0    -4.0   60.715 -138.093    761.6    809.3
     1     1    16     4     4     7     0     0    -5.0   60.653 -137.825    765.6    810.0
     1     1    16     4     4     6     0     0    -6.0   60.592 -137.545    769.7    810.8
     1     1    16     4     4     5     0     0    -7.0   60.529 -137.270    771.7    811.0
     1     1    16     4     4     4     0     0    -8.0   60.464 -137.016    771.1    811.7
     1     1    16     4     4     3     0     0    -9.0   60.398 -136.783    767.9    812.7
     1     1    16     4     4     2     0     0   -10.0   60.329 -136.572    762.5    814.1
     1     1    16     4     4     1     0     0   -11.0   60.259 -136.384    755.3    815.7
     1     1    16     4     4     0     0     0   -12.0   60.188 -136.218    746.5    817.6
     1     1    16     4     3    23     0     0   -13.0   60.118 -136.082    738.5    819.7
     1     1    16     4     3    22     0     0   -14.0   60.053 -135.987    732.5    821.5
     1     1    16     4     3    21     0     0   -15.0   59.993 -135.930    728.9    823.1
     1     1    16     4     3    20     0     0   -16.0   59.938 -135.911    727.7    825.1
     1     1    16     4     3    19     0     0   -17.0   59.890 -135.931    728.6    826.8
     1     1    16     4     3    18     0     0   -18.0   59.848 -135.987    731.3    828.3
     1     1    16     4     3    17     0     0   -19.0   59.812 -136.056    736.6    829.0
     1     1    16     4     3    16     0     0   -20.0   59.781 -136.116    745.3    829.1
     1     1    16     4     3    15     0     0   -21.0   59.754 -136.169    757.6    828.8
     1     1    16     4     3    14     0     0   -22.0   59.730 -136.218    773.5    828.0
     1     1    16     4     3    13     0     0   -23.0   59.710 -136.262    793.1    826.7
     1     1    16     4     3    12     0     0   -24.0   59.693 -136.304    816.4    825.0
     1     1    16     4     3    11     0     0   -25.0   59.681 -136.364    839.9    822.9
     1     1    16     4     3    10     0     0   -26.0   59.679 -136.461    859.9    821.4
     1     1    16     4     3     9     0     0   -27.0   59.686 -136.595    876.7    820.1
     1     1    16     4     3     8     0     0   -28.0   59.703 -136.767    890.4    819.0
     1     1    16     4     3     7     0     0   -29.0   59.728 -136.977    901.3    817.9
     1     1    16     4     3     6     0     0   -30.0   59.760 -137.224    909.8    816.9
     1     1    16     4     3     5     0     0   -31.0   59.790 -137.491    919.6    816.3
     1     1    16     4     3     4     0     0   -32.0   59.812 -137.757    932.6    814.8
     1     1    16     4     3     3     0     0   -33.0   59.823 -138.018    948.9    813.2
     1     1    16     4     3     2     0     0   -34.0   59.823 -138.275    968.5    811.6
     1     1    16     4     3     1     0     0   -35.0   59.811 -138.524    990.9    810.1
     1     1    16     4     3     0     0     0   -36.0   59.786 -138.766   1015.9    808.6
     1     1    16     4     2    23     0     0   -37.0   59.754 -139.015   1037.5    807.3
     1     1    16     4     2    22     0     0   -38.0   59.720 -139.285   1049.2    807.8
     1     1    16     4     2    21     0     0   -39.0   59.683 -139.572   1051.1    809.5
     1     1    16     4     2    20     0     0   -40.0   59.642 -139.875   1043.2    812.5
     1     1    16     4     2    19     0     0   -41.0   59.595 -140.190   1025.9    817.2
     1     1    16     4     2    18     0     0   -42.0   59.540 -140.514    999.0    823.7
     1     1    16     4     2    17     0     0   -43.0   59.478 -140.833    966.1    831.0
     1     1    16     4     2    16     0     0   -44.0   59.409 -141.137    932.1    838.3
     1     1    16     4     2    15     0     0   -45.0   59.337 -141.428    897.0    845.7
     1     1    16     4     2    14     0     0   -46.0   59.261 -141.710    861.1    853.1
     1     1    16     4     2    13     0     0   -47.0   59.184 -141.984    824.8    860.7
     1     1    16     4     2    12     0     0   -48.0   59.107 -142.254    788.1    868.5
     1     1    16     4     2    11     0     0   -49.0   59.022 -142.530    753.4    877.1
     1     1    16     4     2    10     0     0   -50.0   58.917 -142.820    722.2    886.2
     1     1    16     4     2     9     0     0   -51.0   58.795 -143.123    695.1    895.5
     1     1    16     4     2     8     0     0   -52.0   58.654 -143.436    672.5    904.9
     1     1    16     4     2     7     0     0   -53.0   58.495 -143.757    654.5    914.3
     1     1    16     4     2     6     0     0   -54.0   58.318 -144.082    641.6    923.6
     1     1    16     4     2     5     0     0   -55.0   58.128 -144.385    629.4    932.5
     1     1    16     4     2     4     0     0   -56.0   57.930 -144.642    614.2    941.9
     1     1    16     4     2     3     0     0   -57.0   57.728 -144.857    596.0    951.5
     1     1    16     4     2     2     0     0   -58.0   57.521 -145.037    575.2    961.1
     1     1    16     4     2     1     0     0   -59.0   57.313 -145.193    550.7    963.1
     1     1    16     4     2     0     0     0   -60.0   57.101 -145.340    524.5    964.3
     1     1    16     4     1    23     0     0   -61.0   56.888 -145.498    499.7    965.5
     1     1    16     4     1    22     0     0   -62.0   56.668 -145.682    478.5    965.8
     1     1    16     4     1    21     0     0   -63.0   56.441 -145.891    460.9    965.4
     1     1    16     4     1    20     0     0   -64.0   56.203 -146.124    446.5    964.2
     1     1    16     4     1    19     0     0   -65.0   55.950 -146.380    435.2    962.3
     1     1    16     4     1    18     0     0   -66.0   55.680 -146.660    426.9    959.4
     1     1    16     4     1    17     0     0   -67.0   55.380 -146.946    420.4    955.6
     1     1    16     4     1    16     0     0   -68.0   55.039 -147.221    415.3    951.3
     1     1    16     4     1    15     0     0   -69.0   54.660 -147.488    412.4    951.9
     1     1    16     4     1    14     0     0   -70.0   54.250 -147.743    411.1    953.6
     1     1    16     4     1    13     0     0   -71.0   53.812 -147.992    411.6    955.4
     1     1    16     4     1    12     0     0   -72.0   53.349 -148.244    414.7    957.2
