     1     1
    CDC1    16     1     1     0     0
     1 BACKWARD OMEGA   
    16     1    10    18   60.984 -139.059   750.0
     1 PRESSURE
     1     1    16     1    10    18     0     0     0.0   60.984 -139.059    750.0    808.9
     1     1    16     1    10    17     0     0    -1.0   60.697 -138.720    737.3    814.5
     1     1    16     1    10    16     0     0    -2.0   60.394 -138.398    715.6    821.7
     1     1    16     1    10    15     0     0    -3.0   60.074 -138.087    684.4    830.3
     1     1    16     1    10    14     0     0    -4.0   59.744 -137.784    647.1    843.6
     1     1    16     1    10    13     0     0    -5.0   59.415 -137.483    607.1    858.2
     1     1    16     1    10    12     0     0    -6.0   59.095 -137.183    566.0    871.2
     1     1    16     1    10    11     0     0    -7.0   58.797 -136.889    531.4    883.1
     1     1    16     1    10    10     0     0    -8.0   58.525 -136.607    507.7    892.1
     1     1    16     1    10     9     0     0    -9.0   58.275 -136.341    492.2    899.4
     1     1    16     1    10     8     0     0   -10.0   58.044 -136.096    483.1    905.3
     1     1    16     1    10     7     0     0   -11.0   57.833 -135.877    478.8    910.2
     1     1    16     1    10     6     0     0   -12.0   57.639 -135.685    478.0    914.3
     1     1    16     1    10     5     0     0   -13.0   57.455 -135.520    477.2    917.4
     1     1    16     1    10     4     0     0   -14.0   57.273 -135.375    473.2    919.9
     1     1    16     1    10     3     0     0   -15.0   57.093 -135.248    467.3    922.9
     1     1    16     1    10     2     0     0   -16.0   56.915 -135.135    459.8    926.3
     1     1    16     1    10     1     0     0   -17.0   56.740 -135.032    451.1    930.1
     1     1    16     1    10     0     0     0   -18.0   56.568 -134.938    441.6    933.5
     1     1    16     1     9    23     0     0   -19.0   56.399 -134.845    431.4    936.4
     1     1    16     1     9    22     0     0   -20.0   56.237 -134.748    420.6    939.3
     1     1    16     1     9    21     0     0   -21.0   56.081 -134.654    409.1    942.2
     1     1    16     1     9    20     0     0   -22.0   55.934 -134.566    397.1    945.3
     1     1    16     1     9    19     0     0   -23.0   55.798 -134.489    384.4    948.5
     1     1    16     1     9    18     0     0   -24.0   55.674 -134.426    371.2    951.4
     1     1    16     1     9    17     0     0   -25.0   55.551 -134.355    357.3    953.8
     1     1    16     1     9    16     0     0   -26.0   55.419 -134.252    343.8    956.0
     1     1    16     1     9    15     0     0   -27.0   55.277 -134.118    330.8    958.1
     1     1    16     1     9    14     0     0   -28.0   55.126 -133.953    318.8    960.0
     1     1    16     1     9    13     0     0   -29.0   54.963 -133.757    307.7    961.2
     1     1    16     1     9    12     0     0   -30.0   54.787 -133.529    297.2    960.7
     1     1    16     1     9    11     0     0   -31.0   54.601 -133.281    287.2    960.8
     1     1    16     1     9    10     0     0   -32.0   54.409 -133.023    277.5    961.3
     1     1    16     1     9     9     0     0   -33.0   54.213 -132.758    268.0    962.2
     1     1    16     1     9     8     0     0   -34.0   54.014 -132.488    258.7    963.4
     1     1    16     1     9     7     0     0   -35.0   53.811 -132.223    249.0    962.8
     1     1    16     1     9     6     0     0   -36.0   53.600 -131.967    239.0    962.8
     1     1    16     1     9     5     0     0   -37.0   53.379 -131.703    229.8    963.3
     1     1    16     1     9     4     0     0   -38.0   53.143 -131.419    222.7    963.7
     1     1    16     1     9     3     0     0   -39.0   52.889 -131.112    217.4    964.2
     1     1    16     1     9     2     0     0   -40.0   52.617 -130.777    213.8    965.1
     1     1    16     1     9     1     0     0   -41.0   52.329 -130.416    211.0    964.6
     1     1    16     1     9     0     0     0   -42.0   52.034 -130.034    208.7    963.7
     1     1    16     1     8    23     0     0   -43.0   51.745 -129.650    206.5    961.0
     1     1    16     1     8    22     0     0   -44.0   51.468 -129.277    203.3    958.7
     1     1    16     1     8    21     0     0   -45.0   51.199 -128.911    198.7    957.0
     1     1    16     1     8    20     0     0   -46.0   50.937 -128.550    192.5    955.9
     1     1    16     1     8    19     0     0   -47.0   50.680 -128.192    184.8    955.4
     1     1    16     1     8    18     0     0   -48.0   50.427 -127.840    176.1    955.6
     1     1    16     1     8    17     0     0   -49.0   50.188 -127.493    168.6    956.1
     1     1    16     1     8    16     0     0   -50.0   49.965 -127.152    164.5    954.4
     1     1    16     1     8    15     0     0   -51.0   49.756 -126.821    164.0    952.9
     1     1    16     1     8    14     0     0   -52.0   49.558 -126.500    167.1    951.7
     1     1    16     1     8    13     0     0   -53.0   49.374 -126.191    173.4    950.6
     1     1    16     1     8    12     0     0   -54.0   49.204 -125.895    182.8    949.6
     1     1    16     1     8    11     0     0   -55.0   49.045 -125.623    195.3    948.4
     1     1    16     1     8    10     0     0   -56.0   48.896 -125.384    211.0    947.0
     1     1    16     1     8     9     0     0   -57.0   48.755 -125.180    229.9    945.7
     1     1    16     1     8     8     0     0   -58.0   48.624 -125.008    251.7    944.5
     1     1    16     1     8     7     0     0   -59.0   48.502 -124.865    276.0    943.0
     1     1    16     1     8     6     0     0   -60.0   48.388 -124.749    302.3    941.6
     1     1    16     1     8     5     0     0   -61.0   48.281 -124.655    328.7    940.2
     1     1    16     1     8     4     0     0   -62.0   48.181 -124.578    352.9    939.4
     1     1    16     1     8     3     0     0   -63.0   48.089 -124.517    375.0    938.9
     1     1    16     1     8     2     0     0   -64.0   48.003 -124.473    395.1    938.3
     1     1    16     1     8     1     0     0   -65.0   47.923 -124.444    413.1    937.9
     1     1    16     1     8     0     0     0   -66.0   47.850 -124.429    429.2    937.7
     1     1    16     1     7    23     0     0   -67.0   47.775 -124.413    441.8    937.4
     1     1    16     1     7    22     0     0   -68.0   47.691 -124.379    450.1    937.9
     1     1    16     1     7    21     0     0   -69.0   47.600 -124.329    453.7    938.9
     1     1    16     1     7    20     0     0   -70.0   47.500 -124.263    452.8    940.6
     1     1    16     1     7    19     0     0   -71.0   47.394 -124.184    446.7    939.4
     1     1    16     1     7    18     0     0   -72.0   47.280 -124.094    436.0    938.5
