     1     1
    CDC1    15    12     1     0     0
     1 BACKWARD OMEGA   
    15    12    24    12   60.984 -139.059   750.0
     1 PRESSURE
     1     1    15    12    24    12     0     0     0.0   60.984 -139.059    750.0    802.2
     1     1    15    12    24    11     0     0    -1.0   61.112 -139.240    774.0    797.0
     1     1    15    12    24    10     0     0    -2.0   61.231 -139.395    792.8    792.7
     1     1    15    12    24     9     0     0    -3.0   61.343 -139.522    806.1    789.0
     1     1    15    12    24     8     0     0    -4.0   61.448 -139.619    813.8    786.1
     1     1    15    12    24     7     0     0    -5.0   61.548 -139.685    815.9    783.7
     1     1    15    12    24     6     0     0    -6.0   61.641 -139.717    812.3    782.0
     1     1    15    12    24     5     0     0    -7.0   61.734 -139.743    805.8    780.9
     1     1    15    12    24     4     0     0    -8.0   61.830 -139.790    798.1    779.6
     1     1    15    12    24     3     0     0    -9.0   61.929 -139.858    790.2    778.3
     1     1    15    12    24     2     0     0   -10.0   62.033 -139.944    782.3    777.0
     1     1    15    12    24     1     0     0   -11.0   62.140 -140.048    774.8    775.6
     1     1    15    12    24     0     0     0   -12.0   62.252 -140.167    768.2    774.1
     1     1    15    12    23    23     0     0   -13.0   62.360 -140.272    763.5    772.5
     1     1    15    12    23    22     0     0   -14.0   62.459 -140.332    762.8    770.6
     1     1    15    12    23    21     0     0   -15.0   62.550 -140.348    766.5    770.2
     1     1    15    12    23    20     0     0   -16.0   62.634 -140.322    774.1    770.7
     1     1    15    12    23    19     0     0   -17.0   62.710 -140.256    784.8    770.7
     1     1    15    12    23    18     0     0   -18.0   62.781 -140.150    798.5    770.3
     1     1    15    12    23    17     0     0   -19.0   62.851 -140.039    813.9    769.8
     1     1    15    12    23    16     0     0   -20.0   62.928 -139.964    828.5    769.9
     1     1    15    12    23    15     0     0   -21.0   63.012 -139.928    843.2    770.1
     1     1    15    12    23    14     0     0   -22.0   63.103 -139.931    858.3    770.4
     1     1    15    12    23    13     0     0   -23.0   63.201 -139.973    874.1    770.7
     1     1    15    12    23    12     0     0   -24.0   63.307 -140.054    891.1    771.1
     1     1    15    12    23    11     0     0   -25.0   63.412 -140.169    909.3    770.9
     1     1    15    12    23    10     0     0   -26.0   63.507 -140.306    929.8    770.3
     1     1    15    12    23     9     0     0   -27.0   63.593 -140.461    952.0    769.4
     1     1    15    12    23     8     0     0   -28.0   63.670 -140.627    975.8    768.1
     1     1    15    12    23     7     0     0   -29.0   63.739 -140.801   1001.0    766.6
     1     1    15    12    23     6     0     0   -30.0   63.799 -140.978   1027.8    764.8
     1     1    15    12    23     5     0     0   -31.0   63.860 -141.164   1053.5    763.1
     1     1    15    12    23     4     0     0   -32.0   63.929 -141.363   1075.3    762.2
     1     1    15    12    23     3     0     0   -33.0   64.007 -141.575   1093.2    762.0
     1     1    15    12    23     2     0     0   -34.0   64.096 -141.797   1107.2    762.3
     1     1    15    12    23     1     0     0   -35.0   64.195 -142.026   1117.4    763.3
     1     1    15    12    23     0     0     0   -36.0   64.305 -142.261   1124.0    764.9
     1     1    15    12    22    23     0     0   -37.0   64.415 -142.490   1129.7    766.7
     1     1    15    12    22    22     0     0   -38.0   64.508 -142.703   1138.8    767.6
     1     1    15    12    22    21     0     0   -39.0   64.584 -142.902   1150.6    768.0
     1     1    15    12    22    20     0     0   -40.0   64.644 -143.089   1165.4    767.7
     1     1    15    12    22    19     0     0   -41.0   64.687 -143.265   1183.3    766.8
     1     1    15    12    22    18     0     0   -42.0   64.713 -143.432   1204.5    765.2
     1     1    15    12    22    17     0     0   -43.0   64.732 -143.581   1225.2    763.2
     1     1    15    12    22    16     0     0   -44.0   64.755 -143.700   1241.9    761.9
     1     1    15    12    22    15     0     0   -45.0   64.782 -143.784   1254.3    761.1
     1     1    15    12    22    14     0     0   -46.0   64.814 -143.832   1262.3    760.7
     1     1    15    12    22    13     0     0   -47.0   64.850 -143.841   1265.7    760.7
     1     1    15    12    22    12     0     0   -48.0   64.891 -143.810   1264.4    761.2
     1     1    15    12    22    11     0     0   -49.0   64.929 -143.749   1260.1    762.6
     1     1    15    12    22    10     0     0   -50.0   64.957 -143.670   1253.2    763.8
     1     1    15    12    22     9     0     0   -51.0   64.975 -143.574   1244.4    765.0
     1     1    15    12    22     8     0     0   -52.0   64.982 -143.460   1233.8    766.1
     1     1    15    12    22     7     0     0   -53.0   64.979 -143.328   1221.6    767.2
     1     1    15    12    22     6     0     0   -54.0   64.966 -143.176   1207.8    768.2
     1     1    15    12    22     5     0     0   -55.0   64.944 -143.014   1192.4    768.9
     1     1    15    12    22     4     0     0   -56.0   64.918 -142.852   1176.3    769.6
     1     1    15    12    22     3     0     0   -57.0   64.888 -142.691   1159.2    770.4
     1     1    15    12    22     2     0     0   -58.0   64.854 -142.530   1141.2    771.1
     1     1    15    12    22     1     0     0   -59.0   64.815 -142.372   1122.5    772.1
     1     1    15    12    22     0     0     0   -60.0   64.771 -142.219   1103.2    773.1
     1     1    15    12    21    23     0     0   -61.0   64.717 -142.063   1085.1    774.2
     1     1    15    12    21    22     0     0   -62.0   64.645 -141.900   1070.0    774.4
     1     1    15    12    21    21     0     0   -63.0   64.554 -141.731   1058.1    773.9
     1     1    15    12    21    20     0     0   -64.0   64.446 -141.556   1049.4    772.8
     1     1    15    12    21    19     0     0   -65.0   64.319 -141.378   1043.9    770.9
     1     1    15    12    21    18     0     0   -66.0   64.176 -141.196   1041.8    768.3
     1     1    15    12    21    17     0     0   -67.0   64.032 -141.015   1041.5    765.2
     1     1    15    12    21    16     0     0   -68.0   63.905 -140.836   1041.2    762.6
     1     1    15    12    21    15     0     0   -69.0   63.795 -140.656   1040.4    760.4
     1     1    15    12    21    14     0     0   -70.0   63.701 -140.475   1038.6    758.7
     1     1    15    12    21    13     0     0   -71.0   63.623 -140.290   1035.6    757.4
     1     1    15    12    21    12     0     0   -72.0   63.561 -140.101   1031.2    756.7
