     1     1
    CDC1    16     3     1     0     0
     1 BACKWARD OMEGA   
    16     3     8     6   60.984 -139.059   750.0
     1 PRESSURE
     1     1    16     3     8     6     0     0     0.0   60.984 -139.059    750.0    795.8
     1     1    16     3     8     5     0     0    -1.0   60.850 -139.025    714.6    801.7
     1     1    16     3     8     4     0     0    -2.0   60.721 -138.978    684.1    806.8
     1     1    16     3     8     3     0     0    -3.0   60.600 -138.920    657.9    811.3
     1     1    16     3     8     2     0     0    -4.0   60.486 -138.853    635.5    815.3
     1     1    16     3     8     1     0     0    -5.0   60.382 -138.778    616.7    818.8
     1     1    16     3     8     0     0     0    -6.0   60.286 -138.697    601.1    821.7
     1     1    16     3     7    23     0     0    -7.0   60.190 -138.594    585.5    824.0
     1     1    16     3     7    22     0     0    -8.0   60.083 -138.447    566.7    827.2
     1     1    16     3     7    21     0     0    -9.0   59.965 -138.251    545.5    831.2
     1     1    16     3     7    20     0     0   -10.0   59.838 -138.013    524.0    836.9
     1     1    16     3     7    19     0     0   -11.0   59.705 -137.736    503.4    842.5
     1     1    16     3     7    18     0     0   -12.0   59.568 -137.420    485.2    847.7
     1     1    16     3     7    17     0     0   -13.0   59.441 -137.084    473.2    851.6
     1     1    16     3     7    16     0     0   -14.0   59.335 -136.742    470.9    853.3
     1     1    16     3     7    15     0     0   -15.0   59.247 -136.390    477.0    853.4
     1     1    16     3     7    14     0     0   -16.0   59.173 -136.024    490.6    852.1
     1     1    16     3     7    13     0     0   -17.0   59.109 -135.643    511.0    849.8
     1     1    16     3     7    12     0     0   -18.0   59.055 -135.244    537.8    846.4
     1     1    16     3     7    11     0     0   -19.0   58.995 -134.840    565.8    841.7
     1     1    16     3     7    10     0     0   -20.0   58.918 -134.445    589.0    836.9
     1     1    16     3     7     9     0     0   -21.0   58.824 -134.061    607.3    833.0
     1     1    16     3     7     8     0     0   -22.0   58.712 -133.686    620.6    829.6
     1     1    16     3     7     7     0     0   -23.0   58.584 -133.320    629.0    826.9
     1     1    16     3     7     6     0     0   -24.0   58.441 -132.961    632.5    824.7
     1     1    16     3     7     5     0     0   -25.0   58.288 -132.600    632.8    822.8
     1     1    16     3     7     4     0     0   -26.0   58.125 -132.232    632.0    820.2
     1     1    16     3     7     3     0     0   -27.0   57.953 -131.860    630.4    817.2
     1     1    16     3     7     2     0     0   -28.0   57.766 -131.483    628.1    813.8
     1     1    16     3     7     1     0     0   -29.0   57.562 -131.100    625.3    809.9
     1     1    16     3     7     0     0     0   -30.0   57.339 -130.715    621.7    807.4
     1     1    16     3     6    23     0     0   -31.0   57.100 -130.330    615.0    806.2
     1     1    16     3     6    22     0     0   -32.0   56.846 -129.946    603.4    806.5
     1     1    16     3     6    21     0     0   -33.0   56.586 -129.564    587.0    809.2
     1     1    16     3     6    20     0     0   -34.0   56.327 -129.186    565.6    812.0
     1     1    16     3     6    19     0     0   -35.0   56.065 -128.811    539.5    814.9
     1     1    16     3     6    18     0     0   -36.0   55.795 -128.433    508.8    818.0
     1     1    16     3     6    17     0     0   -37.0   55.518 -128.034    479.3    821.2
     1     1    16     3     6    16     0     0   -38.0   55.229 -127.591    457.6    822.1
     1     1    16     3     6    15     0     0   -39.0   54.928 -127.099    444.5    825.0
     1     1    16     3     6    14     0     0   -40.0   54.625 -126.586    436.6    826.5
     1     1    16     3     6    13     0     0   -41.0   54.319 -126.073    429.2    826.5
     1     1    16     3     6    12     0     0   -42.0   54.007 -125.553    418.8    825.2
     1     1    16     3     6    11     0     0   -43.0   53.686 -125.050    404.4    824.7
     1     1    16     3     6    10     0     0   -44.0   53.373 -124.583    390.3    825.4
     1     1    16     3     6     9     0     0   -45.0   53.081 -124.143    380.3    824.2
     1     1    16     3     6     8     0     0   -46.0   52.810 -123.734    374.7    821.1
     1     1    16     3     6     7     0     0   -47.0   52.556 -123.365    372.3    816.7
     1     1    16     3     6     6     0     0   -48.0   52.311 -123.046    372.2    815.4
     1     1    16     3     6     5     0     0   -49.0   52.066 -122.794    371.8    815.7
     1     1    16     3     6     4     0     0   -50.0   51.820 -122.610    370.4    817.2
     1     1    16     3     6     3     0     0   -51.0   51.576 -122.477    370.9    819.1
     1     1    16     3     6     2     0     0   -52.0   51.339 -122.382    375.1    821.2
     1     1    16     3     6     1     0     0   -53.0   51.113 -122.318    384.2    822.9
     1     1    16     3     6     0     0     0   -54.0   50.903 -122.283    399.4    824.1
     1     1    16     3     5    23     0     0   -55.0   50.689 -122.287    412.2    824.2
     1     1    16     3     5    22     0     0   -56.0   50.452 -122.335    411.0    827.7
     1     1    16     3     5    21     0     0   -57.0   50.191 -122.428    393.0    834.1
     1     1    16     3     5    20     0     0   -58.0   49.909 -122.564    356.3    845.7
     1     1    16     3     5    19     0     0   -59.0   49.629 -122.720    309.2    862.7
     1     1    16     3     5    18     0     0   -60.0   49.365 -122.876    260.3    879.5
     1     1    16     3     5    17     0     0   -61.0   49.112 -122.978    215.8    894.0
     1     1    16     3     5    16     0     0   -62.0   48.863 -123.003    178.8    905.5
     1     1    16     3     5    15     0     0   -63.0   48.616 -122.978    148.7    915.4
     1     1    16     3     5    14     0     0   -64.0   48.367 -122.926    125.1    924.7
     1     1    16     3     5    13     0     0   -65.0   48.112 -122.870    107.1    933.9
     1     1    16     3     5    12     0     0   -66.0   47.845 -122.831     94.2    943.3
     1     1    16     3     5    11     0     0   -67.0   47.588 -122.797     85.3    952.6
     1     1    16     3     5    10     0     0   -68.0   47.361 -122.731     78.1    954.3
     1     1    16     3     5     9     0     0   -69.0   47.158 -122.624     70.8    951.7
     1     1    16     3     5     8     0     0   -70.0   46.976 -122.479     62.1    948.6
     1     1    16     3     5     7     0     0   -71.0   46.812 -122.300     51.9    945.4
     1     1    16     3     5     6     0     0   -72.0   46.670 -122.093     41.1    942.2
