     1     1
    CDC1    16     4     1     0     0
     1 BACKWARD OMEGA   
    16     4    22     0   60.984 -139.059   750.0
     1 PRESSURE
     1     1    16     4    22     0     0     0     0.0   60.984 -139.059    750.0    809.9
     1     1    16     4    21    23     0     0    -1.0   60.817 -138.655    727.3    814.6
     1     1    16     4    21    22     0     0    -2.0   60.646 -138.244    705.5    819.1
     1     1    16     4    21    21     0     0    -3.0   60.473 -137.826    683.7    823.6
     1     1    16     4    21    20     0     0    -4.0   60.298 -137.398    661.0    828.0
     1     1    16     4    21    19     0     0    -5.0   60.122 -136.961    636.2    832.0
     1     1    16     4    21    18     0     0    -6.0   59.949 -136.518    609.1    836.8
     1     1    16     4    21    17     0     0    -7.0   59.784 -136.081    583.1    842.8
     1     1    16     4    21    16     0     0    -8.0   59.628 -135.660    560.9    847.8
     1     1    16     4    21    15     0     0    -9.0   59.479 -135.251    542.2    852.1
     1     1    16     4    21    14     0     0   -10.0   59.336 -134.854    526.3    855.2
     1     1    16     4    21    13     0     0   -11.0   59.198 -134.469    512.1    856.5
     1     1    16     4    21    12     0     0   -12.0   59.064 -134.093    499.2    857.2
     1     1    16     4    21    11     0     0   -13.0   58.937 -133.735    485.8    857.6
     1     1    16     4    21    10     0     0   -14.0   58.824 -133.397    470.7    858.0
     1     1    16     4    21     9     0     0   -15.0   58.723 -133.076    454.9    858.3
     1     1    16     4    21     8     0     0   -16.0   58.631 -132.768    438.8    858.4
     1     1    16     4    21     7     0     0   -17.0   58.548 -132.471    423.1    858.3
     1     1    16     4    21     6     0     0   -18.0   58.472 -132.186    408.1    857.8
     1     1    16     4    21     5     0     0   -19.0   58.391 -131.920    392.1    857.4
     1     1    16     4    21     4     0     0   -20.0   58.297 -131.673    373.3    858.0
     1     1    16     4    21     3     0     0   -21.0   58.193 -131.445    351.9    858.7
     1     1    16     4    21     2     0     0   -22.0   58.081 -131.233    328.3    859.7
     1     1    16     4    21     1     0     0   -23.0   57.961 -131.037    302.9    861.0
     1     1    16     4    21     0     0     0   -24.0   57.837 -130.852    276.2    862.8
     1     1    16     4    20    23     0     0   -25.0   57.713 -130.663    250.1    864.1
     1     1    16     4    20    22     0     0   -26.0   57.595 -130.453    226.3    864.4
     1     1    16     4    20    21     0     0   -27.0   57.482 -130.219    204.5    864.1
     1     1    16     4    20    20     0     0   -28.0   57.373 -129.960    184.7    864.6
     1     1    16     4    20    19     0     0   -29.0   57.271 -129.682    166.3    866.1
     1     1    16     4    20    18     0     0   -30.0   57.177 -129.387    148.6    867.1
     1     1    16     4    20    17     0     0   -31.0   57.087 -129.076    131.2    867.8
     1     1    16     4    20    16     0     0   -32.0   56.999 -128.750    113.9    868.2
     1     1    16     4    20    15     0     0   -33.0   56.915 -128.412     97.0    868.4
     1     1    16     4    20    14     0     0   -34.0   56.833 -128.064     80.5    868.5
     1     1    16     4    20    13     0     0   -35.0   56.755 -127.706     64.9    867.9
     1     1    16     4    20    12     0     0   -36.0   56.683 -127.343     51.2    868.6
     1     1    16     4    20    11     0     0   -37.0   56.631 -126.979     41.1    871.4
     1     1    16     4    20    10     0     0   -38.0   56.603 -126.618     34.2    873.2
     1     1    16     4    20     9     0     0   -39.0   56.594 -126.261     29.5    874.6
     1     1    16     4    20     8     0     0   -40.0   56.601 -125.906     26.1    875.6
     1     1    16     4    20     7     0     0   -41.0   56.621 -125.553     23.7    876.3
     1     1    16     4    20     6     0     0   -42.0   56.652 -125.201     21.8    876.9
     1     1    16     4    20     5     0     0   -43.0   56.699 -124.898     20.4    878.3
     1     1    16     4    20     4     0     0   -44.0   56.764 -124.697     19.6    880.1
     1     1    16     4    20     3     0     0   -45.0   56.846 -124.597     19.3    880.6
     1     1    16     4    20     2     0     0   -46.0   56.944 -124.599     19.3    880.0
     1     1    16     4    20     1     0     0   -47.0   57.057 -124.700     19.9    878.1
     1     1    16     4    20     0     0     0   -48.0   57.185 -124.903     20.9    874.8
     1     1    16     4    19    23     0     0   -49.0   57.315 -125.159     22.9    872.2
     1     1    16     4    19    22     0     0   -50.0   57.435 -125.423     26.3    869.9
     1     1    16     4    19    21     0     0   -51.0   57.546 -125.700     31.8    868.1
     1     1    16     4    19    20     0     0   -52.0   57.652 -125.995     39.9    866.9
     1     1    16     4    19    19     0     0   -53.0   57.754 -126.317     51.4    865.2
     1     1    16     4    19    18     0     0   -54.0   57.859 -126.674     67.2    862.8
     1     1    16     4    19    17     0     0   -55.0   57.973 -127.086     89.6    858.0
     1     1    16     4    19    16     0     0   -56.0   58.105 -127.570    121.1    852.3
     1     1    16     4    19    15     0     0   -57.0   58.246 -128.120    158.4    851.8
     1     1    16     4    19    14     0     0   -58.0   58.385 -128.717    195.6    851.3
     1     1    16     4    19    13     0     0   -59.0   58.515 -129.341    228.1    849.9
     1     1    16     4    19    12     0     0   -60.0   58.632 -129.979    252.7    849.4
     1     1    16     4    19    11     0     0   -61.0   58.735 -130.612    268.7    854.9
     1     1    16     4    19    10     0     0   -62.0   58.817 -131.229    275.0    860.9
     1     1    16     4    19     9     0     0   -63.0   58.874 -131.828    270.8    867.8
     1     1    16     4    19     8     0     0   -64.0   58.900 -132.403    255.9    875.8
     1     1    16     4    19     7     0     0   -65.0   58.894 -132.952    234.1    885.1
     1     1    16     4    19     6     0     0   -66.0   58.857 -133.473    210.2    894.8
     1     1    16     4    19     5     0     0   -67.0   58.801 -133.946    186.2    904.2
     1     1    16     4    19     4     0     0   -68.0   58.735 -134.362    163.2    912.7
     1     1    16     4    19     3     0     0   -69.0   58.662 -134.731    142.6    921.0
     1     1    16     4    19     2     0     0   -70.0   58.582 -135.062    125.0    928.6
     1     1    16     4    19     1     0     0   -71.0   58.499 -135.368    109.7    934.2
     1     1    16     4    19     0     0     0   -72.0   58.412 -135.658     96.9    939.9
