     1     1
    CDC1    15    10     1     0     0
     1 BACKWARD OMEGA   
    15    10    28    18   60.984 -139.059   750.0
     1 PRESSURE
     1     1    15    10    28    18     0     0     0.0   60.984 -139.059    750.0    800.3
     1     1    15    10    28    17     0     0    -1.0   60.712 -138.852    718.5    807.5
     1     1    15    10    28    16     0     0    -2.0   60.429 -138.609    677.9    816.2
     1     1    15    10    28    15     0     0    -3.0   60.137 -138.332    627.2    826.1
     1     1    15    10    28    14     0     0    -4.0   59.839 -138.026    567.7    838.9
     1     1    15    10    28    13     0     0    -5.0   59.546 -137.696    502.5    853.8
     1     1    15    10    28    12     0     0    -6.0   59.263 -137.347    434.4    868.9
     1     1    15    10    28    11     0     0    -7.0   59.000 -136.989    371.9    883.9
     1     1    15    10    28    10     0     0    -8.0   58.765 -136.633    322.1    894.9
     1     1    15    10    28     9     0     0    -9.0   58.558 -136.277    284.4    903.6
     1     1    15    10    28     8     0     0   -10.0   58.377 -135.926    255.9    910.7
     1     1    15    10    28     7     0     0   -11.0   58.219 -135.582    234.5    916.3
     1     1    15    10    28     6     0     0   -12.0   58.083 -135.251    218.7    920.6
     1     1    15    10    28     5     0     0   -13.0   57.963 -134.934    206.5    923.6
     1     1    15    10    28     4     0     0   -14.0   57.855 -134.632    196.2    924.1
     1     1    15    10    28     3     0     0   -15.0   57.761 -134.347    187.6    923.8
     1     1    15    10    28     2     0     0   -16.0   57.679 -134.085    180.6    923.2
     1     1    15    10    28     1     0     0   -17.0   57.609 -133.849    175.0    922.5
     1     1    15    10    28     0     0     0   -18.0   57.552 -133.641    170.7    921.7
     1     1    15    10    27    23     0     0   -19.0   57.497 -133.449    168.2    920.6
     1     1    15    10    27    22     0     0   -20.0   57.435 -133.255    167.9    919.3
     1     1    15    10    27    21     0     0   -21.0   57.360 -133.054    169.8    918.1
     1     1    15    10    27    20     0     0   -22.0   57.268 -132.841    173.7    916.9
     1     1    15    10    27    19     0     0   -23.0   57.158 -132.614    179.6    915.9
     1     1    15    10    27    18     0     0   -24.0   57.026 -132.370    186.9    914.7
     1     1    15    10    27    17     0     0   -25.0   56.879 -132.120    193.3    913.3
     1     1    15    10    27    16     0     0   -26.0   56.725 -131.873    197.5    912.3
     1     1    15    10    27    15     0     0   -27.0   56.563 -131.627    200.4    911.6
     1     1    15    10    27    14     0     0   -28.0   56.397 -131.379    202.6    911.0
     1     1    15    10    27    13     0     0   -29.0   56.226 -131.125    205.1    910.4
     1     1    15    10    27    12     0     0   -30.0   56.052 -130.864    208.8    909.5
     1     1    15    10    27    11     0     0   -31.0   55.878 -130.593    216.0    907.9
     1     1    15    10    27    10     0     0   -32.0   55.707 -130.311    228.7    905.2
     1     1    15    10    27     9     0     0   -33.0   55.536 -130.019    247.5    901.5
     1     1    15    10    27     8     0     0   -34.0   55.373 -129.718    272.0    898.0
     1     1    15    10    27     7     0     0   -35.0   55.222 -129.413    300.7    893.8
     1     1    15    10    27     6     0     0   -36.0   55.085 -129.100    333.3    888.8
     1     1    15    10    27     5     0     0   -37.0   54.963 -128.788    368.9    883.0
     1     1    15    10    27     4     0     0   -38.0   54.864 -128.493    406.7    876.0
     1     1    15    10    27     3     0     0   -39.0   54.789 -128.223    447.6    868.6
     1     1    15    10    27     2     0     0   -40.0   54.744 -127.981    492.2    861.0
     1     1    15    10    27     1     0     0   -41.0   54.733 -127.772    541.1    853.0
     1     1    15    10    27     0     0     0   -42.0   54.762 -127.597    595.1    844.7
     1     1    15    10    26    23     0     0   -43.0   54.835 -127.439    652.7    835.0
     1     1    15    10    26    22     0     0   -44.0   54.954 -127.286    710.8    825.6
     1     1    15    10    26    21     0     0   -45.0   55.118 -127.142    768.1    816.2
     1     1    15    10    26    20     0     0   -46.0   55.320 -127.018    823.5    806.9
     1     1    15    10    26    19     0     0   -47.0   55.557 -126.918    876.7    797.9
     1     1    15    10    26    18     0     0   -48.0   55.826 -126.846    927.7    788.6
     1     1    15    10    26    17     0     0   -49.0   56.108 -126.814    975.8    779.5
     1     1    15    10    26    16     0     0   -50.0   56.387 -126.825   1019.9    771.1
     1     1    15    10    26    15     0     0   -51.0   56.661 -126.864   1059.1    763.5
     1     1    15    10    26    14     0     0   -52.0   56.929 -126.919   1092.6    756.4
     1     1    15    10    26    13     0     0   -53.0   57.190 -126.981   1119.3    750.1
     1     1    15    10    26    12     0     0   -54.0   57.443 -127.037   1137.9    744.7
     1     1    15    10    26    11     0     0   -55.0   57.680 -127.107   1156.0    743.4
     1     1    15    10    26    10     0     0   -56.0   57.893 -127.210   1179.8    741.7
     1     1    15    10    26     9     0     0   -57.0   58.081 -127.347   1208.0    739.1
     1     1    15    10    26     8     0     0   -58.0   58.247 -127.518   1240.2    735.8
     1     1    15    10    26     7     0     0   -59.0   58.390 -127.724   1276.8    733.6
     1     1    15    10    26     6     0     0   -60.0   58.511 -127.963   1316.6    730.9
     1     1    15    10    26     5     0     0   -61.0   58.613 -128.216   1357.2    727.9
     1     1    15    10    26     4     0     0   -62.0   58.691 -128.461   1396.8    725.1
     1     1    15    10    26     3     0     0   -63.0   58.743 -128.699   1434.4    722.3
     1     1    15    10    26     2     0     0   -64.0   58.769 -128.929   1469.3    719.6
     1     1    15    10    26     1     0     0   -65.0   58.767 -129.150   1500.5    717.3
     1     1    15    10    26     0     0     0   -66.0   58.735 -129.359   1526.7    715.5
     1     1    15    10    25    23     0     0   -67.0   58.691 -129.548   1549.5    714.7
     1     1    15    10    25    22     0     0   -68.0   58.652 -129.709   1570.4    713.8
     1     1    15    10    25    21     0     0   -69.0   58.617 -129.842   1589.2    713.0
     1     1    15    10    25    20     0     0   -70.0   58.585 -129.950   1606.0    712.4
     1     1    15    10    25    19     0     0   -71.0   58.554 -130.031   1620.6    712.1
     1     1    15    10    25    18     0     0   -72.0   58.523 -130.086   1633.0    712.0
