     1     1
    CDC1    16     4     1     0     0
     1 BACKWARD OMEGA   
    16     4    15    12   60.984 -139.059   750.0
     1 PRESSURE
     1     1    16     4    15    12     0     0     0.0   60.984 -139.059    750.0    803.6
     1     1    16     4    15    11     0     0    -1.0   60.792 -138.822    717.1    810.1
     1     1    16     4    15    10     0     0    -2.0   60.585 -138.576    684.8    816.8
     1     1    16     4    15     9     0     0    -3.0   60.367 -138.326    653.1    823.7
     1     1    16     4    15     8     0     0    -4.0   60.139 -138.074    621.7    830.8
     1     1    16     4    15     7     0     0    -5.0   59.907 -137.831    592.0    839.1
     1     1    16     4    15     6     0     0    -6.0   59.678 -137.613    566.1    848.8
     1     1    16     4    15     5     0     0    -7.0   59.464 -137.413    542.6    857.3
     1     1    16     4    15     4     0     0    -8.0   59.270 -137.215    518.8    864.9
     1     1    16     4    15     3     0     0    -9.0   59.097 -137.014    494.0    872.0
     1     1    16     4    15     2     0     0   -10.0   58.941 -136.807    468.2    878.6
     1     1    16     4    15     1     0     0   -11.0   58.801 -136.589    440.9    884.8
     1     1    16     4    15     0     0     0   -12.0   58.678 -136.359    412.3    890.5
     1     1    16     4    14    23     0     0   -13.0   58.559 -136.132    382.8    896.5
     1     1    16     4    14    22     0     0   -14.0   58.437 -135.922    353.7    901.9
     1     1    16     4    14    21     0     0   -15.0   58.312 -135.728    325.9    907.3
     1     1    16     4    14    20     0     0   -16.0   58.187 -135.549    300.1    912.6
     1     1    16     4    14    19     0     0   -17.0   58.063 -135.384    276.5    917.9
     1     1    16     4    14    18     0     0   -18.0   57.941 -135.234    255.4    922.9
     1     1    16     4    14    17     0     0   -19.0   57.830 -135.089    238.2    927.3
     1     1    16     4    14    16     0     0   -20.0   57.737 -134.944    226.0    930.0
     1     1    16     4    14    15     0     0   -21.0   57.659 -134.798    217.9    930.9
     1     1    16     4    14    14     0     0   -22.0   57.597 -134.649    213.2    930.9
     1     1    16     4    14    13     0     0   -23.0   57.548 -134.498    211.6    930.1
     1     1    16     4    14    12     0     0   -24.0   57.511 -134.345    212.6    928.5
     1     1    16     4    14    11     0     0   -25.0   57.478 -134.199    215.2    926.9
     1     1    16     4    14    10     0     0   -26.0   57.442 -134.065    218.0    925.5
     1     1    16     4    14     9     0     0   -27.0   57.404 -133.943    221.2    924.3
     1     1    16     4    14     8     0     0   -28.0   57.363 -133.831    225.0    923.2
     1     1    16     4    14     7     0     0   -29.0   57.318 -133.727    229.4    922.2
     1     1    16     4    14     6     0     0   -30.0   57.270 -133.630    234.4    921.3
     1     1    16     4    14     5     0     0   -31.0   57.214 -133.532    239.5    920.3
     1     1    16     4    14     4     0     0   -32.0   57.145 -133.425    244.2    919.5
     1     1    16     4    14     3     0     0   -33.0   57.065 -133.309    248.7    918.9
     1     1    16     4    14     2     0     0   -34.0   56.975 -133.181    253.1    918.4
     1     1    16     4    14     1     0     0   -35.0   56.876 -133.040    257.5    918.0
     1     1    16     4    14     0     0     0   -36.0   56.769 -132.883    262.3    917.5
     1     1    16     4    13    23     0     0   -37.0   56.662 -132.718    267.3    916.7
     1     1    16     4    13    22     0     0   -38.0   56.557 -132.551    272.2    915.9
     1     1    16     4    13    21     0     0   -39.0   56.452 -132.382    276.9    914.7
     1     1    16     4    13    20     0     0   -40.0   56.344 -132.212    281.5    913.4
     1     1    16     4    13    19     0     0   -41.0   56.230 -132.041    285.9    912.3
     1     1    16     4    13    18     0     0   -42.0   56.111 -131.873    289.7    911.5
     1     1    16     4    13    17     0     0   -43.0   55.979 -131.702    293.6    910.5
     1     1    16     4    13    16     0     0   -44.0   55.827 -131.528    298.6    909.8
     1     1    16     4    13    15     0     0   -45.0   55.656 -131.353    304.9    909.2
     1     1    16     4    13    14     0     0   -46.0   55.464 -131.179    312.8    909.0
     1     1    16     4    13    13     0     0   -47.0   55.250 -131.009    322.5    909.1
     1     1    16     4    13    12     0     0   -48.0   55.016 -130.848    334.1    909.6
     1     1    16     4    13    11     0     0   -49.0   54.769 -130.704    342.7    909.8
     1     1    16     4    13    10     0     0   -50.0   54.517 -130.585    343.2    912.0
     1     1    16     4    13     9     0     0   -51.0   54.265 -130.493    336.6    915.6
     1     1    16     4    13     8     0     0   -52.0   54.015 -130.429    323.5    920.3
     1     1    16     4    13     7     0     0   -53.0   53.771 -130.396    305.3    926.1
     1     1    16     4    13     6     0     0   -54.0   53.532 -130.394    283.1    932.8
     1     1    16     4    13     5     0     0   -55.0   53.294 -130.398    259.9    940.1
     1     1    16     4    13     4     0     0   -56.0   53.047 -130.390    238.4    947.2
     1     1    16     4    13     3     0     0   -57.0   52.796 -130.373    218.7    954.2
     1     1    16     4    13     2     0     0   -58.0   52.540 -130.350    201.4    961.1
     1     1    16     4    13     1     0     0   -59.0   52.280 -130.333    185.5    965.2
     1     1    16     4    13     0     0     0   -60.0   52.018 -130.337    170.6    969.1
     1     1    16     4    12    23     0     0   -61.0   51.749 -130.374    156.4    972.8
     1     1    16     4    12    22     0     0   -62.0   51.467 -130.453    142.1    977.0
     1     1    16     4    12    21     0     0   -63.0   51.171 -130.576    127.1    981.7
     1     1    16     4    12    20     0     0   -64.0   50.858 -130.746    110.6    986.8
     1     1    16     4    12    19     0     0   -65.0   50.530 -130.967     92.2    992.3
     1     1    16     4    12    18     0     0   -66.0   50.184 -131.244     71.6    998.1
     1     1    16     4    12    17     0     0   -67.0   49.824 -131.566     53.7   1001.6
     1     1    16     4    12    16     0     0   -68.0   49.460 -131.914     42.0   1002.9
     1     1    16     4    12    15     0     0   -69.0   49.094 -132.287     35.0   1003.2
     1     1    16     4    12    14     0     0   -70.0   48.729 -132.692     31.3   1002.2
     1     1    16     4    12    13     0     0   -71.0   48.370 -133.141     30.0   1000.6
     1     1    16     4    12    12     0     0   -72.0   48.019 -133.644     31.1    999.3
