     1     1
    CDC1    15    10     1     0     0
     1 BACKWARD OMEGA   
    15    10     9     0   60.984 -139.059   750.0
     1 PRESSURE
     1     1    15    10     9     0     0     0     0.0   60.984 -139.059    750.0    802.0
     1     1    15    10     8    23     0     0    -1.0   60.752 -138.705    689.0    811.8
     1     1    15    10     8    22     0     0    -2.0   60.528 -138.386    628.2    821.9
     1     1    15    10     8    21     0     0    -3.0   60.316 -138.088    567.3    831.5
     1     1    15    10     8    20     0     0    -4.0   60.120 -137.795    507.0    840.7
     1     1    15    10     8    19     0     0    -5.0   59.944 -137.497    448.8    850.6
     1     1    15    10     8    18     0     0    -6.0   59.788 -137.185    394.0    860.8
     1     1    15    10     8    17     0     0    -7.0   59.639 -136.848    342.6    869.5
     1     1    15    10     8    16     0     0    -8.0   59.496 -136.484    295.1    877.6
     1     1    15    10     8    15     0     0    -9.0   59.364 -136.102    252.7    885.0
     1     1    15    10     8    14     0     0   -10.0   59.247 -135.711    215.6    891.7
     1     1    15    10     8    13     0     0   -11.0   59.145 -135.320    183.6    897.0
     1     1    15    10     8    12     0     0   -12.0   59.058 -134.936    155.9    900.6
     1     1    15    10     8    11     0     0   -13.0   58.982 -134.579    132.5    901.9
     1     1    15    10     8    10     0     0   -14.0   58.919 -134.269    113.7    902.6
     1     1    15    10     8     9     0     0   -15.0   58.870 -134.006     98.9    902.9
     1     1    15    10     8     8     0     0   -16.0   58.836 -133.792     87.5    903.0
     1     1    15    10     8     7     0     0   -17.0   58.816 -133.626     78.9    902.8
     1     1    15    10     8     6     0     0   -18.0   58.811 -133.510     72.4    902.6
     1     1    15    10     8     5     0     0   -19.0   58.805 -133.414     67.3    902.4
     1     1    15    10     8     4     0     0   -20.0   58.785 -133.313     62.8    902.5
     1     1    15    10     8     3     0     0   -21.0   58.748 -133.204     58.9    902.8
     1     1    15    10     8     2     0     0   -22.0   58.692 -133.086     55.4    903.4
     1     1    15    10     8     1     0     0   -23.0   58.612 -132.956     52.2    904.2
     1     1    15    10     8     0     0     0   -24.0   58.503 -132.812     49.3    905.4
     1     1    15    10     7    23     0     0   -25.0   58.379 -132.663     46.6    906.5
     1     1    15    10     7    22     0     0   -26.0   58.257 -132.517     44.2    907.3
     1     1    15    10     7    21     0     0   -27.0   58.143 -132.377     42.2    907.7
     1     1    15    10     7    20     0     0   -28.0   58.045 -132.246     40.6    907.8
     1     1    15    10     7    19     0     0   -29.0   57.963 -132.125     39.4    907.6
     1     1    15    10     7    18     0     0   -30.0   57.900 -132.016     38.5    907.1
     1     1    15    10     7    17     0     0   -31.0   57.845 -131.914     39.2    906.4
     1     1    15    10     7    16     0     0   -32.0   57.787 -131.817     42.8    905.2
     1     1    15    10     7    15     0     0   -33.0   57.723 -131.723     49.5    903.9
     1     1    15    10     7    14     0     0   -34.0   57.650 -131.634     60.1    902.5
     1     1    15    10     7    13     0     0   -35.0   57.567 -131.549     75.4    900.9
     1     1    15    10     7    12     0     0   -36.0   57.476 -131.473     95.3    898.1
     1     1    15    10     7    11     0     0   -37.0   57.382 -131.414    115.5    896.2
     1     1    15    10     7    10     0     0   -38.0   57.292 -131.377    131.7    895.7
     1     1    15    10     7     9     0     0   -39.0   57.207 -131.358    144.1    895.9
     1     1    15    10     7     8     0     0   -40.0   57.128 -131.356    152.9    896.8
     1     1    15    10     7     7     0     0   -41.0   57.056 -131.370    158.0    898.1
     1     1    15    10     7     6     0     0   -42.0   56.994 -131.400    159.7    899.9
     1     1    15    10     7     5     0     0   -43.0   56.933 -131.432    158.8    902.1
     1     1    15    10     7     4     0     0   -44.0   56.868 -131.450    156.2    904.3
     1     1    15    10     7     3     0     0   -45.0   56.798 -131.457    152.0    906.5
     1     1    15    10     7     2     0     0   -46.0   56.723 -131.451    146.2    908.8
     1     1    15    10     7     1     0     0   -47.0   56.645 -131.434    138.9    911.2
     1     1    15    10     7     0     0     0   -48.0   56.561 -131.407    130.2    913.6
     1     1    15    10     6    23     0     0   -49.0   56.484 -131.365    122.8    915.5
     1     1    15    10     6    22     0     0   -50.0   56.424 -131.306    119.2    916.0
     1     1    15    10     6    21     0     0   -51.0   56.380 -131.233    119.1    915.5
     1     1    15    10     6    20     0     0   -52.0   56.354 -131.145    122.4    913.9
     1     1    15    10     6    19     0     0   -53.0   56.342 -131.044    129.2    911.2
     1     1    15    10     6    18     0     0   -54.0   56.346 -130.928    139.8    907.6
     1     1    15    10     6    17     0     0   -55.0   56.357 -130.809    153.5    903.6
     1     1    15    10     6    16     0     0   -56.0   56.370 -130.698    169.5    899.6
     1     1    15    10     6    15     0     0   -57.0   56.386 -130.597    188.1    895.6
     1     1    15    10     6    14     0     0   -58.0   56.405 -130.507    209.7    891.0
     1     1    15    10     6    13     0     0   -59.0   56.427 -130.433    234.0    886.2
     1     1    15    10     6    12     0     0   -60.0   56.453 -130.377    261.6    881.4
     1     1    15    10     6    11     0     0   -61.0   56.478 -130.333    290.4    876.8
     1     1    15    10     6    10     0     0   -62.0   56.494 -130.291    318.0    872.9
     1     1    15    10     6     9     0     0   -63.0   56.502 -130.250    344.5    869.5
     1     1    15    10     6     8     0     0   -64.0   56.502 -130.209    369.8    866.4
     1     1    15    10     6     7     0     0   -65.0   56.495 -130.168    393.6    863.2
     1     1    15    10     6     6     0     0   -66.0   56.479 -130.125    415.6    860.4
     1     1    15    10     6     5     0     0   -67.0   56.464 -130.087    435.5    858.1
     1     1    15    10     6     4     0     0   -68.0   56.454 -130.061    453.2    856.2
     1     1    15    10     6     3     0     0   -69.0   56.452 -130.044    468.5    854.6
     1     1    15    10     6     2     0     0   -70.0   56.456 -130.037    481.4    853.3
     1     1    15    10     6     1     0     0   -71.0   56.466 -130.037    491.8    852.3
     1     1    15    10     6     0     0     0   -72.0   56.483 -130.045    499.9    851.5
