     1     1
    CDC1    15    10     1     0     0
     1 BACKWARD OMEGA   
    15    10    10     6   60.984 -139.059   750.0
     1 PRESSURE
     1     1    15    10    10     6     0     0     0.0   60.984 -139.059    750.0    782.7
     1     1    15    10    10     5     0     0    -1.0   60.852 -139.102    711.5    788.5
     1     1    15    10    10     4     0     0    -2.0   60.725 -139.087    668.3    795.0
     1     1    15    10    10     3     0     0    -3.0   60.606 -139.008    620.1    802.0
     1     1    15    10    10     2     0     0    -4.0   60.495 -138.860    566.6    808.8
     1     1    15    10    10     1     0     0    -5.0   60.392 -138.634    507.1    815.9
     1     1    15    10    10     0     0     0    -6.0   60.298 -138.322    441.2    823.9
     1     1    15    10     9    23     0     0    -7.0   60.219 -137.965    372.2    833.5
     1     1    15    10     9    22     0     0    -8.0   60.159 -137.601    306.2    841.2
     1     1    15    10     9    21     0     0    -9.0   60.117 -137.225    246.2    848.2
     1     1    15    10     9    20     0     0   -10.0   60.091 -136.843    193.4    854.5
     1     1    15    10     9    19     0     0   -11.0   60.080 -136.465    150.2    858.7
     1     1    15    10     9    18     0     0   -12.0   60.083 -136.102    117.7    861.9
     1     1    15    10     9    17     0     0   -13.0   60.083 -135.760     94.1    865.4
     1     1    15    10     9    16     0     0   -14.0   60.061 -135.437     77.3    868.6
     1     1    15    10     9    15     0     0   -15.0   60.015 -135.130     65.1    871.0
     1     1    15    10     9    14     0     0   -16.0   59.943 -134.840     55.7    873.5
     1     1    15    10     9    13     0     0   -17.0   59.848 -134.567     48.6    876.1
     1     1    15    10     9    12     0     0   -18.0   59.733 -134.312     44.0    879.0
     1     1    15    10     9    11     0     0   -19.0   59.610 -134.091     40.4    881.2
     1     1    15    10     9    10     0     0   -20.0   59.487 -133.912     35.8    884.0
     1     1    15    10     9     9     0     0   -21.0   59.367 -133.772     30.9    887.0
     1     1    15    10     9     8     0     0   -22.0   59.252 -133.670     25.9    890.3
     1     1    15    10     9     7     0     0   -23.0   59.143 -133.602     21.1    893.8
     1     1    15    10     9     6     0     0   -24.0   59.040 -133.569     16.9    897.5
     1     1    15    10     9     5     0     0   -25.0   58.940 -133.528     13.5    899.9
     1     1    15    10     9     4     0     0   -26.0   58.841 -133.442     10.8    901.7
     1     1    15    10     9     3     0     0   -27.0   58.738 -133.316      8.5    902.7
     1     1    15    10     9     2     0     0   -28.0   58.630 -133.155      6.3    903.2
     1     1    15    10     9     1     0     0   -29.0   58.511 -132.966      4.0    903.4
     1     1    15    10     9     0     0     0   -30.0   58.379 -132.754      1.6    903.4
     1     1    15    10     8    23     0     0   -31.0   58.252 -132.536      0.0    903.3
     1     1    15    10     8    22     0     0   -32.0   58.150 -132.325      0.0    902.4
     1     1    15    10     8    21     0     0   -33.0   58.072 -132.114      0.0    900.8
     1     1    15    10     8    20     0     0   -34.0   58.018 -131.904      0.0    898.7
     1     1    15    10     8    19     0     0   -35.0   57.988 -131.693      0.0    896.1
     1     1    15    10     8    18     0     0   -36.0   57.983 -131.483      0.0    893.2
     1     1    15    10     8    17     0     0   -37.0   57.983 -131.269      0.0    890.6
     1     1    15    10     8    16     0     0   -38.0   57.969 -131.045      0.0    888.0
     1     1    15    10     8    15     0     0   -39.0   57.941 -130.813      0.0    885.4
     1     1    15    10     8    14     0     0   -40.0   57.898 -130.571      0.0    882.7
     1     1    15    10     8    13     0     0   -41.0   57.839 -130.320      0.0    879.9
     1     1    15    10     8    12     0     0   -42.0   57.763 -130.060      0.0    876.9
     1     1    15    10     8    11     0     0   -43.0   57.683 -129.823      0.0    874.9
     1     1    15    10     8    10     0     0   -44.0   57.614 -129.643      0.0    873.7
     1     1    15    10     8     9     0     0   -45.0   57.556 -129.516      0.0    872.8
     1     1    15    10     8     8     0     0   -46.0   57.511 -129.439      0.0    872.3
     1     1    15    10     8     7     0     0   -47.0   57.480 -129.411      0.0    872.5
     1     1    15    10     8     6     0     0   -48.0   57.465 -129.428      0.0    872.9
     1     1    15    10     8     5     0     0   -49.0   57.454 -129.467      0.0    873.9
     1     1    15    10     8     4     0     0   -50.0   57.432 -129.506      0.0    875.0
     1     1    15    10     8     3     0     0   -51.0   57.400 -129.542      0.0    876.4
     1     1    15    10     8     2     0     0   -52.0   57.356 -129.575      0.0    878.1
     1     1    15    10     8     1     0     0   -53.0   57.299 -129.603      0.0    879.9
     1     1    15    10     8     0     0     0   -54.0   57.228 -129.626      0.0    882.0
     1     1    15    10     7    23     0     0   -55.0   57.156 -129.639      0.0    883.9
     1     1    15    10     7    22     0     0   -56.0   57.099 -129.646      0.0    885.4
     1     1    15    10     7    21     0     0   -57.0   57.057 -129.646      0.0    886.6
     1     1    15    10     7    20     0     0   -58.0   57.030 -129.641      0.0    887.3
     1     1    15    10     7    19     0     0   -59.0   57.018 -129.634      0.0    887.6
     1     1    15    10     7    18     0     0   -60.0   57.023 -129.626      0.0    887.6
     1     1    15    10     7    17     0     0   -61.0   57.030 -129.619      0.0    887.3
     1     1    15    10     7    16     0     0   -62.0   57.025 -129.617      0.0    887.3
     1     1    15    10     7    15     0     0   -63.0   57.007 -129.616      0.0    887.6
     1     1    15    10     7    14     0     0   -64.0   56.978 -129.617      0.2    888.2
     1     1    15    10     7    13     0     0   -65.0   56.936 -129.619      0.7    889.0
     1     1    15    10     7    12     0     0   -66.0   56.882 -129.621      1.5    890.2
     1     1    15    10     7    11     0     0   -67.0   56.821 -129.621      2.3    891.6
     1     1    15    10     7    10     0     0   -68.0   56.762 -129.619      3.0    892.9
     1     1    15    10     7     9     0     0   -69.0   56.705 -129.616      3.4    894.1
     1     1    15    10     7     8     0     0   -70.0   56.649 -129.612      3.7    895.2
     1     1    15    10     7     7     0     0   -71.0   56.596 -129.609      3.8    896.3
     1     1    15    10     7     6     0     0   -72.0   56.545 -129.607      3.8    897.4
