     1     1
    CDC1    16     2     1     0     0
     1 BACKWARD OMEGA   
    16     2    28    12   60.984 -139.059   750.0
     1 PRESSURE
     1     1    16     2    28    12     0     0     0.0   60.984 -139.059    750.0    794.5
     1     1    16     2    28    11     0     0    -1.0   60.649 -138.501    674.9    806.7
     1     1    16     2    28    10     0     0    -2.0   60.287 -137.934    589.9    821.3
     1     1    16     2    28     9     0     0    -3.0   59.903 -137.351    499.2    837.5
     1     1    16     2    28     8     0     0    -4.0   59.508 -136.756    415.1    858.3
     1     1    16     2    28     7     0     0    -5.0   59.122 -136.152    345.8    875.3
     1     1    16     2    28     6     0     0    -6.0   58.755 -135.535    290.7    888.6
     1     1    16     2    28     5     0     0    -7.0   58.415 -134.919    247.3    899.6
     1     1    16     2    28     4     0     0    -8.0   58.103 -134.313    212.6    905.0
     1     1    16     2    28     3     0     0    -9.0   57.821 -133.714    185.3    907.4
     1     1    16     2    28     2     0     0   -10.0   57.569 -133.120    163.6    907.2
     1     1    16     2    28     1     0     0   -11.0   57.343 -132.544    146.1    906.0
     1     1    16     2    28     0     0     0   -12.0   57.131 -132.011    130.2    903.8
     1     1    16     2    27    23     0     0   -13.0   56.925 -131.551    114.6    902.7
     1     1    16     2    27    22     0     0   -14.0   56.731 -131.166     99.8    902.6
     1     1    16     2    27    21     0     0   -15.0   56.550 -130.842     86.1    903.2
     1     1    16     2    27    20     0     0   -16.0   56.382 -130.566     74.0    904.4
     1     1    16     2    27    19     0     0   -17.0   56.229 -130.333     64.0    905.0
     1     1    16     2    27    18     0     0   -18.0   56.091 -130.137     56.6    905.7
     1     1    16     2    27    17     0     0   -19.0   55.965 -129.970     50.9    906.5
     1     1    16     2    27    16     0     0   -20.0   55.845 -129.824     46.2    908.1
     1     1    16     2    27    15     0     0   -21.0   55.730 -129.696     42.6    909.6
     1     1    16     2    27    14     0     0   -22.0   55.620 -129.586     39.8    911.1
     1     1    16     2    27    13     0     0   -23.0   55.511 -129.495     37.7    912.7
     1     1    16     2    27    12     0     0   -24.0   55.404 -129.423     36.2    914.4
     1     1    16     2    27    11     0     0   -25.0   55.299 -129.368     34.2    915.9
     1     1    16     2    27    10     0     0   -26.0   55.198 -129.326     30.9    917.8
     1     1    16     2    27     9     0     0   -27.0   55.100 -129.295     26.6    919.9
     1     1    16     2    27     8     0     0   -28.0   55.005 -129.272     21.8    922.2
     1     1    16     2    27     7     0     0   -29.0   54.914 -129.258     17.1    924.4
     1     1    16     2    27     6     0     0   -30.0   54.824 -129.257     13.2    926.8
     1     1    16     2    27     5     0     0   -31.0   54.734 -129.261     10.2    928.9
     1     1    16     2    27     4     0     0   -32.0   54.642 -129.270      7.7    930.5
     1     1    16     2    27     3     0     0   -33.0   54.548 -129.289      5.1    932.3
     1     1    16     2    27     2     0     0   -34.0   54.451 -129.320      2.5    934.4
     1     1    16     2    27     1     0     0   -35.0   54.353 -129.362      0.0    936.6
     1     1    16     2    27     0     0     0   -36.0   54.253 -129.417      0.0    939.1
     1     1    16     2    26    23     0     0   -37.0   54.144 -129.476      0.0    942.3
     1     1    16     2    26    22     0     0   -38.0   54.021 -129.531      0.0    945.8
     1     1    16     2    26    21     0     0   -39.0   53.883 -129.582      0.0    949.5
     1     1    16     2    26    20     0     0   -40.0   53.730 -129.628      0.0    953.4
     1     1    16     2    26    19     0     0   -41.0   53.564 -129.669      0.0    957.5
     1     1    16     2    26    18     0     0   -42.0   53.383 -129.703      0.0    961.9
     1     1    16     2    26    17     0     0   -43.0   53.182 -129.711      0.0    965.9
     1     1    16     2    26    16     0     0   -44.0   52.954 -129.678      0.0    969.7
     1     1    16     2    26    15     0     0   -45.0   52.700 -129.609      0.0    973.3
     1     1    16     2    26    14     0     0   -46.0   52.421 -129.508      0.0    976.1
     1     1    16     2    26    13     0     0   -47.0   52.127 -129.375      0.0    976.8
     1     1    16     2    26    12     0     0   -48.0   51.827 -129.212      0.0    977.2
     1     1    16     2    26    11     0     0   -49.0   51.531 -129.022      0.0    977.8
     1     1    16     2    26    10     0     0   -50.0   51.244 -128.805      0.0    978.1
     1     1    16     2    26     9     0     0   -51.0   50.960 -128.559      0.0    978.2
     1     1    16     2    26     8     0     0   -52.0   50.678 -128.284      0.0    978.3
     1     1    16     2    26     7     0     0   -53.0   50.397 -127.980      0.0    978.3
     1     1    16     2    26     6     0     0   -54.0   50.116 -127.647      0.0    978.3
     1     1    16     2    26     5     0     0   -55.0   49.854 -127.311      0.0    978.2
     1     1    16     2    26     4     0     0   -56.0   49.628 -127.005      0.0    978.1
     1     1    16     2    26     3     0     0   -57.0   49.435 -126.731      0.0    978.4
     1     1    16     2    26     2     0     0   -58.0   49.271 -126.486      0.0    978.9
     1     1    16     2    26     1     0     0   -59.0   49.132 -126.266      0.2    979.5
     1     1    16     2    26     0     0     0   -60.0   49.016 -126.070      1.0    980.0
     1     1    16     2    25    23     0     0   -61.0   48.915 -125.889      1.9    980.7
     1     1    16     2    25    22     0     0   -62.0   48.826 -125.715      2.4    981.3
     1     1    16     2    25    21     0     0   -63.0   48.750 -125.545      2.5    981.9
     1     1    16     2    25    20     0     0   -64.0   48.688 -125.378      2.2    982.2
     1     1    16     2    25    19     0     0   -65.0   48.642 -125.212      1.4    982.3
     1     1    16     2    25    18     0     0   -66.0   48.612 -125.047      0.0    982.0
     1     1    16     2    25    17     0     0   -67.0   48.595 -124.886      0.0    980.6
     1     1    16     2    25    16     0     0   -68.0   48.581 -124.730      0.0    978.9
     1     1    16     2    25    15     0     0   -69.0   48.568 -124.579      0.0    977.3
     1     1    16     2    25    14     0     0   -70.0   48.555 -124.431      0.0    975.8
     1     1    16     2    25    13     0     0   -71.0   48.540 -124.287      0.0    974.3
     1     1    16     2    25    12     0     0   -72.0   48.523 -124.147      0.1    973.0
