     1     1
    CDC1    15    12     1     0     0
     1 BACKWARD OMEGA   
    15    12    18    12   60.984 -139.059   750.0
     1 PRESSURE
     1     1    15    12    18    12     0     0     0.0   60.984 -139.059    750.0    793.0
     1     1    15    12    18    11     0     0    -1.0   60.895 -138.878    742.2    795.2
     1     1    15    12    18    10     0     0    -2.0   60.784 -138.657    736.1    797.4
     1     1    15    12    18     9     0     0    -3.0   60.652 -138.392    731.9    799.6
     1     1    15    12    18     8     0     0    -4.0   60.499 -138.076    730.1    801.9
     1     1    15    12    18     7     0     0    -5.0   60.324 -137.704    730.9    804.1
     1     1    15    12    18     6     0     0    -6.0   60.129 -137.269    734.9    805.7
     1     1    15    12    18     5     0     0    -7.0   59.917 -136.788    738.4    807.8
     1     1    15    12    18     4     0     0    -8.0   59.693 -136.289    737.0    812.8
     1     1    15    12    18     3     0     0    -9.0   59.458 -135.781    729.3    818.3
     1     1    15    12    18     2     0     0   -10.0   59.215 -135.267    715.1    824.3
     1     1    15    12    18     1     0     0   -11.0   58.966 -134.750    693.6    829.5
     1     1    15    12    18     0     0     0   -12.0   58.711 -134.230    664.6    833.5
     1     1    15    12    17    23     0     0   -13.0   58.455 -133.712    628.8    837.6
     1     1    15    12    17    22     0     0   -14.0   58.202 -133.199    587.3    841.1
     1     1    15    12    17    21     0     0   -15.0   57.953 -132.695    540.9    843.9
     1     1    15    12    17    20     0     0   -16.0   57.710 -132.201    491.2    846.2
     1     1    15    12    17    19     0     0   -17.0   57.468 -131.717    440.3    847.9
     1     1    15    12    17    18     0     0   -18.0   57.225 -131.248    391.2    851.6
     1     1    15    12    17    17     0     0   -19.0   56.976 -130.787    345.8    855.2
     1     1    15    12    17    16     0     0   -20.0   56.713 -130.322    302.9    858.2
     1     1    15    12    17    15     0     0   -21.0   56.440 -129.854    262.4    862.6
     1     1    15    12    17    14     0     0   -22.0   56.176 -129.392    226.2    868.6
     1     1    15    12    17    13     0     0   -23.0   55.935 -128.947    195.1    873.2
     1     1    15    12    17    12     0     0   -24.0   55.728 -128.524    168.3    875.5
     1     1    15    12    17    11     0     0   -25.0   55.565 -128.140    146.8    876.7
     1     1    15    12    17    10     0     0   -26.0   55.448 -127.808    131.1    876.7
     1     1    15    12    17     9     0     0   -27.0   55.375 -127.531    119.9    876.1
     1     1    15    12    17     8     0     0   -28.0   55.331 -127.307    111.8    877.2
     1     1    15    12    17     7     0     0   -29.0   55.307 -127.129    105.9    878.3
     1     1    15    12    17     6     0     0   -30.0   55.297 -126.995    101.6    879.0
     1     1    15    12    17     5     0     0   -31.0   55.293 -126.886     99.0    879.7
     1     1    15    12    17     4     0     0   -32.0   55.287 -126.785     98.2    880.2
     1     1    15    12    17     3     0     0   -33.0   55.278 -126.689     99.0    880.6
     1     1    15    12    17     2     0     0   -34.0   55.266 -126.600    101.3    880.8
     1     1    15    12    17     1     0     0   -35.0   55.250 -126.517    105.2    881.0
     1     1    15    12    17     0     0     0   -36.0   55.230 -126.439    110.5    881.0
     1     1    15    12    16    23     0     0   -37.0   55.209 -126.374    117.1    880.5
     1     1    15    12    16    22     0     0   -38.0   55.189 -126.326    124.3    880.0
     1     1    15    12    16    21     0     0   -39.0   55.170 -126.294    132.3    879.6
     1     1    15    12    16    20     0     0   -40.0   55.153 -126.278    141.2    879.1
     1     1    15    12    16    19     0     0   -41.0   55.140 -126.277    151.2    878.5
     1     1    15    12    16    18     0     0   -42.0   55.130 -126.291    162.3    877.9
     1     1    15    12    16    17     0     0   -43.0   55.131 -126.324    174.5    877.2
     1     1    15    12    16    16     0     0   -44.0   55.151 -126.383    187.3    876.4
     1     1    15    12    16    15     0     0   -45.0   55.192 -126.471    200.9    875.0
     1     1    15    12    16    14     0     0   -46.0   55.256 -126.590    215.5    873.1
     1     1    15    12    16    13     0     0   -47.0   55.344 -126.745    230.8    870.8
     1     1    15    12    16    12     0     0   -48.0   55.458 -126.939    246.4    868.2
     1     1    15    12    16    11     0     0   -49.0   55.588 -127.164    262.8    864.9
     1     1    15    12    16    10     0     0   -50.0   55.723 -127.406    280.8    861.1
     1     1    15    12    16     9     0     0   -51.0   55.864 -127.665    300.0    858.9
     1     1    15    12    16     8     0     0   -52.0   56.008 -127.939    319.6    857.9
     1     1    15    12    16     7     0     0   -53.0   56.154 -128.227    338.5    856.9
     1     1    15    12    16     6     0     0   -54.0   56.301 -128.528    356.1    855.9
     1     1    15    12    16     5     0     0   -55.0   56.449 -128.853    370.7    855.0
     1     1    15    12    16     4     0     0   -56.0   56.597 -129.211    380.6    854.6
     1     1    15    12    16     3     0     0   -57.0   56.744 -129.595    385.8    854.9
     1     1    15    12    16     2     0     0   -58.0   56.889 -130.004    386.4    855.9
     1     1    15    12    16     1     0     0   -59.0   57.032 -130.428    382.3    860.8
     1     1    15    12    16     0     0     0   -60.0   57.169 -130.861    372.8    866.7
     1     1    15    12    15    23     0     0   -61.0   57.292 -131.300    358.9    873.3
     1     1    15    12    15    22     0     0   -62.0   57.392 -131.744    342.3    880.6
     1     1    15    12    15    21     0     0   -63.0   57.473 -132.189    323.9    888.5
     1     1    15    12    15    20     0     0   -64.0   57.541 -132.634    304.9    896.7
     1     1    15    12    15    19     0     0   -65.0   57.600 -133.079    286.8    904.5
     1     1    15    12    15    18     0     0   -66.0   57.651 -133.524    270.7    912.1
     1     1    15    12    15    17     0     0   -67.0   57.689 -133.956    254.4    919.6
     1     1    15    12    15    16     0     0   -68.0   57.707 -134.363    235.8    927.6
     1     1    15    12    15    15     0     0   -69.0   57.708 -134.746    216.6    935.9
     1     1    15    12    15    14     0     0   -70.0   57.692 -135.111    198.1    943.5
     1     1    15    12    15    13     0     0   -71.0   57.664 -135.481    180.6    948.6
     1     1    15    12    15    12     0     0   -72.0   57.631 -135.876    164.2    954.1
