     1     1
    CDC1    16     2     1     0     0
     1 BACKWARD OMEGA   
    16     2    28    18   60.984 -139.059   750.0
     1 PRESSURE
     1     1    16     2    28    18     0     0     0.0   60.984 -139.059    750.0    794.6
     1     1    16     2    28    17     0     0    -1.0   60.738 -138.987    727.1    799.9
     1     1    16     2    28    16     0     0    -2.0   60.483 -138.835    686.8    808.0
     1     1    16     2    28    15     0     0    -3.0   60.214 -138.595    627.3    818.3
     1     1    16     2    28    14     0     0    -4.0   59.928 -138.257    548.7    831.6
     1     1    16     2    28    13     0     0    -5.0   59.619 -137.825    458.6    850.6
     1     1    16     2    28    12     0     0    -6.0   59.284 -137.303    365.6    870.8
     1     1    16     2    28    11     0     0    -7.0   58.948 -136.729    288.2    888.6
     1     1    16     2    28    10     0     0    -8.0   58.630 -136.143    232.5    901.4
     1     1    16     2    28     9     0     0    -9.0   58.326 -135.542    190.1    911.5
     1     1    16     2    28     8     0     0   -10.0   58.034 -134.922    156.1    918.3
     1     1    16     2    28     7     0     0   -11.0   57.760 -134.281    128.8    919.7
     1     1    16     2    28     6     0     0   -12.0   57.510 -133.630    107.8    918.8
     1     1    16     2    28     5     0     0   -13.0   57.284 -132.993     91.9    917.3
     1     1    16     2    28     4     0     0   -14.0   57.073 -132.385     79.6    915.3
     1     1    16     2    28     3     0     0   -15.0   56.869 -131.815     67.8    911.8
     1     1    16     2    28     2     0     0   -16.0   56.669 -131.291     54.8    909.1
     1     1    16     2    28     1     0     0   -17.0   56.480 -130.811     41.3    907.2
     1     1    16     2    28     0     0     0   -18.0   56.311 -130.372     28.6    905.7
     1     1    16     2    27    23     0     0   -19.0   56.170 -129.982     18.9    904.2
     1     1    16     2    27    22     0     0   -20.0   56.060 -129.649     13.2    904.1
     1     1    16     2    27    21     0     0   -21.0   55.973 -129.370     10.2    903.0
     1     1    16     2    27    20     0     0   -22.0   55.906 -129.141      8.8    901.7
     1     1    16     2    27    19     0     0   -23.0   55.856 -128.957      8.2    900.6
     1     1    16     2    27    18     0     0   -24.0   55.819 -128.814      8.2    899.7
     1     1    16     2    27    17     0     0   -25.0   55.787 -128.701      8.7    899.0
     1     1    16     2    27    16     0     0   -26.0   55.750 -128.607      9.2    898.6
     1     1    16     2    27    15     0     0   -27.0   55.708 -128.531      9.7    898.5
     1     1    16     2    27    14     0     0   -28.0   55.661 -128.472     10.2    898.7
     1     1    16     2    27    13     0     0   -29.0   55.607 -128.429     10.6    899.1
     1     1    16     2    27    12     0     0   -30.0   55.547 -128.401     11.1    899.9
     1     1    16     2    27    11     0     0   -31.0   55.484 -128.386     11.3    900.7
     1     1    16     2    27    10     0     0   -32.0   55.422 -128.384     11.1    901.7
     1     1    16     2    27     9     0     0   -33.0   55.361 -128.393     10.5    903.1
     1     1    16     2    27     8     0     0   -34.0   55.300 -128.414      9.7    904.6
     1     1    16     2    27     7     0     0   -35.0   55.241 -128.448      8.6    906.2
     1     1    16     2    27     6     0     0   -36.0   55.182 -128.495      7.1    907.9
     1     1    16     2    27     5     0     0   -37.0   55.121 -128.547      5.4    909.8
     1     1    16     2    27     4     0     0   -38.0   55.056 -128.594      3.5    911.6
     1     1    16     2    27     3     0     0   -39.0   54.986 -128.639      1.5    913.5
     1     1    16     2    27     2     0     0   -40.0   54.912 -128.686      0.0    915.4
     1     1    16     2    27     1     0     0   -41.0   54.833 -128.737      0.0    917.4
     1     1    16     2    27     0     0     0   -42.0   54.749 -128.793      0.0    919.6
     1     1    16     2    26    23     0     0   -43.0   54.656 -128.850      0.0    922.3
     1     1    16     2    26    22     0     0   -44.0   54.548 -128.902      0.0    925.2
     1     1    16     2    26    21     0     0   -45.0   54.425 -128.949      0.0    928.4
     1     1    16     2    26    20     0     0   -46.0   54.288 -128.990      0.0    931.7
     1     1    16     2    26    19     0     0   -47.0   54.138 -129.025      0.0    935.3
     1     1    16     2    26    18     0     0   -48.0   53.973 -129.053      0.0    938.9
     1     1    16     2    26    17     0     0   -49.0   53.792 -129.048      0.0    942.2
     1     1    16     2    26    16     0     0   -50.0   53.591 -128.988      0.0    944.9
     1     1    16     2    26    15     0     0   -51.0   53.371 -128.878      0.0    947.1
     1     1    16     2    26    14     0     0   -52.0   53.134 -128.721      0.0    948.7
     1     1    16     2    26    13     0     0   -53.0   52.883 -128.518      0.0    949.7
     1     1    16     2    26    12     0     0   -54.0   52.619 -128.268      0.0    949.9
     1     1    16     2    26    11     0     0   -55.0   52.361 -127.988      0.0    949.3
     1     1    16     2    26    10     0     0   -56.0   52.124 -127.693      0.0    947.9
     1     1    16     2    26     9     0     0   -57.0   51.907 -127.389      0.0    946.5
     1     1    16     2    26     8     0     0   -58.0   51.709 -127.087      0.0    944.8
     1     1    16     2    26     7     0     0   -59.0   51.528 -126.793      0.0    942.9
     1     1    16     2    26     6     0     0   -60.0   51.365 -126.511      0.0    940.9
     1     1    16     2    26     5     0     0   -61.0   51.223 -126.243      0.0    938.9
     1     1    16     2    26     4     0     0   -62.0   51.102 -125.991      0.0    936.9
     1     1    16     2    26     3     0     0   -63.0   50.999 -125.755      0.0    934.8
     1     1    16     2    26     2     0     0   -64.0   50.914 -125.534      0.0    932.7
     1     1    16     2    26     1     0     0   -65.0   50.845 -125.330      0.0    930.5
     1     1    16     2    26     0     0     0   -66.0   50.788 -125.142      0.8    928.5
     1     1    16     2    25    23     0     0   -67.0   50.745 -124.971      1.8    926.7
     1     1    16     2    25    22     0     0   -68.0   50.710 -124.816      2.3    925.5
     1     1    16     2    25    21     0     0   -69.0   50.683 -124.677      2.4    924.3
     1     1    16     2    25    20     0     0   -70.0   50.663 -124.552      2.1    923.2
     1     1    16     2    25    19     0     0   -71.0   50.652 -124.442      1.4    922.3
     1     1    16     2    25    18     0     0   -72.0   50.651 -124.350      0.3    921.4
