     1     1
    CDC1    15    11     1     0     0
     1 BACKWARD OMEGA   
    15    11     4     0   60.984 -139.059   750.0
     1 PRESSURE
     1     1    15    11     4     0     0     0     0.0   60.984 -139.059    750.0    796.6
     1     1    15    11     3    23     0     0    -1.0   60.806 -138.867    672.3    807.7
     1     1    15    11     3    22     0     0    -2.0   60.581 -138.676    584.4    821.5
     1     1    15    11     3    21     0     0    -3.0   60.311 -138.479    486.7    836.7
     1     1    15    11     3    20     0     0    -4.0   60.003 -138.262    382.2    854.6
     1     1    15    11     3    19     0     0    -5.0   59.695 -138.024    288.7    877.6
     1     1    15    11     3    18     0     0    -6.0   59.412 -137.772    217.3    896.9
     1     1    15    11     3    17     0     0    -7.0   59.169 -137.526    165.7    911.1
     1     1    15    11     3    16     0     0    -8.0   58.972 -137.312    130.2    921.2
     1     1    15    11     3    15     0     0    -9.0   58.812 -137.129    105.4    929.4
     1     1    15    11     3    14     0     0   -10.0   58.682 -136.972     88.2    935.9
     1     1    15    11     3    13     0     0   -11.0   58.580 -136.841     76.6    941.0
     1     1    15    11     3    12     0     0   -12.0   58.501 -136.733     68.7    944.5
     1     1    15    11     3    11     0     0   -13.0   58.440 -136.643     63.1    946.4
     1     1    15    11     3    10     0     0   -14.0   58.393 -136.569     58.7    948.0
     1     1    15    11     3     9     0     0   -15.0   58.361 -136.508     55.3    949.0
     1     1    15    11     3     8     0     0   -16.0   58.344 -136.459     52.8    949.6
     1     1    15    11     3     7     0     0   -17.0   58.340 -136.423     51.2    949.8
     1     1    15    11     3     6     0     0   -18.0   58.349 -136.398     50.4    949.5
     1     1    15    11     3     5     0     0   -19.0   58.366 -136.389     49.9    948.6
     1     1    15    11     3     4     0     0   -20.0   58.386 -136.402     49.5    947.9
     1     1    15    11     3     3     0     0   -21.0   58.408 -136.439     49.2    947.1
     1     1    15    11     3     2     0     0   -22.0   58.434 -136.500     49.0    946.5
     1     1    15    11     3     1     0     0   -23.0   58.464 -136.589     48.8    945.9
     1     1    15    11     3     0     0     0   -24.0   58.499 -136.706     48.8    945.4
     1     1    15    11     2    23     0     0   -25.0   58.535 -136.827     48.7    944.6
     1     1    15    11     2    22     0     0   -26.0   58.566 -136.917     48.3    943.8
     1     1    15    11     2    21     0     0   -27.0   58.592 -136.974     47.6    943.0
     1     1    15    11     2    20     0     0   -28.0   58.612 -136.996     46.6    942.2
     1     1    15    11     2    19     0     0   -29.0   58.626 -136.981     45.3    941.3
     1     1    15    11     2    18     0     0   -30.0   58.634 -136.928     43.6    940.5
     1     1    15    11     2    17     0     0   -31.0   58.632 -136.851     41.7    940.4
     1     1    15    11     2    16     0     0   -32.0   58.618 -136.766     39.6    940.6
     1     1    15    11     2    15     0     0   -33.0   58.593 -136.673     37.4    941.1
     1     1    15    11     2    14     0     0   -34.0   58.558 -136.574     35.1    941.9
     1     1    15    11     2    13     0     0   -35.0   58.513 -136.469     32.8    943.0
     1     1    15    11     2    12     0     0   -36.0   58.460 -136.360     30.4    944.3
     1     1    15    11     2    11     0     0   -37.0   58.410 -136.248     28.2    945.4
     1     1    15    11     2    10     0     0   -38.0   58.374 -136.132     26.2    945.9
     1     1    15    11     2     9     0     0   -39.0   58.354 -136.012     24.4    946.0
     1     1    15    11     2     8     0     0   -40.0   58.349 -135.887     22.8    945.5
     1     1    15    11     2     7     0     0   -41.0   58.360 -135.757     21.4    944.4
     1     1    15    11     2     6     0     0   -42.0   58.389 -135.623     20.1    942.8
     1     1    15    11     2     5     0     0   -43.0   58.433 -135.491     19.0    940.7
     1     1    15    11     2     4     0     0   -44.0   58.490 -135.364     18.2    938.3
     1     1    15    11     2     3     0     0   -45.0   58.560 -135.243     17.6    935.6
     1     1    15    11     2     2     0     0   -46.0   58.642 -135.128     17.1    932.6
     1     1    15    11     2     1     0     0   -47.0   58.736 -135.019     16.8    929.3
     1     1    15    11     2     0     0     0   -48.0   58.840 -134.919     16.7    925.4
     1     1    15    11     1    23     0     0   -49.0   58.949 -134.819     16.6    920.4
     1     1    15    11     1    22     0     0   -50.0   59.055 -134.710     16.5    915.6
     1     1    15    11     1    21     0     0   -51.0   59.158 -134.593     16.4    910.8
     1     1    15    11     1    20     0     0   -52.0   59.259 -134.467     16.3    906.0
     1     1    15    11     1    19     0     0   -53.0   59.360 -134.333     16.2    901.3
     1     1    15    11     1    18     0     0   -54.0   59.461 -134.192     16.0    896.6
     1     1    15    11     1    17     0     0   -55.0   59.573 -134.062     15.9    891.8
     1     1    15    11     1    16     0     0   -56.0   59.704 -133.961     15.9    886.8
     1     1    15    11     1    15     0     0   -57.0   59.859 -133.890     15.9    881.7
     1     1    15    11     1    14     0     0   -58.0   60.041 -133.848     16.1    876.7
     1     1    15    11     1    13     0     0   -59.0   60.247 -133.838     16.2    873.2
     1     1    15    11     1    12     0     0   -60.0   60.473 -133.858     16.3    869.8
     1     1    15    11     1    11     0     0   -61.0   60.694 -133.873     16.3    866.9
     1     1    15    11     1    10     0     0   -62.0   60.881 -133.844     16.2    864.0
     1     1    15    11     1     9     0     0   -63.0   61.034 -133.771     16.2    861.3
     1     1    15    11     1     8     0     0   -64.0   61.152 -133.648     16.2    858.8
     1     1    15    11     1     7     0     0   -65.0   61.234 -133.471     16.5    856.5
     1     1    15    11     1     6     0     0   -66.0   61.277 -133.234     16.9    854.4
     1     1    15    11     1     5     0     0   -67.0   61.313 -132.966     17.4    852.4
     1     1    15    11     1     4     0     0   -68.0   61.373 -132.702     17.9    850.2
     1     1    15    11     1     3     0     0   -69.0   61.456 -132.442     18.2    848.0
     1     1    15    11     1     2     0     0   -70.0   61.562 -132.189     18.5    846.2
     1     1    15    11     1     1     0     0   -71.0   61.691 -131.941     18.6    844.4
     1     1    15    11     1     0     0     0   -72.0   61.843 -131.694     18.6    842.6
