     1     1
    CDC1    15    12     1     0     0
     1 BACKWARD OMEGA   
    15    12     6    12   60.984 -139.059   750.0
     1 PRESSURE
     1     1    15    12     6    12     0     0     0.0   60.984 -139.059    750.0    789.7
     1     1    15    12     6    11     0     0    -1.0   60.926 -138.660    754.4    790.1
     1     1    15    12     6    10     0     0    -2.0   60.858 -138.252    758.4    790.8
     1     1    15    12     6     9     0     0    -3.0   60.782 -137.835    763.0    791.5
     1     1    15    12     6     8     0     0    -4.0   60.701 -137.412    769.5    792.0
     1     1    15    12     6     7     0     0    -5.0   60.615 -136.989    778.9    792.0
     1     1    15    12     6     6     0     0    -6.0   60.528 -136.572    792.5    791.6
     1     1    15    12     6     5     0     0    -7.0   60.437 -136.184    808.8    790.6
     1     1    15    12     6     4     0     0    -8.0   60.338 -135.845    825.7    790.0
     1     1    15    12     6     3     0     0    -9.0   60.230 -135.556    843.2    789.5
     1     1    15    12     6     2     0     0   -10.0   60.115 -135.316    861.0    789.3
     1     1    15    12     6     1     0     0   -11.0   59.994 -135.128    879.0    789.3
     1     1    15    12     6     0     0     0   -12.0   59.867 -134.989    897.3    790.7
     1     1    15    12     5    23     0     0   -13.0   59.732 -134.868    913.8    791.3
     1     1    15    12     5    22     0     0   -14.0   59.592 -134.734    926.7    792.4
     1     1    15    12     5    21     0     0   -15.0   59.445 -134.589    936.0    793.7
     1     1    15    12     5    20     0     0   -16.0   59.288 -134.433    941.4    795.5
     1     1    15    12     5    19     0     0   -17.0   59.121 -134.268    942.9    797.6
     1     1    15    12     5    18     0     0   -18.0   58.941 -134.096    940.2    800.2
     1     1    15    12     5    17     0     0   -19.0   58.745 -133.908    938.4    803.7
     1     1    15    12     5    16     0     0   -20.0   58.532 -133.694    942.2    805.9
     1     1    15    12     5    15     0     0   -21.0   58.300 -133.447    951.8    807.3
     1     1    15    12     5    14     0     0   -22.0   58.046 -133.161    967.2    807.6
     1     1    15    12     5    13     0     0   -23.0   57.769 -132.830    989.0    806.7
     1     1    15    12     5    12     0     0   -24.0   57.468 -132.448   1017.7    804.4
     1     1    15    12     5    11     0     0   -25.0   57.159 -132.085   1048.5    800.7
     1     1    15    12     5    10     0     0   -26.0   56.853 -131.793   1078.2    799.0
     1     1    15    12     5     9     0     0   -27.0   56.544 -131.556   1104.7    799.0
     1     1    15    12     5     8     0     0   -28.0   56.226 -131.362   1127.3    800.6
     1     1    15    12     5     7     0     0   -29.0   55.896 -131.202   1145.5    803.7
     1     1    15    12     5     6     0     0   -30.0   55.549 -131.068   1159.0    808.2
     1     1    15    12     5     5     0     0   -31.0   55.198 -130.952   1168.0    812.8
     1     1    15    12     5     4     0     0   -32.0   54.861 -130.863   1176.4    816.5
     1     1    15    12     5     3     0     0   -33.0   54.542 -130.809   1183.7    819.8
     1     1    15    12     5     2     0     0   -34.0   54.241 -130.791   1191.0    823.6
     1     1    15    12     5     1     0     0   -35.0   53.964 -130.801   1200.7    827.5
     1     1    15    12     5     0     0     0   -36.0   53.715 -130.836   1215.1    830.8
     1     1    15    12     4    23     0     0   -37.0   53.487 -130.905   1227.1    832.9
     1     1    15    12     4    22     0     0   -38.0   53.275 -131.021   1229.4    837.1
     1     1    15    12     4    21     0     0   -39.0   53.084 -131.193   1222.8    842.4
     1     1    15    12     4    20     0     0   -40.0   52.924 -131.431   1209.2    848.6
     1     1    15    12     4    19     0     0   -41.0   52.806 -131.741   1191.3    855.4
     1     1    15    12     4    18     0     0   -42.0   52.739 -132.132   1172.9    862.4
     1     1    15    12     4    17     0     0   -43.0   52.709 -132.550   1157.1    867.7
     1     1    15    12     4    16     0     0   -44.0   52.689 -132.944   1144.9    868.4
     1     1    15    12     4    15     0     0   -45.0   52.680 -133.319   1136.2    868.8
     1     1    15    12     4    14     0     0   -46.0   52.687 -133.688   1130.9    868.9
     1     1    15    12     4    13     0     0   -47.0   52.717 -134.057   1129.6    868.6
     1     1    15    12     4    12     0     0   -48.0   52.775 -134.433   1132.4    868.0
     1     1    15    12     4    11     0     0   -49.0   52.856 -134.807   1137.8    867.1
     1     1    15    12     4    10     0     0   -50.0   52.951 -135.168   1143.7    865.5
     1     1    15    12     4     9     0     0   -51.0   53.057 -135.511   1148.3    863.3
     1     1    15    12     4     8     0     0   -52.0   53.174 -135.835   1151.1    861.5
     1     1    15    12     4     7     0     0   -53.0   53.304 -136.139   1151.5    860.2
     1     1    15    12     4     6     0     0   -54.0   53.450 -136.421   1149.4    859.4
     1     1    15    12     4     5     0     0   -55.0   53.599 -136.678   1144.3    859.2
     1     1    15    12     4     4     0     0   -56.0   53.737 -136.905   1135.9    859.4
     1     1    15    12     4     3     0     0   -57.0   53.863 -137.102   1123.3    860.2
     1     1    15    12     4     2     0     0   -58.0   53.976 -137.270   1105.8    861.6
     1     1    15    12     4     1     0     0   -59.0   54.074 -137.407   1083.1    863.6
     1     1    15    12     4     0     0     0   -60.0   54.157 -137.514   1054.8    866.3
     1     1    15    12     3    23     0     0   -61.0   54.217 -137.581   1022.0    870.2
     1     1    15    12     3    22     0     0   -62.0   54.248 -137.599    985.6    874.3
     1     1    15    12     3    21     0     0   -63.0   54.247 -137.572    946.1    878.7
     1     1    15    12     3    20     0     0   -64.0   54.212 -137.501    904.0    883.0
     1     1    15    12     3    19     0     0   -65.0   54.140 -137.393    860.0    887.3
     1     1    15    12     3    18     0     0   -66.0   54.031 -137.252    815.4    891.8
     1     1    15    12     3    17     0     0   -67.0   53.883 -137.097    774.8    896.6
     1     1    15    12     3    16     0     0   -68.0   53.699 -136.950    741.6    900.1
     1     1    15    12     3    15     0     0   -69.0   53.478 -136.819    715.5    902.9
     1     1    15    12     3    14     0     0   -70.0   53.222 -136.712    696.3    904.7
     1     1    15    12     3    13     0     0   -71.0   52.931 -136.638    683.7    905.7
     1     1    15    12     3    12     0     0   -72.0   52.603 -136.604    677.9    905.6
