     1     1
    CDC1    16     3     1     0     0
     1 BACKWARD OMEGA   
    16     3     6     0   60.984 -139.059   750.0
     1 PRESSURE
     1     1    16     3     6     0     0     0     0.0   60.984 -139.059    750.0    790.6
     1     1    16     3     5    23     0     0    -1.0   60.967 -138.766    780.6    787.1
     1     1    16     3     5    22     0     0    -2.0   60.941 -138.482    809.0    784.2
     1     1    16     3     5    21     0     0    -3.0   60.908 -138.206    835.6    781.7
     1     1    16     3     5    20     0     0    -4.0   60.868 -137.938    860.3    779.4
     1     1    16     3     5    19     0     0    -5.0   60.824 -137.676    883.2    777.5
     1     1    16     3     5    18     0     0    -6.0   60.775 -137.419    904.4    775.6
     1     1    16     3     5    17     0     0    -7.0   60.713 -137.167    920.0    773.8
     1     1    16     3     5    16     0     0    -8.0   60.628 -136.921    926.5    773.7
     1     1    16     3     5    15     0     0    -9.0   60.521 -136.686    923.6    774.9
     1     1    16     3     5    14     0     0   -10.0   60.389 -136.468    911.2    777.6
     1     1    16     3     5    13     0     0   -11.0   60.231 -136.272    889.5    781.7
     1     1    16     3     5    12     0     0   -12.0   60.045 -136.105    858.5    786.9
     1     1    16     3     5    11     0     0   -13.0   59.841 -135.945    823.5    795.5
     1     1    16     3     5    10     0     0   -14.0   59.634 -135.770    787.1    804.5
     1     1    16     3     5     9     0     0   -15.0   59.425 -135.584    749.4    813.4
     1     1    16     3     5     8     0     0   -16.0   59.214 -135.395    710.1    822.5
     1     1    16     3     5     7     0     0   -17.0   59.003 -135.209    668.6    831.8
     1     1    16     3     5     6     0     0   -18.0   58.791 -135.036    624.7    841.4
     1     1    16     3     5     5     0     0   -19.0   58.584 -134.861    581.5    849.6
     1     1    16     3     5     4     0     0   -20.0   58.386 -134.666    542.3    856.0
     1     1    16     3     5     3     0     0   -21.0   58.195 -134.450    506.8    861.5
     1     1    16     3     5     2     0     0   -22.0   58.012 -134.209    474.5    865.9
     1     1    16     3     5     1     0     0   -23.0   57.838 -133.942    444.9    869.3
     1     1    16     3     5     0     0     0   -24.0   57.671 -133.645    417.2    871.6
     1     1    16     3     4    23     0     0   -25.0   57.515 -133.328    390.2    873.2
     1     1    16     3     4    22     0     0   -26.0   57.371 -133.005    363.4    874.4
     1     1    16     3     4    21     0     0   -27.0   57.239 -132.679    337.6    875.0
     1     1    16     3     4    20     0     0   -28.0   57.117 -132.351    312.6    875.1
     1     1    16     3     4    19     0     0   -29.0   56.996 -132.019    288.3    874.6
     1     1    16     3     4    18     0     0   -30.0   56.872 -131.680    264.4    874.2
     1     1    16     3     4    17     0     0   -31.0   56.731 -131.330    240.9    874.4
     1     1    16     3     4    16     0     0   -32.0   56.564 -130.963    218.0    874.9
     1     1    16     3     4    15     0     0   -33.0   56.368 -130.573    195.4    875.8
     1     1    16     3     4    14     0     0   -34.0   56.146 -130.153    173.4    876.0
     1     1    16     3     4    13     0     0   -35.0   55.910 -129.704    152.6    877.7
     1     1    16     3     4    12     0     0   -36.0   55.675 -129.224    133.7    879.2
     1     1    16     3     4    11     0     0   -37.0   55.452 -128.732    115.6    879.7
     1     1    16     3     4    10     0     0   -38.0   55.250 -128.255     97.7    879.7
     1     1    16     3     4     9     0     0   -39.0   55.070 -127.797     80.7    879.3
     1     1    16     3     4     8     0     0   -40.0   54.908 -127.376     64.6    879.5
     1     1    16     3     4     7     0     0   -41.0   54.760 -127.008     49.2    882.0
     1     1    16     3     4     6     0     0   -42.0   54.622 -126.698     34.8    884.4
     1     1    16     3     4     5     0     0   -43.0   54.494 -126.430     23.0    886.8
     1     1    16     3     4     4     0     0   -44.0   54.371 -126.184     14.7    888.6
     1     1    16     3     4     3     0     0   -45.0   54.253 -125.958      9.1    889.3
     1     1    16     3     4     2     0     0   -46.0   54.140 -125.750      5.2    889.3
     1     1    16     3     4     1     0     0   -47.0   54.030 -125.559      2.1    889.1
     1     1    16     3     4     0     0     0   -48.0   53.927 -125.385      0.0    888.8
     1     1    16     3     3    23     0     0   -49.0   53.828 -125.233      0.0    887.4
     1     1    16     3     3    22     0     0   -50.0   53.725 -125.110      0.0    886.3
     1     1    16     3     3    21     0     0   -51.0   53.614 -125.013      0.0    885.4
     1     1    16     3     3    20     0     0   -52.0   53.492 -124.940      0.0    885.0
     1     1    16     3     3    19     0     0   -53.0   53.353 -124.888      0.0    884.9
     1     1    16     3     3    18     0     0   -54.0   53.194 -124.857      0.0    884.9
     1     1    16     3     3    17     0     0   -55.0   53.020 -124.820      0.0    884.5
     1     1    16     3     3    16     0     0   -56.0   52.837 -124.760      0.0    883.7
     1     1    16     3     3    15     0     0   -57.0   52.645 -124.685      0.0    882.5
     1     1    16     3     3    14     0     0   -58.0   52.441 -124.601      0.0    882.0
     1     1    16     3     3    13     0     0   -59.0   52.235 -124.506      0.0    883.4
     1     1    16     3     3    12     0     0   -60.0   52.032 -124.401      0.0    884.6
     1     1    16     3     3    11     0     0   -61.0   51.837 -124.271      0.0    886.0
     1     1    16     3     3    10     0     0   -62.0   51.651 -124.097      0.0    886.3
     1     1    16     3     3     9     0     0   -63.0   51.472 -123.880      0.0    885.8
     1     1    16     3     3     8     0     0   -64.0   51.299 -123.617      0.0    884.5
     1     1    16     3     3     7     0     0   -65.0   51.133 -123.306      0.0    882.2
     1     1    16     3     3     6     0     0   -66.0   50.975 -122.944      0.0    879.0
     1     1    16     3     3     5     0     0   -67.0   50.832 -122.576      0.0    876.4
     1     1    16     3     3     4     0     0   -68.0   50.700 -122.258      0.0    874.9
     1     1    16     3     3     3     0     0   -69.0   50.575 -121.993      0.0    874.1
     1     1    16     3     3     2     0     0   -70.0   50.454 -121.781      0.0    873.7
     1     1    16     3     3     1     0     0   -71.0   50.337 -121.618      0.0    873.8
     1     1    16     3     3     0     0     0   -72.0   50.225 -121.504      0.0    874.4
