     1     1
    CDC1    16     1     1     0     0
     1 BACKWARD OMEGA   
    16     1    15    12   60.984 -139.059   750.0
     1 PRESSURE
     1     1    16     1    15    12     0     0     0.0   60.984 -139.059    750.0    806.0
     1     1    16     1    15    11     0     0    -1.0   60.971 -139.110    761.2    805.3
     1     1    16     1    15    10     0     0    -2.0   60.959 -139.181    773.5    804.5
     1     1    16     1    15     9     0     0    -3.0   60.949 -139.271    787.1    803.5
     1     1    16     1    15     8     0     0    -4.0   60.939 -139.381    801.9    802.4
     1     1    16     1    15     7     0     0    -5.0   60.930 -139.510    818.2    801.2
     1     1    16     1    15     6     0     0    -6.0   60.921 -139.658    836.0    799.8
     1     1    16     1    15     5     0     0    -7.0   60.912 -139.815    854.3    798.1
     1     1    16     1    15     4     0     0    -8.0   60.905 -139.972    871.9    796.6
     1     1    16     1    15     3     0     0    -9.0   60.899 -140.129    888.7    795.5
     1     1    16     1    15     2     0     0   -10.0   60.894 -140.285    904.5    794.4
     1     1    16     1    15     1     0     0   -11.0   60.889 -140.439    919.1    793.4
     1     1    16     1    15     0     0     0   -12.0   60.885 -140.594    932.5    792.4
     1     1    16     1    14    23     0     0   -13.0   60.880 -140.739    945.1    791.4
     1     1    16     1    14    22     0     0   -14.0   60.871 -140.864    957.8    790.4
     1     1    16     1    14    21     0     0   -15.0   60.858 -140.971    970.4    789.5
     1     1    16     1    14    20     0     0   -16.0   60.841 -141.061    983.0    788.6
     1     1    16     1    14    19     0     0   -17.0   60.821 -141.136    995.5    787.7
     1     1    16     1    14    18     0     0   -18.0   60.797 -141.198   1008.1    786.9
     1     1    16     1    14    17     0     0   -19.0   60.769 -141.247   1020.1    785.8
     1     1    16     1    14    16     0     0   -20.0   60.738 -141.282   1030.1    785.0
     1     1    16     1    14    15     0     0   -21.0   60.703 -141.303   1038.2    784.4
     1     1    16     1    14    14     0     0   -22.0   60.666 -141.310   1044.7    783.9
     1     1    16     1    14    13     0     0   -23.0   60.624 -141.303   1049.3    783.7
     1     1    16     1    14    12     0     0   -24.0   60.580 -141.282   1052.1    783.6
     1     1    16     1    14    11     0     0   -25.0   60.526 -141.244   1054.6    783.8
     1     1    16     1    14    10     0     0   -26.0   60.458 -141.185   1057.7    783.9
     1     1    16     1    14     9     0     0   -27.0   60.374 -141.106   1061.4    784.1
     1     1    16     1    14     8     0     0   -28.0   60.276 -141.006   1065.5    784.5
     1     1    16     1    14     7     0     0   -29.0   60.162 -140.884   1069.6    784.9
     1     1    16     1    14     6     0     0   -30.0   60.032 -140.740   1073.4    785.5
     1     1    16     1    14     5     0     0   -31.0   59.892 -140.569   1076.5    787.9
     1     1    16     1    14     4     0     0   -32.0   59.745 -140.373   1077.3    791.0
     1     1    16     1    14     3     0     0   -33.0   59.592 -140.155   1075.9    794.4
     1     1    16     1    14     2     0     0   -34.0   59.431 -139.915   1072.6    798.4
     1     1    16     1    14     1     0     0   -35.0   59.261 -139.658   1067.4    803.2
     1     1    16     1    14     0     0     0   -36.0   59.081 -139.384   1060.2    808.3
     1     1    16     1    13    23     0     0   -37.0   58.897 -139.110   1050.8    814.0
     1     1    16     1    13    22     0     0   -38.0   58.716 -138.849   1038.2    819.8
     1     1    16     1    13    21     0     0   -39.0   58.537 -138.596   1021.9    825.9
     1     1    16     1    13    20     0     0   -40.0   58.356 -138.345   1001.5    832.5
     1     1    16     1    13    19     0     0   -41.0   58.173 -138.093    976.3    839.5
     1     1    16     1    13    18     0     0   -42.0   57.985 -137.833    946.0    847.3
     1     1    16     1    13    17     0     0   -43.0   57.792 -137.550    912.6    855.5
     1     1    16     1    13    16     0     0   -44.0   57.593 -137.226    878.2    862.4
     1     1    16     1    13    15     0     0   -45.0   57.390 -136.871    843.8    867.0
     1     1    16     1    13    14     0     0   -46.0   57.183 -136.500    810.5    870.0
     1     1    16     1    13    13     0     0   -47.0   56.972 -136.122    779.1    873.3
     1     1    16     1    13    12     0     0   -48.0   56.756 -135.734    749.6    876.8
     1     1    16     1    13    11     0     0   -49.0   56.530 -135.353    720.0    881.0
     1     1    16     1    13    10     0     0   -50.0   56.296 -134.999    688.0    886.5
     1     1    16     1    13     9     0     0   -51.0   56.053 -134.677    652.7    890.8
     1     1    16     1    13     8     0     0   -52.0   55.802 -134.386    614.7    896.1
     1     1    16     1    13     7     0     0   -53.0   55.544 -134.122    574.0    902.0
     1     1    16     1    13     6     0     0   -54.0   55.277 -133.877    531.4    908.8
     1     1    16     1    13     5     0     0   -55.0   54.995 -133.620    489.5    916.8
     1     1    16     1    13     4     0     0   -56.0   54.685 -133.343    450.5    921.5
     1     1    16     1    13     3     0     0   -57.0   54.340 -133.067    416.1    926.8
     1     1    16     1    13     2     0     0   -58.0   53.952 -132.797    386.4    932.8
     1     1    16     1    13     1     0     0   -59.0   53.512 -132.536    360.8    939.0
     1     1    16     1    13     0     0     0   -60.0   53.019 -132.292    337.8    944.4
     1     1    16     1    12    23     0     0   -61.0   52.483 -132.070    315.2    951.4
     1     1    16     1    12    22     0     0   -62.0   51.937 -131.891    291.5    955.3
     1     1    16     1    12    21     0     0   -63.0   51.393 -131.769    268.5    959.9
     1     1    16     1    12    20     0     0   -64.0   50.843 -131.705    246.2    964.8
     1     1    16     1    12    19     0     0   -65.0   50.278 -131.701    224.7    970.0
     1     1    16     1    12    18     0     0   -66.0   49.699 -131.759    204.5    974.2
     1     1    16     1    12    17     0     0   -67.0   49.129 -131.864    187.1    976.6
     1     1    16     1    12    16     0     0   -68.0   48.574 -132.012    172.8    978.1
     1     1    16     1    12    15     0     0   -69.0   48.028 -132.228    161.2    978.6
     1     1    16     1    12    14     0     0   -70.0   47.485 -132.541    152.3    977.9
     1     1    16     1    12    13     0     0   -71.0   46.964 -132.927    145.6    977.3
     1     1    16     1    12    12     0     0   -72.0   46.477 -133.351    139.4    977.7
