     1     1
    CDC1    16     2     1     0     0
     1 BACKWARD OMEGA   
    16     2     6    18   60.984 -139.059   750.0
     1 PRESSURE
     1     1    16     2     6    18     0     0     0.0   60.984 -139.059    750.0    807.2
     1     1    16     2     6    17     0     0    -1.0   60.825 -139.400    719.5    812.6
     1     1    16     2     6    16     0     0    -2.0   60.657 -139.688    681.5    819.4
     1     1    16     2     6    15     0     0    -3.0   60.482 -139.920    635.6    827.3
     1     1    16     2     6    14     0     0    -4.0   60.305 -140.092    582.5    836.3
     1     1    16     2     6    13     0     0    -5.0   60.131 -140.195    525.0    845.3
     1     1    16     2     6    12     0     0    -6.0   59.966 -140.235    466.1    854.9
     1     1    16     2     6    11     0     0    -7.0   59.813 -140.254    414.6    866.4
     1     1    16     2     6    10     0     0    -8.0   59.670 -140.292    376.1    875.3
     1     1    16     2     6     9     0     0    -9.0   59.533 -140.345    348.2    882.3
     1     1    16     2     6     8     0     0   -10.0   59.400 -140.408    329.2    888.3
     1     1    16     2     6     7     0     0   -11.0   59.269 -140.479    317.2    893.7
     1     1    16     2     6     6     0     0   -12.0   59.140 -140.554    311.2    898.4
     1     1    16     2     6     5     0     0   -13.0   59.015 -140.641    306.7    902.9
     1     1    16     2     6     4     0     0   -14.0   58.894 -140.750    300.0    908.0
     1     1    16     2     6     3     0     0   -15.0   58.775 -140.880    291.4    913.3
     1     1    16     2     6     2     0     0   -16.0   58.657 -141.029    281.3    918.9
     1     1    16     2     6     1     0     0   -17.0   58.539 -141.197    269.8    924.7
     1     1    16     2     6     0     0     0   -18.0   58.417 -141.385    257.2    930.9
     1     1    16     2     5    23     0     0   -19.0   58.283 -141.580    244.2    937.7
     1     1    16     2     5    22     0     0   -20.0   58.126 -141.773    231.9    945.3
     1     1    16     2     5    21     0     0   -21.0   57.944 -141.969    220.5    953.7
     1     1    16     2     5    20     0     0   -22.0   57.735 -142.174    210.1    963.2
     1     1    16     2     5    19     0     0   -23.0   57.497 -142.394    201.0    973.6
     1     1    16     2     5    18     0     0   -24.0   57.239 -142.631    192.7    974.9
     1     1    16     2     5    17     0     0   -25.0   56.977 -142.873    184.9    975.9
     1     1    16     2     5    16     0     0   -26.0   56.716 -143.115    176.7    976.7
     1     1    16     2     5    15     0     0   -27.0   56.451 -143.359    168.4    977.1
     1     1    16     2     5    14     0     0   -28.0   56.179 -143.610    160.2    977.0
     1     1    16     2     5    13     0     0   -29.0   55.897 -143.870    152.0    976.5
     1     1    16     2     5    12     0     0   -30.0   55.603 -144.144    144.2    975.4
     1     1    16     2     5    11     0     0   -31.0   55.293 -144.430    137.0    973.5
     1     1    16     2     5    10     0     0   -32.0   54.968 -144.723    130.7    971.0
     1     1    16     2     5     9     0     0   -33.0   54.630 -145.021    125.4    971.3
     1     1    16     2     5     8     0     0   -34.0   54.287 -145.323    120.4    971.6
     1     1    16     2     5     7     0     0   -35.0   53.940 -145.634    115.7    972.1
     1     1    16     2     5     6     0     0   -36.0   53.590 -145.956    111.1    972.8
     1     1    16     2     5     5     0     0   -37.0   53.239 -146.307    106.9    973.7
     1     1    16     2     5     4     0     0   -38.0   52.888 -146.702    103.1    974.8
     1     1    16     2     5     3     0     0   -39.0   52.538 -147.137     99.6    976.0
     1     1    16     2     5     2     0     0   -40.0   52.193 -147.604     96.1    975.7
     1     1    16     2     5     1     0     0   -41.0   51.851 -148.096     92.5    976.1
     1     1    16     2     5     0     0     0   -42.0   51.514 -148.607     88.8    976.5
     1     1    16     2     4    23     0     0   -43.0   51.194 -149.148     85.4    977.0
     1     1    16     2     4    22     0     0   -44.0   50.897 -149.724     82.6    977.3
     1     1    16     2     4    21     0     0   -45.0   50.615 -150.324     80.6    977.2
     1     1    16     2     4    20     0     0   -46.0   50.345 -150.937     79.1    976.8
     1     1    16     2     4    19     0     0   -47.0   50.084 -151.556     78.2    976.0
     1     1    16     2     4    18     0     0   -48.0   49.834 -152.178     77.5    975.4
     1     1    16     2     4    17     0     0   -49.0   49.598 -152.817     77.1    974.8
     1     1    16     2     4    16     0     0   -50.0   49.377 -153.488     77.0    973.5
     1     1    16     2     4    15     0     0   -51.0   49.171 -154.187     77.0    972.4
     1     1    16     2     4    14     0     0   -52.0   48.978 -154.900     76.9    971.4
     1     1    16     2     4    13     0     0   -53.0   48.799 -155.623     76.5    971.7
     1     1    16     2     4    12     0     0   -54.0   48.639 -156.355     75.6    972.0
     1     1    16     2     4    11     0     0   -55.0   48.504 -157.099     74.5    972.4
     1     1    16     2     4    10     0     0   -56.0   48.396 -157.858     73.3    973.1
     1     1    16     2     4     9     0     0   -57.0   48.310 -158.622     72.3    974.1
     1     1    16     2     4     8     0     0   -58.0   48.247 -159.379     71.5    974.8
     1     1    16     2     4     7     0     0   -59.0   48.209 -160.119     70.7    975.2
     1     1    16     2     4     6     0     0   -60.0   48.196 -160.842     69.8    974.7
     1     1    16     2     4     5     0     0   -61.0   48.211 -161.568     69.2    974.3
     1     1    16     2     4     4     0     0   -62.0   48.247 -162.306     68.7    973.9
     1     1    16     2     4     3     0     0   -63.0   48.300 -163.050     68.0    973.7
     1     1    16     2     4     2     0     0   -64.0   48.366 -163.792     67.2    973.7
     1     1    16     2     4     1     0     0   -65.0   48.445 -164.527     66.1    973.6
     1     1    16     2     4     0     0     0   -66.0   48.541 -165.247     64.6    973.8
     1     1    16     2     3    23     0     0   -67.0   48.656 -165.953     63.2    974.1
     1     1    16     2     3    22     0     0   -68.0   48.797 -166.647     62.1    974.2
     1     1    16     2     3    21     0     0   -69.0   48.963 -167.327     61.1    974.0
     1     1    16     2     3    20     0     0   -70.0   49.154 -167.989     60.1    974.4
     1     1    16     2     3    19     0     0   -71.0   49.363 -168.634     58.9    975.0
     1     1    16     2     3    18     0     0   -72.0   49.589 -169.261     57.6    975.6
