     1     1
    CDC1    16     1     1     0     0
     1 BACKWARD OMEGA   
    16     1    22    12   60.984 -139.059   750.0
     1 PRESSURE
     1     1    16     1    22    12     0     0     0.0   60.984 -139.059    750.0    791.8
     1     1    16     1    22    11     0     0    -1.0   60.702 -138.826    694.6    801.9
     1     1    16     1    22    10     0     0    -2.0   60.408 -138.553    641.5    812.2
     1     1    16     1    22     9     0     0    -3.0   60.108 -138.242    591.0    822.1
     1     1    16     1    22     8     0     0    -4.0   59.804 -137.904    545.5    834.1
     1     1    16     1    22     7     0     0    -5.0   59.503 -137.557    507.0    846.7
     1     1    16     1    22     6     0     0    -6.0   59.208 -137.211    475.3    857.5
     1     1    16     1    22     5     0     0    -7.0   58.915 -136.862    444.3    867.4
     1     1    16     1    22     4     0     0    -8.0   58.616 -136.496    409.6    878.2
     1     1    16     1    22     3     0     0    -9.0   58.312 -136.109    372.5    889.1
     1     1    16     1    22     2     0     0   -10.0   58.005 -135.695    334.5    899.0
     1     1    16     1    22     1     0     0   -11.0   57.689 -135.250    296.5    908.7
     1     1    16     1    22     0     0     0   -12.0   57.361 -134.777    259.3    915.5
     1     1    16     1    21    23     0     0   -13.0   57.035 -134.288    227.1    919.1
     1     1    16     1    21    22     0     0   -14.0   56.727 -133.799    201.9    921.8
     1     1    16     1    21    21     0     0   -15.0   56.439 -133.312    181.5    923.5
     1     1    16     1    21    20     0     0   -16.0   56.170 -132.833    164.2    925.3
     1     1    16     1    21    19     0     0   -17.0   55.915 -132.366    148.7    926.5
     1     1    16     1    21    18     0     0   -18.0   55.669 -131.914    134.3    925.8
     1     1    16     1    21    17     0     0   -19.0   55.431 -131.470    120.9    925.3
     1     1    16     1    21    16     0     0   -20.0   55.206 -131.024    108.7    924.4
     1     1    16     1    21    15     0     0   -21.0   55.002 -130.572     98.2    922.7
     1     1    16     1    21    14     0     0   -22.0   54.817 -130.116     89.0    919.6
     1     1    16     1    21    13     0     0   -23.0   54.643 -129.657     80.9    917.2
     1     1    16     1    21    12     0     0   -24.0   54.468 -129.193     74.5    914.5
     1     1    16     1    21    11     0     0   -25.0   54.279 -128.734     69.1    912.1
     1     1    16     1    21    10     0     0   -26.0   54.073 -128.298     63.8    910.1
     1     1    16     1    21     9     0     0   -27.0   53.860 -127.886     58.1    908.5
     1     1    16     1    21     8     0     0   -28.0   53.647 -127.497     51.1    907.2
     1     1    16     1    21     7     0     0   -29.0   53.434 -127.124     43.1    908.0
     1     1    16     1    21     6     0     0   -30.0   53.222 -126.762     34.6    908.2
     1     1    16     1    21     5     0     0   -31.0   53.022 -126.415     27.7    907.5
     1     1    16     1    21     4     0     0   -32.0   52.845 -126.090     23.1    905.7
     1     1    16     1    21     3     0     0   -33.0   52.692 -125.795     20.1    903.5
     1     1    16     1    21     2     0     0   -34.0   52.564 -125.533     18.3    901.0
     1     1    16     1    21     1     0     0   -35.0   52.460 -125.306     17.3    899.0
     1     1    16     1    21     0     0     0   -36.0   52.378 -125.112     16.9    897.6
     1     1    16     1    20    23     0     0   -37.0   52.304 -124.938     16.8    896.3
     1     1    16     1    20    22     0     0   -38.0   52.226 -124.772     16.9    895.6
     1     1    16     1    20    21     0     0   -39.0   52.142 -124.613     17.2    895.0
     1     1    16     1    20    20     0     0   -40.0   52.056 -124.461     17.7    894.5
     1     1    16     1    20    19     0     0   -41.0   51.972 -124.319     18.3    894.0
     1     1    16     1    20    18     0     0   -42.0   51.892 -124.186     19.1    893.6
     1     1    16     1    20    17     0     0   -43.0   51.819 -124.072     20.1    892.5
     1     1    16     1    20    16     0     0   -44.0   51.755 -123.986     21.6    891.6
     1     1    16     1    20    15     0     0   -45.0   51.698 -123.928     23.5    890.9
     1     1    16     1    20    14     0     0   -46.0   51.651 -123.900     26.1    890.4
     1     1    16     1    20    13     0     0   -47.0   51.614 -123.900     29.3    890.1
     1     1    16     1    20    12     0     0   -48.0   51.586 -123.932     33.5    890.0
     1     1    16     1    20    11     0     0   -49.0   51.567 -123.975     37.9    889.5
     1     1    16     1    20    10     0     0   -50.0   51.556 -124.012     41.3    888.9
     1     1    16     1    20     9     0     0   -51.0   51.553 -124.042     43.5    888.2
     1     1    16     1    20     8     0     0   -52.0   51.560 -124.064     44.2    887.4
     1     1    16     1    20     7     0     0   -53.0   51.575 -124.078     43.4    886.6
     1     1    16     1    20     6     0     0   -54.0   51.600 -124.083     41.1    885.6
     1     1    16     1    20     5     0     0   -55.0   51.629 -124.079     38.6    885.3
     1     1    16     1    20     4     0     0   -56.0   51.656 -124.069     37.1    884.6
     1     1    16     1    20     3     0     0   -57.0   51.678 -124.053     36.6    883.8
     1     1    16     1    20     2     0     0   -58.0   51.697 -124.032     37.1    882.9
     1     1    16     1    20     1     0     0   -59.0   51.711 -124.005     38.6    881.9
     1     1    16     1    20     0     0     0   -60.0   51.719 -123.972     41.4    880.7
     1     1    16     1    19    23     0     0   -61.0   51.719 -123.933     44.3    880.1
     1     1    16     1    19    22     0     0   -62.0   51.705 -123.889     45.9    879.9
     1     1    16     1    19    21     0     0   -63.0   51.679 -123.842     46.0    879.9
     1     1    16     1    19    20     0     0   -64.0   51.642 -123.793     44.5    880.2
     1     1    16     1    19    19     0     0   -65.0   51.597 -123.740     41.5    880.8
     1     1    16     1    19    18     0     0   -66.0   51.543 -123.685     37.3    881.5
     1     1    16     1    19    17     0     0   -67.0   51.476 -123.629     32.7    882.4
     1     1    16     1    19    16     0     0   -68.0   51.389 -123.574     28.5    883.4
     1     1    16     1    19    15     0     0   -69.0   51.282 -123.519     24.8    884.6
     1     1    16     1    19    14     0     0   -70.0   51.157 -123.462     21.5    886.1
     1     1    16     1    19    13     0     0   -71.0   51.013 -123.402     18.6    887.8
     1     1    16     1    19    12     0     0   -72.0   50.852 -123.339     16.1    889.7
