     1     1
    CDC1    15    10     1     0     0
     1 BACKWARD OMEGA   
    15    10     5    12   60.984 -139.059   750.0
     1 PRESSURE
     1     1    15    10     5    12     0     0     0.0   60.984 -139.059    750.0    817.8
     1     1    15    10     5    11     0     0    -1.0   61.026 -139.041    740.8    818.4
     1     1    15    10     5    10     0     0    -2.0   61.071 -139.040    735.4    818.4
     1     1    15    10     5     9     0     0    -3.0   61.120 -139.057    733.5    818.0
     1     1    15    10     5     8     0     0    -4.0   61.172 -139.092    735.1    817.2
     1     1    15    10     5     7     0     0    -5.0   61.228 -139.144    740.0    816.1
     1     1    15    10     5     6     0     0    -6.0   61.287 -139.214    748.0    814.6
     1     1    15    10     5     5     0     0    -7.0   61.347 -139.302    758.2    812.6
     1     1    15    10     5     4     0     0    -8.0   61.404 -139.409    769.7    810.8
     1     1    15    10     5     3     0     0    -9.0   61.459 -139.534    782.6    808.8
     1     1    15    10     5     2     0     0   -10.0   61.512 -139.677    796.8    806.7
     1     1    15    10     5     1     0     0   -11.0   61.562 -139.839    812.2    804.5
     1     1    15    10     5     0     0     0   -12.0   61.610 -140.017    828.8    802.3
     1     1    15    10     4    23     0     0   -13.0   61.664 -140.217    846.7    800.1
     1     1    15    10     4    22     0     0   -14.0   61.735 -140.443    865.7    797.5
     1     1    15    10     4    21     0     0   -15.0   61.821 -140.696    885.9    794.6
     1     1    15    10     4    20     0     0   -16.0   61.923 -140.976    907.0    791.0
     1     1    15    10     4    19     0     0   -17.0   62.040 -141.285    929.2    786.9
     1     1    15    10     4    18     0     0   -18.0   62.171 -141.623    952.3    782.4
     1     1    15    10     4    17     0     0   -19.0   62.306 -142.004    974.9    778.0
     1     1    15    10     4    16     0     0   -20.0   62.430 -142.439    995.2    774.2
     1     1    15    10     4    15     0     0   -21.0   62.542 -142.931   1014.1    773.8
     1     1    15    10     4    14     0     0   -22.0   62.640 -143.477   1031.2    776.4
     1     1    15    10     4    13     0     0   -23.0   62.721 -144.072   1045.4    778.9
     1     1    15    10     4    12     0     0   -24.0   62.785 -144.712   1056.9    781.5
     1     1    15    10     4    11     0     0   -25.0   62.838 -145.371   1064.7    785.2
     1     1    15    10     4    10     0     0   -26.0   62.886 -146.025   1066.0    790.1
     1     1    15    10     4     9     0     0   -27.0   62.926 -146.672   1059.0    795.5
     1     1    15    10     4     8     0     0   -28.0   62.957 -147.309   1041.9    801.7
     1     1    15    10     4     7     0     0   -29.0   62.974 -147.933   1013.6    808.9
     1     1    15    10     4     6     0     0   -30.0   62.974 -148.539    973.4    817.2
     1     1    15    10     4     5     0     0   -31.0   62.945 -149.114    926.1    826.5
     1     1    15    10     4     4     0     0   -32.0   62.877 -149.645    878.1    834.3
     1     1    15    10     4     3     0     0   -33.0   62.773 -150.125    830.8    840.9
     1     1    15    10     4     2     0     0   -34.0   62.638 -150.556    785.5    846.5
     1     1    15    10     4     1     0     0   -35.0   62.473 -150.944    743.1    852.1
     1     1    15    10     4     0     0     0   -36.0   62.286 -151.289    704.8    861.1
     1     1    15    10     3    23     0     0   -37.0   62.084 -151.593    665.6    869.8
     1     1    15    10     3    22     0     0   -38.0   61.872 -151.857    621.3    879.3
     1     1    15    10     3    21     0     0   -39.0   61.651 -152.081    572.3    888.3
     1     1    15    10     3    20     0     0   -40.0   61.426 -152.265    519.1    897.5
     1     1    15    10     3    19     0     0   -41.0   61.196 -152.408    462.1    907.2
     1     1    15    10     3    18     0     0   -42.0   60.964 -152.508    402.2    917.6
     1     1    15    10     3    17     0     0   -43.0   60.735 -152.558    342.8    927.6
     1     1    15    10     3    16     0     0   -44.0   60.516 -152.555    288.9    936.4
     1     1    15    10     3    15     0     0   -45.0   60.309 -152.501    242.0    944.7
     1     1    15    10     3    14     0     0   -46.0   60.116 -152.398    202.9    952.6
     1     1    15    10     3    13     0     0   -47.0   59.929 -152.253    170.7    958.8
     1     1    15    10     3    12     0     0   -48.0   59.740 -152.080    143.4    965.5
     1     1    15    10     3    11     0     0   -49.0   59.558 -151.894    120.9    972.6
     1     1    15    10     3    10     0     0   -50.0   59.395 -151.708    103.0    979.0
     1     1    15    10     3     9     0     0   -51.0   59.247 -151.523     89.0    984.9
     1     1    15    10     3     8     0     0   -52.0   59.112 -151.343     78.3    990.2
     1     1    15    10     3     7     0     0   -53.0   58.986 -151.171     70.0    994.7
     1     1    15    10     3     6     0     0   -54.0   58.868 -151.007     63.5    998.8
     1     1    15    10     3     5     0     0   -55.0   58.745 -150.859     58.0   1002.7
     1     1    15    10     3     4     0     0   -56.0   58.609 -150.737     53.2   1006.8
     1     1    15    10     3     3     0     0   -57.0   58.457 -150.641     48.9   1011.0
     1     1    15    10     3     2     0     0   -58.0   58.291 -150.575     45.1   1015.3
     1     1    15    10     3     1     0     0   -59.0   58.109 -150.545     41.8   1019.8
     1     1    15    10     3     0     0     0   -60.0   57.911 -150.553     38.9   1024.2
     1     1    15    10     2    23     0     0   -61.0   57.698 -150.600     36.2   1028.5
     1     1    15    10     2    22     0     0   -62.0   57.470 -150.681     33.8   1032.0
     1     1    15    10     2    21     0     0   -63.0   57.230 -150.783     31.5   1030.2
     1     1    15    10     2    20     0     0   -64.0   56.980 -150.894     29.4   1028.4
     1     1    15    10     2    19     0     0   -65.0   56.720 -151.014     27.6   1026.8
     1     1    15    10     2    18     0     0   -66.0   56.450 -151.142     26.0   1025.3
     1     1    15    10     2    17     0     0   -67.0   56.170 -151.276     24.5   1023.8
     1     1    15    10     2    16     0     0   -68.0   55.880 -151.414     22.6   1022.6
     1     1    15    10     2    15     0     0   -69.0   55.582 -151.556     20.4   1021.7
     1     1    15    10     2    14     0     0   -70.0   55.279 -151.704     18.1   1021.0
     1     1    15    10     2    13     0     0   -71.0   54.975 -151.856     15.7   1021.0
     1     1    15    10     2    12     0     0   -72.0   54.682 -151.994     13.5   1024.1
