     1     1
    CDC1    16     1     1     0     0
     1 BACKWARD OMEGA   
    16     1    24    12   60.984 -139.059   750.0
     1 PRESSURE
     1     1    16     1    24    12     0     0     0.0   60.984 -139.059    750.0    801.9
     1     1    16     1    24    11     0     0    -1.0   60.650 -138.921    673.8    814.9
     1     1    16     1    24    10     0     0    -2.0   60.302 -138.734    596.2    828.9
     1     1    16     1    24     9     0     0    -3.0   59.953 -138.503    520.1    843.1
     1     1    16     1    24     8     0     0    -4.0   59.617 -138.259    452.5    861.1
     1     1    16     1    24     7     0     0    -5.0   59.305 -138.028    395.2    877.3
     1     1    16     1    24     6     0     0    -6.0   59.016 -137.807    347.8    891.3
     1     1    16     1    24     5     0     0    -7.0   58.741 -137.578    307.1    903.5
     1     1    16     1    24     4     0     0    -8.0   58.472 -137.326    269.7    915.2
     1     1    16     1    24     3     0     0    -9.0   58.209 -137.058    235.4    926.3
     1     1    16     1    24     2     0     0   -10.0   57.950 -136.776    203.9    936.8
     1     1    16     1    24     1     0     0   -11.0   57.697 -136.486    174.1    945.9
     1     1    16     1    24     0     0     0   -12.0   57.451 -136.195    145.6    953.9
     1     1    16     1    23    23     0     0   -13.0   57.219 -135.928    119.9    958.9
     1     1    16     1    23    22     0     0   -14.0   57.006 -135.699     98.3    963.8
     1     1    16     1    23    21     0     0   -15.0   56.808 -135.499     80.2    968.6
     1     1    16     1    23    20     0     0   -16.0   56.620 -135.323     64.9    972.5
     1     1    16     1    23    19     0     0   -17.0   56.440 -135.171     52.0    976.1
     1     1    16     1    23    18     0     0   -18.0   56.266 -135.047     41.4    979.8
     1     1    16     1    23    17     0     0   -19.0   56.091 -134.948     32.8    983.1
     1     1    16     1    23    16     0     0   -20.0   55.910 -134.875     25.8    986.4
     1     1    16     1    23    15     0     0   -21.0   55.721 -134.829     20.2    990.3
     1     1    16     1    23    14     0     0   -22.0   55.527 -134.816     15.9    994.6
     1     1    16     1    23    13     0     0   -23.0   55.327 -134.841     12.7    999.4
     1     1    16     1    23    12     0     0   -24.0   55.123 -134.910     10.2   1004.7
     1     1    16     1    23    11     0     0   -25.0   54.913 -135.016      8.2   1007.9
     1     1    16     1    23    10     0     0   -26.0   54.694 -135.145      6.2   1008.1
     1     1    16     1    23     9     0     0   -27.0   54.468 -135.295      4.3   1008.1
     1     1    16     1    23     8     0     0   -28.0   54.234 -135.470      2.6   1007.9
     1     1    16     1    23     7     0     0   -29.0   53.992 -135.676      1.1   1007.6
     1     1    16     1    23     6     0     0   -30.0   53.741 -135.922      0.0   1006.9
     1     1    16     1    23     5     0     0   -31.0   53.486 -136.200      0.0   1005.8
     1     1    16     1    23     4     0     0   -32.0   53.225 -136.503      0.0   1004.2
     1     1    16     1    23     3     0     0   -33.0   52.957 -136.832      0.0   1002.0
     1     1    16     1    23     2     0     0   -34.0   52.680 -137.193      0.0    999.2
     1     1    16     1    23     1     0     0   -35.0   52.399 -137.585      0.0    996.4
     1     1    16     1    23     0     0     0   -36.0   52.127 -138.003      0.0    995.4
     1     1    16     1    22    23     0     0   -37.0   51.871 -138.434      0.1    994.9
     1     1    16     1    22    22     0     0   -38.0   51.621 -138.866      0.3    994.8
     1     1    16     1    22    21     0     0   -39.0   51.369 -139.300      0.7    995.1
     1     1    16     1    22    20     0     0   -40.0   51.111 -139.736      1.1    995.7
     1     1    16     1    22    19     0     0   -41.0   50.843 -140.178      1.5    996.8
     1     1    16     1    22    18     0     0   -42.0   50.573 -140.635      1.7    998.2
     1     1    16     1    22    17     0     0   -43.0   50.312 -141.113      2.0    999.2
     1     1    16     1    22    16     0     0   -44.0   50.064 -141.609      2.6   1000.3
     1     1    16     1    22    15     0     0   -45.0   49.822 -142.117      3.4   1000.9
     1     1    16     1    22    14     0     0   -46.0   49.583 -142.628      4.3   1000.7
     1     1    16     1    22    13     0     0   -47.0   49.355 -143.147      5.2    999.1
     1     1    16     1    22    12     0     0   -48.0   49.142 -143.683      6.0    997.4
     1     1    16     1    22    11     0     0   -49.0   48.951 -144.247      6.9    996.0
     1     1    16     1    22    10     0     0   -50.0   48.782 -144.846      7.7    994.3
     1     1    16     1    22     9     0     0   -51.0   48.635 -145.471      8.1    993.1
     1     1    16     1    22     8     0     0   -52.0   48.511 -146.116      8.5    992.0
     1     1    16     1    22     7     0     0   -53.0   48.410 -146.777      8.9    990.6
     1     1    16     1    22     6     0     0   -54.0   48.330 -147.455      9.4    988.9
     1     1    16     1    22     5     0     0   -55.0   48.269 -148.142      9.9    989.4
     1     1    16     1    22     4     0     0   -56.0   48.226 -148.832     10.4    989.9
     1     1    16     1    22     3     0     0   -57.0   48.198 -149.528     10.7    990.2
     1     1    16     1    22     2     0     0   -58.0   48.185 -150.236     11.0    990.5
     1     1    16     1    22     1     0     0   -59.0   48.188 -150.959     11.2    991.3
     1     1    16     1    22     0     0     0   -60.0   48.208 -151.704     11.4    992.2
     1     1    16     1    21    23     0     0   -61.0   48.251 -152.460     11.5    993.2
     1     1    16     1    21    22     0     0   -62.0   48.313 -153.203     11.7    993.0
     1     1    16     1    21    21     0     0   -63.0   48.393 -153.928     11.8    992.5
     1     1    16     1    21    20     0     0   -64.0   48.494 -154.638     12.0    991.7
     1     1    16     1    21    19     0     0   -65.0   48.614 -155.332     12.3    990.9
     1     1    16     1    21    18     0     0   -66.0   48.752 -156.007     13.1    990.0
     1     1    16     1    21    17     0     0   -67.0   48.904 -156.658     14.4    988.9
     1     1    16     1    21    16     0     0   -68.0   49.070 -157.285     15.7    987.6
     1     1    16     1    21    15     0     0   -69.0   49.245 -157.886     16.7    987.2
     1     1    16     1    21    14     0     0   -70.0   49.423 -158.462     17.2    987.6
     1     1    16     1    21    13     0     0   -71.0   49.606 -159.013     17.3    988.3
     1     1    16     1    21    12     0     0   -72.0   49.794 -159.539     17.1    989.3
