     1     1
    CDC1    16     2     1     0     0
     1 BACKWARD OMEGA   
    16     2     7    12   60.984 -139.059   750.0
     1 PRESSURE
     1     1    16     2     7    12     0     0     0.0   60.984 -139.059    750.0    811.8
     1     1    16     2     7    11     0     0    -1.0   60.769 -138.711    758.7    814.5
     1     1    16     2     7    10     0     0    -2.0   60.548 -138.396    771.2    816.9
     1     1    16     2     7     9     0     0    -3.0   60.322 -138.109    789.1    818.7
     1     1    16     2     7     8     0     0    -4.0   60.093 -137.847    814.5    819.8
     1     1    16     2     7     7     0     0    -5.0   59.866 -137.608    849.2    821.8
     1     1    16     2     7     6     0     0    -6.0   59.647 -137.391    893.1    823.8
     1     1    16     2     7     5     0     0    -7.0   59.439 -137.201    937.9    823.8
     1     1    16     2     7     4     0     0    -8.0   59.242 -137.050    974.2    825.2
     1     1    16     2     7     3     0     0    -9.0   59.053 -136.943   1003.0    827.4
     1     1    16     2     7     2     0     0   -10.0   58.871 -136.881   1024.8    830.2
     1     1    16     2     7     1     0     0   -11.0   58.696 -136.867   1039.9    833.9
     1     1    16     2     7     0     0     0   -12.0   58.529 -136.902   1048.7    838.3
     1     1    16     2     6    23     0     0   -13.0   58.364 -136.968   1051.2    842.6
     1     1    16     2     6    22     0     0   -14.0   58.200 -137.053   1047.5    847.7
     1     1    16     2     6    21     0     0   -15.0   58.037 -137.161   1037.2    853.7
     1     1    16     2     6    20     0     0   -16.0   57.878 -137.298   1020.2    860.7
     1     1    16     2     6    19     0     0   -17.0   57.722 -137.469    996.5    868.6
     1     1    16     2     6    18     0     0   -18.0   57.572 -137.684    966.3    877.1
     1     1    16     2     6    17     0     0   -19.0   57.421 -137.911    931.8    884.8
     1     1    16     2     6    16     0     0   -20.0   57.267 -138.122    896.6    890.3
     1     1    16     2     6    15     0     0   -21.0   57.109 -138.330    862.1    895.6
     1     1    16     2     6    14     0     0   -22.0   56.949 -138.545    829.2    900.6
     1     1    16     2     6    13     0     0   -23.0   56.787 -138.779    798.3    905.3
     1     1    16     2     6    12     0     0   -24.0   56.623 -139.046    770.2    909.7
     1     1    16     2     6    11     0     0   -25.0   56.460 -139.337    746.8    913.5
     1     1    16     2     6    10     0     0   -26.0   56.300 -139.634    729.3    916.1
     1     1    16     2     6     9     0     0   -27.0   56.140 -139.932    716.1    918.1
     1     1    16     2     6     8     0     0   -28.0   55.978 -140.229    706.4    919.6
     1     1    16     2     6     7     0     0   -29.0   55.814 -140.522    698.9    920.6
     1     1    16     2     6     6     0     0   -30.0   55.645 -140.813    692.2    921.2
     1     1    16     2     6     5     0     0   -31.0   55.474 -141.116    685.3    921.9
     1     1    16     2     6     4     0     0   -32.0   55.303 -141.445    678.6    922.4
     1     1    16     2     6     3     0     0   -33.0   55.127 -141.795    671.7    922.7
     1     1    16     2     6     2     0     0   -34.0   54.945 -142.155    664.3    922.8
     1     1    16     2     6     1     0     0   -35.0   54.754 -142.519    656.2    923.2
     1     1    16     2     6     0     0     0   -36.0   54.555 -142.877    646.2    923.7
     1     1    16     2     5    23     0     0   -37.0   54.348 -143.243    635.2    924.5
     1     1    16     2     5    22     0     0   -38.0   54.135 -143.629    625.9    924.9
     1     1    16     2     5    21     0     0   -39.0   53.918 -144.034    618.5    925.2
     1     1    16     2     5    20     0     0   -40.0   53.697 -144.458    613.5    925.4
     1     1    16     2     5    19     0     0   -41.0   53.473 -144.899    611.1    925.6
     1     1    16     2     5    18     0     0   -42.0   53.249 -145.360    611.5    925.2
     1     1    16     2     5    17     0     0   -43.0   53.018 -145.850    613.0    924.5
     1     1    16     2     5    16     0     0   -44.0   52.770 -146.378    615.3    924.3
     1     1    16     2     5    15     0     0   -45.0   52.504 -146.947    618.6    924.5
     1     1    16     2     5    14     0     0   -46.0   52.219 -147.552    622.1    923.3
     1     1    16     2     5    13     0     0   -47.0   51.919 -148.183    626.3    922.9
     1     1    16     2     5    12     0     0   -48.0   51.606 -148.836    632.5    922.3
     1     1    16     2     5    11     0     0   -49.0   51.291 -149.506    638.9    920.7
     1     1    16     2     5    10     0     0   -50.0   50.986 -150.195    644.4    919.5
     1     1    16     2     5     9     0     0   -51.0   50.696 -150.908    649.2    918.0
     1     1    16     2     5     8     0     0   -52.0   50.423 -151.652    654.1    916.6
     1     1    16     2     5     7     0     0   -53.0   50.166 -152.433    659.5    915.3
     1     1    16     2     5     6     0     0   -54.0   49.926 -153.250    665.5    912.1
     1     1    16     2     5     5     0     0   -55.0   49.704 -154.093    672.3    908.7
     1     1    16     2     5     4     0     0   -56.0   49.501 -154.956    680.6    905.5
     1     1    16     2     5     3     0     0   -57.0   49.320 -155.835    690.4    903.7
     1     1    16     2     5     2     0     0   -58.0   49.159 -156.723    701.2    902.3
     1     1    16     2     5     1     0     0   -59.0   49.017 -157.620    714.2    901.1
     1     1    16     2     5     0     0     0   -60.0   48.888 -158.522    728.8    900.5
     1     1    16     2     4    23     0     0   -61.0   48.775 -159.429    743.3    899.6
     1     1    16     2     4    22     0     0   -62.0   48.690 -160.351    757.2    898.1
     1     1    16     2     4    21     0     0   -63.0   48.636 -161.290    769.1    896.3
     1     1    16     2     4    20     0     0   -64.0   48.613 -162.249    778.8    894.8
     1     1    16     2     4    19     0     0   -65.0   48.619 -163.230    786.5    893.2
     1     1    16     2     4    18     0     0   -66.0   48.648 -164.228    791.9    891.9
     1     1    16     2     4    17     0     0   -67.0   48.691 -165.230    796.5    890.8
     1     1    16     2     4    16     0     0   -68.0   48.742 -166.215    803.2    889.7
     1     1    16     2     4    15     0     0   -69.0   48.799 -167.176    812.2    888.5
     1     1    16     2     4    14     0     0   -70.0   48.861 -168.113    823.6    887.5
     1     1    16     2     4    13     0     0   -71.0   48.921 -169.023    836.2    886.5
     1     1    16     2     4    12     0     0   -72.0   48.973 -169.910    848.1    885.7
