     1     1
    CDC1    16     4     1     0     0
     1 BACKWARD OMEGA   
    16     4    14     6   60.984 -139.059   750.0
     1 PRESSURE
     1     1    16     4    14     6     0     0     0.0   60.984 -139.059    750.0    808.6
     1     1    16     4    14     5     0     0    -1.0   60.868 -139.021    731.3    812.4
     1     1    16     4    14     4     0     0    -2.0   60.742 -138.978    710.1    816.9
     1     1    16     4    14     3     0     0    -3.0   60.604 -138.926    686.5    821.9
     1     1    16     4    14     2     0     0    -4.0   60.454 -138.866    661.0    827.3
     1     1    16     4    14     1     0     0    -5.0   60.291 -138.797    633.9    833.2
     1     1    16     4    14     0     0     0    -6.0   60.111 -138.716    605.6    839.6
     1     1    16     4    13    23     0     0    -7.0   59.919 -138.625    579.9    846.3
     1     1    16     4    13    22     0     0    -8.0   59.718 -138.525    560.2    853.9
     1     1    16     4    13    21     0     0    -9.0   59.510 -138.416    545.3    861.2
     1     1    16     4    13    20     0     0   -10.0   59.298 -138.300    534.8    868.3
     1     1    16     4    13    19     0     0   -11.0   59.082 -138.177    528.2    875.1
     1     1    16     4    13    18     0     0   -12.0   58.865 -138.048    525.1    881.6
     1     1    16     4    13    17     0     0   -13.0   58.653 -137.910    523.6    887.3
     1     1    16     4    13    16     0     0   -14.0   58.452 -137.759    522.1    892.7
     1     1    16     4    13    15     0     0   -15.0   58.259 -137.599    520.9    897.7
     1     1    16     4    13    14     0     0   -16.0   58.073 -137.435    520.1    902.2
     1     1    16     4    13    13     0     0   -17.0   57.892 -137.270    520.0    906.0
     1     1    16     4    13    12     0     0   -18.0   57.716 -137.109    520.9    909.5
     1     1    16     4    13    11     0     0   -19.0   57.536 -136.952    520.6    913.2
     1     1    16     4    13    10     0     0   -20.0   57.350 -136.800    515.7    915.0
     1     1    16     4    13     9     0     0   -21.0   57.157 -136.651    506.2    916.9
     1     1    16     4    13     8     0     0   -22.0   56.959 -136.508    492.0    919.6
     1     1    16     4    13     7     0     0   -23.0   56.755 -136.376    472.9    923.2
     1     1    16     4    13     6     0     0   -24.0   56.545 -136.261    448.8    927.8
     1     1    16     4    13     5     0     0   -25.0   56.328 -136.145    425.4    933.3
     1     1    16     4    13     4     0     0   -26.0   56.101 -136.013    407.5    937.8
     1     1    16     4    13     3     0     0   -27.0   55.860 -135.871    394.5    942.1
     1     1    16     4    13     2     0     0   -28.0   55.603 -135.722    385.6    946.2
     1     1    16     4    13     1     0     0   -29.0   55.328 -135.572    380.3    950.2
     1     1    16     4    13     0     0     0   -30.0   55.033 -135.426    377.6    954.4
     1     1    16     4    12    23     0     0   -31.0   54.733 -135.295    376.0    955.1
     1     1    16     4    12    22     0     0   -32.0   54.441 -135.189    374.6    955.4
     1     1    16     4    12    21     0     0   -33.0   54.155 -135.114    373.2    955.6
     1     1    16     4    12    20     0     0   -34.0   53.868 -135.074    371.2    955.6
     1     1    16     4    12    19     0     0   -35.0   53.577 -135.076    368.0    955.6
     1     1    16     4    12    18     0     0   -36.0   53.277 -135.129    363.0    955.5
     1     1    16     4    12    17     0     0   -37.0   52.968 -135.216    356.9    956.3
     1     1    16     4    12    16     0     0   -38.0   52.656 -135.313    350.3    956.7
     1     1    16     4    12    15     0     0   -39.0   52.346 -135.416    343.3    956.8
     1     1    16     4    12    14     0     0   -40.0   52.045 -135.527    335.8    956.6
     1     1    16     4    12    13     0     0   -41.0   51.755 -135.650    328.0    956.1
     1     1    16     4    12    12     0     0   -42.0   51.475 -135.792    319.4    955.6
     1     1    16     4    12    11     0     0   -43.0   51.194 -135.955    308.6    955.8
     1     1    16     4    12    10     0     0   -44.0   50.902 -136.138    295.0    956.5
     1     1    16     4    12     9     0     0   -45.0   50.598 -136.342    279.5    957.2
     1     1    16     4    12     8     0     0   -46.0   50.282 -136.566    262.7    958.0
     1     1    16     4    12     7     0     0   -47.0   49.957 -136.813    245.7    959.2
     1     1    16     4    12     6     0     0   -48.0   49.625 -137.071    229.8    962.7
     1     1    16     4    12     5     0     0   -49.0   49.290 -137.339    216.9    966.6
     1     1    16     4    12     4     0     0   -50.0   48.951 -137.626    208.0    970.1
     1     1    16     4    12     3     0     0   -51.0   48.605 -137.931    203.0    973.3
     1     1    16     4    12     2     0     0   -52.0   48.251 -138.260    201.9    975.5
     1     1    16     4    12     1     0     0   -53.0   47.893 -138.621    204.8    976.9
     1     1    16     4    12     0     0     0   -54.0   47.531 -139.024    212.2    977.3
     1     1    16     4    11    23     0     0   -55.0   47.167 -139.460    220.7    976.7
     1     1    16     4    11    22     0     0   -56.0   46.796 -139.909    226.0    976.0
     1     1    16     4    11    21     0     0   -57.0   46.416 -140.371    227.3    975.5
     1     1    16     4    11    20     0     0   -58.0   46.024 -140.850    224.3    975.4
     1     1    16     4    11    19     0     0   -59.0   45.621 -141.350    217.5    975.6
     1     1    16     4    11    18     0     0   -60.0   45.210 -141.882    207.1    976.0
     1     1    16     4    11    17     0     0   -61.0   44.800 -142.449    194.4    978.5
     1     1    16     4    11    16     0     0   -62.0   44.400 -143.030    180.8    982.5
     1     1    16     4    11    15     0     0   -63.0   44.010 -143.605    166.0    985.8
     1     1    16     4    11    14     0     0   -64.0   43.620 -144.175    149.6    988.4
     1     1    16     4    11    13     0     0   -65.0   43.222 -144.745    131.2    990.4
     1     1    16     4    11    12     0     0   -66.0   42.819 -145.328    111.3    991.7
     1     1    16     4    11    11     0     0   -67.0   42.434 -145.927     94.4    993.9
     1     1    16     4    11    10     0     0   -68.0   42.070 -146.524     83.2    995.4
     1     1    16     4    11     9     0     0   -69.0   41.705 -147.099     75.6    996.3
     1     1    16     4    11     8     0     0   -70.0   41.323 -147.641     69.7    997.1
     1     1    16     4    11     7     0     0   -71.0   40.920 -148.145     64.4    999.1
     1     1    16     4    11     6     0     0   -72.0   40.496 -148.613     59.3   1001.0
