     1     1
    CDC1    15    10     1     0     0
     1 BACKWARD OMEGA   
    15    10    10    12   60.984 -139.059   750.0
     1 PRESSURE
     1     1    15    10    10    12     0     0     0.0   60.984 -139.059    750.0    788.7
     1     1    15    10    10    11     0     0    -1.0   60.792 -139.246    709.2    795.2
     1     1    15    10    10    10     0     0    -2.0   60.608 -139.444    667.0    802.0
     1     1    15    10    10     9     0     0    -3.0   60.433 -139.664    623.9    808.8
     1     1    15    10    10     8     0     0    -4.0   60.269 -139.920    581.2    815.0
     1     1    15    10    10     7     0     0    -5.0   60.118 -140.221    540.8    821.3
     1     1    15    10    10     6     0     0    -6.0   59.985 -140.568    504.5    828.0
     1     1    15    10    10     5     0     0    -7.0   59.873 -140.894    471.4    836.5
     1     1    15    10    10     4     0     0    -8.0   59.786 -141.133    438.6    843.9
     1     1    15    10    10     3     0     0    -9.0   59.727 -141.289    406.0    849.9
     1     1    15    10    10     2     0     0   -10.0   59.697 -141.366    373.3    854.6
     1     1    15    10    10     1     0     0   -11.0   59.694 -141.354    340.7    857.2
     1     1    15    10    10     0     0     0   -12.0   59.715 -141.242    307.7    858.6
     1     1    15    10     9    23     0     0   -13.0   59.754 -141.065    275.2    861.1
     1     1    15    10     9    22     0     0   -14.0   59.809 -140.871    244.3    862.8
     1     1    15    10     9    21     0     0   -15.0   59.882 -140.665    215.6    863.8
     1     1    15    10     9    20     0     0   -16.0   59.976 -140.454    189.3    863.8
     1     1    15    10     9    19     0     0   -17.0   60.089 -140.247    166.5    863.7
     1     1    15    10     9    18     0     0   -18.0   60.220 -140.057    147.9    863.5
     1     1    15    10     9    17     0     0   -19.0   60.346 -139.866    133.5    864.3
     1     1    15    10     9    16     0     0   -20.0   60.439 -139.647    122.8    865.5
     1     1    15    10     9    15     0     0   -21.0   60.500 -139.397    114.9    866.8
     1     1    15    10     9    14     0     0   -22.0   60.529 -139.118    109.6    868.3
     1     1    15    10     9    13     0     0   -23.0   60.528 -138.814    106.3    870.1
     1     1    15    10     9    12     0     0   -24.0   60.499 -138.490    105.0    872.1
     1     1    15    10     9    11     0     0   -25.0   60.442 -138.185    103.1    873.1
     1     1    15    10     9    10     0     0   -26.0   60.359 -137.930     98.2    875.4
     1     1    15    10     9     9     0     0   -27.0   60.252 -137.727     91.1    878.5
     1     1    15    10     9     8     0     0   -28.0   60.120 -137.577     82.9    882.4
     1     1    15    10     9     7     0     0   -29.0   59.965 -137.480     74.7    887.4
     1     1    15    10     9     6     0     0   -30.0   59.788 -137.427     66.7    894.3
     1     1    15    10     9     5     0     0   -31.0   59.610 -137.354     58.8    900.3
     1     1    15    10     9     4     0     0   -32.0   59.445 -137.212     51.4    905.6
     1     1    15    10     9     3     0     0   -33.0   59.289 -137.009     44.5    910.2
     1     1    15    10     9     2     0     0   -34.0   59.140 -136.752     38.0    914.3
     1     1    15    10     9     1     0     0   -35.0   58.993 -136.448     32.0    918.0
     1     1    15    10     9     0     0     0   -36.0   58.846 -136.104     26.6    921.3
     1     1    15    10     8    23     0     0   -37.0   58.707 -135.748     21.8    924.4
     1     1    15    10     8    22     0     0   -38.0   58.590 -135.400     17.8    926.6
     1     1    15    10     8    21     0     0   -39.0   58.499 -135.060     14.4    927.9
     1     1    15    10     8    20     0     0   -40.0   58.437 -134.726     11.7    926.6
     1     1    15    10     8    19     0     0   -41.0   58.402 -134.399      9.6    924.0
     1     1    15    10     8    18     0     0   -42.0   58.396 -134.080      7.7    920.5
     1     1    15    10     8    17     0     0   -43.0   58.404 -133.770      5.8    917.3
     1     1    15    10     8    16     0     0   -44.0   58.410 -133.467      3.9    914.2
     1     1    15    10     8    15     0     0   -45.0   58.413 -133.169      2.1    911.2
     1     1    15    10     8    14     0     0   -46.0   58.412 -132.875      0.2    908.4
     1     1    15    10     8    13     0     0   -47.0   58.405 -132.583      0.0    905.7
     1     1    15    10     8    12     0     0   -48.0   58.387 -132.289      0.0    902.9
     1     1    15    10     8    11     0     0   -49.0   58.367 -132.016      0.0    899.5
     1     1    15    10     8    10     0     0   -50.0   58.354 -131.793      0.0    896.6
     1     1    15    10     8     9     0     0   -51.0   58.351 -131.621      0.0    894.3
     1     1    15    10     8     8     0     0   -52.0   58.358 -131.500      0.0    892.4
     1     1    15    10     8     7     0     0   -53.0   58.377 -131.429      0.0    891.2
     1     1    15    10     8     6     0     0   -54.0   58.408 -131.410      0.0    890.4
     1     1    15    10     8     5     0     0   -55.0   58.434 -131.412      0.0    890.6
     1     1    15    10     8     4     0     0   -56.0   58.436 -131.404      0.0    890.9
     1     1    15    10     8     3     0     0   -57.0   58.416 -131.384      0.0    891.4
     1     1    15    10     8     2     0     0   -58.0   58.373 -131.353      0.0    891.9
     1     1    15    10     8     1     0     0   -59.0   58.308 -131.310      0.0    892.6
     1     1    15    10     8     0     0     0   -60.0   58.220 -131.257      0.0    893.4
     1     1    15    10     7    23     0     0   -61.0   58.128 -131.199      0.0    893.9
     1     1    15    10     7    22     0     0   -62.0   58.053 -131.147      0.0    894.2
     1     1    15    10     7    21     0     0   -63.0   57.994 -131.099      0.0    894.3
     1     1    15    10     7    20     0     0   -64.0   57.952 -131.057      0.0    894.3
     1     1    15    10     7    19     0     0   -65.0   57.927 -131.021      0.0    894.3
     1     1    15    10     7    18     0     0   -66.0   57.919 -130.990      0.0    894.1
     1     1    15    10     7    17     0     0   -67.0   57.915 -130.962      0.1    893.5
     1     1    15    10     7    16     0     0   -68.0   57.904 -130.934      0.9    893.1
     1     1    15    10     7    15     0     0   -69.0   57.885 -130.904      2.3    892.7
     1     1    15    10     7    14     0     0   -70.0   57.859 -130.875      4.5    892.4
     1     1    15    10     7    13     0     0   -71.0   57.824 -130.845      7.2    892.2
     1     1    15    10     7    12     0     0   -72.0   57.781 -130.815     10.7    891.8
