     1     1
    CDC1    16     4     1     0     0
     1 BACKWARD OMEGA   
    16     4     6     0   60.984 -139.059   750.0
     1 PRESSURE
     1     1    16     4     6     0     0     0     0.0   60.984 -139.059    750.0    802.5
     1     1    16     4     5    23     0     0    -1.0   60.831 -139.249    676.9    812.1
     1     1    16     4     5    22     0     0    -2.0   60.677 -139.421    601.2    822.6
     1     1    16     4     5    21     0     0    -3.0   60.523 -139.568    524.9    832.3
     1     1    16     4     5    20     0     0    -4.0   60.373 -139.682    449.7    842.2
     1     1    16     4     5    19     0     0    -5.0   60.230 -139.755    375.6    852.4
     1     1    16     4     5    18     0     0    -6.0   60.103 -139.773    307.1    860.8
     1     1    16     4     5    17     0     0    -7.0   59.992 -139.701    249.0    869.6
     1     1    16     4     5    16     0     0    -8.0   59.882 -139.524    202.0    879.3
     1     1    16     4     5    15     0     0    -9.0   59.763 -139.252    163.8    886.7
     1     1    16     4     5    14     0     0   -10.0   59.630 -138.894    132.1    894.1
     1     1    16     4     5    13     0     0   -11.0   59.484 -138.457    106.0    901.3
     1     1    16     4     5    12     0     0   -12.0   59.324 -137.947     85.0    908.3
     1     1    16     4     5    11     0     0   -13.0   59.153 -137.441     68.7    915.2
     1     1    16     4     5    10     0     0   -14.0   58.970 -137.008     55.8    921.2
     1     1    16     4     5     9     0     0   -15.0   58.778 -136.640     45.1    927.3
     1     1    16     4     5     8     0     0   -16.0   58.580 -136.325     36.3    933.6
     1     1    16     4     5     7     0     0   -17.0   58.378 -136.047     28.9    939.9
     1     1    16     4     5     6     0     0   -18.0   58.176 -135.796     23.0    946.2
     1     1    16     4     5     5     0     0   -19.0   57.982 -135.554     18.3    951.0
     1     1    16     4     5     4     0     0   -20.0   57.806 -135.313     14.9    955.1
     1     1    16     4     5     3     0     0   -21.0   57.644 -135.084     12.4    958.4
     1     1    16     4     5     2     0     0   -22.0   57.495 -134.878     10.6    960.3
     1     1    16     4     5     1     0     0   -23.0   57.350 -134.704      9.3    960.4
     1     1    16     4     5     0     0     0   -24.0   57.205 -134.564      8.1    961.2
     1     1    16     4     4    23     0     0   -25.0   57.066 -134.452      7.0    962.0
     1     1    16     4     4    22     0     0   -26.0   56.941 -134.356      5.9    962.8
     1     1    16     4     4    21     0     0   -27.0   56.830 -134.276      4.8    963.6
     1     1    16     4     4    20     0     0   -28.0   56.734 -134.209      3.8    964.3
     1     1    16     4     4    19     0     0   -29.0   56.654 -134.155      2.7    964.7
     1     1    16     4     4    18     0     0   -30.0   56.592 -134.111      1.8    965.0
     1     1    16     4     4    17     0     0   -31.0   56.539 -134.060      1.0    965.1
     1     1    16     4     4    16     0     0   -32.0   56.487 -133.984      0.6    964.8
     1     1    16     4     4    15     0     0   -33.0   56.435 -133.880      0.6    964.0
     1     1    16     4     4    14     0     0   -34.0   56.383 -133.745      0.9    962.8
     1     1    16     4     4    13     0     0   -35.0   56.329 -133.578      1.5    961.2
     1     1    16     4     4    12     0     0   -36.0   56.271 -133.378      2.4    959.2
     1     1    16     4     4    11     0     0   -37.0   56.215 -133.157      3.1    957.8
     1     1    16     4     4    10     0     0   -38.0   56.167 -132.933      3.3    956.1
     1     1    16     4     4     9     0     0   -39.0   56.130 -132.706      3.2    954.1
     1     1    16     4     4     8     0     0   -40.0   56.109 -132.480      2.8    951.7
     1     1    16     4     4     7     0     0   -41.0   56.105 -132.260      2.1    948.0
     1     1    16     4     4     6     0     0   -42.0   56.123 -132.052      1.0    944.0
     1     1    16     4     4     5     0     0   -43.0   56.150 -131.844      0.0    940.2
     1     1    16     4     4     4     0     0   -44.0   56.173 -131.627      0.0    936.3
     1     1    16     4     4     3     0     0   -45.0   56.193 -131.403      0.0    932.3
     1     1    16     4     4     2     0     0   -46.0   56.211 -131.175      0.0    928.2
     1     1    16     4     4     1     0     0   -47.0   56.227 -130.947      0.0    924.2
     1     1    16     4     4     0     0     0   -48.0   56.243 -130.722      0.0    920.2
     1     1    16     4     3    23     0     0   -49.0   56.263 -130.513      0.0    916.3
     1     1    16     4     3    22     0     0   -50.0   56.292 -130.331      0.0    912.7
     1     1    16     4     3    21     0     0   -51.0   56.328 -130.174      0.0    909.4
     1     1    16     4     3    20     0     0   -52.0   56.372 -130.039      0.0    906.4
     1     1    16     4     3    19     0     0   -53.0   56.421 -129.925      0.0    904.2
     1     1    16     4     3    18     0     0   -54.0   56.476 -129.830      0.0    902.3
     1     1    16     4     3    17     0     0   -55.0   56.526 -129.748      0.0    900.6
     1     1    16     4     3    16     0     0   -56.0   56.564 -129.674      0.0    899.1
     1     1    16     4     3    15     0     0   -57.0   56.591 -129.608      0.0    898.1
     1     1    16     4     3    14     0     0   -58.0   56.607 -129.550      0.0    897.4
     1     1    16     4     3    13     0     0   -59.0   56.612 -129.499      0.2    896.9
     1     1    16     4     3    12     0     0   -60.0   56.608 -129.455      0.5    896.8
     1     1    16     4     3    11     0     0   -61.0   56.602 -129.428      0.9    896.7
     1     1    16     4     3    10     0     0   -62.0   56.603 -129.426      1.0    896.7
     1     1    16     4     3     9     0     0   -63.0   56.610 -129.449      0.9    896.9
     1     1    16     4     3     8     0     0   -64.0   56.623 -129.495      0.5    897.3
     1     1    16     4     3     7     0     0   -65.0   56.641 -129.564      0.0    897.8
     1     1    16     4     3     6     0     0   -66.0   56.665 -129.653      0.0    898.4
     1     1    16     4     3     5     0     0   -67.0   56.686 -129.758      0.0    899.0
     1     1    16     4     3     4     0     0   -68.0   56.700 -129.875      0.0    899.9
     1     1    16     4     3     3     0     0   -69.0   56.705 -130.001      0.0    901.1
     1     1    16     4     3     2     0     0   -70.0   56.703 -130.136      0.0    903.5
     1     1    16     4     3     1     0     0   -71.0   56.696 -130.279      0.0    906.3
     1     1    16     4     3     0     0     0   -72.0   56.683 -130.431      0.0    909.4
