     1     1
    CDC1    16     3     1     0     0
     1 BACKWARD OMEGA   
    16     3    31     6   60.984 -139.059   750.0
     1 PRESSURE
     1     1    16     3    31     6     0     0     0.0   60.984 -139.059    750.0    821.0
     1     1    16     3    31     5     0     0    -1.0   61.094 -139.876    796.6    815.2
     1     1    16     3    31     4     0     0    -2.0   61.137 -140.673    837.3    813.2
     1     1    16     3    31     3     0     0    -3.0   61.107 -141.429    870.4    813.6
     1     1    16     3    31     2     0     0    -4.0   61.006 -142.133    896.1    816.0
     1     1    16     3    31     1     0     0    -5.0   60.837 -142.772    914.4    821.0
     1     1    16     3    31     0     0     0    -6.0   60.606 -143.328    925.3    829.0
     1     1    16     3    30    23     0     0    -7.0   60.327 -143.793    926.1    838.8
     1     1    16     3    30    22     0     0    -8.0   60.012 -144.163    915.4    850.7
     1     1    16     3    30    21     0     0    -9.0   59.671 -144.426    894.5    865.5
     1     1    16     3    30    20     0     0   -10.0   59.320 -144.583    863.6    880.7
     1     1    16     3    30    19     0     0   -11.0   58.965 -144.657    825.1    896.4
     1     1    16     3    30    18     0     0   -12.0   58.611 -144.670    780.8    912.5
     1     1    16     3    30    17     0     0   -13.0   58.259 -144.630    734.9    928.7
     1     1    16     3    30    16     0     0   -14.0   57.909 -144.547    692.0    944.3
     1     1    16     3    30    15     0     0   -15.0   57.557 -144.439    654.1    959.6
     1     1    16     3    30    14     0     0   -16.0   57.193 -144.327    619.4    962.6
     1     1    16     3    30    13     0     0   -17.0   56.805 -144.227    590.3    962.6
     1     1    16     3    30    12     0     0   -18.0   56.388 -144.149    567.6    962.1
     1     1    16     3    30    11     0     0   -19.0   55.945 -144.094    549.6    961.0
     1     1    16     3    30    10     0     0   -20.0   55.481 -144.053    534.4    959.9
     1     1    16     3    30     9     0     0   -21.0   54.990 -144.029    522.0    958.6
     1     1    16     3    30     8     0     0   -22.0   54.477 -143.993    513.0    960.3
     1     1    16     3    30     7     0     0   -23.0   53.950 -143.920    507.1    961.7
     1     1    16     3    30     6     0     0   -24.0   53.405 -143.815    505.4    962.7
     1     1    16     3    30     5     0     0   -25.0   52.844 -143.691    509.8    963.2
     1     1    16     3    30     4     0     0   -26.0   52.270 -143.555    521.0    962.6
     1     1    16     3    30     3     0     0   -27.0   51.687 -143.389    537.5    961.3
     1     1    16     3    30     2     0     0   -28.0   51.100 -143.183    558.8    960.0
     1     1    16     3    30     1     0     0   -29.0   50.510 -142.936    586.4    958.4
     1     1    16     3    30     0     0     0   -30.0   49.920 -142.651    621.3    956.4
     1     1    16     3    29    23     0     0   -31.0   49.341 -142.329    659.4    951.0
     1     1    16     3    29    22     0     0   -32.0   48.788 -141.973    696.7    945.9
     1     1    16     3    29    21     0     0   -33.0   48.271 -141.585    734.1    941.3
     1     1    16     3    29    20     0     0   -34.0   47.799 -141.170    772.5    937.2
     1     1    16     3    29    19     0     0   -35.0   47.382 -140.742    812.3    932.9
     1     1    16     3    29    18     0     0   -36.0   47.026 -140.328    853.3    927.8
     1     1    16     3    29    17     0     0   -37.0   46.720 -139.931    894.3    923.0
     1     1    16     3    29    16     0     0   -38.0   46.453 -139.538    933.1    918.8
     1     1    16     3    29    15     0     0   -39.0   46.223 -139.145    968.7    914.8
     1     1    16     3    29    14     0     0   -40.0   46.032 -138.748   1001.1    911.7
     1     1    16     3    29    13     0     0   -41.0   45.881 -138.348   1030.6    909.2
     1     1    16     3    29    12     0     0   -42.0   45.768 -137.943   1057.5    907.2
     1     1    16     3    29    11     0     0   -43.0   45.702 -137.535   1083.2    905.5
     1     1    16     3    29    10     0     0   -44.0   45.685 -137.128   1110.0    903.0
     1     1    16     3    29     9     0     0   -45.0   45.714 -136.728   1138.0    900.2
     1     1    16     3    29     8     0     0   -46.0   45.789 -136.339   1167.5    897.2
     1     1    16     3    29     7     0     0   -47.0   45.914 -135.965   1198.6    894.1
     1     1    16     3    29     6     0     0   -48.0   46.091 -135.609   1231.8    890.8
     1     1    16     3    29     5     0     0   -49.0   46.306 -135.280   1269.6    886.9
     1     1    16     3    29     4     0     0   -50.0   46.543 -134.985   1315.1    881.8
     1     1    16     3    29     3     0     0   -51.0   46.792 -134.723   1370.0    874.9
     1     1    16     3    29     2     0     0   -52.0   47.045 -134.491   1435.8    867.1
     1     1    16     3    29     1     0     0   -53.0   47.300 -134.287   1514.1    858.4
     1     1    16     3    29     0     0     0   -54.0   47.554 -134.111   1606.0    848.6
     1     1    16     3    28    23     0     0   -55.0   47.811 -133.953   1704.4    838.1
     1     1    16     3    28    22     0     0   -56.0   48.078 -133.802   1800.0    828.2
     1     1    16     3    28    21     0     0   -57.0   48.356 -133.660   1891.9    818.9
     1     1    16     3    28    20     0     0   -58.0   48.647 -133.528   1979.1    810.2
     1     1    16     3    28    19     0     0   -59.0   48.951 -133.410   2060.7    802.4
     1     1    16     3    28    18     0     0   -60.0   49.269 -133.307   2135.7    795.2
     1     1    16     3    28    17     0     0   -61.0   49.608 -133.236   2206.6    788.8
     1     1    16     3    28    16     0     0   -62.0   49.977 -133.216   2274.7    782.1
     1     1    16     3    28    15     0     0   -63.0   50.365 -133.264   2337.2    775.3
     1     1    16     3    28    14     0     0   -64.0   50.755 -133.397   2391.9    769.5
     1     1    16     3    28    13     0     0   -65.0   51.140 -133.614   2440.0    764.5
     1     1    16     3    28    12     0     0   -66.0   51.513 -133.915   2482.5    760.2
     1     1    16     3    28    11     0     0   -67.0   51.857 -134.284   2518.0    756.5
     1     1    16     3    28    10     0     0   -68.0   52.164 -134.706   2546.6    754.0
     1     1    16     3    28     9     0     0   -69.0   52.434 -135.175   2568.0    751.8
     1     1    16     3    28     8     0     0   -70.0   52.660 -135.684   2581.1    748.6
     1     1    16     3    28     7     0     0   -71.0   52.841 -136.222   2588.2    746.1
     1     1    16     3    28     6     0     0   -72.0   52.982 -136.784   2591.5    744.3
