     1     1
    CDC1    15    10     1     0     0
     1 BACKWARD OMEGA   
    15    10    30    12   60.984 -139.059   750.0
     1 PRESSURE
     1     1    15    10    30    12     0     0     0.0   60.984 -139.059    750.0    790.9
     1     1    15    10    30    11     0     0    -1.0   60.954 -138.949    743.1    792.5
     1     1    15    10    30    10     0     0    -2.0   60.925 -138.833    742.4    793.2
     1     1    15    10    30     9     0     0    -3.0   60.896 -138.712    747.8    793.2
     1     1    15    10    30     8     0     0    -4.0   60.869 -138.583    759.3    792.6
     1     1    15    10    30     7     0     0    -5.0   60.844 -138.447    777.1    791.4
     1     1    15    10    30     6     0     0    -6.0   60.820 -138.303    801.2    789.5
     1     1    15    10    30     5     0     0    -7.0   60.791 -138.168    824.1    787.3
     1     1    15    10    30     4     0     0    -8.0   60.745 -138.059    837.8    787.0
     1     1    15    10    30     3     0     0    -9.0   60.681 -137.972    842.0    787.9
     1     1    15    10    30     2     0     0   -10.0   60.599 -137.905    835.9    790.2
     1     1    15    10    30     1     0     0   -11.0   60.499 -137.853    818.9    793.8
     1     1    15    10    30     0     0     0   -12.0   60.379 -137.811    790.1    799.0
     1     1    15    10    29    23     0     0   -13.0   60.243 -137.765    755.0    805.5
     1     1    15    10    29    22     0     0   -14.0   60.091 -137.711    720.0    811.8
     1     1    15    10    29    21     0     0   -15.0   59.922 -137.651    684.9    819.5
     1     1    15    10    29    20     0     0   -16.0   59.737 -137.599    649.6    829.2
     1     1    15    10    29    19     0     0   -17.0   59.535 -137.556    613.4    839.8
     1     1    15    10    29    18     0     0   -18.0   59.316 -137.520    576.3    850.4
     1     1    15    10    29    17     0     0   -19.0   59.090 -137.490    537.5    861.3
     1     1    15    10    29    16     0     0   -20.0   58.867 -137.474    497.5    872.5
     1     1    15    10    29    15     0     0   -21.0   58.649 -137.472    457.4    883.9
     1     1    15    10    29    14     0     0   -22.0   58.438 -137.489    418.5    895.2
     1     1    15    10    29    13     0     0   -23.0   58.237 -137.527    381.9    906.3
     1     1    15    10    29    12     0     0   -24.0   58.047 -137.591    348.9    916.0
     1     1    15    10    29    11     0     0   -25.0   57.866 -137.670    319.5    925.1
     1     1    15    10    29    10     0     0   -26.0   57.688 -137.751    292.5    934.2
     1     1    15    10    29     9     0     0   -27.0   57.514 -137.835    268.1    943.0
     1     1    15    10    29     8     0     0   -28.0   57.341 -137.930    245.7    948.5
     1     1    15    10    29     7     0     0   -29.0   57.165 -138.043    225.5    953.5
     1     1    15    10    29     6     0     0   -30.0   56.989 -138.178    207.5    958.3
     1     1    15    10    29     5     0     0   -31.0   56.809 -138.319    190.8    962.2
     1     1    15    10    29     4     0     0   -32.0   56.625 -138.447    174.9    965.7
     1     1    15    10    29     3     0     0   -33.0   56.439 -138.569    159.4    969.0
     1     1    15    10    29     2     0     0   -34.0   56.254 -138.692    144.7    972.2
     1     1    15    10    29     1     0     0   -35.0   56.071 -138.826    130.7    975.2
     1     1    15    10    29     0     0     0   -36.0   55.892 -138.979    117.6    978.1
     1     1    15    10    28    23     0     0   -37.0   55.716 -139.139    105.4    980.7
     1     1    15    10    28    22     0     0   -38.0   55.539 -139.286     93.7    983.3
     1     1    15    10    28    21     0     0   -39.0   55.361 -139.418     82.8    985.7
     1     1    15    10    28    20     0     0   -40.0   55.179 -139.533     72.6    987.7
     1     1    15    10    28    19     0     0   -41.0   54.992 -139.631     63.1    989.0
     1     1    15    10    28    18     0     0   -42.0   54.801 -139.701     54.4    988.9
     1     1    15    10    28    17     0     0   -43.0   54.601 -139.763     47.0    988.8
     1     1    15    10    28    16     0     0   -44.0   54.387 -139.848     41.1    988.6
     1     1    15    10    28    15     0     0   -45.0   54.160 -139.959     36.5    988.1
     1     1    15    10    28    14     0     0   -46.0   53.918 -140.098     32.9    987.7
     1     1    15    10    28    13     0     0   -47.0   53.659 -140.262     29.9    987.3
     1     1    15    10    28    12     0     0   -48.0   53.383 -140.447     27.3    986.9
     1     1    15    10    28    11     0     0   -49.0   53.099 -140.645     25.1    986.9
     1     1    15    10    28    10     0     0   -50.0   52.820 -140.854     23.5    987.0
     1     1    15    10    28     9     0     0   -51.0   52.549 -141.090     22.2    987.1
     1     1    15    10    28     8     0     0   -52.0   52.283 -141.355     21.2    988.3
     1     1    15    10    28     7     0     0   -53.0   52.023 -141.647     20.4    989.7
     1     1    15    10    28     6     0     0   -54.0   51.771 -141.971     19.9    991.2
     1     1    15    10    28     5     0     0   -55.0   51.518 -142.319     19.5    992.4
     1     1    15    10    28     4     0     0   -56.0   51.257 -142.675     19.3    993.1
     1     1    15    10    28     3     0     0   -57.0   50.987 -143.033     19.2    992.9
     1     1    15    10    28     2     0     0   -58.0   50.714 -143.396     19.3    992.6
     1     1    15    10    28     1     0     0   -59.0   50.442 -143.771     19.5    992.0
     1     1    15    10    28     0     0     0   -60.0   50.178 -144.169     19.8    991.4
     1     1    15    10    27    23     0     0   -61.0   49.919 -144.574     20.3    990.1
     1     1    15    10    27    22     0     0   -62.0   49.660 -144.972     20.8    988.7
     1     1    15    10    27    21     0     0   -63.0   49.409 -145.370     21.3    987.6
     1     1    15    10    27    20     0     0   -64.0   49.168 -145.774     21.9    986.6
     1     1    15    10    27    19     0     0   -65.0   48.942 -146.196     22.6    985.4
     1     1    15    10    27    18     0     0   -66.0   48.736 -146.647     23.4    984.2
     1     1    15    10    27    17     0     0   -67.0   48.542 -147.110     24.4    983.0
     1     1    15    10    27    16     0     0   -68.0   48.346 -147.565     25.3    981.7
     1     1    15    10    27    15     0     0   -69.0   48.144 -148.018     26.1    981.4
     1     1    15    10    27    14     0     0   -70.0   47.936 -148.478     26.9    981.0
     1     1    15    10    27    13     0     0   -71.0   47.725 -148.960     27.5    980.4
     1     1    15    10    27    12     0     0   -72.0   47.513 -149.484     28.0    979.7
