     1     1
    CDC1    16     4     1     0     0
     1 BACKWARD OMEGA   
    16     4     3    12   60.984 -139.059   750.0
     1 PRESSURE
     1     1    16     4     3    12     0     0     0.0   60.984 -139.059    750.0    812.3
     1     1    16     4     3    11     0     0    -1.0   61.004 -139.288    768.9    810.3
     1     1    16     4     3    10     0     0    -2.0   61.028 -139.547    786.0    808.5
     1     1    16     4     3     9     0     0    -3.0   61.056 -139.835    801.5    807.0
     1     1    16     4     3     8     0     0    -4.0   61.086 -140.151    815.7    806.0
     1     1    16     4     3     7     0     0    -5.0   61.117 -140.491    828.8    805.4
     1     1    16     4     3     6     0     0    -6.0   61.147 -140.853    841.0    805.0
     1     1    16     4     3     5     0     0    -7.0   61.168 -141.214    853.1    804.6
     1     1    16     4     3     4     0     0    -8.0   61.175 -141.553    865.7    804.2
     1     1    16     4     3     3     0     0    -9.0   61.165 -141.866    878.3    804.3
     1     1    16     4     3     2     0     0   -10.0   61.137 -142.152    890.7    804.6
     1     1    16     4     3     1     0     0   -11.0   61.092 -142.411    902.7    805.4
     1     1    16     4     3     0     0     0   -12.0   61.029 -142.642    914.3    806.8
     1     1    16     4     2    23     0     0   -13.0   60.954 -142.868    922.5    808.6
     1     1    16     4     2    22     0     0   -14.0   60.874 -143.108    924.4    811.7
     1     1    16     4     2    21     0     0   -15.0   60.786 -143.359    919.3    815.9
     1     1    16     4     2    20     0     0   -16.0   60.689 -143.616    906.7    821.2
     1     1    16     4     2    19     0     0   -17.0   60.582 -143.874    886.1    827.6
     1     1    16     4     2    18     0     0   -18.0   60.462 -144.128    857.0    835.1
     1     1    16     4     2    17     0     0   -19.0   60.333 -144.366    822.0    843.7
     1     1    16     4     2    16     0     0   -20.0   60.202 -144.579    783.8    852.5
     1     1    16     4     2    15     0     0   -21.0   60.069 -144.770    742.9    861.7
     1     1    16     4     2    14     0     0   -22.0   59.935 -144.943    699.9    871.7
     1     1    16     4     2    13     0     0   -23.0   59.801 -145.106    655.4    882.1
     1     1    16     4     2    12     0     0   -24.0   59.667 -145.266    609.4    892.5
     1     1    16     4     2    11     0     0   -25.0   59.526 -145.434    565.1    902.6
     1     1    16     4     2    10     0     0   -26.0   59.370 -145.621    525.9    912.5
     1     1    16     4     2     9     0     0   -27.0   59.200 -145.824    491.9    922.3
     1     1    16     4     2     8     0     0   -28.0   59.017 -146.041    463.4    932.0
     1     1    16     4     2     7     0     0   -29.0   58.820 -146.268    440.3    941.3
     1     1    16     4     2     6     0     0   -30.0   58.611 -146.503    423.0    950.2
     1     1    16     4     2     5     0     0   -31.0   58.392 -146.723    406.4    958.7
     1     1    16     4     2     4     0     0   -32.0   58.166 -146.907    385.9    968.2
     1     1    16     4     2     3     0     0   -33.0   57.935 -147.065    362.5    977.4
     1     1    16     4     2     2     0     0   -34.0   57.699 -147.205    336.9    986.9
     1     1    16     4     2     1     0     0   -35.0   57.460 -147.339    309.7    995.0
     1     1    16     4     2     0     0     0   -36.0   57.214 -147.475    281.1    995.6
     1     1    16     4     1    23     0     0   -37.0   56.961 -147.625    254.9    995.2
     1     1    16     4     1    22     0     0   -38.0   56.698 -147.793    233.3    993.7
     1     1    16     4     1    21     0     0   -39.0   56.422 -147.977    215.6    991.6
     1     1    16     4     1    20     0     0   -40.0   56.131 -148.174    201.7    988.8
     1     1    16     4     1    19     0     0   -41.0   55.821 -148.386    191.3    985.0
     1     1    16     4     1    18     0     0   -42.0   55.486 -148.616    184.5    980.7
     1     1    16     4     1    17     0     0   -43.0   55.120 -148.846    180.6    976.0
     1     1    16     4     1    16     0     0   -44.0   54.724 -149.056    178.8    976.1
     1     1    16     4     1    15     0     0   -45.0   54.304 -149.246    178.2    978.5
     1     1    16     4     1    14     0     0   -46.0   53.866 -149.424    178.7    981.1
     1     1    16     4     1    13     0     0   -47.0   53.411 -149.600    180.8    983.8
     1     1    16     4     1    12     0     0   -48.0   52.939 -149.792    185.3    986.6
     1     1    16     4     1    11     0     0   -49.0   52.455 -149.996    192.9    988.9
     1     1    16     4     1    10     0     0   -50.0   51.967 -150.198    203.0    986.7
     1     1    16     4     1     9     0     0   -51.0   51.479 -150.405    215.4    983.8
     1     1    16     4     1     8     0     0   -52.0   50.990 -150.637    229.9    980.6
     1     1    16     4     1     7     0     0   -53.0   50.498 -150.917    246.6    977.0
     1     1    16     4     1     6     0     0   -54.0   50.002 -151.269    265.5    973.1
     1     1    16     4     1     5     0     0   -55.0   49.517 -151.664    284.5    969.8
     1     1    16     4     1     4     0     0   -56.0   49.055 -152.060    301.9    967.2
     1     1    16     4     1     3     0     0   -57.0   48.616 -152.468    318.0    964.8
     1     1    16     4     1     2     0     0   -58.0   48.204 -152.900    333.0    962.3
     1     1    16     4     1     1     0     0   -59.0   47.821 -153.369    347.4    960.3
     1     1    16     4     1     0     0     0   -60.0   47.471 -153.883    360.6    958.8
