     1     1
    CDC1    16     2     1     0     0
     1 BACKWARD OMEGA   
    16     2    17    12   60.984 -139.059   750.0
     1 PRESSURE
     1     1    16     2    17    12     0     0     0.0   60.984 -139.059    750.0    799.9
     1     1    16     2    17    11     0     0    -1.0   61.004 -139.025    740.9    800.5
     1     1    16     2    17    10     0     0    -2.0   61.013 -138.949    730.5    801.5
     1     1    16     2    17     9     0     0    -3.0   61.011 -138.831    718.7    802.7
     1     1    16     2    17     8     0     0    -4.0   60.998 -138.669    705.1    804.2
     1     1    16     2    17     7     0     0    -5.0   60.973 -138.464    689.8    806.0
     1     1    16     2    17     6     0     0    -6.0   60.934 -138.211    673.0    808.1
     1     1    16     2    17     5     0     0    -7.0   60.897 -137.934    658.8    810.5
     1     1    16     2    17     4     0     0    -8.0   60.878 -137.658    651.8    811.5
     1     1    16     2    17     3     0     0    -9.0   60.878 -137.386    652.2    811.2
     1     1    16     2    17     2     0     0   -10.0   60.901 -137.124    660.3    809.5
     1     1    16     2    17     1     0     0   -11.0   60.948 -136.875    676.1    806.6
     1     1    16     2    17     0     0     0   -12.0   61.018 -136.641    699.5    802.5
     1     1    16     2    16    23     0     0   -13.0   61.103 -136.426    726.5    796.8
     1     1    16     2    16    22     0     0   -14.0   61.196 -136.232    753.6    791.6
     1     1    16     2    16    21     0     0   -15.0   61.297 -136.060    780.4    786.6
     1     1    16     2    16    20     0     0   -16.0   61.404 -135.913    806.7    781.7
     1     1    16     2    16    19     0     0   -17.0   61.519 -135.792    832.4    777.0
     1     1    16     2    16    18     0     0   -18.0   61.640 -135.700    857.5    772.4
     1     1    16     2    16    17     0     0   -19.0   61.765 -135.637    881.8    768.2
     1     1    16     2    16    16     0     0   -20.0   61.891 -135.599    905.4    763.9
     1     1    16     2    16    15     0     0   -21.0   62.016 -135.589    928.9    759.6
     1     1    16     2    16    14     0     0   -22.0   62.140 -135.608    953.0    755.3
     1     1    16     2    16    13     0     0   -23.0   62.263 -135.659    978.4    751.0
     1     1    16     2    16    12     0     0   -24.0   62.386 -135.744   1005.8    746.6
     1     1    16     2    16    11     0     0   -25.0   62.506 -135.870   1032.7    742.5
     1     1    16     2    16    10     0     0   -26.0   62.626 -136.037   1056.7    742.6
     1     1    16     2    16     9     0     0   -27.0   62.745 -136.232   1074.6    743.4
     1     1    16     2    16     8     0     0   -28.0   62.865 -136.451   1085.1    745.0
     1     1    16     2    16     7     0     0   -29.0   62.984 -136.690   1087.1    747.4
     1     1    16     2    16     6     0     0   -30.0   63.103 -136.947   1079.5    750.7
     1     1    16     2    16     5     0     0   -31.0   63.218 -137.232   1065.8    755.4
     1     1    16     2    16     4     0     0   -32.0   63.324 -137.560   1049.2    759.8
     1     1    16     2    16     3     0     0   -33.0   63.419 -137.926   1029.9    764.0
     1     1    16     2    16     2     0     0   -34.0   63.503 -138.324   1007.9    768.4
     1     1    16     2    16     1     0     0   -35.0   63.576 -138.751    983.1    772.9
     1     1    16     2    16     0     0     0   -36.0   63.639 -139.202    955.2    777.7
     1     1    16     2    15    23     0     0   -37.0   63.686 -139.654    925.3    782.2
     1     1    16     2    15    22     0     0   -38.0   63.713 -140.094    895.8    786.2
     1     1    16     2    15    21     0     0   -39.0   63.718 -140.525    867.5    789.4
     1     1    16     2    15    20     0     0   -40.0   63.702 -140.951    840.5    792.0
     1     1    16     2    15    19     0     0   -41.0   63.664 -141.376    815.2    794.1
     1     1    16     2    15    18     0     0   -42.0   63.606 -141.799    791.5    795.6
     1     1    16     2    15    17     0     0   -43.0   63.538 -142.202    768.0    796.9
     1     1    16     2    15    16     0     0   -44.0   63.471 -142.563    742.1    798.8
     1     1    16     2    15    15     0     0   -45.0   63.405 -142.883    713.9    801.7
     1     1    16     2    15    14     0     0   -46.0   63.341 -143.163    682.8    804.8
     1     1    16     2    15    13     0     0   -47.0   63.278 -143.406    648.6    808.2
     1     1    16     2    15    12     0     0   -48.0   63.217 -143.611    611.3    811.9
     1     1    16     2    15    11     0     0   -49.0   63.152 -143.807    571.7    815.2
     1     1    16     2    15    10     0     0   -50.0   63.077 -144.020    531.0    818.3
     1     1    16     2    15     9     0     0   -51.0   62.992 -144.249    488.8    821.6
     1     1    16     2    15     8     0     0   -52.0   62.896 -144.489    445.0    825.2
     1     1    16     2    15     7     0     0   -53.0   62.790 -144.737    399.5    829.1
     1     1    16     2    15     6     0     0   -54.0   62.673 -144.988    351.9    833.0
     1     1    16     2    15     5     0     0   -55.0   62.555 -145.198    304.6    837.0
     1     1    16     2    15     4     0     0   -56.0   62.448 -145.325    261.2    842.7
     1     1    16     2    15     3     0     0   -57.0   62.352 -145.370    222.5    849.8
     1     1    16     2    15     2     0     0   -58.0   62.267 -145.337    188.3    855.6
     1     1    16     2    15     1     0     0   -59.0   62.198 -145.233    159.1    859.2
     1     1    16     2    15     0     0     0   -60.0   62.145 -145.063    135.0    861.5
     1     1    16     2    14    23     0     0   -61.0   62.099 -144.871    112.6    863.7
     1     1    16     2    14    22     0     0   -62.0   62.054 -144.692     89.8    866.6
     1     1    16     2    14    21     0     0   -63.0   62.011 -144.522     67.2    869.6
     1     1    16     2    14    20     0     0   -64.0   61.970 -144.357     46.3    871.5
     1     1    16     2    14    19     0     0   -65.0   61.936 -144.192     28.9    873.4
     1     1    16     2    14    18     0     0   -66.0   61.910 -144.019     16.5    875.0
     1     1    16     2    14    17     0     0   -67.0   61.887 -143.833      7.8    875.2
     1     1    16     2    14    16     0     0   -68.0   61.863 -143.630      1.8    874.7
     1     1    16     2    14    15     0     0   -69.0   61.830 -143.411      0.0    874.3
     1     1    16     2    14    14     0     0   -70.0   61.788 -143.171      0.0    873.9
     1     1    16     2    14    13     0     0   -71.0   61.736 -142.905      0.0    873.6
     1     1    16     2    14    12     0     0   -72.0   61.672 -142.605      0.0    873.2
