     1     1
    CDC1    15    11     1     0     0
     1 BACKWARD OMEGA   
    15    11    20    12   60.984 -139.059   750.0
     1 PRESSURE
     1     1    15    11    20    12     0     0     0.0   60.984 -139.059    750.0    806.2
     1     1    15    11    20    11     0     0    -1.0   60.613 -139.634    594.7    830.6
     1     1    15    11    20    10     0     0    -2.0   60.227 -140.106    447.8    857.6
     1     1    15    11    20     9     0     0    -3.0   59.830 -140.475    332.0    884.9
     1     1    15    11    20     8     0     0    -4.0   59.434 -140.780    247.9    911.3
     1     1    15    11    20     7     0     0    -5.0   59.043 -141.052    184.5    935.1
     1     1    15    11    20     6     0     0    -6.0   58.661 -141.307    134.5    957.1
     1     1    15    11    20     5     0     0    -7.0   58.295 -141.571     94.5    977.9
     1     1    15    11    20     4     0     0    -8.0   57.947 -141.876     64.4    996.9
     1     1    15    11    20     3     0     0    -9.0   57.601 -142.251     44.2   1014.7
     1     1    15    11    20     2     0     0   -10.0   57.252 -142.692     32.1   1022.3
     1     1    15    11    20     1     0     0   -11.0   56.906 -143.157     24.9   1024.7
     1     1    15    11    20     0     0     0   -12.0   56.569 -143.629     20.3   1026.3
     1     1    15    11    19    23     0     0   -13.0   56.239 -144.091     17.3   1026.4
     1     1    15    11    19    22     0     0   -14.0   55.915 -144.539     15.6   1025.6
     1     1    15    11    19    21     0     0   -15.0   55.596 -144.985     14.6   1023.9
     1     1    15    11    19    20     0     0   -16.0   55.284 -145.441     14.1   1020.5
     1     1    15    11    19    19     0     0   -17.0   54.975 -145.913     14.0   1017.0
     1     1    15    11    19    18     0     0   -18.0   54.677 -146.365     14.5   1017.2
     1     1    15    11    19    17     0     0   -19.0   54.403 -146.762     15.5   1017.3
     1     1    15    11    19    16     0     0   -20.0   54.153 -147.113     17.0   1017.7
     1     1    15    11    19    15     0     0   -21.0   53.930 -147.434     18.9   1018.1
     1     1    15    11    19    14     0     0   -22.0   53.735 -147.737     21.2   1018.8
     1     1    15    11    19    13     0     0   -23.0   53.566 -148.033     24.1   1019.5
     1     1    15    11    19    12     0     0   -24.0   53.423 -148.327     27.7   1020.1
     1     1    15    11    19    11     0     0   -25.0   53.295 -148.618     31.2   1020.3
     1     1    15    11    19    10     0     0   -26.0   53.175 -148.901     33.9   1020.7
     1     1    15    11    19     9     0     0   -27.0   53.063 -149.184     35.6   1021.3
     1     1    15    11    19     8     0     0   -28.0   52.961 -149.471     36.3   1022.0
     1     1    15    11    19     7     0     0   -29.0   52.869 -149.769     36.1   1022.8
     1     1    15    11    19     6     0     0   -30.0   52.788 -150.082     35.0   1023.7
     1     1    15    11    19     5     0     0   -31.0   52.713 -150.405     34.0   1024.8
     1     1    15    11    19     4     0     0   -32.0   52.638 -150.729     33.7   1025.7
     1     1    15    11    19     3     0     0   -33.0   52.563 -151.057     34.0   1026.6
     1     1    15    11    19     2     0     0   -34.0   52.490 -151.391     34.6   1027.2
     1     1    15    11    19     1     0     0   -35.0   52.421 -151.725     35.4   1027.2
     1     1    15    11    19     0     0     0   -36.0   52.358 -152.056     36.6   1027.0
     1     1    15    11    18    23     0     0   -37.0   52.299 -152.381     37.7   1026.8
     1     1    15    11    18    22     0     0   -38.0   52.243 -152.697     38.7   1026.0
     1     1    15    11    18    21     0     0   -39.0   52.188 -153.005     39.5   1025.0
     1     1    15    11    18    20     0     0   -40.0   52.134 -153.303     40.3   1024.0
     1     1    15    11    18    19     0     0   -41.0   52.081 -153.592     41.0   1023.2
     1     1    15    11    18    18     0     0   -42.0   52.031 -153.871     41.7   1022.4
     1     1    15    11    18    17     0     0   -43.0   51.980 -154.145     42.0   1021.4
     1     1    15    11    18    16     0     0   -44.0   51.925 -154.414     41.6   1020.5
     1     1    15    11    18    15     0     0   -45.0   51.868 -154.682     40.5   1019.7
     1     1    15    11    18    14     0     0   -46.0   51.810 -154.949     38.7   1019.0
     1     1    15    11    18    13     0     0   -47.0   51.750 -155.216     36.1   1018.5
     1     1    15    11    18    12     0     0   -48.0   51.690 -155.484     32.9   1018.1
     1     1    15    11    18    11     0     0   -49.0   51.631 -155.749     29.8   1018.1
     1     1    15    11    18    10     0     0   -50.0   51.576 -156.006     27.3   1018.0
     1     1    15    11    18     9     0     0   -51.0   51.524 -156.254     25.3   1017.9
     1     1    15    11    18     8     0     0   -52.0   51.474 -156.492     23.8   1017.8
     1     1    15    11    18     7     0     0   -53.0   51.427 -156.720     22.8   1017.7
     1     1    15    11    18     6     0     0   -54.0   51.380 -156.937     22.2   1017.6
     1     1    15    11    18     5     0     0   -55.0   51.334 -157.147     21.5   1017.5
     1     1    15    11    18     4     0     0   -56.0   51.286 -157.354     20.2   1017.6
     1     1    15    11    18     3     0     0   -57.0   51.234 -157.555     18.5   1017.9
     1     1    15    11    18     2     0     0   -58.0   51.178 -157.748     16.4   1018.6
     1     1    15    11    18     1     0     0   -59.0   51.116 -157.931     14.3   1019.4
     1     1    15    11    18     0     0     0   -60.0   51.046 -158.103     12.2   1020.2
     1     1    15    11    17    23     0     0   -61.0   50.978 -158.261     10.6   1020.5
     1     1    15    11    17    22     0     0   -62.0   50.927 -158.407      9.7   1020.6
     1     1    15    11    17    21     0     0   -63.0   50.893 -158.543      9.1   1020.6
     1     1    15    11    17    20     0     0   -64.0   50.879 -158.669      8.8   1020.7
     1     1    15    11    17    19     0     0   -65.0   50.885 -158.789      8.9   1020.9
     1     1    15    11    17    18     0     0   -66.0   50.911 -158.908      9.2   1021.1
     1     1    15    11    17    17     0     0   -67.0   50.957 -159.027      9.8   1021.0
     1     1    15    11    17    16     0     0   -68.0   51.021 -159.150     10.6   1020.9
     1     1    15    11    17    15     0     0   -69.0   51.103 -159.281     11.7   1020.7
     1     1    15    11    17    14     0     0   -70.0   51.199 -159.423     13.2   1020.3
     1     1    15    11    17    13     0     0   -71.0   51.306 -159.578     15.2   1019.9
     1     1    15    11    17    12     0     0   -72.0   51.423 -159.749     17.8   1019.4
