     1     1
    CDC1    15    10     1     0     0
     1 BACKWARD OMEGA   
    15    10    10     0   60.984 -139.059   750.0
     1 PRESSURE
     1     1    15    10    10     0     0     0     0.0   60.984 -139.059    750.0    784.3
     1     1    15    10     9    23     0     0    -1.0   60.858 -138.598    688.9    792.4
     1     1    15    10     9    22     0     0    -2.0   60.747 -138.163    625.4    801.1
     1     1    15    10     9    21     0     0    -3.0   60.652 -137.742    561.2    809.2
     1     1    15    10     9    20     0     0    -4.0   60.569 -137.326    497.6    816.7
     1     1    15    10     9    19     0     0    -5.0   60.497 -136.909    436.3    823.9
     1     1    15    10     9    18     0     0    -6.0   60.435 -136.487    379.0    831.0
     1     1    15    10     9    17     0     0    -7.0   60.368 -136.075    328.7    837.5
     1     1    15    10     9    16     0     0    -8.0   60.286 -135.690    286.4    843.4
     1     1    15    10     9    15     0     0    -9.0   60.188 -135.332    251.5    849.1
     1     1    15    10     9    14     0     0   -10.0   60.073 -135.005    223.2    854.5
     1     1    15    10     9    13     0     0   -11.0   59.942 -134.715    201.6    859.3
     1     1    15    10     9    12     0     0   -12.0   59.797 -134.460    187.3    864.0
     1     1    15    10     9    11     0     0   -13.0   59.641 -134.248    174.6    867.4
     1     1    15    10     9    10     0     0   -14.0   59.483 -134.085    158.7    872.2
     1     1    15    10     9     9     0     0   -15.0   59.327 -133.968    140.7    877.6
     1     1    15    10     9     8     0     0   -16.0   59.178 -133.891    122.0    883.4
     1     1    15    10     9     7     0     0   -17.0   59.040 -133.852    103.9    889.5
     1     1    15    10     9     6     0     0   -18.0   58.911 -133.846     87.3    895.7
     1     1    15    10     9     5     0     0   -19.0   58.790 -133.828     72.9    900.3
     1     1    15    10     9     4     0     0   -20.0   58.669 -133.758     60.3    903.3
     1     1    15    10     9     3     0     0   -21.0   58.547 -133.644     48.9    905.8
     1     1    15    10     9     2     0     0   -22.0   58.419 -133.492     38.8    907.8
     1     1    15    10     9     1     0     0   -23.0   58.282 -133.307     30.2    909.3
     1     1    15    10     9     0     0     0   -24.0   58.134 -133.098     23.2    910.6
     1     1    15    10     8    23     0     0   -25.0   57.992 -132.880     17.9    911.4
     1     1    15    10     8    22     0     0   -26.0   57.881 -132.664     14.0    911.4
     1     1    15    10     8    21     0     0   -27.0   57.800 -132.450     11.2    910.4
     1     1    15    10     8    20     0     0   -28.0   57.749 -132.235      8.8    908.2
     1     1    15    10     8    19     0     0   -29.0   57.723 -132.018      6.4    905.2
     1     1    15    10     8    18     0     0   -30.0   57.723 -131.799      3.7    901.7
     1     1    15    10     8    17     0     0   -31.0   57.730 -131.576      0.9    898.6
     1     1    15    10     8    16     0     0   -32.0   57.723 -131.345      0.0    895.6
     1     1    15    10     8    15     0     0   -33.0   57.701 -131.105      0.0    892.5
     1     1    15    10     8    14     0     0   -34.0   57.665 -130.856      0.0    889.4
     1     1    15    10     8    13     0     0   -35.0   57.613 -130.599      0.0    886.2
     1     1    15    10     8    12     0     0   -36.0   57.544 -130.331      0.0    882.9
     1     1    15    10     8    11     0     0   -37.0   57.470 -130.086      0.0    879.5
     1     1    15    10     8    10     0     0   -38.0   57.406 -129.893      0.0    878.5
     1     1    15    10     8     9     0     0   -39.0   57.352 -129.751      0.0    878.5
     1     1    15    10     8     8     0     0   -40.0   57.308 -129.655      0.0    878.6
     1     1    15    10     8     7     0     0   -41.0   57.278 -129.605      0.0    878.8
     1     1    15    10     8     6     0     0   -42.0   57.264 -129.599      0.0    879.0
     1     1    15    10     8     5     0     0   -43.0   57.254 -129.616      0.0    879.8
     1     1    15    10     8     4     0     0   -44.0   57.232 -129.631      0.0    880.7
     1     1    15    10     8     3     0     0   -45.0   57.197 -129.644      0.0    882.0
     1     1    15    10     8     2     0     0   -46.0   57.148 -129.654      0.0    883.5
     1     1    15    10     8     1     0     0   -47.0   57.086 -129.659      0.0    885.2
     1     1    15    10     8     0     0     0   -48.0   57.008 -129.659      0.0    887.3
     1     1    15    10     7    23     0     0   -49.0   56.931 -129.650      0.0    889.1
     1     1    15    10     7    22     0     0   -50.0   56.867 -129.634      0.0    890.5
     1     1    15    10     7    21     0     0   -51.0   56.818 -129.612      0.0    891.5
     1     1    15    10     7    20     0     0   -52.0   56.785 -129.585      0.0    892.2
     1     1    15    10     7    19     0     0   -53.0   56.768 -129.556      0.0    892.4
     1     1    15    10     7    18     0     0   -54.0   56.768 -129.526      0.0    892.2
     1     1    15    10     7    17     0     0   -55.0   56.770 -129.499      0.0    891.8
     1     1    15    10     7    16     0     0   -56.0   56.760 -129.477      0.0    891.7
     1     1    15    10     7    15     0     0   -57.0   56.738 -129.460      0.0    891.9
     1     1    15    10     7    14     0     0   -58.0   56.704 -129.447      0.2    892.5
     1     1    15    10     7    13     0     0   -59.0   56.658 -129.436      0.7    893.4
     1     1    15    10     7    12     0     0   -60.0   56.600 -129.429      1.5    894.6
     1     1    15    10     7    11     0     0   -61.0   56.536 -129.422      2.3    895.8
     1     1    15    10     7    10     0     0   -62.0   56.475 -129.415      3.0    897.0
     1     1    15    10     7     9     0     0   -63.0   56.416 -129.408      3.4    898.2
     1     1    15    10     7     8     0     0   -64.0   56.360 -129.403      3.7    899.2
     1     1    15    10     7     7     0     0   -65.0   56.307 -129.400      3.8    900.2
     1     1    15    10     7     6     0     0   -66.0   56.258 -129.399      3.8    901.2
     1     1    15    10     7     5     0     0   -67.0   56.207 -129.400      3.5    902.3
     1     1    15    10     7     4     0     0   -68.0   56.148 -129.398      3.0    903.6
     1     1    15    10     7     3     0     0   -69.0   56.083 -129.395      2.3    904.9
     1     1    15    10     7     2     0     0   -70.0   56.011 -129.389      1.4    906.4
     1     1    15    10     7     1     0     0   -71.0   55.931 -129.379      0.3    908.0
     1     1    15    10     7     0     0     0   -72.0   55.843 -129.365      0.0    909.7
