     1     1
    CDC1    16     4     1     0     0
     1 BACKWARD OMEGA   
    16     4    15     6   60.984 -139.059   750.0
     1 PRESSURE
     1     1    16     4    15     6     0     0     0.0   60.984 -139.059    750.0    804.8
     1     1    16     4    15     5     0     0    -1.0   60.771 -138.836    729.0    810.3
     1     1    16     4    15     4     0     0    -2.0   60.573 -138.604    706.4    815.9
     1     1    16     4    15     3     0     0    -3.0   60.390 -138.360    681.8    821.5
     1     1    16     4    15     2     0     0    -4.0   60.224 -138.105    655.0    827.0
     1     1    16     4    15     1     0     0    -5.0   60.075 -137.837    626.0    832.6
     1     1    16     4    15     0     0     0    -6.0   59.944 -137.558    595.1    838.7
     1     1    16     4    14    23     0     0    -7.0   59.820 -137.289    561.9    844.8
     1     1    16     4    14    22     0     0    -8.0   59.690 -137.045    526.2    851.5
     1     1    16     4    14    21     0     0    -9.0   59.554 -136.825    488.9    858.6
     1     1    16     4    14    20     0     0   -10.0   59.413 -136.625    450.8    866.3
     1     1    16     4    14    19     0     0   -11.0   59.268 -136.445    412.7    874.3
     1     1    16     4    14    18     0     0   -12.0   59.117 -136.281    375.3    882.6
     1     1    16     4    14    17     0     0   -13.0   58.975 -136.130    343.4    889.8
     1     1    16     4    14    16     0     0   -14.0   58.851 -135.985    320.1    895.2
     1     1    16     4    14    15     0     0   -15.0   58.745 -135.845    303.9    899.3
     1     1    16     4    14    14     0     0   -16.0   58.654 -135.708    293.7    902.4
     1     1    16     4    14    13     0     0   -17.0   58.578 -135.576    289.0    904.4
     1     1    16     4    14    12     0     0   -18.0   58.516 -135.447    289.3    905.5
     1     1    16     4    14    11     0     0   -19.0   58.455 -135.328    292.5    906.2
     1     1    16     4    14    10     0     0   -20.0   58.384 -135.220    296.0    907.4
     1     1    16     4    14     9     0     0   -21.0   58.300 -135.123    300.2    908.9
     1     1    16     4    14     8     0     0   -22.0   58.204 -135.035    305.4    910.8
     1     1    16     4    14     7     0     0   -23.0   58.094 -134.954    311.6    912.6
     1     1    16     4    14     6     0     0   -24.0   57.969 -134.878    319.0    914.4
     1     1    16     4    14     5     0     0   -25.0   57.829 -134.796    326.4    916.1
     1     1    16     4    14     4     0     0   -26.0   57.674 -134.701    332.7    918.0
     1     1    16     4    14     3     0     0   -27.0   57.506 -134.589    338.0    920.1
     1     1    16     4    14     2     0     0   -28.0   57.329 -134.458    342.1    921.0
     1     1    16     4    14     1     0     0   -29.0   57.148 -134.306    345.2    921.8
     1     1    16     4    14     0     0     0   -30.0   56.964 -134.129    347.6    922.5
     1     1    16     4    13    23     0     0   -31.0   56.788 -133.936    350.3    922.6
     1     1    16     4    13    22     0     0   -32.0   56.624 -133.738    353.9    922.4
     1     1    16     4    13    21     0     0   -33.0   56.469 -133.536    358.1    922.1
     1     1    16     4    13    20     0     0   -34.0   56.323 -133.329    362.7    921.7
     1     1    16     4    13    19     0     0   -35.0   56.181 -133.119    367.4    921.3
     1     1    16     4    13    18     0     0   -36.0   56.042 -132.904    372.1    921.1
     1     1    16     4    13    17     0     0   -37.0   55.897 -132.684    377.0    920.6
     1     1    16     4    13    16     0     0   -38.0   55.737 -132.458    382.5    920.1
     1     1    16     4    13    15     0     0   -39.0   55.559 -132.231    388.7    918.7
     1     1    16     4    13    14     0     0   -40.0   55.362 -132.010    396.3    917.7
     1     1    16     4    13    13     0     0   -41.0   55.144 -131.798    405.4    917.0
     1     1    16     4    13    12     0     0   -42.0   54.906 -131.598    415.8    915.9
     1     1    16     4    13    11     0     0   -43.0   54.654 -131.418    422.6    914.9
     1     1    16     4    13    10     0     0   -44.0   54.396 -131.267    421.4    916.3
     1     1    16     4    13     9     0     0   -45.0   54.135 -131.148    413.2    919.3
     1     1    16     4    13     8     0     0   -46.0   53.875 -131.062    398.5    923.9
     1     1    16     4    13     7     0     0   -47.0   53.619 -131.014    378.4    929.8
     1     1    16     4    13     6     0     0   -48.0   53.366 -131.004    353.8    936.2
     1     1    16     4    13     5     0     0   -49.0   53.112 -131.011    328.2    943.3
     1     1    16     4    13     4     0     0   -50.0   52.853 -131.018    304.4    950.2
     1     1    16     4    13     3     0     0   -51.0   52.590 -131.033    282.5    957.2
     1     1    16     4    13     2     0     0   -52.0   52.325 -131.063    262.7    962.5
     1     1    16     4    13     1     0     0   -53.0   52.057 -131.120    245.1    966.9
     1     1    16     4    13     0     0     0   -54.0   51.790 -131.217    230.7    971.3
     1     1    16     4    12    23     0     0   -55.0   51.517 -131.356    218.6    974.9
     1     1    16     4    12    22     0     0   -56.0   51.232 -131.535    207.1    978.7
     1     1    16     4    12    21     0     0   -57.0   50.933 -131.760    195.4    982.3
     1     1    16     4    12    20     0     0   -58.0   50.622 -132.037    182.7    985.6
     1     1    16     4    12    19     0     0   -59.0   50.298 -132.373    168.6    988.6
     1     1    16     4    12    18     0     0   -60.0   49.962 -132.782    152.5    989.4
     1     1    16     4    12    17     0     0   -61.0   49.624 -133.245    137.9    988.9
     1     1    16     4    12    16     0     0   -62.0   49.289 -133.739    127.8    987.8
     1     1    16     4    12    15     0     0   -63.0   48.962 -134.272    121.7    986.7
     1     1    16     4    12    14     0     0   -64.0   48.645 -134.851    119.5    985.4
     1     1    16     4    12    13     0     0   -65.0   48.348 -135.479    121.1    984.8
     1     1    16     4    12    12     0     0   -66.0   48.083 -136.157    126.6    984.2
     1     1    16     4    12    11     0     0   -67.0   47.851 -136.873    134.2    984.0
     1     1    16     4    12    10     0     0   -68.0   47.643 -137.611    142.0    984.2
     1     1    16     4    12     9     0     0   -69.0   47.450 -138.369    148.7    984.6
     1     1    16     4    12     8     0     0   -70.0   47.267 -139.144    153.3    984.3
     1     1    16     4    12     7     0     0   -71.0   47.097 -139.935    156.0    983.5
     1     1    16     4    12     6     0     0   -72.0   46.933 -140.744    157.2    983.1
