     1     1
    CDC1    15    11     1     0     0
     1 BACKWARD OMEGA   
    15    11    30    12   60.984 -139.059   750.0
     1 PRESSURE
     1     1    15    11    30    12     0     0     0.0   60.984 -139.059    750.0    800.2
     1     1    15    11    30    11     0     0    -1.0   60.898 -139.216    738.3    802.5
     1     1    15    11    30    10     0     0    -2.0   60.797 -139.357    723.3    805.6
     1     1    15    11    30     9     0     0    -3.0   60.683 -139.485    705.0    809.3
     1     1    15    11    30     8     0     0    -4.0   60.560 -139.604    683.2    813.5
     1     1    15    11    30     7     0     0    -5.0   60.430 -139.717    657.8    818.4
     1     1    15    11    30     6     0     0    -6.0   60.297 -139.827    628.6    823.7
     1     1    15    11    30     5     0     0    -7.0   60.168 -139.920    595.4    830.1
     1     1    15    11    30     4     0     0    -8.0   60.046 -139.984    558.3    836.4
     1     1    15    11    30     3     0     0    -9.0   59.932 -140.027    518.8    844.3
     1     1    15    11    30     2     0     0   -10.0   59.829 -140.054    478.2    852.8
     1     1    15    11    30     1     0     0   -11.0   59.738 -140.072    437.5    861.0
     1     1    15    11    30     0     0     0   -12.0   59.660 -140.085    397.4    868.9
     1     1    15    11    29    23     0     0   -13.0   59.583 -140.106    357.3    876.3
     1     1    15    11    29    22     0     0   -14.0   59.494 -140.143    318.0    883.8
     1     1    15    11    29    21     0     0   -15.0   59.395 -140.193    280.4    891.8
     1     1    15    11    29    20     0     0   -16.0   59.288 -140.246    245.4    900.2
     1     1    15    11    29    19     0     0   -17.0   59.173 -140.296    213.3    908.7
     1     1    15    11    29    18     0     0   -18.0   59.049 -140.337    184.1    916.7
     1     1    15    11    29    17     0     0   -19.0   58.924 -140.356    158.4    924.2
     1     1    15    11    29    16     0     0   -20.0   58.803 -140.346    136.1    931.1
     1     1    15    11    29    15     0     0   -21.0   58.684 -140.308    117.1    937.6
     1     1    15    11    29    14     0     0   -22.0   58.567 -140.246    100.9    943.6
     1     1    15    11    29    13     0     0   -23.0   58.451 -140.162     87.5    949.4
     1     1    15    11    29    12     0     0   -24.0   58.333 -140.056     76.5    954.8
     1     1    15    11    29    11     0     0   -25.0   58.215 -139.928     67.3    959.5
     1     1    15    11    29    10     0     0   -26.0   58.101 -139.771     58.8    964.0
     1     1    15    11    29     9     0     0   -27.0   57.989 -139.581     50.8    968.3
     1     1    15    11    29     8     0     0   -28.0   57.881 -139.355     43.5    972.3
     1     1    15    11    29     7     0     0   -29.0   57.774 -139.090     36.8    976.0
     1     1    15    11    29     6     0     0   -30.0   57.669 -138.785     30.8    979.3
     1     1    15    11    29     5     0     0   -31.0   57.555 -138.440     25.7    982.3
     1     1    15    11    29     4     0     0   -32.0   57.421 -138.060     21.4    984.0
     1     1    15    11    29     3     0     0   -33.0   57.267 -137.652     17.7    984.9
     1     1    15    11    29     2     0     0   -34.0   57.092 -137.224     14.7    985.5
     1     1    15    11    29     1     0     0   -35.0   56.894 -136.790     12.3    986.3
     1     1    15    11    29     0     0     0   -36.0   56.671 -136.353     10.5    987.9
     1     1    15    11    28    23     0     0   -37.0   56.431 -135.920      8.9    990.2
     1     1    15    11    28    22     0     0   -38.0   56.182 -135.497      7.4    993.3
     1     1    15    11    28    21     0     0   -39.0   55.919 -135.078      5.9    997.4
     1     1    15    11    28    20     0     0   -40.0   55.646 -134.667      4.2    999.1
     1     1    15    11    28    19     0     0   -41.0   55.371 -134.267      2.3   1000.8
     1     1    15    11    28    18     0     0   -42.0   55.098 -133.869      0.5   1002.9
     1     1    15    11    28    17     0     0   -43.0   54.820 -133.473      0.0   1003.0
     1     1    15    11    28    16     0     0   -44.0   54.531 -133.091      0.0   1002.8
     1     1    15    11    28    15     0     0   -45.0   54.231 -132.729      0.0   1003.8
     1     1    15    11    28    14     0     0   -46.0   53.923 -132.389      0.0   1005.0
     1     1    15    11    28    13     0     0   -47.0   53.615 -132.079      0.0   1005.1
     1     1    15    11    28    12     0     0   -48.0   53.316 -131.800      0.0   1006.0
     1     1    15    11    28    11     0     0   -49.0   53.027 -131.546      0.0   1007.4
     1     1    15    11    28    10     0     0   -50.0   52.749 -131.310      0.0   1009.2
     1     1    15    11    28     9     0     0   -51.0   52.484 -131.086      0.0   1011.0
     1     1    15    11    28     8     0     0   -52.0   52.232 -130.872      0.0   1010.3
     1     1    15    11    28     7     0     0   -53.0   51.996 -130.668      0.0   1009.9
     1     1    15    11    28     6     0     0   -54.0   51.771 -130.474      0.0   1010.0
     1     1    15    11    28     5     0     0   -55.0   51.556 -130.290      0.9   1010.6
     1     1    15    11    28     4     0     0   -56.0   51.352 -130.111      4.0   1011.4
     1     1    15    11    28     3     0     0   -57.0   51.159 -129.936      9.0   1011.7
     1     1    15    11    28     2     0     0   -58.0   50.978 -129.762     15.4   1010.1
     1     1    15    11    28     1     0     0   -59.0   50.809 -129.587     23.3   1008.1
     1     1    15    11    28     0     0     0   -60.0   50.654 -129.408     32.9   1006.0
     1     1    15    11    27    23     0     0   -61.0   50.509 -129.223     42.7   1003.7
     1     1    15    11    27    22     0     0   -62.0   50.369 -129.031     51.1   1001.8
     1     1    15    11    27    21     0     0   -63.0   50.235 -128.833     58.0   1000.1
     1     1    15    11    27    20     0     0   -64.0   50.106 -128.625     63.3    998.5
     1     1    15    11    27    19     0     0   -65.0   49.981 -128.407     67.1    997.1
     1     1    15    11    27    18     0     0   -66.0   49.864 -128.174     69.8    995.6
     1     1    15    11    27    17     0     0   -67.0   49.760 -127.926     72.1    994.0
     1     1    15    11    27    16     0     0   -68.0   49.674 -127.669     74.3    992.2
     1     1    15    11    27    15     0     0   -69.0   49.605 -127.406     76.5    989.7
     1     1    15    11    27    14     0     0   -70.0   49.549 -127.145     79.4    986.1
     1     1    15    11    27    13     0     0   -71.0   49.503 -126.890     83.4    982.2
     1     1    15    11    27    12     0     0   -72.0   49.467 -126.641     89.0    978.2
