     1     1
    CDC1    15    11     1     0     0
     1 BACKWARD OMEGA   
    15    11     9     0   60.984 -139.059   750.0
     1 PRESSURE
     1     1    15    11     9     0     0     0     0.0   60.984 -139.059    750.0    806.1
     1     1    15    11     8    23     0     0    -1.0   60.870 -139.191    753.0    808.2
     1     1    15    11     8    22     0     0    -2.0   60.761 -139.300    758.7    809.8
     1     1    15    11     8    21     0     0    -3.0   60.659 -139.386    767.3    811.0
     1     1    15    11     8    20     0     0    -4.0   60.565 -139.450    779.5    811.6
     1     1    15    11     8    19     0     0    -5.0   60.481 -139.490    795.5    811.6
     1     1    15    11     8    18     0     0    -6.0   60.409 -139.509    815.7    810.9
     1     1    15    11     8    17     0     0    -7.0   60.350 -139.515    832.1    808.8
     1     1    15    11     8    16     0     0    -8.0   60.307 -139.514    837.4    808.4
     1     1    15    11     8    15     0     0    -9.0   60.281 -139.506    831.0    808.9
     1     1    15    11     8    14     0     0   -10.0   60.271 -139.493    813.1    810.2
     1     1    15    11     8    13     0     0   -11.0   60.278 -139.476    783.9    812.5
     1     1    15    11     8    12     0     0   -12.0   60.304 -139.457    743.5    815.6
     1     1    15    11     8    11     0     0   -13.0   60.337 -139.433    700.3    819.9
     1     1    15    11     8    10     0     0   -14.0   60.360 -139.400    662.4    823.0
     1     1    15    11     8     9     0     0   -15.0   60.374 -139.355    629.5    825.8
     1     1    15    11     8     8     0     0   -16.0   60.376 -139.299    601.4    828.1
     1     1    15    11     8     7     0     0   -17.0   60.365 -139.230    578.1    829.8
     1     1    15    11     8     6     0     0   -18.0   60.340 -139.148    559.4    831.3
     1     1    15    11     8     5     0     0   -19.0   60.297 -139.066    540.5    833.1
     1     1    15    11     8     4     0     0   -20.0   60.234 -138.999    516.5    836.4
     1     1    15    11     8     3     0     0   -21.0   60.152 -138.942    488.2    840.5
     1     1    15    11     8     2     0     0   -22.0   60.051 -138.892    456.2    845.5
     1     1    15    11     8     1     0     0   -23.0   59.932 -138.852    421.4    852.4
     1     1    15    11     8     0     0     0   -24.0   59.798 -138.830    384.5    861.1
     1     1    15    11     7    23     0     0   -25.0   59.662 -138.814    346.9    869.1
     1     1    15    11     7    22     0     0   -26.0   59.528 -138.783    310.2    876.8
     1     1    15    11     7    21     0     0   -27.0   59.398 -138.736    275.0    884.4
     1     1    15    11     7    20     0     0   -28.0   59.270 -138.675    241.5    891.9
     1     1    15    11     7    19     0     0   -29.0   59.144 -138.601    210.4    899.4
     1     1    15    11     7    18     0     0   -30.0   59.019 -138.513    181.5    906.2
     1     1    15    11     7    17     0     0   -31.0   58.888 -138.418    154.3    913.0
     1     1    15    11     7    16     0     0   -32.0   58.744 -138.321    128.7    920.3
     1     1    15    11     7    15     0     0   -33.0   58.586 -138.226    105.7    928.0
     1     1    15    11     7    14     0     0   -34.0   58.414 -138.137     85.8    936.0
     1     1    15    11     7    13     0     0   -35.0   58.226 -138.061     69.0    943.8
     1     1    15    11     7    12     0     0   -36.0   58.021 -138.006     54.5    951.4
     1     1    15    11     7    11     0     0   -37.0   57.800 -137.988     42.3    960.0
     1     1    15    11     7    10     0     0   -38.0   57.566 -138.022     32.7    969.0
     1     1    15    11     7     9     0     0   -39.0   57.325 -138.109     25.0    974.5
     1     1    15    11     7     8     0     0   -40.0   57.079 -138.248     18.7    978.7
     1     1    15    11     7     7     0     0   -41.0   56.830 -138.441     13.9    982.7
     1     1    15    11     7     6     0     0   -42.0   56.574 -138.689     10.6    986.4
     1     1    15    11     7     5     0     0   -43.0   56.309 -139.005      7.9    989.2
     1     1    15    11     7     4     0     0   -44.0   56.032 -139.401      5.6    991.7
     1     1    15    11     7     3     0     0   -45.0   55.739 -139.886      3.9    993.6
     1     1    15    11     7     2     0     0   -46.0   55.437 -140.461      2.7    995.3
     1     1    15    11     7     1     0     0   -47.0   55.134 -141.116      1.7    996.2
     1     1    15    11     7     0     0     0   -48.0   54.829 -141.841      1.0    996.0
     1     1    15    11     6    23     0     0   -49.0   54.534 -142.606      0.6    995.7
     1     1    15    11     6    22     0     0   -50.0   54.268 -143.392      0.5    995.4
     1     1    15    11     6    21     0     0   -51.0   54.027 -144.206      0.7    995.3
     1     1    15    11     6    20     0     0   -52.0   53.795 -145.053      0.9    995.3
     1     1    15    11     6    19     0     0   -53.0   53.565 -145.930      1.1    995.4
     1     1    15    11     6    18     0     0   -54.0   53.329 -146.833      0.9    995.7
     1     1    15    11     6    17     0     0   -55.0   53.088 -147.761      0.4    997.2
     1     1    15    11     6    16     0     0   -56.0   52.856 -148.712      0.3   1000.1
     1     1    15    11     6    15     0     0   -57.0   52.632 -149.681      0.7   1003.7
     1     1    15    11     6    14     0     0   -58.0   52.412 -150.661      1.4   1006.0
     1     1    15    11     6    13     0     0   -59.0   52.196 -151.636      2.6   1006.4
     1     1    15    11     6    12     0     0   -60.0   51.978 -152.604      4.4   1006.4
     1     1    15    11     6    11     0     0   -61.0   51.784 -153.584      6.2   1005.1
     1     1    15    11     6    10     0     0   -62.0   51.635 -154.596      7.9   1003.4
     1     1    15    11     6     9     0     0   -63.0   51.519 -155.637      8.7   1001.5
     1     1    15    11     6     8     0     0   -64.0   51.420 -156.700      7.9    999.8
     1     1    15    11     6     7     0     0   -65.0   51.328 -157.780      5.5    999.0
     1     1    15    11     6     6     0     0   -66.0   51.237 -158.861      2.7   1000.6
     1     1    15    11     6     5     0     0   -67.0   51.155 -159.940      1.0   1002.8
     1     1    15    11     6     4     0     0   -68.0   51.092 -161.025      0.4   1005.2
     1     1    15    11     6     3     0     0   -69.0   51.049 -162.115      0.0   1007.5
     1     1    15    11     6     2     0     0   -70.0   51.023 -163.206      0.0   1007.9
     1     1    15    11     6     1     0     0   -71.0   51.016 -164.298      0.0   1006.9
     1     1    15    11     6     0     0     0   -72.0   51.029 -165.392      0.0   1005.6
