     1     1
    CDC1    15    12     1     0     0
     1 BACKWARD OMEGA   
    15    12    25    18   60.984 -139.059   750.0
     1 PRESSURE
     1     1    15    12    25    18     0     0     0.0   60.984 -139.059    750.0    810.1
     1     1    15    12    25    17     0     0    -1.0   60.837 -139.096    751.6    812.7
     1     1    15    12    25    16     0     0    -2.0   60.718 -139.150    753.7    814.8
     1     1    15    12    25    15     0     0    -3.0   60.631 -139.230    756.2    816.3
     1     1    15    12    25    14     0     0    -4.0   60.578 -139.342    759.4    817.2
     1     1    15    12    25    13     0     0    -5.0   60.560 -139.495    763.4    817.4
     1     1    15    12    25    12     0     0    -6.0   60.580 -139.696    768.9    816.8
     1     1    15    12    25    11     0     0    -7.0   60.618 -139.935    773.4    815.5
     1     1    15    12    25    10     0     0    -8.0   60.654 -140.195    775.2    815.3
     1     1    15    12    25     9     0     0    -9.0   60.689 -140.473    774.3    815.7
     1     1    15    12    25     8     0     0   -10.0   60.723 -140.769    770.9    816.4
     1     1    15    12    25     7     0     0   -11.0   60.759 -141.085    765.5    817.5
     1     1    15    12    25     6     0     0   -12.0   60.797 -141.424    758.3    818.8
     1     1    15    12    25     5     0     0   -13.0   60.836 -141.765    751.5    820.1
     1     1    15    12    25     4     0     0   -14.0   60.876 -142.090    747.1    820.8
     1     1    15    12    25     3     0     0   -15.0   60.916 -142.400    745.0    821.2
     1     1    15    12    25     2     0     0   -16.0   60.957 -142.694    745.9    821.8
     1     1    15    12    25     1     0     0   -17.0   61.001 -142.969    750.2    822.2
     1     1    15    12    25     0     0     0   -18.0   61.048 -143.229    758.4    821.8
     1     1    15    12    24    23     0     0   -19.0   61.101 -143.477    769.1    820.5
     1     1    15    12    24    22     0     0   -20.0   61.159 -143.716    780.7    819.1
     1     1    15    12    24    21     0     0   -21.0   61.223 -143.947    792.7    817.4
     1     1    15    12    24    20     0     0   -22.0   61.293 -144.171    804.8    815.5
     1     1    15    12    24    19     0     0   -23.0   61.368 -144.389    816.7    813.4
     1     1    15    12    24    18     0     0   -24.0   61.449 -144.601    828.3    811.1
     1     1    15    12    24    17     0     0   -25.0   61.535 -144.816    841.6    808.9
     1     1    15    12    24    16     0     0   -26.0   61.624 -145.045    858.9    806.0
     1     1    15    12    24    15     0     0   -27.0   61.715 -145.288    879.5    803.1
     1     1    15    12    24    14     0     0   -28.0   61.806 -145.547    902.4    800.1
     1     1    15    12    24    13     0     0   -29.0   61.896 -145.824    926.7    796.8
     1     1    15    12    24    12     0     0   -30.0   61.983 -146.122    951.6    793.7
     1     1    15    12    24    11     0     0   -31.0   62.067 -146.428    974.3    790.6
     1     1    15    12    24    10     0     0   -32.0   62.150 -146.730    993.0    788.2
     1     1    15    12    24     9     0     0   -33.0   62.233 -147.029   1007.4    786.2
     1     1    15    12    24     8     0     0   -34.0   62.314 -147.328   1017.3    784.7
     1     1    15    12    24     7     0     0   -35.0   62.397 -147.626   1022.7    783.7
     1     1    15    12    24     6     0     0   -36.0   62.480 -147.924   1023.1    783.4
     1     1    15    12    24     5     0     0   -37.0   62.562 -148.231   1019.9    786.1
     1     1    15    12    24     4     0     0   -38.0   62.639 -148.557   1011.9    789.9
     1     1    15    12    24     3     0     0   -39.0   62.711 -148.901    999.8    794.3
     1     1    15    12    24     2     0     0   -40.0   62.775 -149.265    983.9    799.0
     1     1    15    12    24     1     0     0   -41.0   62.830 -149.648    964.2    804.2
     1     1    15    12    24     0     0     0   -42.0   62.875 -150.051    941.0    809.7
     1     1    15    12    23    23     0     0   -43.0   62.914 -150.452    917.4    815.3
     1     1    15    12    23    22     0     0   -44.0   62.954 -150.825    897.5    819.7
     1     1    15    12    23    21     0     0   -45.0   62.994 -151.171    880.4    823.6
     1     1    15    12    23    20     0     0   -46.0   63.036 -151.491    865.7    827.1
     1     1    15    12    23    19     0     0   -47.0   63.079 -151.785    852.9    830.3
     1     1    15    12    23    18     0     0   -48.0   63.123 -152.052    841.7    833.2
     1     1    15    12    23    17     0     0   -49.0   63.160 -152.317    829.2    835.9
     1     1    15    12    23    16     0     0   -50.0   63.178 -152.605    812.7    839.3
     1     1    15    12    23    15     0     0   -51.0   63.178 -152.913    792.5    843.1
     1     1    15    12    23    14     0     0   -52.0   63.156 -153.241    768.5    847.2
     1     1    15    12    23    13     0     0   -53.0   63.111 -153.588    740.7    851.9
     1     1    15    12    23    12     0     0   -54.0   63.037 -153.956    708.9    857.0
     1     1    15    12    23    11     0     0   -55.0   62.945 -154.324    678.1    862.5
     1     1    15    12    23    10     0     0   -56.0   62.848 -154.673    654.3    866.5
     1     1    15    12    23     9     0     0   -57.0   62.746 -155.008    637.0    869.5
     1     1    15    12    23     8     0     0   -58.0   62.640 -155.329    626.6    871.8
     1     1    15    12    23     7     0     0   -59.0   62.532 -155.637    623.2    873.3
     1     1    15    12    23     6     0     0   -60.0   62.423 -155.931    626.7    874.6
     1     1    15    12    23     5     0     0   -61.0   62.312 -156.233    630.4    875.8
     1     1    15    12    23     4     0     0   -62.0   62.194 -156.562    628.2    878.7
     1     1    15    12    23     3     0     0   -63.0   62.066 -156.918    620.5    882.3
     1     1    15    12    23     2     0     0   -64.0   61.928 -157.302    607.8    886.3
     1     1    15    12    23     1     0     0   -65.0   61.778 -157.714    590.8    890.8
     1     1    15    12    23     0     0     0   -66.0   61.620 -158.155    570.6    895.9
     1     1    15    12    22    23     0     0   -67.0   61.469 -158.590    549.9    901.1
     1     1    15    12    22    22     0     0   -68.0   61.336 -158.992    531.2    905.5
     1     1    15    12    22    21     0     0   -69.0   61.220 -159.363    513.3    909.6
     1     1    15    12    22    20     0     0   -70.0   61.121 -159.704    495.7    913.4
     1     1    15    12    22    19     0     0   -71.0   61.035 -160.018    477.9    917.1
     1     1    15    12    22    18     0     0   -72.0   60.965 -160.302    460.0    920.4
