     1     1
    CDC1    15    10     1     0     0
     1 BACKWARD OMEGA   
    15    10    14     6   60.984 -139.059   750.0
     1 PRESSURE
     1     1    15    10    14     6     0     0     0.0   60.984 -139.059    750.0    813.1
     1     1    15    10    14     5     0     0    -1.0   60.958 -139.344    708.7    817.8
     1     1    15    10    14     4     0     0    -2.0   60.913 -139.608    669.2    822.8
     1     1    15    10    14     3     0     0    -3.0   60.850 -139.851    632.0    828.0
     1     1    15    10    14     2     0     0    -4.0   60.770 -140.072    597.6    833.3
     1     1    15    10    14     1     0     0    -5.0   60.676 -140.265    567.4    838.4
     1     1    15    10    14     0     0     0    -6.0   60.570 -140.427    541.8    843.0
     1     1    15    10    13    23     0     0    -7.0   60.459 -140.550    517.4    846.9
     1     1    15    10    13    22     0     0    -8.0   60.346 -140.626    490.6    851.3
     1     1    15    10    13    21     0     0    -9.0   60.234 -140.656    461.6    855.9
     1     1    15    10    13    20     0     0   -10.0   60.122 -140.642    430.6    860.6
     1     1    15    10    13    19     0     0   -11.0   60.010 -140.586    397.7    865.5
     1     1    15    10    13    18     0     0   -12.0   59.898 -140.505    363.9    871.9
     1     1    15    10    13    17     0     0   -13.0   59.773 -140.434    328.9    878.9
     1     1    15    10    13    16     0     0   -14.0   59.623 -140.399    292.8    887.3
     1     1    15    10    13    15     0     0   -15.0   59.450 -140.402    257.0    897.0
     1     1    15    10    13    14     0     0   -16.0   59.255 -140.442    222.7    907.7
     1     1    15    10    13    13     0     0   -17.0   59.039 -140.517    190.7    919.0
     1     1    15    10    13    12     0     0   -18.0   58.803 -140.625    160.1    930.1
     1     1    15    10    13    11     0     0   -19.0   58.561 -140.767    131.7    942.1
     1     1    15    10    13    10     0     0   -20.0   58.324 -140.946    106.2    954.0
     1     1    15    10    13     9     0     0   -21.0   58.091 -141.163     82.4    966.2
     1     1    15    10    13     8     0     0   -22.0   57.857 -141.415     59.6    977.9
     1     1    15    10    13     7     0     0   -23.0   57.616 -141.701     38.5    989.9
     1     1    15    10    13     6     0     0   -24.0   57.358 -142.012     20.2    998.1
     1     1    15    10    13     5     0     0   -25.0   57.088 -142.363      6.3   1000.6
     1     1    15    10    13     4     0     0   -26.0   56.817 -142.775      0.0   1001.4
     1     1    15    10    13     3     0     0   -27.0   56.548 -143.244      0.0   1001.6
     1     1    15    10    13     2     0     0   -28.0   56.277 -143.765      0.0   1001.3
     1     1    15    10    13     1     0     0   -29.0   55.996 -144.328      0.0   1000.3
     1     1    15    10    13     0     0     0   -30.0   55.693 -144.926      0.0    998.5
     1     1    15    10    12    23     0     0   -31.0   55.391 -145.569      0.0    993.8
     1     1    15    10    12    22     0     0   -32.0   55.118 -146.269      0.0    988.6
     1     1    15    10    12    21     0     0   -33.0   54.875 -147.017      0.2    985.4
     1     1    15    10    12    20     0     0   -34.0   54.664 -147.792      0.9    984.9
     1     1    15    10    12    19     0     0   -35.0   54.485 -148.568      2.0    985.1
     1     1    15    10    12    18     0     0   -36.0   54.332 -149.328      3.4    985.4
     1     1    15    10    12    17     0     0   -37.0   54.201 -150.059      4.6    985.3
     1     1    15    10    12    16     0     0   -38.0   54.103 -150.764      5.7    986.0
     1     1    15    10    12    15     0     0   -39.0   54.040 -151.448      6.9    986.4
     1     1    15    10    12    14     0     0   -40.0   54.003 -152.106      8.2    986.8
     1     1    15    10    12    13     0     0   -41.0   53.988 -152.744      9.8    987.2
     1     1    15    10    12    12     0     0   -42.0   53.990 -153.375     11.2    987.3
     1     1    15    10    12    11     0     0   -43.0   54.006 -154.021     12.2    987.5
     1     1    15    10    12    10     0     0   -44.0   54.041 -154.689     12.6    987.8
     1     1    15    10    12     9     0     0   -45.0   54.098 -155.374     12.7    988.0
     1     1    15    10    12     8     0     0   -46.0   54.177 -156.064     12.6    988.1
     1     1    15    10    12     7     0     0   -47.0   54.277 -156.752     12.5    988.3
     1     1    15    10    12     6     0     0   -48.0   54.394 -157.436     12.3    988.6
     1     1    15    10    12     5     0     0   -49.0   54.526 -158.095     12.2    988.1
     1     1    15    10    12     4     0     0   -50.0   54.673 -158.715     12.2    987.5
     1     1    15    10    12     3     0     0   -51.0   54.831 -159.307     12.3    986.9
     1     1    15    10    12     2     0     0   -52.0   55.001 -159.885     12.4    986.2
     1     1    15    10    12     1     0     0   -53.0   55.173 -160.449     12.7    984.8
     1     1    15    10    12     0     0     0   -54.0   55.342 -160.995     13.0    983.7
     1     1    15    10    11    23     0     0   -55.0   55.505 -161.516     13.4    982.9
     1     1    15    10    11    22     0     0   -56.0   55.665 -162.006     13.7    982.5
     1     1    15    10    11    21     0     0   -57.0   55.826 -162.471     14.1    982.4
     1     1    15    10    11    20     0     0   -58.0   55.990 -162.913     14.4    982.7
     1     1    15    10    11    19     0     0   -59.0   56.161 -163.330     14.6    983.1
     1     1    15    10    11    18     0     0   -60.0   56.338 -163.723     14.9    983.7
     1     1    15    10    11    17     0     0   -61.0   56.521 -164.118     15.0    984.2
     1     1    15    10    11    16     0     0   -62.0   56.710 -164.546     15.0    985.0
     1     1    15    10    11    15     0     0   -63.0   56.906 -165.017     14.9    986.1
     1     1    15    10    11    14     0     0   -64.0   57.107 -165.538     14.7    987.2
     1     1    15    10    11    13     0     0   -65.0   57.315 -166.107     14.4    988.5
     1     1    15    10    11    12     0     0   -66.0   57.527 -166.728     14.0    990.0
     1     1    15    10    11    11     0     0   -67.0   57.750 -167.368     13.6    990.5
     1     1    15    10    11    10     0     0   -68.0   57.990 -167.986     13.2    989.9
     1     1    15    10    11     9     0     0   -69.0   58.243 -168.580     12.9    988.9
     1     1    15    10    11     8     0     0   -70.0   58.506 -169.155     12.6    987.8
     1     1    15    10    11     7     0     0   -71.0   58.775 -169.719     12.4    986.6
     1     1    15    10    11     6     0     0   -72.0   59.047 -170.279     12.2    985.6
