     1     1
    CDC1    16     3     1     0     0
     1 BACKWARD OMEGA   
    16     3    10    18   60.984 -139.059   750.0
     1 PRESSURE
     1     1    16     3    10    18     0     0     0.0   60.984 -139.059    750.0    788.2
     1     1    16     3    10    17     0     0    -1.0   60.912 -138.687    768.1    787.7
     1     1    16     3    10    16     0     0    -2.0   60.831 -138.311    787.1    787.2
     1     1    16     3    10    15     0     0    -3.0   60.744 -137.932    806.8    786.6
     1     1    16     3    10    14     0     0    -4.0   60.652 -137.553    827.2    786.0
     1     1    16     3    10    13     0     0    -5.0   60.559 -137.174    847.7    784.8
     1     1    16     3    10    12     0     0    -6.0   60.466 -136.799    868.5    783.5
     1     1    16     3    10    11     0     0    -7.0   60.368 -136.428    888.9    782.4
     1     1    16     3    10    10     0     0    -8.0   60.255 -136.061    907.3    781.7
     1     1    16     3    10     9     0     0    -9.0   60.125 -135.699    923.5    781.3
     1     1    16     3    10     8     0     0   -10.0   59.975 -135.343    937.1    781.8
     1     1    16     3    10     7     0     0   -11.0   59.805 -135.006    948.0    784.5
     1     1    16     3    10     6     0     0   -12.0   59.612 -134.694    955.1    786.9
     1     1    16     3    10     5     0     0   -13.0   59.404 -134.408    956.0    789.2
     1     1    16     3    10     4     0     0   -14.0   59.187 -134.149    946.8    793.0
     1     1    16     3    10     3     0     0   -15.0   58.956 -133.920    926.7    798.3
     1     1    16     3    10     2     0     0   -16.0   58.707 -133.722    894.4    805.3
     1     1    16     3    10     1     0     0   -17.0   58.436 -133.557    849.3    813.7
     1     1    16     3    10     0     0     0   -18.0   58.139 -133.423    790.7    824.4
     1     1    16     3     9    23     0     0   -19.0   57.822 -133.289    727.5    836.6
     1     1    16     3     9    22     0     0   -20.0   57.492 -133.127    668.5    847.2
     1     1    16     3     9    21     0     0   -21.0   57.156 -132.945    615.6    858.0
     1     1    16     3     9    20     0     0   -22.0   56.821 -132.756    570.6    867.1
     1     1    16     3     9    19     0     0   -23.0   56.487 -132.569    531.8    875.8
     1     1    16     3     9    18     0     0   -24.0   56.150 -132.394    496.6    884.5
     1     1    16     3     9    17     0     0   -25.0   55.810 -132.229    462.9    893.2
     1     1    16     3     9    16     0     0   -26.0   55.471 -132.062    429.1    902.0
     1     1    16     3     9    15     0     0   -27.0   55.132 -131.889    394.3    910.9
     1     1    16     3     9    14     0     0   -28.0   54.793 -131.706    358.1    917.8
     1     1    16     3     9    13     0     0   -29.0   54.458 -131.520    321.2    923.6
     1     1    16     3     9    12     0     0   -30.0   54.125 -131.343    284.1    930.1
     1     1    16     3     9    11     0     0   -31.0   53.794 -131.183    248.8    937.7
     1     1    16     3     9    10     0     0   -32.0   53.467 -131.038    217.1    945.4
     1     1    16     3     9     9     0     0   -33.0   53.139 -130.899    189.2    952.6
     1     1    16     3     9     8     0     0   -34.0   52.809 -130.760    164.6    959.3
     1     1    16     3     9     7     0     0   -35.0   52.474 -130.610    143.1    965.8
     1     1    16     3     9     6     0     0   -36.0   52.137 -130.450    123.7    969.3
     1     1    16     3     9     5     0     0   -37.0   51.813 -130.306    106.9    973.4
     1     1    16     3     9     4     0     0   -38.0   51.509 -130.190     93.9    977.2
     1     1    16     3     9     3     0     0   -39.0   51.224 -130.100     84.7    980.8
     1     1    16     3     9     2     0     0   -40.0   50.955 -130.029     79.7    984.0
     1     1    16     3     9     1     0     0   -41.0   50.702 -129.972     79.6    986.1
     1     1    16     3     9     0     0     0   -42.0   50.462 -129.926     85.1    987.3
     1     1    16     3     8    23     0     0   -43.0   50.221 -129.891     90.6    987.6
     1     1    16     3     8    22     0     0   -44.0   49.968 -129.872     90.6    989.8
     1     1    16     3     8    21     0     0   -45.0   49.708 -129.872     85.1    991.6
     1     1    16     3     8    20     0     0   -46.0   49.447 -129.891     74.9    994.4
     1     1    16     3     8    19     0     0   -47.0   49.186 -129.930     61.1    997.0
     1     1    16     3     8    18     0     0   -48.0   48.924 -129.996     45.7    999.7
     1     1    16     3     8    17     0     0   -49.0   48.653 -130.076     32.3   1002.4
     1     1    16     3     8    16     0     0   -50.0   48.363 -130.152     22.7   1004.3
     1     1    16     3     8    15     0     0   -51.0   48.052 -130.221     16.0   1006.0
     1     1    16     3     8    14     0     0   -52.0   47.718 -130.278     11.5   1007.4
     1     1    16     3     8    13     0     0   -53.0   47.361 -130.323      8.1   1007.4
     1     1    16     3     8    12     0     0   -54.0   46.979 -130.357      5.1   1005.9
     1     1    16     3     8    11     0     0   -55.0   46.586 -130.403      2.4   1005.1
     1     1    16     3     8    10     0     0   -56.0   46.197 -130.475      0.6   1004.3
     1     1    16     3     8     9     0     0   -57.0   45.810 -130.567      0.0   1003.5
     1     1    16     3     8     8     0     0   -58.0   45.418 -130.671      0.0   1002.8
     1     1    16     3     8     7     0     0   -59.0   45.013 -130.777      0.5   1002.1
     1     1    16     3     8     6     0     0   -60.0   44.590 -130.876      1.6   1004.2
     1     1    16     3     8     5     0     0   -61.0   44.181 -130.981      2.8   1006.3
     1     1    16     3     8     4     0     0   -62.0   43.819 -131.106      4.2   1008.1
     1     1    16     3     8     3     0     0   -63.0   43.501 -131.248      5.5   1009.8
     1     1    16     3     8     2     0     0   -64.0   43.224 -131.404      6.8   1011.3
     1     1    16     3     8     1     0     0   -65.0   42.987 -131.570      8.0   1012.6
     1     1    16     3     8     0     0     0   -66.0   42.788 -131.744      9.1   1013.8
     1     1    16     3     7    23     0     0   -67.0   42.626 -131.934     10.0   1014.0
     1     1    16     3     7    22     0     0   -68.0   42.502 -132.149     10.8   1013.9
     1     1    16     3     7    21     0     0   -69.0   42.420 -132.388     11.6   1013.5
     1     1    16     3     7    20     0     0   -70.0   42.379 -132.653     12.5   1013.7
     1     1    16     3     7    19     0     0   -71.0   42.379 -132.943     13.5   1014.5
     1     1    16     3     7    18     0     0   -72.0   42.417 -133.265     14.5   1015.5
