     1     1
    CDC1    15    12     1     0     0
     1 BACKWARD OMEGA   
    15    12    31    12   60.984 -139.059   750.0
     1 PRESSURE
     1     1    15    12    31    12     0     0     0.0   60.984 -139.059    750.0    808.5
     1     1    15    12    31    11     0     0    -1.0   60.344 -138.647    563.8    839.5
     1     1    15    12    31    10     0     0    -2.0   59.738 -138.148    407.3    874.8
     1     1    15    12    31     9     0     0    -3.0   59.216 -137.595    301.0    902.9
     1     1    15    12    31     8     0     0    -4.0   58.779 -137.017    232.6    922.3
     1     1    15    12    31     7     0     0    -5.0   58.407 -136.434    186.7    936.0
     1     1    15    12    31     6     0     0    -6.0   58.088 -135.854    154.0    945.9
     1     1    15    12    31     5     0     0    -7.0   57.810 -135.278    128.5    953.7
     1     1    15    12    31     4     0     0    -8.0   57.568 -134.711    106.9    957.3
     1     1    15    12    31     3     0     0    -9.0   57.349 -134.186     87.6    956.8
     1     1    15    12    31     2     0     0   -10.0   57.151 -133.720     70.6    956.5
     1     1    15    12    31     1     0     0   -11.0   56.976 -133.312     56.3    955.9
     1     1    15    12    31     0     0     0   -12.0   56.829 -132.960     44.7    955.7
     1     1    15    12    30    23     0     0   -13.0   56.711 -132.646     35.8    955.2
     1     1    15    12    30    22     0     0   -14.0   56.621 -132.358     29.3    953.5
     1     1    15    12    30    21     0     0   -15.0   56.557 -132.090     25.1    950.5
     1     1    15    12    30    20     0     0   -16.0   56.515 -131.837     22.4    947.1
     1     1    15    12    30    19     0     0   -17.0   56.493 -131.593     20.9    943.3
     1     1    15    12    30    18     0     0   -18.0   56.489 -131.355     20.1    939.1
     1     1    15    12    30    17     0     0   -19.0   56.499 -131.128     19.8    934.3
     1     1    15    12    30    16     0     0   -20.0   56.519 -130.915     19.7    929.4
     1     1    15    12    30    15     0     0   -21.0   56.547 -130.714     19.9    924.5
     1     1    15    12    30    14     0     0   -22.0   56.582 -130.521     20.3    919.5
     1     1    15    12    30    13     0     0   -23.0   56.622 -130.334     21.0    914.4
     1     1    15    12    30    12     0     0   -24.0   56.666 -130.150     22.0    909.3
     1     1    15    12    30    11     0     0   -25.0   56.714 -129.985     23.5    904.6
     1     1    15    12    30    10     0     0   -26.0   56.763 -129.855     25.7    901.4
     1     1    15    12    30     9     0     0   -27.0   56.811 -129.761     28.8    898.5
     1     1    15    12    30     8     0     0   -28.0   56.858 -129.698     32.8    896.0
     1     1    15    12    30     7     0     0   -29.0   56.903 -129.664     38.0    893.7
     1     1    15    12    30     6     0     0   -30.0   56.948 -129.655     44.4    891.7
     1     1    15    12    30     5     0     0   -31.0   56.995 -129.665     52.2    889.6
     1     1    15    12    30     4     0     0   -32.0   57.047 -129.687     61.3    887.6
     1     1    15    12    30     3     0     0   -33.0   57.104 -129.722     71.7    885.5
     1     1    15    12    30     2     0     0   -34.0   57.165 -129.770     83.8    882.6
     1     1    15    12    30     1     0     0   -35.0   57.229 -129.833     97.9    879.6
     1     1    15    12    30     0     0     0   -36.0   57.294 -129.911    113.8    876.7
     1     1    15    12    29    23     0     0   -37.0   57.357 -130.002    130.5    873.9
     1     1    15    12    29    22     0     0   -38.0   57.417 -130.105    147.0    872.4
     1     1    15    12    29    21     0     0   -39.0   57.474 -130.225    163.1    871.4
     1     1    15    12    29    20     0     0   -40.0   57.529 -130.361    177.9    871.5
     1     1    15    12    29    19     0     0   -41.0   57.578 -130.513    190.5    872.5
     1     1    15    12    29    18     0     0   -42.0   57.621 -130.679    199.8    873.7
     1     1    15    12    29    17     0     0   -43.0   57.654 -130.852    207.5    875.4
     1     1    15    12    29    16     0     0   -44.0   57.675 -131.031    216.1    876.8
     1     1    15    12    29    15     0     0   -45.0   57.684 -131.213    225.7    878.2
     1     1    15    12    29    14     0     0   -46.0   57.682 -131.397    236.5    879.6
     1     1    15    12    29    13     0     0   -47.0   57.668 -131.582    248.8    881.1
     1     1    15    12    29    12     0     0   -48.0   57.644 -131.766    262.6    882.5
     1     1    15    12    29    11     0     0   -49.0   57.601 -131.935    273.1    884.4
     1     1    15    12    29    10     0     0   -50.0   57.536 -132.066    274.7    887.6
     1     1    15    12    29     9     0     0   -51.0   57.449 -132.154    267.5    891.8
     1     1    15    12    29     8     0     0   -52.0   57.344 -132.197    252.6    896.9
     1     1    15    12    29     7     0     0   -53.0   57.222 -132.194    231.2    902.4
     1     1    15    12    29     6     0     0   -54.0   57.089 -132.146    204.4    908.1
     1     1    15    12    29     5     0     0   -55.0   56.944 -132.057    174.2    913.7
     1     1    15    12    29     4     0     0   -56.0   56.791 -131.933    142.2    918.9
     1     1    15    12    29     3     0     0   -57.0   56.638 -131.780    110.4    923.9
     1     1    15    12    29     2     0     0   -58.0   56.493 -131.606     80.4    928.6
     1     1    15    12    29     1     0     0   -59.0   56.374 -131.417     55.4    931.0
     1     1    15    12    29     0     0     0   -60.0   56.289 -131.225     36.7    931.7
     1     1    15    12    28    23     0     0   -61.0   56.242 -131.038     24.6    931.2
     1     1    15    12    28    22     0     0   -62.0   56.224 -130.860     17.5    929.4
     1     1    15    12    28    21     0     0   -63.0   56.226 -130.691     13.4    926.9
     1     1    15    12    28    20     0     0   -64.0   56.240 -130.530     11.1    924.0
     1     1    15    12    28    19     0     0   -65.0   56.261 -130.374      9.8    920.9
     1     1    15    12    28    18     0     0   -66.0   56.285 -130.222      9.2    917.6
     1     1    15    12    28    17     0     0   -67.0   56.315 -130.078      9.0    914.1
     1     1    15    12    28    16     0     0   -68.0   56.358 -129.947      9.1    910.8
     1     1    15    12    28    15     0     0   -69.0   56.410 -129.831      9.5    908.0
     1     1    15    12    28    14     0     0   -70.0   56.470 -129.729     10.2    905.2
     1     1    15    12    28    13     0     0   -71.0   56.539 -129.644     11.4    902.3
     1     1    15    12    28    12     0     0   -72.0   56.615 -129.576     13.3    899.4
