     1     1
    CDC1    15    10     1     0     0
     1 BACKWARD OMEGA   
    15    10    25     0   60.984 -139.059   750.0
     1 PRESSURE
     1     1    15    10    25     0     0     0     0.0   60.984 -139.059    750.0    811.8
     1     1    15    10    24    23     0     0    -1.0   60.727 -138.986    720.9    818.9
     1     1    15    10    24    22     0     0    -2.0   60.463 -138.883    681.2    827.8
     1     1    15    10    24    21     0     0    -3.0   60.190 -138.746    629.5    838.4
     1     1    15    10    24    20     0     0    -4.0   59.913 -138.571    568.3    851.2
     1     1    15    10    24    19     0     0    -5.0   59.646 -138.366    506.1    866.6
     1     1    15    10    24    18     0     0    -6.0   59.395 -138.143    447.7    881.0
     1     1    15    10    24    17     0     0    -7.0   59.160 -137.909    396.1    894.6
     1     1    15    10    24    16     0     0    -8.0   58.941 -137.671    352.5    906.0
     1     1    15    10    24    15     0     0    -9.0   58.736 -137.431    315.7    915.8
     1     1    15    10    24    14     0     0   -10.0   58.543 -137.193    284.6    924.3
     1     1    15    10    24    13     0     0   -11.0   58.361 -136.956    258.3    932.0
     1     1    15    10    24    12     0     0   -12.0   58.192 -136.722    236.1    938.8
     1     1    15    10    24    11     0     0   -13.0   58.037 -136.500    218.1    944.8
     1     1    15    10    24    10     0     0   -14.0   57.896 -136.301    204.3    949.7
     1     1    15    10    24     9     0     0   -15.0   57.768 -136.123    193.6    953.7
     1     1    15    10    24     8     0     0   -16.0   57.648 -135.964    185.4    957.1
     1     1    15    10    24     7     0     0   -17.0   57.536 -135.823    179.3    960.3
     1     1    15    10    24     6     0     0   -18.0   57.428 -135.702    174.9    962.3
     1     1    15    10    24     5     0     0   -19.0   57.323 -135.604    171.5    963.5
     1     1    15    10    24     4     0     0   -20.0   57.221 -135.528    168.5    964.8
     1     1    15    10    24     3     0     0   -21.0   57.121 -135.474    166.2    966.3
     1     1    15    10    24     2     0     0   -22.0   57.023 -135.440    164.8    967.9
     1     1    15    10    24     1     0     0   -23.0   56.926 -135.425    164.3    969.5
     1     1    15    10    24     0     0     0   -24.0   56.831 -135.431    164.9    971.1
     1     1    15    10    23    23     0     0   -25.0   56.740 -135.452    165.5    972.5
     1     1    15    10    23    22     0     0   -26.0   56.657 -135.483    164.7    974.0
     1     1    15    10    23    21     0     0   -27.0   56.581 -135.524    162.0    975.6
     1     1    15    10    23    20     0     0   -28.0   56.514 -135.575    157.2    977.4
     1     1    15    10    23    19     0     0   -29.0   56.454 -135.638    150.3    979.3
     1     1    15    10    23    18     0     0   -30.0   56.403 -135.714    141.4    981.4
     1     1    15    10    23    17     0     0   -31.0   56.357 -135.806    132.4    983.5
     1     1    15    10    23    16     0     0   -32.0   56.314 -135.919    125.1    985.3
     1     1    15    10    23    15     0     0   -33.0   56.274 -136.054    119.5    987.0
     1     1    15    10    23    14     0     0   -34.0   56.236 -136.210    115.4    988.6
     1     1    15    10    23    13     0     0   -35.0   56.202 -136.391    112.9    990.0
     1     1    15    10    23    12     0     0   -36.0   56.171 -136.596    112.0    991.3
     1     1    15    10    23    11     0     0   -37.0   56.141 -136.816    111.8    992.4
     1     1    15    10    23    10     0     0   -38.0   56.113 -137.040    111.4    993.7
     1     1    15    10    23     9     0     0   -39.0   56.086 -137.270    110.9    994.9
     1     1    15    10    23     8     0     0   -40.0   56.063 -137.509    110.4    996.0
     1     1    15    10    23     7     0     0   -41.0   56.043 -137.754    109.7    996.2
     1     1    15    10    23     6     0     0   -42.0   56.025 -138.007    109.0    996.3
     1     1    15    10    23     5     0     0   -43.0   56.003 -138.273    107.7    996.3
     1     1    15    10    23     4     0     0   -44.0   55.967 -138.558    105.7    996.5
     1     1    15    10    23     3     0     0   -45.0   55.921 -138.864    102.9    996.9
     1     1    15    10    23     2     0     0   -46.0   55.866 -139.194     99.6    997.3
     1     1    15    10    23     1     0     0   -47.0   55.804 -139.551     95.8    997.6
     1     1    15    10    23     0     0     0   -48.0   55.736 -139.936     91.6    998.0
     1     1    15    10    22    23     0     0   -49.0   55.665 -140.345     87.2    999.0
     1     1    15    10    22    22     0     0   -50.0   55.591 -140.772     82.7    999.9
     1     1    15    10    22    21     0     0   -51.0   55.514 -141.214     78.0   1000.6
     1     1    15    10    22    20     0     0   -52.0   55.432 -141.672     73.1   1000.8
     1     1    15    10    22    19     0     0   -53.0   55.348 -142.148     68.0   1000.5
     1     1    15    10    22    18     0     0   -54.0   55.259 -142.643     62.8   1000.0
     1     1    15    10    22    17     0     0   -55.0   55.170 -143.166     57.6    999.9
     1     1    15    10    22    16     0     0   -56.0   55.084 -143.724     52.3    999.5
     1     1    15    10    22    15     0     0   -57.0   55.000 -144.316     47.2    998.7
     1     1    15    10    22    14     0     0   -58.0   54.915 -144.938     42.4    998.4
     1     1    15    10    22    13     0     0   -59.0   54.830 -145.571     38.3    997.3
     1     1    15    10    22    12     0     0   -60.0   54.742 -146.201     35.2    996.3
     1     1    15    10    22    11     0     0   -61.0   54.661 -146.818     33.4    995.3
     1     1    15    10    22    10     0     0   -62.0   54.591 -147.420     32.9    994.0
     1     1    15    10    22     9     0     0   -63.0   54.529 -148.012     33.0    993.3
     1     1    15    10    22     8     0     0   -64.0   54.471 -148.597     33.3    992.6
     1     1    15    10    22     7     0     0   -65.0   54.412 -149.174     33.7    992.1
     1     1    15    10    22     6     0     0   -66.0   54.349 -149.739     34.2    991.7
     1     1    15    10    22     5     0     0   -67.0   54.291 -150.302     34.9    991.8
     1     1    15    10    22     4     0     0   -68.0   54.247 -150.875     35.9    992.5
     1     1    15    10    22     3     0     0   -69.0   54.217 -151.453     37.4    993.1
     1     1    15    10    22     2     0     0   -70.0   54.195 -152.033     39.3    993.7
     1     1    15    10    22     1     0     0   -71.0   54.179 -152.612     41.8    994.3
     1     1    15    10    22     0     0     0   -72.0   54.169 -153.190     45.0    994.7
