     1     1
    CDC1    16     4     1     0     0
     1 BACKWARD OMEGA   
    16     4    20     6   60.984 -139.059   750.0
     1 PRESSURE
     1     1    16     4    20     6     0     0     0.0   60.984 -139.059    750.0    817.8
     1     1    16     4    20     5     0     0    -1.0   60.939 -139.046    747.9    818.9
     1     1    16     4    20     4     0     0    -2.0   60.894 -139.039    745.8    820.1
     1     1    16     4    20     3     0     0    -3.0   60.849 -139.037    743.5    821.4
     1     1    16     4    20     2     0     0    -4.0   60.803 -139.041    740.9    822.6
     1     1    16     4    20     1     0     0    -5.0   60.756 -139.052    737.8    824.0
     1     1    16     4    20     0     0     0    -6.0   60.709 -139.069    734.0    825.4
     1     1    16     4    19    23     0     0    -7.0   60.657 -139.106    729.1    827.1
     1     1    16     4    19    22     0     0    -8.0   60.598 -139.170    722.2    829.1
     1     1    16     4    19    21     0     0    -9.0   60.530 -139.260    713.1    831.7
     1     1    16     4    19    20     0     0   -10.0   60.450 -139.373    701.7    834.8
     1     1    16     4    19    19     0     0   -11.0   60.357 -139.504    687.8    838.5
     1     1    16     4    19    18     0     0   -12.0   60.248 -139.649    671.3    842.9
     1     1    16     4    19    17     0     0   -13.0   60.128 -139.790    649.5    847.0
     1     1    16     4    19    16     0     0   -14.0   60.001 -139.913    621.7    852.3
     1     1    16     4    19    15     0     0   -15.0   59.869 -140.016    588.7    860.1
     1     1    16     4    19    14     0     0   -16.0   59.736 -140.100    551.9    868.4
     1     1    16     4    19    13     0     0   -17.0   59.602 -140.168    512.4    877.0
     1     1    16     4    19    12     0     0   -18.0   59.470 -140.224    470.5    886.2
     1     1    16     4    19    11     0     0   -19.0   59.339 -140.290    428.7    896.0
     1     1    16     4    19    10     0     0   -20.0   59.212 -140.383    388.6    905.7
     1     1    16     4    19     9     0     0   -21.0   59.085 -140.499    349.8    914.7
     1     1    16     4    19     8     0     0   -22.0   58.959 -140.637    312.0    923.7
     1     1    16     4    19     7     0     0   -23.0   58.833 -140.794    275.3    933.0
     1     1    16     4    19     6     0     0   -24.0   58.706 -140.968    239.7    942.6
     1     1    16     4    19     5     0     0   -25.0   58.578 -141.143    206.9    952.2
     1     1    16     4    19     4     0     0   -26.0   58.450 -141.311    178.6    960.5
     1     1    16     4    19     3     0     0   -27.0   58.322 -141.481    155.5    968.1
     1     1    16     4    19     2     0     0   -28.0   58.193 -141.659    137.5    975.4
     1     1    16     4    19     1     0     0   -29.0   58.064 -141.850    124.7    982.3
     1     1    16     4    19     0     0     0   -30.0   57.936 -142.055    117.0    988.7
     1     1    16     4    18    23     0     0   -31.0   57.818 -142.272    112.3    993.6
     1     1    16     4    18    22     0     0   -32.0   57.718 -142.497    108.7    998.0
     1     1    16     4    18    21     0     0   -33.0   57.639 -142.730    105.3   1001.5
     1     1    16     4    18    20     0     0   -34.0   57.580 -142.974    101.5   1004.5
     1     1    16     4    18    19     0     0   -35.0   57.543 -143.229     97.1   1007.0
     1     1    16     4    18    18     0     0   -36.0   57.526 -143.498     92.2   1008.9
     1     1    16     4    18    17     0     0   -37.0   57.516 -143.752     87.9   1011.5
     1     1    16     4    18    16     0     0   -38.0   57.499 -143.971     85.1   1013.7
     1     1    16     4    18    15     0     0   -39.0   57.475 -144.158     83.5   1014.7
     1     1    16     4    18    14     0     0   -40.0   57.447 -144.314     83.0   1015.3
     1     1    16     4    18    13     0     0   -41.0   57.413 -144.442     83.3   1015.6
     1     1    16     4    18    12     0     0   -42.0   57.376 -144.545     84.5   1015.4
     1     1    16     4    18    11     0     0   -43.0   57.335 -144.642     86.0   1015.6
     1     1    16     4    18    10     0     0   -44.0   57.289 -144.753     87.4   1015.8
     1     1    16     4    18     9     0     0   -45.0   57.240 -144.879     88.8   1016.1
     1     1    16     4    18     8     0     0   -46.0   57.187 -145.018     90.2   1016.3
     1     1    16     4    18     7     0     0   -47.0   57.132 -145.168     91.7   1015.9
     1     1    16     4    18     6     0     0   -48.0   57.075 -145.329     93.4   1015.4
     1     1    16     4    18     5     0     0   -49.0   57.019 -145.492     95.7   1014.7
     1     1    16     4    18     4     0     0   -50.0   56.967 -145.653     99.0   1013.8
     1     1    16     4    18     3     0     0   -51.0   56.920 -145.811    103.5   1012.8
     1     1    16     4    18     2     0     0   -52.0   56.878 -145.964    109.3   1011.6
     1     1    16     4    18     1     0     0   -53.0   56.841 -146.114    116.7   1010.3
     1     1    16     4    18     0     0     0   -54.0   56.810 -146.259    125.6   1008.8
     1     1    16     4    17    23     0     0   -55.0   56.792 -146.385    134.9   1007.4
     1     1    16     4    17    22     0     0   -56.0   56.795 -146.475    143.1   1006.5
     1     1    16     4    17    21     0     0   -57.0   56.818 -146.531    150.1   1006.0
     1     1    16     4    17    20     0     0   -58.0   56.862 -146.552    155.9   1005.9
     1     1    16     4    17    19     0     0   -59.0   56.926 -146.536    160.5   1006.2
     1     1    16     4    17    18     0     0   -60.0   57.010 -146.483    164.3   1006.8
     1     1    16     4    17    17     0     0   -61.0   57.099 -146.401    166.9   1007.6
     1     1    16     4    17    16     0     0   -62.0   57.180 -146.296    167.7   1008.6
     1     1    16     4    17    15     0     0   -63.0   57.251 -146.170    166.7   1009.6
     1     1    16     4    17    14     0     0   -64.0   57.311 -146.021    163.8   1010.6
     1     1    16     4    17    13     0     0   -65.0   57.359 -145.850    159.2   1011.7
     1     1    16     4    17    12     0     0   -66.0   57.394 -145.656    152.9   1012.7
     1     1    16     4    17    11     0     0   -67.0   57.416 -145.436    147.5   1013.6
     1     1    16     4    17    10     0     0   -68.0   57.429 -145.187    145.4   1013.7
     1     1    16     4    17     9     0     0   -69.0   57.433 -144.913    146.6   1012.9
     1     1    16     4    17     8     0     0   -70.0   57.430 -144.616    151.0   1010.8
     1     1    16     4    17     7     0     0   -71.0   57.421 -144.301    159.2   1008.2
     1     1    16     4    17     6     0     0   -72.0   57.404 -143.969    171.5   1005.1
