     1     1
    CDC1    15    11     1     0     0
     1 BACKWARD OMEGA   
    15    11    13     6   60.984 -139.059   750.0
     1 PRESSURE
     1     1    15    11    13     6     0     0     0.0   60.984 -139.059    750.0    775.2
     1     1    15    11    13     5     0     0    -1.0   60.851 -138.742    708.2    780.4
     1     1    15    11    13     4     0     0    -2.0   60.695 -138.459    655.1    788.0
     1     1    15    11    13     3     0     0    -3.0   60.518 -138.205    591.3    797.2
     1     1    15    11    13     2     0     0    -4.0   60.320 -137.977    516.6    807.2
     1     1    15    11    13     1     0     0    -5.0   60.102 -137.768    431.0    819.3
     1     1    15    11    13     0     0     0    -6.0   59.867 -137.582    336.2    835.3
     1     1    15    11    12    23     0     0    -7.0   59.630 -137.418    238.5    853.7
     1     1    15    11    12    22     0     0    -8.0   59.399 -137.236    152.5    871.2
     1     1    15    11    12    21     0     0    -9.0   59.170 -137.010     91.2    886.4
     1     1    15    11    12    20     0     0   -10.0   58.939 -136.765     50.1    896.1
     1     1    15    11    12    19     0     0   -11.0   58.710 -136.516     26.2    905.5
     1     1    15    11    12    18     0     0   -12.0   58.483 -136.285     11.0    912.4
     1     1    15    11    12    17     0     0   -13.0   58.251 -136.064      2.7    919.1
     1     1    15    11    12    16     0     0   -14.0   58.006 -135.859      0.0    925.9
     1     1    15    11    12    15     0     0   -15.0   57.747 -135.669      0.0    932.8
     1     1    15    11    12    14     0     0   -16.0   57.477 -135.495      0.0    939.6
     1     1    15    11    12    13     0     0   -17.0   57.209 -135.347      0.0    944.5
     1     1    15    11    12    12     0     0   -18.0   56.953 -135.233      0.0    949.4
     1     1    15    11    12    11     0     0   -19.0   56.701 -135.121      0.0    956.1
     1     1    15    11    12    10     0     0   -20.0   56.444 -134.968      0.0    962.6
     1     1    15    11    12     9     0     0   -21.0   56.167 -134.762      0.0    967.7
     1     1    15    11    12     8     0     0   -22.0   55.857 -134.497      0.0    972.9
     1     1    15    11    12     7     0     0   -23.0   55.505 -134.166      0.0    978.5
     1     1    15    11    12     6     0     0   -24.0   55.101 -133.758      0.0    985.0
     1     1    15    11    12     5     0     0   -25.0   54.680 -133.368      0.0    988.7
     1     1    15    11    12     4     0     0   -26.0   54.283 -133.098      0.0    992.9
     1     1    15    11    12     3     0     0   -27.0   53.909 -132.949      0.0    998.3
     1     1    15    11    12     2     0     0   -28.0   53.560 -132.918      0.0   1004.5
     1     1    15    11    12     1     0     0   -29.0   53.239 -133.000      0.0   1010.7
     1     1    15    11    12     0     0     0   -30.0   52.947 -133.184      0.0   1016.5
     1     1    15    11    11    23     0     0   -31.0   52.679 -133.445      0.0   1020.0
     1     1    15    11    11    22     0     0   -32.0   52.433 -133.768      0.0   1022.0
     1     1    15    11    11    21     0     0   -33.0   52.217 -134.145      0.0   1022.2
     1     1    15    11    11    20     0     0   -34.0   52.037 -134.573      0.0   1022.3
     1     1    15    11    11    19     0     0   -35.0   51.895 -135.062      0.0   1022.2
     1     1    15    11    11    18     0     0   -36.0   51.790 -135.602      0.0   1020.7
     1     1    15    11    11    17     0     0   -37.0   51.704 -136.169      0.0   1018.1
     1     1    15    11    11    16     0     0   -38.0   51.620 -136.748      0.0   1015.7
     1     1    15    11    11    15     0     0   -39.0   51.537 -137.341      0.0   1013.6
     1     1    15    11    11    14     0     0   -40.0   51.451 -137.948      0.0   1013.6
     1     1    15    11    11    13     0     0   -41.0   51.363 -138.572      0.0   1014.5
     1     1    15    11    11    12     0     0   -42.0   51.276 -139.223      0.0   1015.8
     1     1    15    11    11    11     0     0   -43.0   51.193 -139.890      0.0   1017.1
     1     1    15    11    11    10     0     0   -44.0   51.126 -140.560      0.2   1018.8
     1     1    15    11    11     9     0     0   -45.0   51.077 -141.244      0.5   1020.5
     1     1    15    11    11     8     0     0   -46.0   51.040 -141.943      0.8   1022.2
     1     1    15    11    11     7     0     0   -47.0   51.011 -142.659      1.1   1023.5
     1     1    15    11    11     6     0     0   -48.0   50.991 -143.394      1.5   1023.3
     1     1    15    11    11     5     0     0   -49.0   50.982 -144.158      1.8   1022.6
     1     1    15    11    11     4     0     0   -50.0   50.982 -144.957      2.0   1022.0
     1     1    15    11    11     3     0     0   -51.0   50.989 -145.775      2.2   1021.0
     1     1    15    11    11     2     0     0   -52.0   50.998 -146.601      2.4   1020.0
     1     1    15    11    11     1     0     0   -53.0   51.007 -147.441      2.4   1019.1
     1     1    15    11    11     0     0     0   -54.0   51.018 -148.291      2.4   1020.5
     1     1    15    11    10    23     0     0   -55.0   51.032 -149.137      2.3   1021.7
     1     1    15    11    10    22     0     0   -56.0   51.047 -149.964      2.3   1023.0
     1     1    15    11    10    21     0     0   -57.0   51.062 -150.775      2.4   1023.5
     1     1    15    11    10    20     0     0   -58.0   51.076 -151.571      2.5   1024.2
     1     1    15    11    10    19     0     0   -59.0   51.087 -152.357      2.6   1025.1
     1     1    15    11    10    18     0     0   -60.0   51.098 -153.141      2.8   1023.9
     1     1    15    11    10    17     0     0   -61.0   51.109 -153.943      3.1   1021.4
     1     1    15    11    10    16     0     0   -62.0   51.118 -154.771      3.4   1018.9
     1     1    15    11    10    15     0     0   -63.0   51.125 -155.615      3.7   1017.2
     1     1    15    11    10    14     0     0   -64.0   51.127 -156.471      4.0   1015.8
     1     1    15    11    10    13     0     0   -65.0   51.127 -157.339      4.1   1014.3
     1     1    15    11    10    12     0     0   -66.0   51.127 -158.217      4.2   1015.0
     1     1    15    11    10    11     0     0   -67.0   51.124 -159.087      4.4   1016.4
     1     1    15    11    10    10     0     0   -68.0   51.116 -159.939      4.9   1017.8
     1     1    15    11    10     9     0     0   -69.0   51.107 -160.770      5.7   1018.8
     1     1    15    11    10     8     0     0   -70.0   51.104 -161.576      6.7   1019.7
     1     1    15    11    10     7     0     0   -71.0   51.112 -162.358      8.1   1020.6
     1     1    15    11    10     6     0     0   -72.0   51.134 -163.121      9.7   1020.1
