     1     1
    CDC1    15    11     1     0     0
     1 BACKWARD OMEGA   
    15    11    21     0   60.984 -139.059   750.0
     1 PRESSURE
     1     1    15    11    21     0     0     0     0.0   60.984 -139.059    750.0    803.5
     1     1    15    11    20    23     0     0    -1.0   60.693 -139.366    628.3    821.4
     1     1    15    11    20    22     0     0    -2.0   60.387 -139.622    501.9    841.3
     1     1    15    11    20    21     0     0    -3.0   60.076 -139.839    382.9    861.8
     1     1    15    11    20    20     0     0    -4.0   59.766 -140.061    285.5    883.6
     1     1    15    11    20    19     0     0    -5.0   59.457 -140.333    212.4    905.1
     1     1    15    11    20    18     0     0    -6.0   59.143 -140.660    154.2    924.0
     1     1    15    11    20    17     0     0    -7.0   58.813 -141.025    104.2    944.5
     1     1    15    11    20    16     0     0    -8.0   58.452 -141.427     61.8    966.3
     1     1    15    11    20    15     0     0    -9.0   58.038 -141.910     32.4    989.2
     1     1    15    11    20    14     0     0   -10.0   57.548 -142.509     16.9   1014.4
     1     1    15    11    20    13     0     0   -11.0   57.005 -143.145      9.2   1019.2
     1     1    15    11    20    12     0     0   -12.0   56.449 -143.724      5.7   1020.0
     1     1    15    11    20    11     0     0   -13.0   55.898 -144.221      3.1   1019.0
     1     1    15    11    20    10     0     0   -14.0   55.361 -144.633      1.3   1016.6
     1     1    15    11    20     9     0     0   -15.0   54.835 -144.971      0.0   1014.9
     1     1    15    11    20     8     0     0   -16.0   54.335 -145.234      0.0   1016.9
     1     1    15    11    20     7     0     0   -17.0   53.871 -145.416      0.0   1019.1
     1     1    15    11    20     6     0     0   -18.0   53.441 -145.516      0.0   1021.4
     1     1    15    11    20     5     0     0   -19.0   53.053 -145.538      0.0   1023.7
     1     1    15    11    20     4     0     0   -20.0   52.708 -145.490      0.0   1025.8
     1     1    15    11    20     3     0     0   -21.0   52.405 -145.371      0.0   1027.1
     1     1    15    11    20     2     0     0   -22.0   52.143 -145.183      0.0   1027.3
     1     1    15    11    20     1     0     0   -23.0   51.919 -144.934      0.0   1027.6
     1     1    15    11    20     0     0     0   -24.0   51.723 -144.631      0.0   1027.9
     1     1    15    11    19    23     0     0   -25.0   51.554 -144.292      0.0   1028.2
     1     1    15    11    19    22     0     0   -26.0   51.412 -143.928      0.0   1028.6
     1     1    15    11    19    21     0     0   -27.0   51.294 -143.543      0.0   1029.0
     1     1    15    11    19    20     0     0   -28.0   51.198 -143.143      0.0   1029.3
     1     1    15    11    19    19     0     0   -29.0   51.125 -142.731      0.2   1029.7
     1     1    15    11    19    18     0     0   -30.0   51.072 -142.314      0.5   1029.6
     1     1    15    11    19    17     0     0   -31.0   51.036 -141.913      1.0   1028.8
     1     1    15    11    19    16     0     0   -32.0   51.010 -141.542      1.6   1028.1
     1     1    15    11    19    15     0     0   -33.0   50.996 -141.199      2.3   1027.3
     1     1    15    11    19    14     0     0   -34.0   50.991 -140.886      3.2   1026.5
     1     1    15    11    19    13     0     0   -35.0   50.995 -140.602      4.2   1025.7
     1     1    15    11    19    12     0     0   -36.0   51.007 -140.347      5.3   1025.0
     1     1    15    11    19    11     0     0   -37.0   51.030 -140.109      6.3   1024.0
     1     1    15    11    19    10     0     0   -38.0   51.066 -139.877      7.3   1023.1
     1     1    15    11    19     9     0     0   -39.0   51.120 -139.658      8.2   1022.4
     1     1    15    11    19     8     0     0   -40.0   51.189 -139.456      8.8   1021.7
     1     1    15    11    19     7     0     0   -41.0   51.272 -139.270      9.3   1021.0
     1     1    15    11    19     6     0     0   -42.0   51.366 -139.101      9.7   1020.5
     1     1    15    11    19     5     0     0   -43.0   51.471 -138.957      9.8   1020.0
     1     1    15    11    19     4     0     0   -44.0   51.586 -138.851     10.0   1019.5
     1     1    15    11    19     3     0     0   -45.0   51.712 -138.784     10.1   1019.0
     1     1    15    11    19     2     0     0   -46.0   51.848 -138.759     10.2   1018.6
     1     1    15    11    19     1     0     0   -47.0   51.993 -138.777     10.2   1018.2
     1     1    15    11    19     0     0     0   -48.0   52.145 -138.839     10.1   1017.8
     1     1    15    11    18    23     0     0   -49.0   52.296 -138.962     10.0   1017.7
     1     1    15    11    18    22     0     0   -50.0   52.435 -139.156      9.8   1017.6
     1     1    15    11    18    21     0     0   -51.0   52.565 -139.410      9.5   1017.5
     1     1    15    11    18    20     0     0   -52.0   52.690 -139.710      9.1   1017.5
     1     1    15    11    18    19     0     0   -53.0   52.817 -140.048      8.6   1017.4
     1     1    15    11    18    18     0     0   -54.0   52.947 -140.421      7.9   1018.0
     1     1    15    11    18    17     0     0   -55.0   53.081 -140.829      7.2   1018.4
     1     1    15    11    18    16     0     0   -56.0   53.218 -141.269      6.8   1018.8
     1     1    15    11    18    15     0     0   -57.0   53.363 -141.743      6.4   1018.9
     1     1    15    11    18    14     0     0   -58.0   53.521 -142.253      6.3   1018.9
     1     1    15    11    18    13     0     0   -59.0   53.698 -142.799      6.3   1018.4
     1     1    15    11    18    12     0     0   -60.0   53.894 -143.381      6.4   1017.6
     1     1    15    11    18    11     0     0   -61.0   54.099 -143.984      6.7   1016.7
     1     1    15    11    18    10     0     0   -62.0   54.305 -144.598      7.0   1015.7
     1     1    15    11    18     9     0     0   -63.0   54.515 -145.224      7.3   1014.1
     1     1    15    11    18     8     0     0   -64.0   54.731 -145.858      7.8   1011.4
     1     1    15    11    18     7     0     0   -65.0   54.957 -146.499      8.4   1008.2
     1     1    15    11    18     6     0     0   -66.0   55.196 -147.150      9.1   1007.9
     1     1    15    11    18     5     0     0   -67.0   55.428 -147.830     10.4   1008.9
     1     1    15    11    18     4     0     0   -68.0   55.634 -148.547     12.9   1009.0
     1     1    15    11    18     3     0     0   -69.0   55.813 -149.300     17.1   1008.3
     1     1    15    11    18     2     0     0   -70.0   55.975 -150.081     23.6   1006.9
     1     1    15    11    18     1     0     0   -71.0   56.125 -150.860     31.9   1005.2
     1     1    15    11    18     0     0     0   -72.0   56.266 -151.611     41.7   1003.0
