     1     1
    CDC1    16     1     1     0     0
     1 BACKWARD OMEGA   
    16     1    20     0   60.984 -139.059   750.0
     1 PRESSURE
     1     1    16     1    20     0     0     0     0.0   60.984 -139.059    750.0    800.1
     1     1    16     1    19    23     0     0    -1.0   60.825 -138.870    727.9    804.6
     1     1    16     1    19    22     0     0    -2.0   60.667 -138.665    709.0    808.6
     1     1    16     1    19    21     0     0    -3.0   60.510 -138.445    693.5    812.3
     1     1    16     1    19    20     0     0    -4.0   60.353 -138.214    682.0    815.4
     1     1    16     1    19    19     0     0    -5.0   60.196 -137.973    674.9    818.0
     1     1    16     1    19    18     0     0    -6.0   60.037 -137.724    672.8    819.9
     1     1    16     1    19    17     0     0    -7.0   59.876 -137.470    673.3    823.1
     1     1    16     1    19    16     0     0    -8.0   59.715 -137.212    673.1    826.9
     1     1    16     1    19    15     0     0    -9.0   59.554 -136.950    671.3    830.7
     1     1    16     1    19    14     0     0   -10.0   59.390 -136.685    667.2    834.7
     1     1    16     1    19    13     0     0   -11.0   59.222 -136.417    660.4    838.9
     1     1    16     1    19    12     0     0   -12.0   59.050 -136.145    650.4    843.5
     1     1    16     1    19    11     0     0   -13.0   58.870 -135.859    639.2    849.0
     1     1    16     1    19    10     0     0   -14.0   58.680 -135.548    628.8    854.0
     1     1    16     1    19     9     0     0   -15.0   58.483 -135.208    619.9    858.5
     1     1    16     1    19     8     0     0   -16.0   58.278 -134.835    613.0    861.3
     1     1    16     1    19     7     0     0   -17.0   58.065 -134.430    608.3    861.7
     1     1    16     1    19     6     0     0   -18.0   57.841 -133.990    607.3    860.9
     1     1    16     1    19     5     0     0   -19.0   57.601 -133.524    606.0    859.6
     1     1    16     1    19     4     0     0   -20.0   57.347 -133.052    600.1    859.0
     1     1    16     1    19     3     0     0   -21.0   57.091 -132.584    591.8    859.0
     1     1    16     1    19     2     0     0   -22.0   56.841 -132.120    582.9    858.1
     1     1    16     1    19     1     0     0   -23.0   56.600 -131.652    575.2    856.5
     1     1    16     1    19     0     0     0   -24.0   56.365 -131.169    570.3    854.2
     1     1    16     1    18    23     0     0   -25.0   56.126 -130.700    564.6    851.6
     1     1    16     1    18    22     0     0   -26.0   55.872 -130.275    553.5    851.2
     1     1    16     1    18    21     0     0   -27.0   55.604 -129.896    536.1    853.2
     1     1    16     1    18    20     0     0   -28.0   55.325 -129.564    512.5    857.6
     1     1    16     1    18    19     0     0   -29.0   55.036 -129.279    482.6    863.4
     1     1    16     1    18    18     0     0   -30.0   54.737 -129.042    446.6    869.6
     1     1    16     1    18    17     0     0   -31.0   54.432 -128.835    408.5    876.4
     1     1    16     1    18    16     0     0   -32.0   54.125 -128.641    373.2    882.7
     1     1    16     1    18    15     0     0   -33.0   53.821 -128.455    340.6    888.1
     1     1    16     1    18    14     0     0   -34.0   53.523 -128.271    310.8    893.3
     1     1    16     1    18    13     0     0   -35.0   53.233 -128.088    283.7    898.2
     1     1    16     1    18    12     0     0   -36.0   52.950 -127.905    259.0    902.7
     1     1    16     1    18    11     0     0   -37.0   52.674 -127.735    235.9    906.6
     1     1    16     1    18    10     0     0   -38.0   52.408 -127.598    214.5    910.9
     1     1    16     1    18     9     0     0   -39.0   52.154 -127.497    196.4    915.2
     1     1    16     1    18     8     0     0   -40.0   51.916 -127.434    182.3    918.8
     1     1    16     1    18     7     0     0   -41.0   51.690 -127.405    171.9    922.5
     1     1    16     1    18     6     0     0   -42.0   51.476 -127.407    165.0    926.2
     1     1    16     1    18     5     0     0   -43.0   51.250 -127.417    156.9    929.8
     1     1    16     1    18     4     0     0   -44.0   50.997 -127.408    143.3    934.7
     1     1    16     1    18     3     0     0   -45.0   50.724 -127.385    126.2    940.2
     1     1    16     1    18     2     0     0   -46.0   50.443 -127.348    107.8    946.1
     1     1    16     1    18     1     0     0   -47.0   50.161 -127.301     90.0    952.1
     1     1    16     1    18     0     0     0   -48.0   49.884 -127.246     73.6    957.8
     1     1    16     1    17    23     0     0   -49.0   49.608 -127.198     59.2    962.7
     1     1    16     1    17    22     0     0   -50.0   49.327 -127.168     47.4    967.9
     1     1    16     1    17    21     0     0   -51.0   49.041 -127.162     37.8    973.6
     1     1    16     1    17    20     0     0   -52.0   48.749 -127.193     30.1    979.8
     1     1    16     1    17    19     0     0   -53.0   48.451 -127.272     23.9    986.4
     1     1    16     1    17    18     0     0   -54.0   48.146 -127.419     18.5    993.5
     1     1    16     1    17    17     0     0   -55.0   47.827 -127.593     14.3   1000.1
     1     1    16     1    17    16     0     0   -56.0   47.481 -127.745     11.4   1005.3
     1     1    16     1    17    15     0     0   -57.0   47.108 -127.874      9.5   1005.0
     1     1    16     1    17    14     0     0   -58.0   46.713 -127.991      8.2   1004.4
     1     1    16     1    17    13     0     0   -59.0   46.305 -128.128      7.4   1003.4
     1     1    16     1    17    12     0     0   -60.0   45.894 -128.323      6.8   1001.9
     1     1    16     1    17    11     0     0   -61.0   45.474 -128.554      6.2   1001.0
     1     1    16     1    17    10     0     0   -62.0   45.026 -128.764      5.0    999.4
     1     1    16     1    17     9     0     0   -63.0   44.526 -128.917      2.9    999.9
     1     1    16     1    17     8     0     0   -64.0   43.965 -128.990      0.0   1001.4
     1     1    16     1    17     7     0     0   -65.0   43.345 -129.012      0.0   1003.7
     1     1    16     1    17     6     0     0   -66.0   42.674 -129.018      0.0   1006.5
     1     1    16     1    17     5     0     0   -67.0   42.014 -129.035      0.0   1007.5
     1     1    16     1    17     4     0     0   -68.0   41.418 -129.055      0.0   1007.4
     1     1    16     1    17     3     0     0   -69.0   40.876 -129.060      0.0   1007.4
     1     1    16     1    17     2     0     0   -70.0   40.378 -129.042      0.0   1007.4
     1     1    16     1    17     1     0     0   -71.0   39.915 -128.997      0.0   1007.6
     1     1    16     1    17     0     0     0   -72.0   39.484 -128.931      0.0   1008.7
