     1     1
    CDC1    16     1     1     0     0
     1 BACKWARD OMEGA   
    16     1    17     0   60.984 -139.059   750.0
     1 PRESSURE
     1     1    16     1    17     0     0     0     0.0   60.984 -139.059    750.0    795.2
     1     1    16     1    16    23     0     0    -1.0   60.730 -138.676    729.8    801.1
     1     1    16     1    16    22     0     0    -2.0   60.470 -138.292    708.5    807.1
     1     1    16     1    16    21     0     0    -3.0   60.208 -137.906    685.6    813.3
     1     1    16     1    16    20     0     0    -4.0   59.947 -137.513    661.0    820.4
     1     1    16     1    16    19     0     0    -5.0   59.692 -137.114    635.9    829.7
     1     1    16     1    16    18     0     0    -6.0   59.446 -136.704    610.4    838.1
     1     1    16     1    16    17     0     0    -7.0   59.211 -136.280    586.8    845.5
     1     1    16     1    16    16     0     0    -8.0   58.987 -135.839    568.7    851.5
     1     1    16     1    16    15     0     0    -9.0   58.772 -135.377    555.7    856.2
     1     1    16     1    16    14     0     0   -10.0   58.562 -134.892    547.7    859.2
     1     1    16     1    16    13     0     0   -11.0   58.349 -134.382    543.7    858.7
     1     1    16     1    16    12     0     0   -12.0   58.125 -133.845    542.9    857.2
     1     1    16     1    16    11     0     0   -13.0   57.893 -133.283    543.2    855.2
     1     1    16     1    16    10     0     0   -14.0   57.657 -132.703    543.2    852.2
     1     1    16     1    16     9     0     0   -15.0   57.417 -132.108    543.2    847.6
     1     1    16     1    16     8     0     0   -16.0   57.173 -131.508    545.1    842.8
     1     1    16     1    16     7     0     0   -17.0   56.926 -130.908    548.4    837.9
     1     1    16     1    16     6     0     0   -18.0   56.670 -130.310    551.7    833.1
     1     1    16     1    16     5     0     0   -19.0   56.412 -129.754    555.5    831.2
     1     1    16     1    16     4     0     0   -20.0   56.163 -129.271    561.4    831.2
     1     1    16     1    16     3     0     0   -21.0   55.929 -128.852    570.7    830.6
     1     1    16     1    16     2     0     0   -22.0   55.709 -128.490    585.1    829.3
     1     1    16     1    16     1     0     0   -23.0   55.505 -128.182    605.8    827.4
     1     1    16     1    16     0     0     0   -24.0   55.320 -127.929    633.9    824.4
     1     1    16     1    15    23     0     0   -25.0   55.157 -127.717    664.4    820.4
     1     1    16     1    15    22     0     0   -26.0   55.013 -127.535    691.2    817.5
     1     1    16     1    15    21     0     0   -27.0   54.890 -127.380    713.7    816.2
     1     1    16     1    15    20     0     0   -28.0   54.787 -127.251    731.2    815.6
     1     1    16     1    15    19     0     0   -29.0   54.704 -127.147    743.8    815.2
     1     1    16     1    15    18     0     0   -30.0   54.643 -127.065    752.0    815.0
     1     1    16     1    15    17     0     0   -31.0   54.603 -127.004    761.9    814.9
     1     1    16     1    15    16     0     0   -32.0   54.584 -126.964    779.4    813.1
     1     1    16     1    15    15     0     0   -33.0   54.587 -126.944    804.5    810.5
     1     1    16     1    15    14     0     0   -34.0   54.611 -126.943    837.7    807.0
     1     1    16     1    15    13     0     0   -35.0   54.656 -126.960    879.9    802.6
     1     1    16     1    15    12     0     0   -36.0   54.721 -126.993    932.6    796.7
     1     1    16     1    15    11     0     0   -37.0   54.799 -127.032    988.2    789.1
     1     1    16     1    15    10     0     0   -38.0   54.884 -127.073   1036.5    783.2
     1     1    16     1    15     9     0     0   -39.0   54.976 -127.119   1075.7    778.2
     1     1    16     1    15     8     0     0   -40.0   55.075 -127.172   1103.8    774.3
     1     1    16     1    15     7     0     0   -41.0   55.180 -127.231   1119.4    771.6
     1     1    16     1    15     6     0     0   -42.0   55.291 -127.297   1121.9    770.0
     1     1    16     1    15     5     0     0   -43.0   55.405 -127.373   1115.8    769.6
     1     1    16     1    15     4     0     0   -44.0   55.516 -127.461   1106.5    769.0
     1     1    16     1    15     3     0     0   -45.0   55.624 -127.562   1094.6    769.4
     1     1    16     1    15     2     0     0   -46.0   55.727 -127.675   1080.6    770.6
     1     1    16     1    15     1     0     0   -47.0   55.825 -127.798   1064.7    772.1
     1     1    16     1    15     0     0     0   -48.0   55.917 -127.931   1046.9    773.9
     1     1    16     1    14    23     0     0   -49.0   55.995 -128.077   1024.9    776.3
     1     1    16     1    14    22     0     0   -50.0   56.049 -128.236    996.5    780.1
     1     1    16     1    14    21     0     0   -51.0   56.080 -128.409    961.5    785.2
     1     1    16     1    14    20     0     0   -52.0   56.087 -128.594    920.3    791.5
     1     1    16     1    14    19     0     0   -53.0   56.071 -128.791    873.2    799.0
     1     1    16     1    14    18     0     0   -54.0   56.032 -128.999    820.8    807.3
     1     1    16     1    14    17     0     0   -55.0   55.978 -129.211    767.4    816.6
     1     1    16     1    14    16     0     0   -56.0   55.917 -129.419    716.0    825.7
     1     1    16     1    14    15     0     0   -57.0   55.849 -129.625    666.8    835.0
     1     1    16     1    14    14     0     0   -58.0   55.773 -129.832    619.2    844.6
     1     1    16     1    14    13     0     0   -59.0   55.692 -130.042    573.6    853.9
     1     1    16     1    14    12     0     0   -60.0   55.607 -130.256    531.0    863.9
     1     1    16     1    14    11     0     0   -61.0   55.519 -130.470    489.9    873.4
     1     1    16     1    14    10     0     0   -62.0   55.428 -130.677    448.3    883.4
     1     1    16     1    14     9     0     0   -63.0   55.336 -130.878    407.0    893.5
     1     1    16     1    14     8     0     0   -64.0   55.243 -131.076    366.5    903.5
     1     1    16     1    14     7     0     0   -65.0   55.149 -131.273    327.3    912.8
     1     1    16     1    14     6     0     0   -66.0   55.051 -131.474    289.9    922.4
     1     1    16     1    14     5     0     0   -67.0   54.942 -131.662    257.4    931.3
     1     1    16     1    14     4     0     0   -68.0   54.816 -131.822    231.6    938.4
     1     1    16     1    14     3     0     0   -69.0   54.674 -131.955    211.2    944.6
     1     1    16     1    14     2     0     0   -70.0   54.520 -132.068    195.1    949.8
     1     1    16     1    14     1     0     0   -71.0   54.357 -132.169    182.4    954.0
     1     1    16     1    14     0     0     0   -72.0   54.190 -132.267    172.4    958.0
