     1     1
    CDC1    16     2     1     0     0
     1 BACKWARD OMEGA   
    16     2    24     0   60.984 -139.059   750.0
     1 PRESSURE
     1     1    16     2    24     0     0     0     0.0   60.984 -139.059    750.0    811.1
     1     1    16     2    23    23     0     0    -1.0   60.565 -138.498    741.7    818.5
     1     1    16     2    23    22     0     0    -2.0   60.132 -137.889    726.4    827.4
     1     1    16     2    23    21     0     0    -3.0   59.699 -137.237    711.7    840.1
     1     1    16     2    23    20     0     0    -4.0   59.287 -136.562    702.8    851.3
     1     1    16     2    23    19     0     0    -5.0   58.905 -135.879    700.7    859.7
     1     1    16     2    23    18     0     0    -6.0   58.549 -135.195    705.6    865.8
     1     1    16     2    23    17     0     0    -7.0   58.225 -134.543    713.7    866.6
     1     1    16     2    23    16     0     0    -8.0   57.939 -133.951    722.9    865.1
     1     1    16     2    23    15     0     0    -9.0   57.684 -133.418    734.0    862.3
     1     1    16     2    23    14     0     0   -10.0   57.458 -132.949    747.6    859.0
     1     1    16     2    23    13     0     0   -11.0   57.260 -132.553    763.8    856.2
     1     1    16     2    23    12     0     0   -12.0   57.092 -132.236    782.0    853.3
     1     1    16     2    23    11     0     0   -13.0   56.947 -131.978    799.7    850.3
     1     1    16     2    23    10     0     0   -14.0   56.810 -131.759    814.9    848.2
     1     1    16     2    23     9     0     0   -15.0   56.683 -131.573    828.2    846.7
     1     1    16     2    23     8     0     0   -16.0   56.567 -131.413    840.1    845.6
     1     1    16     2    23     7     0     0   -17.0   56.461 -131.277    851.0    844.7
     1     1    16     2    23     6     0     0   -18.0   56.366 -131.159    861.4    843.9
     1     1    16     2    23     5     0     0   -19.0   56.284 -131.072    874.9    843.4
     1     1    16     2    23     4     0     0   -20.0   56.212 -131.028    893.7    842.5
     1     1    16     2    23     3     0     0   -21.0   56.150 -131.024    917.4    841.6
     1     1    16     2    23     2     0     0   -22.0   56.094 -131.058    945.6    840.5
     1     1    16     2    23     1     0     0   -23.0   56.045 -131.128    978.0    839.5
     1     1    16     2    23     0     0     0   -24.0   56.000 -131.233   1014.3    838.6
     1     1    16     2    22    23     0     0   -25.0   55.957 -131.355   1049.2    837.0
     1     1    16     2    22    22     0     0   -26.0   55.916 -131.482   1077.1    836.8
     1     1    16     2    22    21     0     0   -27.0   55.876 -131.614   1097.9    837.5
     1     1    16     2    22    20     0     0   -28.0   55.838 -131.753   1111.4    839.0
     1     1    16     2    22    19     0     0   -29.0   55.802 -131.901   1117.3    841.5
     1     1    16     2    22    18     0     0   -30.0   55.767 -132.059   1115.5    845.0
     1     1    16     2    22    17     0     0   -31.0   55.730 -132.226   1110.0    849.4
     1     1    16     2    22    16     0     0   -32.0   55.686 -132.398   1104.7    853.5
     1     1    16     2    22    15     0     0   -33.0   55.638 -132.574   1098.8    857.5
     1     1    16     2    22    14     0     0   -34.0   55.586 -132.753   1091.6    861.0
     1     1    16     2    22    13     0     0   -35.0   55.532 -132.936   1082.9    864.8
     1     1    16     2    22    12     0     0   -36.0   55.477 -133.122   1071.8    868.9
     1     1    16     2    22    11     0     0   -37.0   55.415 -133.302   1056.7    872.8
     1     1    16     2    22    10     0     0   -38.0   55.340 -133.471   1038.3    877.5
     1     1    16     2    22     9     0     0   -39.0   55.256 -133.629   1017.6    882.6
     1     1    16     2    22     8     0     0   -40.0   55.165 -133.777    995.9    887.9
     1     1    16     2    22     7     0     0   -41.0   55.067 -133.917    974.8    893.2
     1     1    16     2    22     6     0     0   -42.0   54.965 -134.051    955.4    897.8
     1     1    16     2    22     5     0     0   -43.0   54.852 -134.157    935.4    900.6
     1     1    16     2    22     4     0     0   -44.0   54.720 -134.214    914.4    903.0
     1     1    16     2    22     3     0     0   -45.0   54.569 -134.230    892.3    905.3
     1     1    16     2    22     2     0     0   -46.0   54.399 -134.215    869.5    907.4
     1     1    16     2    22     1     0     0   -47.0   54.210 -134.178    846.4    909.5
     1     1    16     2    22     0     0     0   -48.0   54.003 -134.129    823.4    911.7
     1     1    16     2    21    23     0     0   -49.0   53.782 -134.083    802.4    914.4
     1     1    16     2    21    22     0     0   -50.0   53.552 -134.052    785.3    916.7
     1     1    16     2    21    21     0     0   -51.0   53.315 -134.036    772.3    918.7
     1     1    16     2    21    20     0     0   -52.0   53.070 -134.040    763.3    920.3
     1     1    16     2    21    19     0     0   -53.0   52.819 -134.066    758.4    921.5
     1     1    16     2    21    18     0     0   -54.0   52.562 -134.117    757.3    922.2
     1     1    16     2    21    17     0     0   -55.0   52.284 -134.172    755.8    921.3
     1     1    16     2    21    16     0     0   -56.0   51.975 -134.216    750.0    920.8
     1     1    16     2    21    15     0     0   -57.0   51.640 -134.263    739.9    920.6
     1     1    16     2    21    14     0     0   -58.0   51.288 -134.332    724.9    920.9
     1     1    16     2    21    13     0     0   -59.0   50.928 -134.443    704.5    921.5
     1     1    16     2    21    12     0     0   -60.0   50.568 -134.620    678.5    922.4
     1     1    16     2    21    11     0     0   -61.0   50.186 -134.823    644.9    923.6
     1     1    16     2    21    10     0     0   -62.0   49.755 -134.988    604.0    926.1
     1     1    16     2    21     9     0     0   -63.0   49.279 -135.101    558.2    930.4
     1     1    16     2    21     8     0     0   -64.0   48.767 -135.162    509.1    935.3
     1     1    16     2    21     7     0     0   -65.0   48.221 -135.188    457.5    940.7
     1     1    16     2    21     6     0     0   -66.0   47.646 -135.211    405.4    946.4
     1     1    16     2    21     5     0     0   -67.0   47.072 -135.263    359.3    954.0
     1     1    16     2    21     4     0     0   -68.0   46.516 -135.340    323.0    959.2
     1     1    16     2    21     3     0     0   -69.0   45.964 -135.419    293.6    963.6
     1     1    16     2    21     2     0     0   -70.0   45.405 -135.493    268.9    967.2
     1     1    16     2    21     1     0     0   -71.0   44.829 -135.556    247.1    970.4
     1     1    16     2    21     0     0     0   -72.0   44.234 -135.609    227.9    973.5
