     1     1
    CDC1    16     2     1     0     0
     1 BACKWARD OMEGA   
    16     2    22    12   60.984 -139.059   750.0
     1 PRESSURE
     1     1    16     2    22    12     0     0     0.0   60.984 -139.059    750.0    810.2
     1     1    16     2    22    11     0     0    -1.0   60.708 -139.323    726.7    816.9
     1     1    16     2    22    10     0     0    -2.0   60.424 -139.540    697.1    825.0
     1     1    16     2    22     9     0     0    -3.0   60.138 -139.720    659.7    834.2
     1     1    16     2    22     8     0     0    -4.0   59.856 -139.882    615.3    846.8
     1     1    16     2    22     7     0     0    -5.0   59.584 -140.047    568.1    861.5
     1     1    16     2    22     6     0     0    -6.0   59.324 -140.220    522.7    875.7
     1     1    16     2    22     5     0     0    -7.0   59.051 -140.364    476.7    889.9
     1     1    16     2    22     4     0     0    -8.0   58.749 -140.447    428.8    905.8
     1     1    16     2    22     3     0     0    -9.0   58.421 -140.486    381.4    922.7
     1     1    16     2    22     2     0     0   -10.0   58.070 -140.497    336.8    938.9
     1     1    16     2    22     1     0     0   -11.0   57.695 -140.505    297.2    955.6
     1     1    16     2    22     0     0     0   -12.0   57.298 -140.524    263.5    966.6
     1     1    16     2    21    23     0     0   -13.0   56.897 -140.519    234.6    970.6
     1     1    16     2    21    22     0     0   -14.0   56.507 -140.464    209.9    974.3
     1     1    16     2    21    21     0     0   -15.0   56.126 -140.383    188.1    977.3
     1     1    16     2    21    20     0     0   -16.0   55.753 -140.303    168.0    980.0
     1     1    16     2    21    19     0     0   -17.0   55.386 -140.253    148.5    982.9
     1     1    16     2    21    18     0     0   -18.0   55.024 -140.265    129.2    985.8
     1     1    16     2    21    17     0     0   -19.0   54.665 -140.317    111.5    986.0
     1     1    16     2    21    16     0     0   -20.0   54.315 -140.374     97.6    985.5
     1     1    16     2    21    15     0     0   -21.0   53.979 -140.481     86.9    984.7
     1     1    16     2    21    14     0     0   -22.0   53.666 -140.685     79.0    983.7
     1     1    16     2    21    13     0     0   -23.0   53.389 -141.027     73.4    982.6
     1     1    16     2    21    12     0     0   -24.0   53.162 -141.536     69.8    981.7
     1     1    16     2    21    11     0     0   -25.0   52.997 -142.137     67.4    982.5
     1     1    16     2    21    10     0     0   -26.0   52.892 -142.713     65.5    983.0
     1     1    16     2    21     9     0     0   -27.0   52.829 -143.212     64.1    983.1
     1     1    16     2    21     8     0     0   -28.0   52.797 -143.615     62.9    983.1
     1     1    16     2    21     7     0     0   -29.0   52.794 -143.931     61.8    983.0
     1     1    16     2    21     6     0     0   -30.0   52.821 -144.169     60.9    982.9
     1     1    16     2    21     5     0     0   -31.0   52.849 -144.367     60.0    983.3
     1     1    16     2    21     4     0     0   -32.0   52.850 -144.564     59.0    983.7
     1     1    16     2    21     3     0     0   -33.0   52.826 -144.763     58.0    984.1
     1     1    16     2    21     2     0     0   -34.0   52.778 -144.969     57.1    984.5
     1     1    16     2    21     1     0     0   -35.0   52.701 -145.172     56.2    984.6
     1     1    16     2    21     0     0     0   -36.0   52.589 -145.364     55.5    984.9
     1     1    16     2    20    23     0     0   -37.0   52.449 -145.554     54.7    984.4
     1     1    16     2    20    22     0     0   -38.0   52.281 -145.752     54.0    983.6
     1     1    16     2    20    21     0     0   -39.0   52.087 -145.962     53.3    982.9
     1     1    16     2    20    20     0     0   -40.0   51.871 -146.187     52.6    982.1
     1     1    16     2    20    19     0     0   -41.0   51.639 -146.427     52.0    981.3
     1     1    16     2    20    18     0     0   -42.0   51.395 -146.685     51.6    980.4
     1     1    16     2    20    17     0     0   -43.0   51.138 -146.946     51.6    979.4
     1     1    16     2    20    16     0     0   -44.0   50.867 -147.206     52.0    978.3
     1     1    16     2    20    15     0     0   -45.0   50.585 -147.490     53.1    977.1
     1     1    16     2    20    14     0     0   -46.0   50.289 -147.816     54.7    976.4
     1     1    16     2    20    13     0     0   -47.0   49.978 -148.202     56.8    975.7
     1     1    16     2    20    12     0     0   -48.0   49.655 -148.629     59.5    975.2
     1     1    16     2    20    11     0     0   -49.0   49.331 -149.061     62.4    974.7
     1     1    16     2    20    10     0     0   -50.0   49.012 -149.497     65.5    974.3
     1     1    16     2    20     9     0     0   -51.0   48.701 -149.953     69.0    974.1
     1     1    16     2    20     8     0     0   -52.0   48.403 -150.443     72.6    973.8
     1     1    16     2    20     7     0     0   -53.0   48.121 -150.977     76.5    973.7
     1     1    16     2    20     6     0     0   -54.0   47.851 -151.552     80.7    973.8
     1     1    16     2    20     5     0     0   -55.0   47.594 -152.161     85.1    973.9
     1     1    16     2    20     4     0     0   -56.0   47.360 -152.800     89.3    973.9
     1     1    16     2    20     3     0     0   -57.0   47.160 -153.468     92.9    973.5
     1     1    16     2    20     2     0     0   -58.0   46.996 -154.161     95.8    973.0
     1     1    16     2    20     1     0     0   -59.0   46.861 -154.870     98.1    972.5
     1     1    16     2    20     0     0     0   -60.0   46.754 -155.590     99.9    972.7
     1     1    16     2    19    23     0     0   -61.0   46.684 -156.318    101.0    973.7
     1     1    16     2    19    22     0     0   -62.0   46.653 -157.052    101.2    974.9
     1     1    16     2    19    21     0     0   -63.0   46.657 -157.798    100.5    976.2
     1     1    16     2    19    20     0     0   -64.0   46.686 -158.553     99.1    977.1
     1     1    16     2    19    19     0     0   -65.0   46.725 -159.315     97.1    977.8
     1     1    16     2    19    18     0     0   -66.0   46.763 -160.078     94.5    978.4
     1     1    16     2    19    17     0     0   -67.0   46.799 -160.850     91.5    978.5
     1     1    16     2    19    16     0     0   -68.0   46.838 -161.648     88.5    978.6
     1     1    16     2    19    15     0     0   -69.0   46.874 -162.482     85.4    978.7
     1     1    16     2    19    14     0     0   -70.0   46.902 -163.352     82.5    979.7
     1     1    16     2    19    13     0     0   -71.0   46.912 -164.243     79.8    980.7
     1     1    16     2    19    12     0     0   -72.0   46.890 -165.151     77.5    982.0
