     1     1
    CDC1    15    12     1     0     0
     1 BACKWARD OMEGA   
    15    12    29    18   60.984 -139.059   750.0
     1 PRESSURE
     1     1    15    12    29    18     0     0     0.0   60.984 -139.059    750.0    811.8
     1     1    15    12    29    17     0     0    -1.0   60.863 -139.512    737.8    815.1
     1     1    15    12    29    16     0     0    -2.0   60.720 -139.910    725.7    818.9
     1     1    15    12    29    15     0     0    -3.0   60.558 -140.256    714.1    823.7
     1     1    15    12    29    14     0     0    -4.0   60.380 -140.554    703.4    828.9
     1     1    15    12    29    13     0     0    -5.0   60.188 -140.808    693.6    834.3
     1     1    15    12    29    12     0     0    -6.0   59.985 -141.025    685.2    840.1
     1     1    15    12    29    11     0     0    -7.0   59.774 -141.213    672.9    848.5
     1     1    15    12    29    10     0     0    -8.0   59.557 -141.373    650.6    858.8
     1     1    15    12    29     9     0     0    -9.0   59.339 -141.507    618.9    870.3
     1     1    15    12    29     8     0     0   -10.0   59.124 -141.617    580.1    881.9
     1     1    15    12    29     7     0     0   -11.0   58.916 -141.705    537.1    893.6
     1     1    15    12    29     6     0     0   -12.0   58.717 -141.774    491.1    905.4
     1     1    15    12    29     5     0     0   -13.0   58.520 -141.813    443.9    917.3
     1     1    15    12    29     4     0     0   -14.0   58.318 -141.814    397.0    929.4
     1     1    15    12    29     3     0     0   -15.0   58.110 -141.782    350.9    940.7
     1     1    15    12    29     2     0     0   -16.0   57.896 -141.719    305.8    951.9
     1     1    15    12    29     1     0     0   -17.0   57.674 -141.626    262.1    963.4
     1     1    15    12    29     0     0     0   -18.0   57.443 -141.501    220.5    973.4
     1     1    15    12    28    23     0     0   -19.0   57.193 -141.328    181.9    978.0
     1     1    15    12    28    22     0     0   -20.0   56.915 -141.092    147.1    981.9
     1     1    15    12    28    21     0     0   -21.0   56.606 -140.792    116.3    986.1
     1     1    15    12    28    20     0     0   -22.0   56.263 -140.429     89.2    990.8
     1     1    15    12    28    19     0     0   -23.0   55.879 -140.006     64.8    995.7
     1     1    15    12    28    18     0     0   -24.0   55.450 -139.547     44.0   1001.6
     1     1    15    12    28    17     0     0   -25.0   54.998 -139.116     28.5   1008.9
     1     1    15    12    28    16     0     0   -26.0   54.552 -138.747     18.6   1011.4
     1     1    15    12    28    15     0     0   -27.0   54.121 -138.439     12.8   1012.9
     1     1    15    12    28    14     0     0   -28.0   53.709 -138.192      9.3   1013.5
     1     1    15    12    28    13     0     0   -29.0   53.316 -138.003      7.2   1013.9
     1     1    15    12    28    12     0     0   -30.0   52.944 -137.864      5.9   1014.2
     1     1    15    12    28    11     0     0   -31.0   52.594 -137.781      5.4   1013.6
     1     1    15    12    28    10     0     0   -32.0   52.274 -137.755      5.4   1013.5
     1     1    15    12    28     9     0     0   -33.0   51.989 -137.778      6.0   1013.5
     1     1    15    12    28     8     0     0   -34.0   51.739 -137.843      6.9   1013.6
     1     1    15    12    28     7     0     0   -35.0   51.518 -137.946      8.3   1013.7
     1     1    15    12    28     6     0     0   -36.0   51.324 -138.080      9.9   1014.0
     1     1    15    12    28     5     0     0   -37.0   51.148 -138.241     12.0   1013.6
     1     1    15    12    28     4     0     0   -38.0   50.984 -138.423     14.5   1013.1
     1     1    15    12    28     3     0     0   -39.0   50.832 -138.630     17.5   1012.8
     1     1    15    12    28     2     0     0   -40.0   50.692 -138.863     20.7   1012.6
     1     1    15    12    28     1     0     0   -41.0   50.565 -139.124     23.9   1012.7
     1     1    15    12    28     0     0     0   -42.0   50.450 -139.417     27.0   1013.0
     1     1    15    12    27    23     0     0   -43.0   50.339 -139.724     29.6   1013.2
     1     1    15    12    27    22     0     0   -44.0   50.228 -140.028     31.2   1013.6
     1     1    15    12    27    21     0     0   -45.0   50.117 -140.331     31.9   1014.0
     1     1    15    12    27    20     0     0   -46.0   50.009 -140.637     31.7   1014.6
     1     1    15    12    27    19     0     0   -47.0   49.905 -140.949     31.0   1015.3
     1     1    15    12    27    18     0     0   -48.0   49.806 -141.270     29.8   1016.1
     1     1    15    12    27    17     0     0   -49.0   49.710 -141.605     28.6   1016.7
     1     1    15    12    27    16     0     0   -50.0   49.617 -141.960     27.7   1017.2
     1     1    15    12    27    15     0     0   -51.0   49.525 -142.337     27.0   1017.7
     1     1    15    12    27    14     0     0   -52.0   49.434 -142.736     26.3   1017.2
     1     1    15    12    27    13     0     0   -53.0   49.345 -143.160     25.9   1015.8
     1     1    15    12    27    12     0     0   -54.0   49.258 -143.616     25.6   1014.4
     1     1    15    12    27    11     0     0   -55.0   49.171 -144.094     25.6   1012.9
     1     1    15    12    27    10     0     0   -56.0   49.078 -144.580     25.8   1011.6
     1     1    15    12    27     9     0     0   -57.0   48.982 -145.072     26.3   1010.3
     1     1    15    12    27     8     0     0   -58.0   48.880 -145.564     27.1   1009.2
     1     1    15    12    27     7     0     0   -59.0   48.775 -146.055     28.3   1008.0
     1     1    15    12    27     6     0     0   -60.0   48.664 -146.546     30.0   1006.9
     1     1    15    12    27     5     0     0   -61.0   48.546 -147.035     32.6   1005.1
     1     1    15    12    27     4     0     0   -62.0   48.416 -147.520     36.4   1003.2
     1     1    15    12    27     3     0     0   -63.0   48.283 -148.006     41.4   1002.3
     1     1    15    12    27     2     0     0   -64.0   48.150 -148.499     47.8   1001.3
     1     1    15    12    27     1     0     0   -65.0   48.019 -149.003     55.4   1000.3
     1     1    15    12    27     0     0     0   -66.0   47.893 -149.523     64.1    999.1
     1     1    15    12    26    23     0     0   -67.0   47.774 -150.057     73.5    998.3
     1     1    15    12    26    22     0     0   -68.0   47.662 -150.605     83.2    997.3
     1     1    15    12    26    21     0     0   -69.0   47.558 -151.171     93.4    996.3
     1     1    15    12    26    20     0     0   -70.0   47.464 -151.760    104.6    995.3
     1     1    15    12    26    19     0     0   -71.0   47.383 -152.377    117.5    994.2
     1     1    15    12    26    18     0     0   -72.0   47.313 -153.027    132.2    992.1
