     1     1
    CDC1    16     4     1     0     0
     1 BACKWARD OMEGA   
    16     4     4    18   60.984 -139.059   750.0
     1 PRESSURE
     1     1    16     4     4    18     0     0     0.0   60.984 -139.059    750.0    803.6
     1     1    16     4     4    17     0     0    -1.0   60.834 -138.876    750.3    806.0
     1     1    16     4     4    16     0     0    -2.0   60.697 -138.679    749.6    808.2
     1     1    16     4     4    15     0     0    -3.0   60.575 -138.467    747.5    810.3
     1     1    16     4     4    14     0     0    -4.0   60.467 -138.238    744.1    812.3
     1     1    16     4     4    13     0     0    -5.0   60.374 -137.991    739.3    814.1
     1     1    16     4     4    12     0     0    -6.0   60.295 -137.724    733.2    815.9
     1     1    16     4     4    11     0     0    -7.0   60.225 -137.437    726.7    817.8
     1     1    16     4     4    10     0     0    -8.0   60.155 -137.133    720.2    819.1
     1     1    16     4     4     9     0     0    -9.0   60.083 -136.811    713.8    820.5
     1     1    16     4     4     8     0     0   -10.0   60.008 -136.472    707.2    821.8
     1     1    16     4     4     7     0     0   -11.0   59.929 -136.120    700.6    824.1
     1     1    16     4     4     6     0     0   -12.0   59.846 -135.763    693.4    826.5
     1     1    16     4     4     5     0     0   -13.0   59.759 -135.421    684.6    828.9
     1     1    16     4     4     4     0     0   -14.0   59.671 -135.110    674.3    831.7
     1     1    16     4     4     3     0     0   -15.0   59.582 -134.831    662.6    833.9
     1     1    16     4     4     2     0     0   -16.0   59.494 -134.583    650.4    835.8
     1     1    16     4     4     1     0     0   -17.0   59.408 -134.366    638.0    837.8
     1     1    16     4     4     0     0     0   -18.0   59.323 -134.177    625.7    840.0
     1     1    16     4     3    23     0     0   -19.0   59.241 -134.019    614.7    842.1
     1     1    16     4     3    22     0     0   -20.0   59.160 -133.894    605.6    844.0
     1     1    16     4     3    21     0     0   -21.0   59.081 -133.799    598.3    845.8
     1     1    16     4     3    20     0     0   -22.0   59.003 -133.731    592.6    847.7
     1     1    16     4     3    19     0     0   -23.0   58.925 -133.688    588.1    849.6
     1     1    16     4     3    18     0     0   -24.0   58.848 -133.668    584.6    851.7
     1     1    16     4     3    17     0     0   -25.0   58.776 -133.655    583.0    853.4
     1     1    16     4     3    16     0     0   -26.0   58.712 -133.638    584.8    854.5
     1     1    16     4     3    15     0     0   -27.0   58.656 -133.621    590.0    855.0
     1     1    16     4     3    14     0     0   -28.0   58.607 -133.605    599.0    855.1
     1     1    16     4     3    13     0     0   -29.0   58.567 -133.593    611.8    854.6
     1     1    16     4     3    12     0     0   -30.0   58.534 -133.585    628.6    853.4
     1     1    16     4     3    11     0     0   -31.0   58.511 -133.597    645.6    851.8
     1     1    16     4     3    10     0     0   -32.0   58.501 -133.642    658.3    851.4
     1     1    16     4     3     9     0     0   -33.0   58.506 -133.720    667.1    851.5
     1     1    16     4     3     8     0     0   -34.0   58.525 -133.832    672.3    852.2
     1     1    16     4     3     7     0     0   -35.0   58.557 -133.980    674.1    853.3
     1     1    16     4     3     6     0     0   -36.0   58.604 -134.163    672.8    854.8
     1     1    16     4     3     5     0     0   -37.0   58.655 -134.374    672.2    856.5
     1     1    16     4     3     4     0     0   -38.0   58.703 -134.602    675.4    857.6
     1     1    16     4     3     3     0     0   -39.0   58.747 -134.844    682.3    858.5
     1     1    16     4     3     2     0     0   -40.0   58.788 -135.097    692.6    858.5
     1     1    16     4     3     1     0     0   -41.0   58.823 -135.359    706.0    857.5
     1     1    16     4     3     0     0     0   -42.0   58.854 -135.629    722.7    856.4
     1     1    16     4     2    23     0     0   -43.0   58.880 -135.914    737.1    855.0
     1     1    16     4     2    22     0     0   -44.0   58.905 -136.223    743.1    855.3
     1     1    16     4     2    21     0     0   -45.0   58.926 -136.556    740.7    856.8
     1     1    16     4     2    20     0     0   -46.0   58.945 -136.910    729.6    859.3
     1     1    16     4     2    19     0     0   -47.0   58.960 -137.286    710.0    863.1
     1     1    16     4     2    18     0     0   -48.0   58.972 -137.680    681.6    867.6
     1     1    16     4     2    17     0     0   -49.0   58.974 -138.069    648.4    872.7
     1     1    16     4     2    16     0     0   -50.0   58.968 -138.432    615.1    877.6
     1     1    16     4     2    15     0     0   -51.0   58.956 -138.770    582.2    882.1
     1     1    16     4     2    14     0     0   -52.0   58.939 -139.086    550.6    886.6
     1     1    16     4     2    13     0     0   -53.0   58.919 -139.388    519.9    891.1
     1     1    16     4     2    12     0     0   -54.0   58.899 -139.679    490.2    895.7
     1     1    16     4     2    11     0     0   -55.0   58.870 -139.976    461.9    900.6
     1     1    16     4     2    10     0     0   -56.0   58.822 -140.289    435.8    906.9
     1     1    16     4     2     9     0     0   -57.0   58.753 -140.617    411.6    913.9
     1     1    16     4     2     8     0     0   -58.0   58.664 -140.957    389.4    921.7
     1     1    16     4     2     7     0     0   -59.0   58.556 -141.310    369.7    929.8
     1     1    16     4     2     6     0     0   -60.0   58.429 -141.674    353.0    938.1
     1     1    16     4     2     5     0     0   -61.0   58.291 -142.017    337.1    946.4
     1     1    16     4     2     4     0     0   -62.0   58.151 -142.311    319.8    955.0
     1     1    16     4     2     3     0     0   -63.0   58.009 -142.562    300.8    963.6
     1     1    16     4     2     2     0     0   -64.0   57.865 -142.774    279.8    972.3
     1     1    16     4     2     1     0     0   -65.0   57.718 -142.954    256.5    981.3
     1     1    16     4     2     0     0     0   -66.0   57.569 -143.110    230.9    990.7
     1     1    16     4     1    23     0     0   -67.0   57.417 -143.268    205.7    997.4
     1     1    16     4     1    22     0     0   -68.0   57.260 -143.447    184.7    999.8
     1     1    16     4     1    21     0     0   -69.0   57.096 -143.648    168.3   1001.5
     1     1    16     4     1    20     0     0   -70.0   56.924 -143.866    155.7   1002.6
     1     1    16     4     1    19     0     0   -71.0   56.743 -144.099    146.1   1003.2
     1     1    16     4     1    18     0     0   -72.0   56.553 -144.345    138.8   1003.4
