     1     1
    CDC1    16     4     1     0     0
     1 BACKWARD OMEGA   
    16     4    30     6   60.984 -139.059   750.0
     1 PRESSURE
     1     1    16     4    30     6     0     0     0.0   60.984 -139.059    750.0    813.8
     1     1    16     4    30     5     0     0    -1.0   60.796 -139.071    724.8    819.3
     1     1    16     4    30     4     0     0    -2.0   60.603 -139.086    692.9    826.2
     1     1    16     4    30     3     0     0    -3.0   60.406 -139.108    654.7    834.1
     1     1    16     4    30     2     0     0    -4.0   60.205 -139.141    610.5    842.9
     1     1    16     4    30     1     0     0    -5.0   60.002 -139.182    562.9    851.7
     1     1    16     4    30     0     0     0    -6.0   59.801 -139.224    516.6    863.4
     1     1    16     4    29    23     0     0    -7.0   59.601 -139.264    474.0    874.9
     1     1    16     4    29    22     0     0    -8.0   59.401 -139.306    436.0    886.0
     1     1    16     4    29    21     0     0    -9.0   59.202 -139.353    401.9    896.9
     1     1    16     4    29    20     0     0   -10.0   59.002 -139.410    370.8    907.5
     1     1    16     4    29    19     0     0   -11.0   58.803 -139.480    341.9    917.4
     1     1    16     4    29    18     0     0   -12.0   58.604 -139.568    314.7    927.3
     1     1    16     4    29    17     0     0   -13.0   58.409 -139.658    288.4    936.7
     1     1    16     4    29    16     0     0   -14.0   58.223 -139.734    262.9    945.9
     1     1    16     4    29    15     0     0   -15.0   58.046 -139.803    238.0    954.8
     1     1    16     4    29    14     0     0   -16.0   57.880 -139.868    213.7    963.4
     1     1    16     4    29    13     0     0   -17.0   57.726 -139.933    190.0    971.4
     1     1    16     4    29    12     0     0   -18.0   57.583 -140.003    167.1    978.3
     1     1    16     4    29    11     0     0   -19.0   57.439 -140.081    143.9    984.4
     1     1    16     4    29    10     0     0   -20.0   57.278 -140.171    119.7    988.6
     1     1    16     4    29     9     0     0   -21.0   57.101 -140.274     95.8    993.1
     1     1    16     4    29     8     0     0   -22.0   56.907 -140.387     72.4    997.7
     1     1    16     4    29     7     0     0   -23.0   56.700 -140.514     50.7   1000.9
     1     1    16     4    29     6     0     0   -24.0   56.482 -140.653     31.9   1004.1
     1     1    16     4    29     5     0     0   -25.0   56.263 -140.816     18.4   1007.0
     1     1    16     4    29     4     0     0   -26.0   56.047 -141.014     10.2   1008.2
     1     1    16     4    29     3     0     0   -27.0   55.835 -141.251      5.6   1008.4
     1     1    16     4    29     2     0     0   -28.0   55.622 -141.531      2.7   1008.4
     1     1    16     4    29     1     0     0   -29.0   55.407 -141.857      1.0   1008.1
     1     1    16     4    29     0     0     0   -30.0   55.188 -142.235      0.0   1007.5
     1     1    16     4    28    23     0     0   -31.0   54.959 -142.659      0.0   1006.1
     1     1    16     4    28    22     0     0   -32.0   54.717 -143.116      0.0   1005.0
     1     1    16     4    28    21     0     0   -33.0   54.464 -143.601      0.0   1004.2
     1     1    16     4    28    20     0     0   -34.0   54.201 -144.114      0.2   1003.8
     1     1    16     4    28    19     0     0   -35.0   53.929 -144.653      0.3   1003.6
     1     1    16     4    28    18     0     0   -36.0   53.647 -145.206      0.3   1003.4
     1     1    16     4    28    17     0     0   -37.0   53.364 -145.756      0.1   1003.3
     1     1    16     4    28    16     0     0   -38.0   53.087 -146.301      0.0   1003.7
     1     1    16     4    28    15     0     0   -39.0   52.815 -146.845      0.0   1004.5
     1     1    16     4    28    14     0     0   -40.0   52.543 -147.389      0.0   1005.7
     1     1    16     4    28    13     0     0   -41.0   52.270 -147.935      0.0   1006.1
     1     1    16     4    28    12     0     0   -42.0   51.997 -148.484      0.0   1006.4
     1     1    16     4    28    11     0     0   -43.0   51.723 -149.032      0.0   1006.4
     1     1    16     4    28    10     0     0   -44.0   51.447 -149.581      0.0   1006.4
     1     1    16     4    28     9     0     0   -45.0   51.165 -150.133      0.0   1006.3
     1     1    16     4    28     8     0     0   -46.0   50.878 -150.692      0.0   1005.9
     1     1    16     4    28     7     0     0   -47.0   50.588 -151.259      0.0   1005.7
     1     1    16     4    28     6     0     0   -48.0   50.292 -151.835      0.0   1005.7
     1     1    16     4    28     5     0     0   -49.0   49.994 -152.424      0.0   1005.4
     1     1    16     4    28     4     0     0   -50.0   49.701 -153.022      0.0   1004.1
     1     1    16     4    28     3     0     0   -51.0   49.417 -153.619      0.0   1003.2
     1     1    16     4    28     2     0     0   -52.0   49.139 -154.207      0.0   1002.7
     1     1    16     4    28     1     0     0   -53.0   48.864 -154.784      0.2   1002.5
     1     1    16     4    28     0     0     0   -54.0   48.593 -155.350      0.8   1002.9
     1     1    16     4    27    23     0     0   -55.0   48.326 -155.911      1.5   1003.4
     1     1    16     4    27    22     0     0   -56.0   48.061 -156.474      2.4   1004.1
     1     1    16     4    27    21     0     0   -57.0   47.795 -157.036      3.4   1005.2
     1     1    16     4    27    20     0     0   -58.0   47.521 -157.593      4.5   1006.4
     1     1    16     4    27    19     0     0   -59.0   47.239 -158.149      5.7   1005.9
     1     1    16     4    27    18     0     0   -60.0   46.950 -158.710      6.7   1005.2
     1     1    16     4    27    17     0     0   -61.0   46.664 -159.285      7.6   1004.7
     1     1    16     4    27    16     0     0   -62.0   46.386 -159.879      8.2   1004.4
     1     1    16     4    27    15     0     0   -63.0   46.108 -160.475      8.6   1003.2
     1     1    16     4    27    14     0     0   -64.0   45.824 -161.057      8.9   1001.7
     1     1    16     4    27    13     0     0   -65.0   45.527 -161.614      9.3   1000.3
     1     1    16     4    27    12     0     0   -66.0   45.212 -162.133      9.8    998.7
     1     1    16     4    27    11     0     0   -67.0   44.898 -162.643     10.4    998.0
     1     1    16     4    27    10     0     0   -68.0   44.611 -163.177     11.0    999.2
     1     1    16     4    27     9     0     0   -69.0   44.350 -163.731     11.6   1000.1
     1     1    16     4    27     8     0     0   -70.0   44.104 -164.288     12.5   1000.8
     1     1    16     4    27     7     0     0   -71.0   43.864 -164.837     13.8   1001.3
     1     1    16     4    27     6     0     0   -72.0   43.630 -165.380     15.8   1001.5
