     1     1
    CDC1    16     1     1     0     0
     1 BACKWARD OMEGA   
    16     1     9    18   60.984 -139.059   750.0
     1 PRESSURE
     1     1    16     1     9    18     0     0     0.0   60.984 -139.059    750.0    805.3
     1     1    16     1     9    17     0     0    -1.0   60.716 -138.966    685.7    816.1
     1     1    16     1     9    16     0     0    -2.0   60.423 -138.817    615.1    828.7
     1     1    16     1     9    15     0     0    -3.0   60.104 -138.599    540.0    841.5
     1     1    16     1     9    14     0     0    -4.0   59.770 -138.305    467.6    858.0
     1     1    16     1     9    13     0     0    -5.0   59.437 -137.939    402.6    875.4
     1     1    16     1     9    12     0     0    -6.0   59.115 -137.507    346.0    890.6
     1     1    16     1     9    11     0     0    -7.0   58.827 -137.041    300.2    902.7
     1     1    16     1     9    10     0     0    -8.0   58.580 -136.575    264.9    911.6
     1     1    16     1     9     9     0     0    -9.0   58.370 -136.110    237.5    918.3
     1     1    16     1     9     8     0     0   -10.0   58.196 -135.649    216.1    923.1
     1     1    16     1     9     7     0     0   -11.0   58.055 -135.198    199.3    926.3
     1     1    16     1     9     6     0     0   -12.0   57.946 -134.768    185.7    925.7
     1     1    16     1     9     5     0     0   -13.0   57.870 -134.364    174.5    923.1
     1     1    16     1     9     4     0     0   -14.0   57.824 -133.991    165.1    920.0
     1     1    16     1     9     3     0     0   -15.0   57.802 -133.651    157.1    916.5
     1     1    16     1     9     2     0     0   -16.0   57.800 -133.346    150.4    912.9
     1     1    16     1     9     1     0     0   -17.0   57.811 -133.077    144.8    909.5
     1     1    16     1     9     0     0     0   -18.0   57.833 -132.843    140.2    906.3
     1     1    16     1     8    23     0     0   -19.0   57.864 -132.643    136.4    903.4
     1     1    16     1     8    22     0     0   -20.0   57.904 -132.474    133.6    900.6
     1     1    16     1     8    21     0     0   -21.0   57.947 -132.328    131.8    897.8
     1     1    16     1     8    20     0     0   -22.0   57.990 -132.201    131.2    895.1
     1     1    16     1     8    19     0     0   -23.0   58.032 -132.088    131.8    892.7
     1     1    16     1     8    18     0     0   -24.0   58.071 -131.989    133.5    890.5
     1     1    16     1     8    17     0     0   -25.0   58.103 -131.898    137.0    888.3
     1     1    16     1     8    16     0     0   -26.0   58.124 -131.815    142.9    886.2
     1     1    16     1     8    15     0     0   -27.0   58.136 -131.739    151.1    884.0
     1     1    16     1     8    14     0     0   -28.0   58.140 -131.671    161.6    882.0
     1     1    16     1     8    13     0     0   -29.0   58.138 -131.613    174.3    880.0
     1     1    16     1     8    12     0     0   -30.0   58.132 -131.565    189.3    878.0
     1     1    16     1     8    11     0     0   -31.0   58.121 -131.526    204.6    875.6
     1     1    16     1     8    10     0     0   -32.0   58.104 -131.493    217.9    873.6
     1     1    16     1     8     9     0     0   -33.0   58.081 -131.462    229.4    872.1
     1     1    16     1     8     8     0     0   -34.0   58.050 -131.434    238.8    871.0
     1     1    16     1     8     7     0     0   -35.0   58.013 -131.406    246.3    870.2
     1     1    16     1     8     6     0     0   -36.0   57.970 -131.380    251.9    869.8
     1     1    16     1     8     5     0     0   -37.0   57.924 -131.354    257.6    869.6
     1     1    16     1     8     4     0     0   -38.0   57.877 -131.328    265.1    869.1
     1     1    16     1     8     3     0     0   -39.0   57.831 -131.303    274.3    868.3
     1     1    16     1     8     2     0     0   -40.0   57.785 -131.278    285.4    867.4
     1     1    16     1     8     1     0     0   -41.0   57.741 -131.254    298.4    866.3
     1     1    16     1     8     0     0     0   -42.0   57.697 -131.232    313.3    865.0
     1     1    16     1     7    23     0     0   -43.0   57.651 -131.206    327.8    863.2
     1     1    16     1     7    22     0     0   -44.0   57.596 -131.171    339.4    861.8
     1     1    16     1     7    21     0     0   -45.0   57.533 -131.125    347.7    860.7
     1     1    16     1     7    20     0     0   -46.0   57.462 -131.067    352.5    860.3
     1     1    16     1     7    19     0     0   -47.0   57.382 -130.999    353.7    860.6
     1     1    16     1     7    18     0     0   -48.0   57.294 -130.918    351.5    861.2
     1     1    16     1     7    17     0     0   -49.0   57.200 -130.825    346.7    862.2
     1     1    16     1     7    16     0     0   -50.0   57.104 -130.721    340.2    863.2
     1     1    16     1     7    15     0     0   -51.0   57.006 -130.606    332.5    864.1
     1     1    16     1     7    14     0     0   -52.0   56.908 -130.480    324.0    864.9
     1     1    16     1     7    13     0     0   -53.0   56.811 -130.343    314.9    865.5
     1     1    16     1     7    12     0     0   -54.0   56.714 -130.196    305.8    865.9
     1     1    16     1     7    11     0     0   -55.0   56.617 -130.028    297.8    865.6
     1     1    16     1     7    10     0     0   -56.0   56.517 -129.831    292.6    865.6
     1     1    16     1     7     9     0     0   -57.0   56.416 -129.601    290.0    865.0
     1     1    16     1     7     8     0     0   -58.0   56.314 -129.339    289.7    863.7
     1     1    16     1     7     7     0     0   -59.0   56.209 -129.044    291.2    861.7
     1     1    16     1     7     6     0     0   -60.0   56.102 -128.714    293.9    858.9
     1     1    16     1     7     5     0     0   -61.0   55.996 -128.372    299.7    855.8
     1     1    16     1     7     4     0     0   -62.0   55.893 -128.047    311.4    851.9
     1     1    16     1     7     3     0     0   -63.0   55.790 -127.743    329.0    847.6
     1     1    16     1     7     2     0     0   -64.0   55.682 -127.465    353.1    843.5
     1     1    16     1     7     1     0     0   -65.0   55.569 -127.218    384.4    841.3
     1     1    16     1     7     0     0     0   -66.0   55.457 -127.007    421.6    837.9
     1     1    16     1     6    23     0     0   -67.0   55.344 -126.806    457.8    834.2
     1     1    16     1     6    22     0     0   -68.0   55.228 -126.586    485.6    832.1
     1     1    16     1     6    21     0     0   -69.0   55.108 -126.346    505.0    830.6
     1     1    16     1     6    20     0     0   -70.0   54.985 -126.086    515.9    829.5
     1     1    16     1     6    19     0     0   -71.0   54.857 -125.805    517.8    828.8
     1     1    16     1     6    18     0     0   -72.0   54.723 -125.502    510.4    828.5
