     1     1
    CDC1    16     4     1     0     0
     1 BACKWARD OMEGA   
    16     4    16    12   60.984 -139.059   750.0
     1 PRESSURE
     1     1    16     4    16    12     0     0     0.0   60.984 -139.059    750.0    809.3
     1     1    16     4    16    11     0     0    -1.0   60.799 -138.982    703.7    816.8
     1     1    16     4    16    10     0     0    -2.0   60.606 -138.894    659.3    824.5
     1     1    16     4    16     9     0     0    -3.0   60.405 -138.796    617.7    832.2
     1     1    16     4    16     8     0     0    -4.0   60.196 -138.690    580.0    839.1
     1     1    16     4    16     7     0     0    -5.0   59.979 -138.574    547.9    845.7
     1     1    16     4    16     6     0     0    -6.0   59.758 -138.458    523.4    855.0
     1     1    16     4    16     5     0     0    -7.0   59.534 -138.342    502.3    863.7
     1     1    16     4    16     4     0     0    -8.0   59.307 -138.222    479.2    873.3
     1     1    16     4    16     3     0     0    -9.0   59.076 -138.099    455.0    883.1
     1     1    16     4    16     2     0     0   -10.0   58.840 -137.977    430.1    893.1
     1     1    16     4    16     1     0     0   -11.0   58.597 -137.858    405.1    903.4
     1     1    16     4    16     0     0     0   -12.0   58.347 -137.747    380.4    913.9
     1     1    16     4    15    23     0     0   -13.0   58.098 -137.641    358.0    923.5
     1     1    16     4    15    22     0     0   -14.0   57.860 -137.530    339.3    932.2
     1     1    16     4    15    21     0     0   -15.0   57.633 -137.409    323.2    939.8
     1     1    16     4    15    20     0     0   -16.0   57.420 -137.273    307.9    945.2
     1     1    16     4    15    19     0     0   -17.0   57.219 -137.126    292.4    947.9
     1     1    16     4    15    18     0     0   -18.0   57.031 -136.972    276.3    950.8
     1     1    16     4    15    17     0     0   -19.0   56.849 -136.829    260.1    954.2
     1     1    16     4    15    16     0     0   -20.0   56.670 -136.713    244.7    957.9
     1     1    16     4    15    15     0     0   -21.0   56.492 -136.623    230.9    961.7
     1     1    16     4    15    14     0     0   -22.0   56.315 -136.561    219.0    965.4
     1     1    16     4    15    13     0     0   -23.0   56.137 -136.527    209.8    969.0
     1     1    16     4    15    12     0     0   -24.0   55.958 -136.521    203.5    972.4
     1     1    16     4    15    11     0     0   -25.0   55.778 -136.540    199.9    975.5
     1     1    16     4    15    10     0     0   -26.0   55.596 -136.577    198.6    978.4
     1     1    16     4    15     9     0     0   -27.0   55.414 -136.632    199.4    981.0
     1     1    16     4    15     8     0     0   -28.0   55.228 -136.705    202.6    983.3
     1     1    16     4    15     7     0     0   -29.0   55.040 -136.797    208.1    985.0
     1     1    16     4    15     6     0     0   -30.0   54.848 -136.906    215.4    984.2
     1     1    16     4    15     5     0     0   -31.0   54.653 -137.025    221.4    982.8
     1     1    16     4    15     4     0     0   -32.0   54.458 -137.147    223.4    982.2
     1     1    16     4    15     3     0     0   -33.0   54.263 -137.274    221.5    982.1
     1     1    16     4    15     2     0     0   -34.0   54.066 -137.407    215.7    982.3
     1     1    16     4    15     1     0     0   -35.0   53.867 -137.548    206.3    982.8
     1     1    16     4    15     0     0     0   -36.0   53.665 -137.698    193.1    983.7
     1     1    16     4    14    23     0     0   -37.0   53.461 -137.865    178.7    984.5
     1     1    16     4    14    22     0     0   -38.0   53.254 -138.055    165.1    985.1
     1     1    16     4    14    21     0     0   -39.0   53.046 -138.268    152.1    985.7
     1     1    16     4    14    20     0     0   -40.0   52.836 -138.502    139.7    986.3
     1     1    16     4    14    19     0     0   -41.0   52.624 -138.759    127.6    986.9
     1     1    16     4    14    18     0     0   -42.0   52.412 -139.034    115.8    988.0
     1     1    16     4    14    17     0     0   -43.0   52.209 -139.311    105.0    989.8
     1     1    16     4    14    16     0     0   -44.0   52.020 -139.578     96.2    991.5
     1     1    16     4    14    15     0     0   -45.0   51.846 -139.840     89.0    993.1
     1     1    16     4    14    14     0     0   -46.0   51.684 -140.099     83.5    994.7
     1     1    16     4    14    13     0     0   -47.0   51.535 -140.357     79.5    996.2
     1     1    16     4    14    12     0     0   -48.0   51.399 -140.614     77.1    997.5
     1     1    16     4    14    11     0     0   -49.0   51.279 -140.874     74.8    998.2
     1     1    16     4    14    10     0     0   -50.0   51.181 -141.139     71.3    999.2
     1     1    16     4    14     9     0     0   -51.0   51.107 -141.413     66.6   1000.2
     1     1    16     4    14     8     0     0   -52.0   51.056 -141.700     60.8   1001.5
     1     1    16     4    14     7     0     0   -53.0   51.028 -142.002     53.9   1003.0
     1     1    16     4    14     6     0     0   -54.0   51.022 -142.325     46.1   1004.8
     1     1    16     4    14     5     0     0   -55.0   51.034 -142.669     38.4   1005.9
     1     1    16     4    14     4     0     0   -56.0   51.060 -143.025     31.4   1006.4
     1     1    16     4    14     3     0     0   -57.0   51.097 -143.391     25.3   1006.9
     1     1    16     4    14     2     0     0   -58.0   51.143 -143.769     20.2   1007.4
     1     1    16     4    14     1     0     0   -59.0   51.197 -144.160     16.1   1007.9
     1     1    16     4    14     0     0     0   -60.0   51.260 -144.567     12.9   1008.3
     1     1    16     4    13    23     0     0   -61.0   51.327 -144.980     10.5   1008.3
     1     1    16     4    13    22     0     0   -62.0   51.399 -145.384      8.6   1007.6
     1     1    16     4    13    21     0     0   -63.0   51.482 -145.775      6.7   1007.1
     1     1    16     4    13    20     0     0   -64.0   51.580 -146.152      5.0   1006.6
     1     1    16     4    13    19     0     0   -65.0   51.696 -146.515      3.4   1006.4
     1     1    16     4    13    18     0     0   -66.0   51.835 -146.863      1.9   1006.3
     1     1    16     4    13    17     0     0   -67.0   51.994 -147.194      0.9   1005.8
     1     1    16     4    13    16     0     0   -68.0   52.169 -147.503      0.5   1005.4
     1     1    16     4    13    15     0     0   -69.0   52.357 -147.787      0.7   1005.2
     1     1    16     4    13    14     0     0   -70.0   52.557 -148.042      1.5   1004.6
     1     1    16     4    13    13     0     0   -71.0   52.773 -148.269      2.7   1003.0
     1     1    16     4    13    12     0     0   -72.0   53.009 -148.469      4.0   1001.2
