     1     1
    CDC1    16     2     1     0     0
     1 BACKWARD OMEGA   
    16     2     4     0   60.984 -139.059   750.0
     1 PRESSURE
     1     1    16     2     4     0     0     0     0.0   60.984 -139.059    750.0    796.0
     1     1    16     2     3    23     0     0    -1.0   60.760 -138.534    700.7    804.7
     1     1    16     2     3    22     0     0    -2.0   60.523 -137.984    652.0    813.8
     1     1    16     2     3    21     0     0    -3.0   60.274 -137.399    605.9    822.7
     1     1    16     2     3    20     0     0    -4.0   60.018 -136.779    564.9    829.6
     1     1    16     2     3    19     0     0    -5.0   59.761 -136.139    534.3    838.8
     1     1    16     2     3    18     0     0    -6.0   59.505 -135.499    515.6    845.9
     1     1    16     2     3    17     0     0    -7.0   59.253 -134.891    501.2    851.1
     1     1    16     2     3    16     0     0    -8.0   59.003 -134.347    483.6    854.7
     1     1    16     2     3    15     0     0    -9.0   58.759 -133.858    462.9    858.4
     1     1    16     2     3    14     0     0   -10.0   58.524 -133.414    439.6    862.1
     1     1    16     2     3    13     0     0   -11.0   58.302 -133.009    414.4    865.6
     1     1    16     2     3    12     0     0   -12.0   58.101 -132.639    388.3    868.8
     1     1    16     2     3    11     0     0   -13.0   57.919 -132.302    364.4    870.5
     1     1    16     2     3    10     0     0   -14.0   57.746 -131.995    345.0    870.6
     1     1    16     2     3     9     0     0   -15.0   57.575 -131.714    329.2    870.3
     1     1    16     2     3     8     0     0   -16.0   57.406 -131.455    316.9    870.5
     1     1    16     2     3     7     0     0   -17.0   57.236 -131.216    307.6    871.5
     1     1    16     2     3     6     0     0   -18.0   57.066 -130.994    300.8    872.5
     1     1    16     2     3     5     0     0   -19.0   56.893 -130.786    295.2    873.9
     1     1    16     2     3     4     0     0   -20.0   56.711 -130.593    289.7    875.8
     1     1    16     2     3     3     0     0   -21.0   56.525 -130.415    284.3    878.0
     1     1    16     2     3     2     0     0   -22.0   56.335 -130.253    279.4    880.5
     1     1    16     2     3     1     0     0   -23.0   56.143 -130.108    275.1    883.3
     1     1    16     2     3     0     0     0   -24.0   55.950 -129.979    271.9    886.2
     1     1    16     2     2    23     0     0   -25.0   55.762 -129.867    268.3    889.4
     1     1    16     2     2    22     0     0   -26.0   55.587 -129.772    262.3    892.9
     1     1    16     2     2    21     0     0   -27.0   55.424 -129.695    254.1    896.6
     1     1    16     2     2    20     0     0   -28.0   55.273 -129.636    243.4    900.6
     1     1    16     2     2    19     0     0   -29.0   55.134 -129.596    230.3    904.9
     1     1    16     2     2    18     0     0   -30.0   55.006 -129.575    214.7    909.6
     1     1    16     2     2    17     0     0   -31.0   54.877 -129.551    197.9    914.6
     1     1    16     2     2    16     0     0   -32.0   54.741 -129.502    181.4    918.6
     1     1    16     2     2    15     0     0   -33.0   54.602 -129.430    165.9    922.1
     1     1    16     2     2    14     0     0   -34.0   54.462 -129.338    151.6    925.1
     1     1    16     2     2    13     0     0   -35.0   54.321 -129.232    138.5    927.8
     1     1    16     2     2    12     0     0   -36.0   54.178 -129.113    126.4    930.1
     1     1    16     2     2    11     0     0   -37.0   54.041 -128.991    115.8    931.6
     1     1    16     2     2    10     0     0   -38.0   53.916 -128.874    106.7    932.7
     1     1    16     2     2     9     0     0   -39.0   53.799 -128.765     99.0    933.6
     1     1    16     2     2     8     0     0   -40.0   53.690 -128.664     92.4    934.4
     1     1    16     2     2     7     0     0   -41.0   53.587 -128.572     87.0    935.1
     1     1    16     2     2     6     0     0   -42.0   53.488 -128.489     82.6    935.7
     1     1    16     2     2     5     0     0   -43.0   53.388 -128.419     78.9    936.9
     1     1    16     2     2     4     0     0   -44.0   53.284 -128.365     75.9    938.3
     1     1    16     2     2     3     0     0   -45.0   53.176 -128.328     73.3    940.1
     1     1    16     2     2     2     0     0   -46.0   53.061 -128.307     71.1    942.0
     1     1    16     2     2     1     0     0   -47.0   52.941 -128.303     69.0    944.4
     1     1    16     2     2     0     0     0   -48.0   52.815 -128.317     67.1    947.1
     1     1    16     2     1    23     0     0   -49.0   52.685 -128.333     65.1    949.9
     1     1    16     2     1    22     0     0   -50.0   52.555 -128.339     62.9    952.6
     1     1    16     2     1    21     0     0   -51.0   52.426 -128.335     60.5    954.8
     1     1    16     2     1    20     0     0   -52.0   52.301 -128.319     57.9    956.4
     1     1    16     2     1    19     0     0   -53.0   52.180 -128.293     55.2    957.9
     1     1    16     2     1    18     0     0   -54.0   52.065 -128.259     52.2    959.2
     1     1    16     2     1    17     0     0   -55.0   51.963 -128.236     49.2    960.5
     1     1    16     2     1    16     0     0   -56.0   51.882 -128.241     46.3    962.0
     1     1    16     2     1    15     0     0   -57.0   51.820 -128.274     43.4    963.9
     1     1    16     2     1    14     0     0   -58.0   51.778 -128.336     40.7    965.9
     1     1    16     2     1    13     0     0   -59.0   51.756 -128.427     38.2    968.2
     1     1    16     2     1    12     0     0   -60.0   51.752 -128.548     36.0    970.7
     1     1    16     2     1    11     0     0   -61.0   51.766 -128.689     34.2    973.3
     1     1    16     2     1    10     0     0   -62.0   51.795 -128.839     33.1    975.8
     1     1    16     2     1     9     0     0   -63.0   51.840 -128.998     32.6    978.3
     1     1    16     2     1     8     0     0   -64.0   51.902 -129.168     32.6    980.8
     1     1    16     2     1     7     0     0   -65.0   51.980 -129.348     33.2    983.3
     1     1    16     2     1     6     0     0   -66.0   52.076 -129.541     34.2    985.9
     1     1    16     2     1     5     0     0   -67.0   52.190 -129.751     35.3    988.4
     1     1    16     2     1     4     0     0   -68.0   52.322 -129.984     36.1    991.5
     1     1    16     2     1     3     0     0   -69.0   52.469 -130.240     36.6    993.1
     1     1    16     2     1     2     0     0   -70.0   52.627 -130.517     37.0    993.6
     1     1    16     2     1     1     0     0   -71.0   52.795 -130.810     37.4    994.1
     1     1    16     2     1     0     0     0   -72.0   52.970 -131.119     37.7    995.0
