     1     1
    CDC1    15    12     1     0     0
     1 BACKWARD OMEGA   
    15    12     7     0   60.984 -139.059   750.0
     1 PRESSURE
     1     1    15    12     7     0     0     0     0.0   60.984 -139.059    750.0    786.5
     1     1    15    12     6    23     0     0    -1.0   60.953 -138.832    763.8    785.6
     1     1    15    12     6    22     0     0    -2.0   60.914 -138.589    777.4    784.9
     1     1    15    12     6    21     0     0    -3.0   60.866 -138.330    791.1    784.3
     1     1    15    12     6    20     0     0    -4.0   60.810 -138.054    805.3    783.8
     1     1    15    12     6    19     0     0    -5.0   60.742 -137.757    820.5    783.4
     1     1    15    12     6    18     0     0    -6.0   60.661 -137.438    837.3    782.8
     1     1    15    12     6    17     0     0    -7.0   60.566 -137.099    851.9    781.8
     1     1    15    12     6    16     0     0    -8.0   60.456 -136.739    861.3    781.7
     1     1    15    12     6    15     0     0    -9.0   60.330 -136.351    864.2    782.4
     1     1    15    12     6    14     0     0   -10.0   60.189 -135.926    859.7    784.0
     1     1    15    12     6    13     0     0   -11.0   60.030 -135.454    846.7    786.5
     1     1    15    12     6    12     0     0   -12.0   59.852 -134.930    824.8    791.5
     1     1    15    12     6    11     0     0   -13.0   59.659 -134.391    799.4    795.9
     1     1    15    12     6    10     0     0   -14.0   59.460 -133.870    778.1    798.8
     1     1    15    12     6     9     0     0   -15.0   59.259 -133.367    760.8    800.7
     1     1    15    12     6     8     0     0   -16.0   59.059 -132.883    747.2    801.7
     1     1    15    12     6     7     0     0   -17.0   58.865 -132.418    736.9    801.7
     1     1    15    12     6     6     0     0   -18.0   58.683 -131.975    729.1    800.6
     1     1    15    12     6     5     0     0   -19.0   58.503 -131.566    722.0    799.2
     1     1    15    12     6     4     0     0   -20.0   58.315 -131.200    714.3    798.2
     1     1    15    12     6     3     0     0   -21.0   58.120 -130.870    707.5    797.1
     1     1    15    12     6     2     0     0   -22.0   57.921 -130.572    703.1    795.9
     1     1    15    12     6     1     0     0   -23.0   57.721 -130.299    702.6    794.1
     1     1    15    12     6     0     0     0   -24.0   57.525 -130.046    707.5    791.8
     1     1    15    12     5    23     0     0   -25.0   57.323 -129.814    713.7    791.8
     1     1    15    12     5    22     0     0   -26.0   57.100 -129.601    715.5    794.2
     1     1    15    12     5    21     0     0   -27.0   56.855 -129.406    711.8    797.7
     1     1    15    12     5    20     0     0   -28.0   56.584 -129.227    702.5    802.3
     1     1    15    12     5    19     0     0   -29.0   56.285 -129.063    687.5    808.2
     1     1    15    12     5    18     0     0   -30.0   55.956 -128.912    666.4    815.3
     1     1    15    12     5    17     0     0   -31.0   55.601 -128.740    643.8    823.5
     1     1    15    12     5    16     0     0   -32.0   55.223 -128.518    625.0    830.1
     1     1    15    12     5    15     0     0   -33.0   54.818 -128.251    609.0    835.5
     1     1    15    12     5    14     0     0   -34.0   54.394 -127.952    592.8    839.8
     1     1    15    12     5    13     0     0   -35.0   53.954 -127.627    574.7    844.0
     1     1    15    12     5    12     0     0   -36.0   53.499 -127.277    555.1    849.0
     1     1    15    12     5    11     0     0   -37.0   53.037 -126.949    529.0    854.1
     1     1    15    12     5    10     0     0   -38.0   52.573 -126.677    489.9    860.9
     1     1    15    12     5     9     0     0   -39.0   52.110 -126.462    440.0    870.6
     1     1    15    12     5     8     0     0   -40.0   51.657 -126.305    382.0    882.5
     1     1    15    12     5     7     0     0   -41.0   51.215 -126.188    317.9    894.9
     1     1    15    12     5     6     0     0   -42.0   50.788 -126.089    250.5    908.2
     1     1    15    12     5     5     0     0   -43.0   50.387 -125.990    186.1    921.4
     1     1    15    12     5     4     0     0   -44.0   50.018 -125.891    128.3    931.7
     1     1    15    12     5     3     0     0   -45.0   49.683 -125.802     78.0    945.8
     1     1    15    12     5     2     0     0   -46.0   49.394 -125.719     43.9    956.2
     1     1    15    12     5     1     0     0   -47.0   49.140 -125.644     24.6    964.5
     1     1    15    12     5     0     0     0   -48.0   48.904 -125.585     14.1    971.3
     1     1    15    12     4    23     0     0   -49.0   48.680 -125.549      7.0    976.5
     1     1    15    12     4    22     0     0   -50.0   48.468 -125.537      0.4    981.8
     1     1    15    12     4    21     0     0   -51.0   48.268 -125.553      0.0    987.1
     1     1    15    12     4    20     0     0   -52.0   48.081 -125.597      0.0    992.2
     1     1    15    12     4    19     0     0   -53.0   47.909 -125.672      0.0    997.1
     1     1    15    12     4    18     0     0   -54.0   47.753 -125.778      0.0   1001.7
     1     1    15    12     4    17     0     0   -55.0   47.605 -125.915      0.0   1005.6
     1     1    15    12     4    16     0     0   -56.0   47.454 -126.079      0.0   1008.5
     1     1    15    12     4    15     0     0   -57.0   47.298 -126.276      0.0   1009.0
     1     1    15    12     4    14     0     0   -58.0   47.138 -126.508      0.0   1009.8
     1     1    15    12     4    13     0     0   -59.0   46.973 -126.782      0.0   1010.9
     1     1    15    12     4    12     0     0   -60.0   46.804 -127.104      0.0   1012.5
     1     1    15    12     4    11     0     0   -61.0   46.632 -127.462      0.0   1014.7
     1     1    15    12     4    10     0     0   -62.0   46.460 -127.834      0.0   1013.7
     1     1    15    12     4     9     0     0   -63.0   46.292 -128.214      0.0   1012.1
     1     1    15    12     4     8     0     0   -64.0   46.128 -128.596      0.0   1010.3
     1     1    15    12     4     7     0     0   -65.0   45.966 -128.977      0.0   1008.2
     1     1    15    12     4     6     0     0   -66.0   45.805 -129.355      0.0   1005.9
     1     1    15    12     4     5     0     0   -67.0   45.665 -129.742      0.0   1002.7
     1     1    15    12     4     4     0     0   -68.0   45.562 -130.148      0.0   1000.0
     1     1    15    12     4     3     0     0   -69.0   45.494 -130.562      0.0    998.2
     1     1    15    12     4     2     0     0   -70.0   45.453 -130.980      0.0    996.4
     1     1    15    12     4     1     0     0   -71.0   45.431 -131.398      0.0    994.7
     1     1    15    12     4     0     0     0   -72.0   45.420 -131.812      0.0    993.1
