     1     1
    CDC1    16     1     1     0     0
     1 BACKWARD OMEGA   
    16     1     8    12   60.984 -139.059   750.0
     1 PRESSURE
     1     1    16     1     8    12     0     0     0.0   60.984 -139.059    750.0    807.9
     1     1    16     1     8    11     0     0    -1.0   60.870 -139.090    759.7    809.2
     1     1    16     1     8    10     0     0    -2.0   60.763 -139.111    767.9    810.7
     1     1    16     1     8     9     0     0    -3.0   60.663 -139.125    774.5    812.2
     1     1    16     1     8     8     0     0    -4.0   60.573 -139.133    779.6    813.7
     1     1    16     1     8     7     0     0    -5.0   60.494 -139.137    783.2    815.2
     1     1    16     1     8     6     0     0    -6.0   60.426 -139.139    785.4    816.7
     1     1    16     1     8     5     0     0    -7.0   60.358 -139.144    788.5    817.6
     1     1    16     1     8     4     0     0    -8.0   60.277 -139.156    796.2    818.1
     1     1    16     1     8     3     0     0    -9.0   60.183 -139.176    808.3    818.3
     1     1    16     1     8     2     0     0   -10.0   60.075 -139.203    824.9    818.4
     1     1    16     1     8     1     0     0   -11.0   59.955 -139.236    846.4    818.9
     1     1    16     1     8     0     0     0   -12.0   59.822 -139.269    872.5    820.4
     1     1    16     1     7    23     0     0   -13.0   59.681 -139.286    897.4    821.7
     1     1    16     1     7    22     0     0   -14.0   59.536 -139.277    916.0    824.2
     1     1    16     1     7    21     0     0   -15.0   59.388 -139.243    928.6    827.3
     1     1    16     1     7    20     0     0   -16.0   59.238 -139.188    935.4    831.2
     1     1    16     1     7    19     0     0   -17.0   59.087 -139.111    936.9    835.7
     1     1    16     1     7    18     0     0   -18.0   58.936 -139.016    933.6    840.6
     1     1    16     1     7    17     0     0   -19.0   58.784 -138.903    925.0    845.9
     1     1    16     1     7    16     0     0   -20.0   58.631 -138.773    911.5    851.8
     1     1    16     1     7    15     0     0   -21.0   58.478 -138.631    892.3    857.9
     1     1    16     1     7    14     0     0   -22.0   58.327 -138.478    867.4    864.6
     1     1    16     1     7    13     0     0   -23.0   58.179 -138.319    836.5    871.8
     1     1    16     1     7    12     0     0   -24.0   58.038 -138.152    799.8    879.4
     1     1    16     1     7    11     0     0   -25.0   57.914 -137.971    764.5    887.3
     1     1    16     1     7    10     0     0   -26.0   57.813 -137.768    738.1    892.5
     1     1    16     1     7     9     0     0   -27.0   57.730 -137.546    720.7    896.0
     1     1    16     1     7     8     0     0   -28.0   57.662 -137.307    712.1    897.1
     1     1    16     1     7     7     0     0   -29.0   57.604 -137.053    712.1    896.5
     1     1    16     1     7     6     0     0   -30.0   57.552 -136.783    720.2    894.5
     1     1    16     1     7     5     0     0   -31.0   57.505 -136.494    731.8    891.3
     1     1    16     1     7     4     0     0   -32.0   57.459 -136.182    743.1    887.9
     1     1    16     1     7     3     0     0   -33.0   57.413 -135.847    755.1    884.3
     1     1    16     1     7     2     0     0   -34.0   57.366 -135.489    768.8    880.4
     1     1    16     1     7     1     0     0   -35.0   57.315 -135.109    785.3    876.2
     1     1    16     1     7     0     0     0   -36.0   57.258 -134.710    805.0    869.6
     1     1    16     1     6    23     0     0   -37.0   57.187 -134.311    827.4    862.4
     1     1    16     1     6    22     0     0   -38.0   57.099 -133.926    850.1    855.9
     1     1    16     1     6    21     0     0   -39.0   56.995 -133.549    872.7    850.1
     1     1    16     1     6    20     0     0   -40.0   56.877 -133.178    894.6    844.9
     1     1    16     1     6    19     0     0   -41.0   56.746 -132.809    915.4    840.3
     1     1    16     1     6    18     0     0   -42.0   56.603 -132.438    934.6    835.7
     1     1    16     1     6    17     0     0   -43.0   56.459 -132.075    950.5    830.5
     1     1    16     1     6    16     0     0   -44.0   56.323 -131.724    962.8    825.9
     1     1    16     1     6    15     0     0   -45.0   56.191 -131.386    972.2    821.6
     1     1    16     1     6    14     0     0   -46.0   56.063 -131.057    978.8    817.5
     1     1    16     1     6    13     0     0   -47.0   55.937 -130.737    982.9    813.8
     1     1    16     1     6    12     0     0   -48.0   55.810 -130.425    984.6    810.4
     1     1    16     1     6    11     0     0   -49.0   55.678 -130.108    985.0    807.4
     1     1    16     1     6    10     0     0   -50.0   55.538 -129.778    985.3    805.4
     1     1    16     1     6     9     0     0   -51.0   55.394 -129.438    986.6    803.6
     1     1    16     1     6     8     0     0   -52.0   55.243 -129.090    990.4    801.4
     1     1    16     1     6     7     0     0   -53.0   55.084 -128.733    998.5    798.5
     1     1    16     1     6     6     0     0   -54.0   54.916 -128.366   1012.7    794.5
     1     1    16     1     6     5     0     0   -55.0   54.738 -127.994   1028.9    789.5
     1     1    16     1     6     4     0     0   -56.0   54.550 -127.623   1043.0    785.2
     1     1    16     1     6     3     0     0   -57.0   54.353 -127.253   1054.0    783.1
     1     1    16     1     6     2     0     0   -58.0   54.148 -126.885   1060.8    782.0
     1     1    16     1     6     1     0     0   -59.0   53.935 -126.521   1062.5    780.8
     1     1    16     1     6     0     0     0   -60.0   53.713 -126.158   1058.8    779.5
     1     1    16     1     5    23     0     0   -61.0   53.489 -125.798   1056.6    778.4
     1     1    16     1     5    22     0     0   -62.0   53.273 -125.441   1063.1    774.9
     1     1    16     1     5    21     0     0   -63.0   53.064 -125.087   1077.9    769.9
     1     1    16     1     5    20     0     0   -64.0   52.865 -124.741   1101.1    764.6
     1     1    16     1     5    19     0     0   -65.0   52.676 -124.412   1131.7    758.6
     1     1    16     1     5    18     0     0   -66.0   52.497 -124.102   1168.8    751.6
     1     1    16     1     5    17     0     0   -67.0   52.325 -123.815   1205.1    746.7
     1     1    16     1     5    16     0     0   -68.0   52.157 -123.552   1230.0    743.7
     1     1    16     1     5    15     0     0   -69.0   51.994 -123.309   1243.6    741.7
     1     1    16     1     5    14     0     0   -70.0   51.836 -123.085   1245.7    740.8
     1     1    16     1     5    13     0     0   -71.0   51.682 -122.878   1236.9    741.0
     1     1    16     1     5    12     0     0   -72.0   51.535 -122.686   1217.8    742.1
