     1     1
    CDC1    15    10     1     0     0
     1 BACKWARD OMEGA   
    15    10     7     0   60.984 -139.059   750.0
     1 PRESSURE
     1     1    15    10     7     0     0     0     0.0   60.984 -139.059    750.0    811.8
     1     1    15    10     6    23     0     0    -1.0   60.913 -139.192    767.2    811.3
     1     1    15    10     6    22     0     0    -2.0   60.841 -139.328    781.7    811.2
     1     1    15    10     6    21     0     0    -3.0   60.769 -139.468    793.8    811.3
     1     1    15    10     6    20     0     0    -4.0   60.697 -139.611    803.5    811.7
     1     1    15    10     6    19     0     0    -5.0   60.625 -139.758    810.9    812.2
     1     1    15    10     6    18     0     0    -6.0   60.552 -139.909    816.4    813.0
     1     1    15    10     6    17     0     0    -7.0   60.480 -140.045    822.1    814.4
     1     1    15    10     6    16     0     0    -8.0   60.409 -140.149    830.3    815.5
     1     1    15    10     6    15     0     0    -9.0   60.340 -140.220    840.3    816.2
     1     1    15    10     6    14     0     0   -10.0   60.272 -140.258    851.7    816.7
     1     1    15    10     6    13     0     0   -11.0   60.206 -140.263    864.4    816.8
     1     1    15    10     6    12     0     0   -12.0   60.142 -140.237    878.2    816.6
     1     1    15    10     6    11     0     0   -13.0   60.084 -140.199    889.6    816.3
     1     1    15    10     6    10     0     0   -14.0   60.033 -140.165    895.2    816.7
     1     1    15    10     6     9     0     0   -15.0   59.992 -140.132    894.9    817.6
     1     1    15    10     6     8     0     0   -16.0   59.958 -140.102    889.0    819.3
     1     1    15    10     6     7     0     0   -17.0   59.934 -140.075    877.4    821.3
     1     1    15    10     6     6     0     0   -18.0   59.918 -140.051    860.1    823.6
     1     1    15    10     6     5     0     0   -19.0   59.905 -140.019    841.3    826.4
     1     1    15    10     6     4     0     0   -20.0   59.889 -139.969    824.8    828.7
     1     1    15    10     6     3     0     0   -21.0   59.871 -139.901    810.7    830.8
     1     1    15    10     6     2     0     0   -22.0   59.850 -139.816    799.1    832.9
     1     1    15    10     6     1     0     0   -23.0   59.827 -139.714    790.0    834.7
     1     1    15    10     6     0     0     0   -24.0   59.801 -139.598    783.5    836.3
     1     1    15    10     5    23     0     0   -25.0   59.779 -139.480    778.6    837.4
     1     1    15    10     5    22     0     0   -26.0   59.765 -139.373    774.0    838.4
     1     1    15    10     5    21     0     0   -27.0   59.759 -139.275    769.6    839.1
     1     1    15    10     5    20     0     0   -28.0   59.759 -139.186    765.3    839.6
     1     1    15    10     5    19     0     0   -29.0   59.766 -139.105    761.0    839.9
     1     1    15    10     5    18     0     0   -30.0   59.778 -139.031    756.7    840.0
     1     1    15    10     5    17     0     0   -31.0   59.796 -138.954    752.1    839.8
     1     1    15    10     5    16     0     0   -32.0   59.819 -138.862    747.6    839.4
     1     1    15    10     5    15     0     0   -33.0   59.847 -138.757    743.2    838.9
     1     1    15    10     5    14     0     0   -34.0   59.881 -138.637    738.9    838.2
     1     1    15    10     5    13     0     0   -35.0   59.923 -138.505    734.8    837.2
     1     1    15    10     5    12     0     0   -36.0   59.971 -138.359    731.0    836.0
     1     1    15    10     5    11     0     0   -37.0   60.026 -138.218    729.9    834.9
     1     1    15    10     5    10     0     0   -38.0   60.083 -138.101    733.7    833.5
     1     1    15    10     5     9     0     0   -39.0   60.144 -138.009    741.7    831.5
     1     1    15    10     5     8     0     0   -40.0   60.207 -137.941    753.4    829.2
     1     1    15    10     5     7     0     0   -41.0   60.273 -137.896    768.5    826.5
     1     1    15    10     5     6     0     0   -42.0   60.342 -137.872    786.6    823.6
     1     1    15    10     5     5     0     0   -43.0   60.413 -137.868    806.7    820.6
     1     1    15    10     5     4     0     0   -44.0   60.485 -137.887    828.0    817.6
     1     1    15    10     5     3     0     0   -45.0   60.559 -137.931    850.9    814.5
     1     1    15    10     5     2     0     0   -46.0   60.635 -138.002    875.9    811.3
     1     1    15    10     5     1     0     0   -47.0   60.713 -138.101    903.2    807.7
     1     1    15    10     5     0     0     0   -48.0   60.794 -138.229    933.3    803.6
     1     1    15    10     4    23     0     0   -49.0   60.883 -138.388    965.3    798.7
     1     1    15    10     4    22     0     0   -50.0   60.986 -138.579    998.7    793.6
     1     1    15    10     4    21     0     0   -51.0   61.105 -138.801   1033.0    788.2
     1     1    15    10     4    20     0     0   -52.0   61.237 -139.051   1067.8    782.7
     1     1    15    10     4    19     0     0   -53.0   61.385 -139.329   1102.8    776.9
     1     1    15    10     4    18     0     0   -54.0   61.548 -139.631   1137.8    771.0
     1     1    15    10     4    17     0     0   -55.0   61.714 -139.970   1170.7    765.2
     1     1    15    10     4    16     0     0   -56.0   61.873 -140.361   1200.5    760.5
     1     1    15    10     4    15     0     0   -57.0   62.021 -140.808   1226.7    756.5
     1     1    15    10     4    14     0     0   -58.0   62.159 -141.313   1249.1    752.9
     1     1    15    10     4    13     0     0   -59.0   62.287 -141.882   1268.0    749.8
     1     1    15    10     4    12     0     0   -60.0   62.405 -142.516   1283.5    747.4
     1     1    15    10     4    11     0     0   -61.0   62.515 -143.184   1297.3    747.2
     1     1    15    10     4    10     0     0   -62.0   62.619 -143.849   1310.4    750.5
     1     1    15    10     4     9     0     0   -63.0   62.717 -144.508   1318.6    754.2
     1     1    15    10     4     8     0     0   -64.0   62.812 -145.164   1320.0    758.7
     1     1    15    10     4     7     0     0   -65.0   62.898 -145.815   1312.9    764.7
     1     1    15    10     4     6     0     0   -66.0   62.974 -146.461   1294.8    771.4
     1     1    15    10     4     5     0     0   -67.0   63.025 -147.092   1267.4    779.1
     1     1    15    10     4     4     0     0   -68.0   63.040 -147.695   1234.2    786.4
     1     1    15    10     4     3     0     0   -69.0   63.019 -148.264   1198.2    793.3
     1     1    15    10     4     2     0     0   -70.0   62.963 -148.795   1161.0    799.6
     1     1    15    10     4     1     0     0   -71.0   62.873 -149.285   1123.6    805.3
     1     1    15    10     4     0     0     0   -72.0   62.751 -149.734   1086.8    810.5
