     1     1
    CDC1    16     3     1     0     0
     1 BACKWARD OMEGA   
    16     3    27    12   60.984 -139.059   750.0
     1 PRESSURE
     1     1    16     3    27    12     0     0     0.0   60.984 -139.059    750.0    802.1
     1     1    16     3    27    11     0     0    -1.0   60.856 -139.101    761.7    802.3
     1     1    16     3    27    10     0     0    -2.0   60.736 -139.126    763.1    803.8
     1     1    16     3    27     9     0     0    -3.0   60.627 -139.132    753.8    806.3
     1     1    16     3    27     8     0     0    -4.0   60.525 -139.119    733.2    809.7
     1     1    16     3    27     7     0     0    -5.0   60.433 -139.085    701.1    814.3
     1     1    16     3    27     6     0     0    -6.0   60.350 -139.032    657.3    820.0
     1     1    16     3    27     5     0     0    -7.0   60.264 -138.950    609.2    827.5
     1     1    16     3    27     4     0     0    -8.0   60.160 -138.831    563.7    833.5
     1     1    16     3    27     3     0     0    -9.0   60.035 -138.667    521.1    839.6
     1     1    16     3    27     2     0     0   -10.0   59.889 -138.464    481.6    847.6
     1     1    16     3    27     1     0     0   -11.0   59.724 -138.231    445.4    856.5
     1     1    16     3    27     0     0     0   -12.0   59.540 -137.973    412.3    865.6
     1     1    16     3    26    23     0     0   -13.0   59.344 -137.707    375.6    875.0
     1     1    16     3    26    22     0     0   -14.0   59.142 -137.441    332.2    885.3
     1     1    16     3    26    21     0     0   -15.0   58.935 -137.170    286.3    895.6
     1     1    16     3    26    20     0     0   -16.0   58.726 -136.891    240.9    906.2
     1     1    16     3    26    19     0     0   -17.0   58.517 -136.602    198.3    916.6
     1     1    16     3    26    18     0     0   -18.0   58.306 -136.302    158.8    925.1
     1     1    16     3    26    17     0     0   -19.0   58.098 -135.989    124.9    933.9
     1     1    16     3    26    16     0     0   -20.0   57.901 -135.662     98.1    941.3
     1     1    16     3    26    15     0     0   -21.0   57.717 -135.319     77.3    947.7
     1     1    16     3    26    14     0     0   -22.0   57.548 -134.957     60.4    951.3
     1     1    16     3    26    13     0     0   -23.0   57.394 -134.588     46.8    951.1
     1     1    16     3    26    12     0     0   -24.0   57.252 -134.226     36.3    950.4
     1     1    16     3    26    11     0     0   -25.0   57.109 -133.893     26.5    950.1
     1     1    16     3    26    10     0     0   -26.0   56.957 -133.604     15.4    951.4
     1     1    16     3    26     9     0     0   -27.0   56.794 -133.352      2.0    953.3
     1     1    16     3    26     8     0     0   -28.0   56.617 -133.133      0.0    954.8
     1     1    16     3    26     7     0     0   -29.0   56.428 -132.943      0.0    957.2
     1     1    16     3    26     6     0     0   -30.0   56.231 -132.777      0.0    960.2
     1     1    16     3    26     5     0     0   -31.0   56.031 -132.624      0.0    963.5
     1     1    16     3    26     4     0     0   -32.0   55.834 -132.476      0.0    966.8
     1     1    16     3    26     3     0     0   -33.0   55.641 -132.337      0.0    969.4
     1     1    16     3    26     2     0     0   -34.0   55.451 -132.212      0.0    972.1
     1     1    16     3    26     1     0     0   -35.0   55.263 -132.100      0.0    975.0
     1     1    16     3    26     0     0     0   -36.0   55.072 -132.005      0.0    978.3
     1     1    16     3    25    23     0     0   -37.0   54.883 -131.912      0.0    980.3
     1     1    16     3    25    22     0     0   -38.0   54.700 -131.808      0.0    981.4
     1     1    16     3    25    21     0     0   -39.0   54.523 -131.693      0.0    982.2
     1     1    16     3    25    20     0     0   -40.0   54.353 -131.570      0.0    982.9
     1     1    16     3    25    19     0     0   -41.0   54.189 -131.440      0.0    983.5
     1     1    16     3    25    18     0     0   -42.0   54.034 -131.303      0.0    983.9
     1     1    16     3    25    17     0     0   -43.0   53.887 -131.175      0.0    984.3
     1     1    16     3    25    16     0     0   -44.0   53.748 -131.069      0.0    985.1
     1     1    16     3    25    15     0     0   -45.0   53.617 -130.986      0.0    986.1
     1     1    16     3    25    14     0     0   -46.0   53.497 -130.926      0.0    987.3
     1     1    16     3    25    13     0     0   -47.0   53.389 -130.890      0.0    988.7
     1     1    16     3    25    12     0     0   -48.0   53.295 -130.879      0.0    990.2
     1     1    16     3    25    11     0     0   -49.0   53.213 -130.894      0.0    991.6
     1     1    16     3    25    10     0     0   -50.0   53.144 -130.937      0.0    993.2
     1     1    16     3    25     9     0     0   -51.0   53.087 -131.011      0.0    995.0
     1     1    16     3    25     8     0     0   -52.0   53.044 -131.115      0.0    997.0
     1     1    16     3    25     7     0     0   -53.0   53.014 -131.253      0.0    999.2
     1     1    16     3    25     6     0     0   -54.0   52.999 -131.426      0.0   1001.6
     1     1    16     3    25     5     0     0   -55.0   52.996 -131.631      0.0   1003.8
     1     1    16     3    25     4     0     0   -56.0   53.000 -131.862      0.0   1006.3
     1     1    16     3    25     3     0     0   -57.0   53.011 -132.124      0.0   1009.2
     1     1    16     3    25     2     0     0   -58.0   53.031 -132.419      0.0   1012.5
     1     1    16     3    25     1     0     0   -59.0   53.060 -132.744      0.0   1013.5
     1     1    16     3    25     0     0     0   -60.0   53.095 -133.096      0.0   1013.7
     1     1    16     3    24    23     0     0   -61.0   53.133 -133.477      0.0   1013.7
     1     1    16     3    24    22     0     0   -62.0   53.170 -133.891      0.0   1014.0
     1     1    16     3    24    21     0     0   -63.0   53.213 -134.341      0.0   1014.5
     1     1    16     3    24    20     0     0   -64.0   53.265 -134.831      0.0   1015.3
     1     1    16     3    24    19     0     0   -65.0   53.328 -135.348      0.0   1014.3
     1     1    16     3    24    18     0     0   -66.0   53.395 -135.871      0.0   1012.5
     1     1    16     3    24    17     0     0   -67.0   53.460 -136.381      0.0   1010.6
     1     1    16     3    24    16     0     0   -68.0   53.520 -136.871      0.4   1008.8
     1     1    16     3    24    15     0     0   -69.0   53.584 -137.344      1.8   1007.0
     1     1    16     3    24    14     0     0   -70.0   53.652 -137.801      4.3   1005.7
     1     1    16     3    24    13     0     0   -71.0   53.724 -138.253      7.6   1004.6
     1     1    16     3    24    12     0     0   -72.0   53.800 -138.704     11.7   1003.3
