     1     1
    CDC1    16     3     1     0     0
     1 BACKWARD OMEGA   
    16     3     7    18   60.984 -139.059   750.0
     1 PRESSURE
     1     1    16     3     7    18     0     0     0.0   60.984 -139.059    750.0    793.0
     1     1    16     3     7    17     0     0    -1.0   60.849 -138.835    731.2    796.9
     1     1    16     3     7    16     0     0    -2.0   60.730 -138.586    720.4    799.4
     1     1    16     3     7    15     0     0    -3.0   60.628 -138.316    718.0    800.7
     1     1    16     3     7    14     0     0    -4.0   60.541 -138.029    724.3    800.7
     1     1    16     3     7    13     0     0    -5.0   60.471 -137.731    739.6    799.5
     1     1    16     3     7    12     0     0    -6.0   60.415 -137.427    764.3    797.0
     1     1    16     3     7    11     0     0    -7.0   60.358 -137.125    792.7    793.5
     1     1    16     3     7    10     0     0    -8.0   60.282 -136.825    818.4    791.1
     1     1    16     3     7     9     0     0    -9.0   60.187 -136.525    841.3    789.4
     1     1    16     3     7     8     0     0   -10.0   60.073 -136.222    861.2    788.1
     1     1    16     3     7     7     0     0   -11.0   59.940 -135.917    877.9    788.2
     1     1    16     3     7     6     0     0   -12.0   59.793 -135.612    890.7    789.9
     1     1    16     3     7     5     0     0   -13.0   59.646 -135.306    900.3    791.6
     1     1    16     3     7     4     0     0   -14.0   59.512 -134.993    909.1    792.7
     1     1    16     3     7     3     0     0   -15.0   59.387 -134.674    916.1    791.9
     1     1    16     3     7     2     0     0   -16.0   59.264 -134.351    921.5    790.8
     1     1    16     3     7     1     0     0   -17.0   59.143 -134.021    925.6    789.7
     1     1    16     3     7     0     0     0   -18.0   59.018 -133.684    928.4    788.3
     1     1    16     3     6    23     0     0   -19.0   58.890 -133.335    930.7    786.8
     1     1    16     3     6    22     0     0   -20.0   58.757 -132.974    933.9    784.9
     1     1    16     3     6    21     0     0   -21.0   58.616 -132.600    936.5    782.6
     1     1    16     3     6    20     0     0   -22.0   58.466 -132.213    937.0    780.1
     1     1    16     3     6    19     0     0   -23.0   58.303 -131.814    933.5    777.5
     1     1    16     3     6    18     0     0   -24.0   58.123 -131.404    925.0    774.9
     1     1    16     3     6    17     0     0   -25.0   57.929 -130.987    915.8    773.1
     1     1    16     3     6    16     0     0   -26.0   57.725 -130.569    911.4    769.8
     1     1    16     3     6    15     0     0   -27.0   57.514 -130.148    914.6    765.0
     1     1    16     3     6    14     0     0   -28.0   57.303 -129.724    927.9    763.1
     1     1    16     3     6    13     0     0   -29.0   57.101 -129.298    949.1    761.2
     1     1    16     3     6    12     0     0   -30.0   56.908 -128.864    977.7    757.9
     1     1    16     3     6    11     0     0   -31.0   56.708 -128.464   1006.9    754.2
     1     1    16     3     6    10     0     0   -32.0   56.490 -128.128   1030.0    752.6
     1     1    16     3     6     9     0     0   -33.0   56.257 -127.845   1049.1    752.1
     1     1    16     3     6     8     0     0   -34.0   56.013 -127.606   1065.7    752.3
     1     1    16     3     6     7     0     0   -35.0   55.762 -127.404   1082.2    754.1
     1     1    16     3     6     6     0     0   -36.0   55.508 -127.235   1100.3    756.8
     1     1    16     3     6     5     0     0   -37.0   55.240 -127.102   1119.1    758.4
     1     1    16     3     6     4     0     0   -38.0   54.944 -127.015   1138.5    760.3
     1     1    16     3     6     3     0     0   -39.0   54.618 -126.977   1155.9    762.3
     1     1    16     3     6     2     0     0   -40.0   54.262 -126.980   1169.6    765.6
     1     1    16     3     6     1     0     0   -41.0   53.880 -127.023   1180.2    770.1
     1     1    16     3     6     0     0     0   -42.0   53.476 -127.103   1188.8    775.9
     1     1    16     3     5    23     0     0   -43.0   53.047 -127.193   1184.8    781.6
     1     1    16     3     5    22     0     0   -44.0   52.593 -127.279   1158.1    791.1
     1     1    16     3     5    21     0     0   -45.0   52.117 -127.377   1108.9    803.6
     1     1    16     3     5    20     0     0   -46.0   51.625 -127.494   1039.3    819.4
     1     1    16     3     5    19     0     0   -47.0   51.124 -127.645    953.6    838.4
     1     1    16     3     5    18     0     0   -48.0   50.619 -127.844    857.7    859.2
     1     1    16     3     5    17     0     0   -49.0   50.124 -128.031    761.3    878.5
     1     1    16     3     5    16     0     0   -50.0   49.656 -128.157    675.1    894.9
     1     1    16     3     5    15     0     0   -51.0   49.214 -128.253    603.3    908.4
     1     1    16     3     5    14     0     0   -52.0   48.794 -128.365    547.0    919.4
     1     1    16     3     5    13     0     0   -53.0   48.389 -128.538    506.2    928.8
     1     1    16     3     5    12     0     0   -54.0   47.988 -128.818    480.5    936.1
     1     1    16     3     5    11     0     0   -55.0   47.572 -129.161    462.8    940.6
     1     1    16     3     5    10     0     0   -56.0   47.135 -129.480    445.5    941.0
     1     1    16     3     5     9     0     0   -57.0   46.692 -129.772    427.1    940.6
     1     1    16     3     5     8     0     0   -58.0   46.249 -130.068    407.2    940.1
     1     1    16     3     5     7     0     0   -59.0   45.812 -130.409    386.5    940.2
     1     1    16     3     5     6     0     0   -60.0   45.390 -130.840    366.4    939.7
     1     1    16     3     5     5     0     0   -61.0   44.987 -131.340    349.3    940.6
     1     1    16     3     5     4     0     0   -62.0   44.606 -131.821    336.1    943.4
     1     1    16     3     5     3     0     0   -63.0   44.251 -132.241    324.4    945.7
     1     1    16     3     5     2     0     0   -64.0   43.916 -132.602    312.5    948.3
     1     1    16     3     5     1     0     0   -65.0   43.591 -132.912    299.4    951.9
     1     1    16     3     5     0     0     0   -66.0   43.273 -133.182    284.8    955.2
     1     1    16     3     4    23     0     0   -67.0   42.966 -133.442    270.9    959.5
     1     1    16     3     4    22     0     0   -68.0   42.672 -133.705    259.5    963.1
     1     1    16     3     4    21     0     0   -69.0   42.386 -133.952    249.6    966.0
     1     1    16     3     4    20     0     0   -70.0   42.097 -134.168    240.7    968.1
     1     1    16     3     4    19     0     0   -71.0   41.798 -134.338    231.9    969.9
     1     1    16     3     4    18     0     0   -72.0   41.480 -134.451    222.5    971.5
