     1     1
    CDC1    16     1     1     0     0
     1 BACKWARD OMEGA   
    16     1    27    12   60.984 -139.059   750.0
     1 PRESSURE
     1     1    16     1    27    12     0     0     0.0   60.984 -139.059    750.0    794.9
     1     1    16     1    27    11     0     0    -1.0   60.502 -138.493    672.4    810.4
     1     1    16     1    27    10     0     0    -2.0   60.016 -137.913    591.8    827.6
     1     1    16     1    27     9     0     0    -3.0   59.540 -137.333    519.2    849.7
     1     1    16     1    27     8     0     0    -4.0   59.087 -136.772    460.8    868.4
     1     1    16     1    27     7     0     0    -5.0   58.659 -136.215    415.1    884.6
     1     1    16     1    27     6     0     0    -6.0   58.250 -135.650    378.9    898.6
     1     1    16     1    27     5     0     0    -7.0   57.850 -135.108    346.4    909.6
     1     1    16     1    27     4     0     0    -8.0   57.463 -134.628    315.1    917.6
     1     1    16     1    27     3     0     0    -9.0   57.093 -134.223    288.7    922.3
     1     1    16     1    27     2     0     0   -10.0   56.733 -133.886    268.3    927.6
     1     1    16     1    27     1     0     0   -11.0   56.380 -133.592    252.8    933.5
     1     1    16     1    27     0     0     0   -12.0   56.034 -133.328    241.7    939.8
     1     1    16     1    26    23     0     0   -13.0   55.689 -133.098    230.2    945.1
     1     1    16     1    26    22     0     0   -14.0   55.342 -132.915    214.8    953.0
     1     1    16     1    26    21     0     0   -15.0   54.996 -132.784    197.1    962.4
     1     1    16     1    26    20     0     0   -16.0   54.654 -132.712    176.8    967.4
     1     1    16     1    26    19     0     0   -17.0   54.317 -132.699    154.0    973.7
     1     1    16     1    26    18     0     0   -18.0   53.988 -132.738    129.5    980.9
     1     1    16     1    26    17     0     0   -19.0   53.650 -132.797    105.9    986.9
     1     1    16     1    26    16     0     0   -20.0   53.290 -132.857     84.6    993.1
     1     1    16     1    26    15     0     0   -21.0   52.910 -132.948     65.4    999.0
     1     1    16     1    26    14     0     0   -22.0   52.508 -133.120     48.6   1004.6
     1     1    16     1    26    13     0     0   -23.0   52.088 -133.406     35.4   1005.3
     1     1    16     1    26    12     0     0   -24.0   51.662 -133.808     25.6   1005.0
     1     1    16     1    26    11     0     0   -25.0   51.227 -134.254     18.7   1002.7
     1     1    16     1    26    10     0     0   -26.0   50.771 -134.686     13.9    999.4
     1     1    16     1    26     9     0     0   -27.0   50.297 -135.152     10.6    995.3
     1     1    16     1    26     8     0     0   -28.0   49.820 -135.684      8.7    992.0
     1     1    16     1    26     7     0     0   -29.0   49.358 -136.279      8.5    990.9
     1     1    16     1    26     6     0     0   -30.0   48.923 -136.935     10.3    990.7
     1     1    16     1    26     5     0     0   -31.0   48.524 -137.565     14.1    990.2
     1     1    16     1    26     4     0     0   -32.0   48.157 -138.103     18.8    990.4
     1     1    16     1    26     3     0     0   -33.0   47.816 -138.596     23.5    989.9
     1     1    16     1    26     2     0     0   -34.0   47.507 -139.093     27.7    988.8
     1     1    16     1    26     1     0     0   -35.0   47.255 -139.623     30.7    986.6
     1     1    16     1    26     0     0     0   -36.0   47.082 -140.194     32.2    984.5
     1     1    16     1    25    23     0     0   -37.0   46.972 -140.745     32.6    984.9
     1     1    16     1    25    22     0     0   -38.0   46.895 -141.216     32.6    985.4
     1     1    16     1    25    21     0     0   -39.0   46.847 -141.609     32.2    985.9
     1     1    16     1    25    20     0     0   -40.0   46.823 -141.928     31.6    986.4
     1     1    16     1    25    19     0     0   -41.0   46.818 -142.175     30.9    986.9
     1     1    16     1    25    18     0     0   -42.0   46.827 -142.350     30.2    987.4
     1     1    16     1    25    17     0     0   -43.0   46.835 -142.487     29.3    987.9
     1     1    16     1    25    16     0     0   -44.0   46.822 -142.617     28.5    988.2
     1     1    16     1    25    15     0     0   -45.0   46.784 -142.740     27.5    988.4
     1     1    16     1    25    14     0     0   -46.0   46.722 -142.858     26.5    988.6
     1     1    16     1    25    13     0     0   -47.0   46.640 -142.971     25.4    988.7
     1     1    16     1    25    12     0     0   -48.0   46.542 -143.078     24.3    988.9
     1     1    16     1    25    11     0     0   -49.0   46.425 -143.186     23.2    989.1
     1     1    16     1    25    10     0     0   -50.0   46.288 -143.298     22.4    989.3
     1     1    16     1    25     9     0     0   -51.0   46.130 -143.410     21.6    989.5
     1     1    16     1    25     8     0     0   -52.0   45.952 -143.519     21.0    989.9
     1     1    16     1    25     7     0     0   -53.0   45.757 -143.620     20.5    990.2
     1     1    16     1    25     6     0     0   -54.0   45.544 -143.709     20.1    990.7
     1     1    16     1    25     5     0     0   -55.0   45.326 -143.807     19.6    991.1
     1     1    16     1    25     4     0     0   -56.0   45.114 -143.942     19.2    991.7
     1     1    16     1    25     3     0     0   -57.0   44.907 -144.118     18.9    992.4
     1     1    16     1    25     2     0     0   -58.0   44.700 -144.332     18.7    992.9
     1     1    16     1    25     1     0     0   -59.0   44.489 -144.573     18.6    993.3
     1     1    16     1    25     0     0     0   -60.0   44.274 -144.833     18.6    993.5
     1     1    16     1    24    23     0     0   -61.0   44.029 -145.094     18.4    992.9
     1     1    16     1    24    22     0     0   -62.0   43.735 -145.356     17.8    992.2
     1     1    16     1    24    21     0     0   -63.0   43.399 -145.648     16.8    991.5
     1     1    16     1    24    20     0     0   -64.0   43.038 -145.996     15.8    990.7
     1     1    16     1    24    19     0     0   -65.0   42.667 -146.420     14.8    989.7
     1     1    16     1    24    18     0     0   -66.0   42.301 -146.909     14.0    989.2
     1     1    16     1    24    17     0     0   -67.0   41.926 -147.359     13.3    989.2
     1     1    16     1    24    16     0     0   -68.0   41.512 -147.705     12.7    990.0
     1     1    16     1    24    15     0     0   -69.0   41.050 -147.991     11.9    991.3
     1     1    16     1    24    14     0     0   -70.0   40.539 -148.265     11.2    992.9
     1     1    16     1    24    13     0     0   -71.0   39.985 -148.573     10.4    994.8
     1     1    16     1    24    12     0     0   -72.0   39.401 -148.930      9.5    996.0
