     1     1
    CDC1    15    12     1     0     0
     1 BACKWARD OMEGA   
    15    12    31    18   60.984 -139.059   750.0
     1 PRESSURE
     1     1    15    12    31    18     0     0     0.0   60.984 -139.059    750.0    804.0
     1     1    15    12    31    17     0     0    -1.0   60.289 -139.077    578.4    833.2
     1     1    15    12    31    16     0     0    -2.0   59.657 -138.906    410.9    872.5
     1     1    15    12    31    15     0     0    -3.0   59.092 -138.537    287.8    906.6
     1     1    15    12    31    14     0     0    -4.0   58.581 -137.991    206.4    932.1
     1     1    15    12    31    13     0     0    -5.0   58.114 -137.281    151.5    950.5
     1     1    15    12    31    12     0     0    -6.0   57.699 -136.455    112.6    964.2
     1     1    15    12    31    11     0     0    -7.0   57.343 -135.612     85.6    972.1
     1     1    15    12    31    10     0     0    -8.0   57.030 -134.829     66.2    974.2
     1     1    15    12    31     9     0     0    -9.0   56.741 -134.133     50.5    971.8
     1     1    15    12    31     8     0     0   -10.0   56.480 -133.525     37.5    971.1
     1     1    15    12    31     7     0     0   -11.0   56.258 -132.990     27.8    970.7
     1     1    15    12    31     6     0     0   -12.0   56.082 -132.514     20.9    970.2
     1     1    15    12    31     5     0     0   -13.0   55.950 -132.095     16.5    966.6
     1     1    15    12    31     4     0     0   -14.0   55.853 -131.730     13.9    962.5
     1     1    15    12    31     3     0     0   -15.0   55.784 -131.415     12.4    958.4
     1     1    15    12    31     2     0     0   -16.0   55.735 -131.148     11.6    954.7
     1     1    15    12    31     1     0     0   -17.0   55.699 -130.926     11.0    951.3
     1     1    15    12    31     0     0     0   -18.0   55.672 -130.745     10.8    948.5
     1     1    15    12    30    23     0     0   -19.0   55.659 -130.582     10.7    945.8
     1     1    15    12    30    22     0     0   -20.0   55.668 -130.415     10.8    942.5
     1     1    15    12    30    21     0     0   -21.0   55.700 -130.245     11.1    938.5
     1     1    15    12    30    20     0     0   -22.0   55.756 -130.072     11.5    933.8
     1     1    15    12    30    19     0     0   -23.0   55.832 -129.895     12.2    929.0
     1     1    15    12    30    18     0     0   -24.0   55.922 -129.712     13.2    924.2
     1     1    15    12    30    17     0     0   -25.0   56.014 -129.534     14.4    919.0
     1     1    15    12    30    16     0     0   -26.0   56.099 -129.371     16.0    914.2
     1     1    15    12    30    15     0     0   -27.0   56.177 -129.223     18.0    909.7
     1     1    15    12    30    14     0     0   -28.0   56.251 -129.088     20.4    905.7
     1     1    15    12    30    13     0     0   -29.0   56.321 -128.969     23.2    902.0
     1     1    15    12    30    12     0     0   -30.0   56.389 -128.865     26.4    898.5
     1     1    15    12    30    11     0     0   -31.0   56.454 -128.785     30.2    895.4
     1     1    15    12    30    10     0     0   -32.0   56.518 -128.736     35.0    892.6
     1     1    15    12    30     9     0     0   -33.0   56.580 -128.713     41.1    890.0
     1     1    15    12    30     8     0     0   -34.0   56.642 -128.713     48.6    887.7
     1     1    15    12    30     7     0     0   -35.0   56.705 -128.735     57.8    885.5
     1     1    15    12    30     6     0     0   -36.0   56.770 -128.775     68.9    883.4
     1     1    15    12    30     5     0     0   -37.0   56.843 -128.833     82.8    880.5
     1     1    15    12    30     4     0     0   -38.0   56.925 -128.910    100.4    877.0
     1     1    15    12    30     3     0     0   -39.0   57.015 -129.007    121.7    873.2
     1     1    15    12    30     2     0     0   -40.0   57.111 -129.125    146.9    869.3
     1     1    15    12    30     1     0     0   -41.0   57.212 -129.263    175.6    865.4
     1     1    15    12    30     0     0     0   -42.0   57.314 -129.423    207.5    860.9
     1     1    15    12    29    23     0     0   -43.0   57.417 -129.605    240.4    856.0
     1     1    15    12    29    22     0     0   -44.0   57.515 -129.813    272.2    852.2
     1     1    15    12    29    21     0     0   -45.0   57.607 -130.052    302.3    850.9
     1     1    15    12    29    20     0     0   -46.0   57.691 -130.317    330.1    851.9
     1     1    15    12    29    19     0     0   -47.0   57.765 -130.600    353.6    853.7
     1     1    15    12    29    18     0     0   -48.0   57.827 -130.893    371.1    856.2
     1     1    15    12    29    17     0     0   -49.0   57.870 -131.183    384.6    858.8
     1     1    15    12    29    16     0     0   -50.0   57.889 -131.463    397.6    861.2
     1     1    15    12    29    15     0     0   -51.0   57.887 -131.732    410.4    863.7
     1     1    15    12    29    14     0     0   -52.0   57.866 -131.989    423.3    866.2
     1     1    15    12    29    13     0     0   -53.0   57.827 -132.235    436.4    868.9
     1     1    15    12    29    12     0     0   -54.0   57.772 -132.470    449.8    871.6
     1     1    15    12    29    11     0     0   -55.0   57.697 -132.676    457.9    874.5
     1     1    15    12    29    10     0     0   -56.0   57.602 -132.833    455.1    879.0
     1     1    15    12    29     9     0     0   -57.0   57.488 -132.937    441.7    884.4
     1     1    15    12    29     8     0     0   -58.0   57.358 -132.989    419.3    890.8
     1     1    15    12    29     7     0     0   -59.0   57.216 -132.990    389.7    897.6
     1     1    15    12    29     6     0     0   -60.0   57.062 -132.943    354.0    904.3
     1     1    15    12    29     5     0     0   -61.0   56.892 -132.849    314.2    911.5
     1     1    15    12    29     4     0     0   -62.0   56.702 -132.708    271.4    919.2
     1     1    15    12    29     3     0     0   -63.0   56.496 -132.527    227.7    927.5
     1     1    15    12    29     2     0     0   -64.0   56.281 -132.317    185.3    934.7
     1     1    15    12    29     1     0     0   -65.0   56.070 -132.090    146.5    940.0
     1     1    15    12    29     0     0     0   -66.0   55.872 -131.856    112.6    944.9
     1     1    15    12    28    23     0     0   -67.0   55.706 -131.625     86.5    948.8
     1     1    15    12    28    22     0     0   -68.0   55.582 -131.402     68.9    949.7
     1     1    15    12    28    21     0     0   -69.0   55.492 -131.187     57.2    949.0
     1     1    15    12    28    20     0     0   -70.0   55.429 -130.979     49.4    947.5
     1     1    15    12    28    19     0     0   -71.0   55.388 -130.777     44.4    945.4
     1     1    15    12    28    18     0     0   -72.0   55.364 -130.579     41.5    942.7
