     1     1
    CDC1    16     2     1     0     0
     1 BACKWARD OMEGA   
    16     2    26    12   60.984 -139.059   750.0
     1 PRESSURE
     1     1    16     2    26    12     0     0     0.0   60.984 -139.059    750.0    799.0
     1     1    16     2    26    11     0     0    -1.0   60.654 -138.501    713.8    807.7
     1     1    16     2    26    10     0     0    -2.0   60.328 -137.941    672.0    817.3
     1     1    16     2    26     9     0     0    -3.0   60.012 -137.370    625.2    826.9
     1     1    16     2    26     8     0     0    -4.0   59.712 -136.814    578.4    839.5
     1     1    16     2    26     7     0     0    -5.0   59.430 -136.298    534.2    850.5
     1     1    16     2    26     6     0     0    -6.0   59.161 -135.812    491.8    860.8
     1     1    16     2    26     5     0     0    -7.0   58.899 -135.366    453.3    871.2
     1     1    16     2    26     4     0     0    -8.0   58.639 -134.959    420.1    880.2
     1     1    16     2    26     3     0     0    -9.0   58.386 -134.579    391.7    886.3
     1     1    16     2    26     2     0     0   -10.0   58.143 -134.215    368.1    890.8
     1     1    16     2    26     1     0     0   -11.0   57.912 -133.857    348.2    894.0
     1     1    16     2    26     0     0     0   -12.0   57.693 -133.501    331.0    896.1
     1     1    16     2    25    23     0     0   -13.0   57.475 -133.155    312.9    897.5
     1     1    16     2    25    22     0     0   -14.0   57.241 -132.829    292.5    900.5
     1     1    16     2    25    21     0     0   -15.0   56.983 -132.518    271.0    904.6
     1     1    16     2    25    20     0     0   -16.0   56.701 -132.217    248.1    908.8
     1     1    16     2    25    19     0     0   -17.0   56.399 -131.926    223.2    914.2
     1     1    16     2    25    18     0     0   -18.0   56.084 -131.639    196.2    920.6
     1     1    16     2    25    17     0     0   -19.0   55.758 -131.336    167.3    926.1
     1     1    16     2    25    16     0     0   -20.0   55.422 -130.996    137.9    931.6
     1     1    16     2    25    15     0     0   -21.0   55.082 -130.614    109.5    936.5
     1     1    16     2    25    14     0     0   -22.0   54.747 -130.196     84.5    939.5
     1     1    16     2    25    13     0     0   -23.0   54.431 -129.762     65.3    941.2
     1     1    16     2    25    12     0     0   -24.0   54.147 -129.333     52.2    941.5
     1     1    16     2    25    11     0     0   -25.0   53.901 -128.932     43.1    940.8
     1     1    16     2    25    10     0     0   -26.0   53.690 -128.572     36.3    939.9
     1     1    16     2    25     9     0     0   -27.0   53.510 -128.252     30.9    938.8
     1     1    16     2    25     8     0     0   -28.0   53.354 -127.968     26.4    937.6
     1     1    16     2    25     7     0     0   -29.0   53.219 -127.718     22.7    936.5
     1     1    16     2    25     6     0     0   -30.0   53.100 -127.499     19.5    935.5
     1     1    16     2    25     5     0     0   -31.0   52.989 -127.297     17.1    934.5
     1     1    16     2    25     4     0     0   -32.0   52.880 -127.101     15.3    933.2
     1     1    16     2    25     3     0     0   -33.0   52.773 -126.907     14.0    931.7
     1     1    16     2    25     2     0     0   -34.0   52.667 -126.715     13.1    930.0
     1     1    16     2    25     1     0     0   -35.0   52.562 -126.523     12.5    928.1
     1     1    16     2    25     0     0     0   -36.0   52.457 -126.330     12.0    926.2
     1     1    16     2    24    23     0     0   -37.0   52.355 -126.141     11.6    924.5
     1     1    16     2    24    22     0     0   -38.0   52.259 -125.963     11.2    922.8
     1     1    16     2    24    21     0     0   -39.0   52.171 -125.795     10.6    921.2
     1     1    16     2    24    20     0     0   -40.0   52.091 -125.637     10.1    919.6
     1     1    16     2    24    19     0     0   -41.0   52.019 -125.486      9.6    918.1
     1     1    16     2    24    18     0     0   -42.0   51.956 -125.342      9.0    916.4
     1     1    16     2    24    17     0     0   -43.0   51.900 -125.195      8.4    914.4
     1     1    16     2    24    16     0     0   -44.0   51.848 -125.033      7.7    912.0
     1     1    16     2    24    15     0     0   -45.0   51.800 -124.859      7.0    909.9
     1     1    16     2    24    14     0     0   -46.0   51.753 -124.676      6.3    907.7
     1     1    16     2    24    13     0     0   -47.0   51.706 -124.485      5.5    905.4
     1     1    16     2    24    12     0     0   -48.0   51.660 -124.289      4.7    903.0
     1     1    16     2    24    11     0     0   -49.0   51.619 -124.106      4.0    900.9
     1     1    16     2    24    10     0     0   -50.0   51.585 -123.952      3.6    899.0
     1     1    16     2    24     9     0     0   -51.0   51.558 -123.823      3.5    897.4
     1     1    16     2    24     8     0     0   -52.0   51.535 -123.716      3.6    896.1
     1     1    16     2    24     7     0     0   -53.0   51.516 -123.628      4.0    894.9
     1     1    16     2    24     6     0     0   -54.0   51.500 -123.558      4.6    894.0
     1     1    16     2    24     5     0     0   -55.0   51.486 -123.485      5.4    893.3
     1     1    16     2    24     4     0     0   -56.0   51.475 -123.389      6.3    892.2
     1     1    16     2    24     3     0     0   -57.0   51.467 -123.271      7.3    890.8
     1     1    16     2    24     2     0     0   -58.0   51.460 -123.131      8.4    889.1
     1     1    16     2    24     1     0     0   -59.0   51.457 -122.971      9.5    887.1
     1     1    16     2    24     0     0     0   -60.0   51.455 -122.792     10.9    884.6
     1     1    16     2    23    23     0     0   -61.0   51.459 -122.614     12.7    882.5
     1     1    16     2    23    22     0     0   -62.0   51.472 -122.452     15.0    880.6
     1     1    16     2    23    21     0     0   -63.0   51.495 -122.309     18.1    879.0
     1     1    16     2    23    20     0     0   -64.0   51.526 -122.183     22.0    877.5
     1     1    16     2    23    19     0     0   -65.0   51.565 -122.073     26.9    875.9
     1     1    16     2    23    18     0     0   -66.0   51.612 -121.978     33.0    874.3
     1     1    16     2    23    17     0     0   -67.0   51.650 -121.896     40.0    872.3
     1     1    16     2    23    16     0     0   -68.0   51.667 -121.824     47.4    870.8
     1     1    16     2    23    15     0     0   -69.0   51.664 -121.763     54.9    869.6
     1     1    16     2    23    14     0     0   -70.0   51.641 -121.713     62.3    868.8
     1     1    16     2    23    13     0     0   -71.0   51.601 -121.673     69.5    868.5
     1     1    16     2    23    12     0     0   -72.0   51.545 -121.644     76.3    868.1
