     1     1
    CDC1    15    12     1     0     0
     1 BACKWARD OMEGA   
    15    12    15    18   60.984 -139.059   750.0
     1 PRESSURE
     1     1    15    12    15    18     0     0     0.0   60.984 -139.059    750.0    809.6
     1     1    15    12    15    17     0     0    -1.0   60.962 -139.500    752.9    809.3
     1     1    15    12    15    16     0     0    -2.0   60.936 -139.950    747.0    810.5
     1     1    15    12    15    15     0     0    -3.0   60.906 -140.411    734.2    813.6
     1     1    15    12    15    14     0     0    -4.0   60.877 -140.885    716.2    817.6
     1     1    15    12    15    13     0     0    -5.0   60.851 -141.377    695.7    822.1
     1     1    15    12    15    12     0     0    -6.0   60.834 -141.892    675.9    826.6
     1     1    15    12    15    11     0     0    -7.0   60.823 -142.414    657.3    830.5
     1     1    15    12    15    10     0     0    -8.0   60.813 -142.925    639.2    835.6
     1     1    15    12    15     9     0     0    -9.0   60.808 -143.425    621.0    841.0
     1     1    15    12    15     8     0     0   -10.0   60.810 -143.918    603.1    846.0
     1     1    15    12    15     7     0     0   -11.0   60.825 -144.408    586.3    850.3
     1     1    15    12    15     6     0     0   -12.0   60.855 -144.902    571.2    854.2
     1     1    15    12    15     5     0     0   -13.0   60.888 -145.396    555.2    857.6
     1     1    15    12    15     4     0     0   -14.0   60.908 -145.883    535.3    861.9
     1     1    15    12    15     3     0     0   -15.0   60.915 -146.360    511.4    867.1
     1     1    15    12    15     2     0     0   -16.0   60.908 -146.826    483.7    873.2
     1     1    15    12    15     1     0     0   -17.0   60.884 -147.279    452.0    880.2
     1     1    15    12    15     0     0     0   -18.0   60.843 -147.721    416.5    887.3
     1     1    15    12    14    23     0     0   -19.0   60.789 -148.142    381.8    894.2
     1     1    15    12    14    22     0     0   -20.0   60.734 -148.528    353.3    899.0
     1     1    15    12    14    21     0     0   -21.0   60.677 -148.873    330.5    902.9
     1     1    15    12    14    20     0     0   -22.0   60.622 -149.177    312.6    906.2
     1     1    15    12    14    19     0     0   -23.0   60.567 -149.443    298.8    908.8
     1     1    15    12    14    18     0     0   -24.0   60.514 -149.672    288.5    910.9
     1     1    15    12    14    17     0     0   -25.0   60.458 -149.866    279.9    912.9
     1     1    15    12    14    16     0     0   -26.0   60.394 -150.028    271.1    915.1
     1     1    15    12    14    15     0     0   -27.0   60.323 -150.168    261.8    917.0
     1     1    15    12    14    14     0     0   -28.0   60.244 -150.292    251.8    919.1
     1     1    15    12    14    13     0     0   -29.0   60.158 -150.408    241.3    921.3
     1     1    15    12    14    12     0     0   -30.0   60.066 -150.523    230.3    923.7
     1     1    15    12    14    11     0     0   -31.0   59.965 -150.623    215.2    926.8
     1     1    15    12    14    10     0     0   -32.0   59.857 -150.685    193.7    931.8
     1     1    15    12    14     9     0     0   -33.0   59.744 -150.703    167.5    936.7
     1     1    15    12    14     8     0     0   -34.0   59.632 -150.668    138.8    942.2
     1     1    15    12    14     7     0     0   -35.0   59.524 -150.573    109.9    948.2
     1     1    15    12    14     6     0     0   -36.0   59.426 -150.406     82.6    954.5
     1     1    15    12    14     5     0     0   -37.0   59.331 -150.180     59.9    960.5
     1     1    15    12    14     4     0     0   -38.0   59.228 -149.925     42.5    965.7
     1     1    15    12    14     3     0     0   -39.0   59.105 -149.650     29.9    970.8
     1     1    15    12    14     2     0     0   -40.0   58.955 -149.356     21.2    976.2
     1     1    15    12    14     1     0     0   -41.0   58.778 -149.042     15.6    982.3
     1     1    15    12    14     0     0     0   -42.0   58.572 -148.700     12.1    989.1
     1     1    15    12    13    23     0     0   -43.0   58.349 -148.364      9.9    996.4
     1     1    15    12    13    22     0     0   -44.0   58.122 -148.069      8.4   1003.8
     1     1    15    12    13    21     0     0   -45.0   57.894 -147.815      7.3   1011.5
     1     1    15    12    13    20     0     0   -46.0   57.668 -147.600      6.4   1019.1
     1     1    15    12    13    19     0     0   -47.0   57.450 -147.429      5.6   1024.3
     1     1    15    12    13    18     0     0   -48.0   57.250 -147.303      4.9   1022.6
     1     1    15    12    13    17     0     0   -49.0   57.082 -147.244      4.3   1020.6
     1     1    15    12    13    16     0     0   -50.0   56.949 -147.260      4.1   1019.0
     1     1    15    12    13    15     0     0   -51.0   56.852 -147.342      4.2   1017.9
     1     1    15    12    13    14     0     0   -52.0   56.791 -147.480      4.6   1017.2
     1     1    15    12    13    13     0     0   -53.0   56.767 -147.670      5.3   1016.3
     1     1    15    12    13    12     0     0   -54.0   56.781 -147.902      6.5   1015.7
     1     1    15    12    13    11     0     0   -55.0   56.811 -148.160      7.7   1014.8
     1     1    15    12    13    10     0     0   -56.0   56.836 -148.428      8.8   1013.8
     1     1    15    12    13     9     0     0   -57.0   56.858 -148.711      9.6   1012.8
     1     1    15    12    13     8     0     0   -58.0   56.876 -149.009     10.2   1011.6
     1     1    15    12    13     7     0     0   -59.0   56.893 -149.326     10.6   1010.2
     1     1    15    12    13     6     0     0   -60.0   56.909 -149.664     10.7   1008.9
     1     1    15    12    13     5     0     0   -61.0   56.920 -150.018     10.8   1007.2
     1     1    15    12    13     4     0     0   -62.0   56.922 -150.379     11.0   1005.0
     1     1    15    12    13     3     0     0   -63.0   56.921 -150.750     11.4   1002.6
     1     1    15    12    13     2     0     0   -64.0   56.922 -151.134     11.8   1000.2
     1     1    15    12    13     1     0     0   -65.0   56.931 -151.535     12.4    997.7
     1     1    15    12    13     0     0     0   -66.0   56.953 -151.958     13.0    995.2
     1     1    15    12    12    23     0     0   -67.0   56.984 -152.393     13.7    992.7
     1     1    15    12    12    22     0     0   -68.0   57.008 -152.825     14.3    990.9
     1     1    15    12    12    21     0     0   -69.0   57.023 -153.257     14.9    989.3
     1     1    15    12    12    20     0     0   -70.0   57.029 -153.697     15.4    987.6
     1     1    15    12    12    19     0     0   -71.0   57.027 -154.155     15.7    985.8
     1     1    15    12    12    18     0     0   -72.0   57.021 -154.641     16.0    983.8
