     1     1
    CDC1    15    11     1     0     0
     1 BACKWARD OMEGA   
    15    11    12    12   60.984 -139.059   750.0
     1 PRESSURE
     1     1    15    11    12    12     0     0     0.0   60.984 -139.059    750.0    782.7
     1     1    15    11    12    11     0     0    -1.0   60.658 -138.694    652.9    798.2
     1     1    15    11    12    10     0     0    -2.0   60.311 -138.307    544.3    816.0
     1     1    15    11    12     9     0     0    -3.0   59.942 -137.883    424.0    836.9
     1     1    15    11    12     8     0     0    -4.0   59.580 -137.437    309.0    863.8
     1     1    15    11    12     7     0     0    -5.0   59.259 -136.982    218.2    885.5
     1     1    15    11    12     6     0     0    -6.0   58.985 -136.511    152.1    900.4
     1     1    15    11    12     5     0     0    -7.0   58.757 -136.068    106.7    912.1
     1     1    15    11    12     4     0     0    -8.0   58.563 -135.689     77.1    920.9
     1     1    15    11    12     3     0     0    -9.0   58.392 -135.379     57.2    927.1
     1     1    15    11    12     2     0     0   -10.0   58.235 -135.140     43.3    933.0
     1     1    15    11    12     1     0     0   -11.0   58.089 -134.973     33.7    938.4
     1     1    15    11    12     0     0     0   -12.0   57.950 -134.882     27.4    943.2
     1     1    15    11    11    23     0     0   -13.0   57.817 -134.843     22.8    946.9
     1     1    15    11    11    22     0     0   -14.0   57.693 -134.836     19.0    950.9
     1     1    15    11    11    21     0     0   -15.0   57.577 -134.864     15.9    955.2
     1     1    15    11    11    20     0     0   -16.0   57.468 -134.933     13.2    959.6
     1     1    15    11    11    19     0     0   -17.0   57.367 -135.052     11.1    963.6
     1     1    15    11    11    18     0     0   -18.0   57.279 -135.233      9.3    967.2
     1     1    15    11    11    17     0     0   -19.0   57.206 -135.479      7.6    970.3
     1     1    15    11    11    16     0     0   -20.0   57.150 -135.785      5.9    973.6
     1     1    15    11    11    15     0     0   -21.0   57.110 -136.160      4.2    977.0
     1     1    15    11    11    14     0     0   -22.0   57.086 -136.615      2.6    980.6
     1     1    15    11    11    13     0     0   -23.0   57.077 -137.164      1.1    984.6
     1     1    15    11    11    12     0     0   -24.0   57.082 -137.814      0.0    988.1
     1     1    15    11    11    11     0     0   -25.0   57.092 -138.528      0.0    990.0
     1     1    15    11    11    10     0     0   -26.0   57.110 -139.270      0.0    991.9
     1     1    15    11    11     9     0     0   -27.0   57.140 -140.043      0.0    994.0
     1     1    15    11    11     8     0     0   -28.0   57.186 -140.821      0.0    997.2
     1     1    15    11    11     7     0     0   -29.0   57.249 -141.586      0.2   1000.5
     1     1    15    11    11     6     0     0   -30.0   57.333 -142.341      1.2   1004.0
     1     1    15    11    11     5     0     0   -31.0   57.431 -143.106      1.9   1008.4
     1     1    15    11    11     4     0     0   -32.0   57.533 -143.901      1.6   1012.1
     1     1    15    11    11     3     0     0   -33.0   57.637 -144.721      1.2   1013.3
     1     1    15    11    11     2     0     0   -34.0   57.738 -145.558      1.0   1012.4
     1     1    15    11    11     1     0     0   -35.0   57.830 -146.404      1.0   1011.1
     1     1    15    11    11     0     0     0   -36.0   57.910 -147.258      0.9   1010.7
     1     1    15    11    10    23     0     0   -37.0   57.980 -148.095      0.9   1006.9
     1     1    15    11    10    22     0     0   -38.0   58.043 -148.886      1.1   1002.4
     1     1    15    11    10    21     0     0   -39.0   58.093 -149.632      1.2    998.7
     1     1    15    11    10    20     0     0   -40.0   58.127 -150.338      1.4    994.9
     1     1    15    11    10    19     0     0   -41.0   58.147 -151.004      1.4    990.7
     1     1    15    11    10    18     0     0   -42.0   58.151 -151.633      1.4    986.8
     1     1    15    11    10    17     0     0   -43.0   58.142 -152.220      1.4    983.6
     1     1    15    11    10    16     0     0   -44.0   58.124 -152.762      1.3    981.6
     1     1    15    11    10    15     0     0   -45.0   58.100 -153.265      1.2    980.5
     1     1    15    11    10    14     0     0   -46.0   58.067 -153.731      1.0    979.7
     1     1    15    11    10    13     0     0   -47.0   58.022 -154.162      0.7    979.0
     1     1    15    11    10    12     0     0   -48.0   57.961 -154.559      0.3    978.6
     1     1    15    11    10    11     0     0   -49.0   57.891 -154.929      0.0    978.3
     1     1    15    11    10    10     0     0   -50.0   57.820 -155.291      0.0    979.0
     1     1    15    11    10     9     0     0   -51.0   57.752 -155.655      0.0    979.7
     1     1    15    11    10     8     0     0   -52.0   57.686 -156.024      0.0    980.3
     1     1    15    11    10     7     0     0   -53.0   57.621 -156.399      0.0    980.8
     1     1    15    11    10     6     0     0   -54.0   57.553 -156.781      0.0    981.2
     1     1    15    11    10     5     0     0   -55.0   57.473 -157.166      0.0    982.2
     1     1    15    11    10     4     0     0   -56.0   57.373 -157.547      0.0    983.2
     1     1    15    11    10     3     0     0   -57.0   57.254 -157.932      0.0    984.6
     1     1    15    11    10     2     0     0   -58.0   57.119 -158.330      0.0    986.0
     1     1    15    11    10     1     0     0   -59.0   56.968 -158.743      0.0    987.2
     1     1    15    11    10     0     0     0   -60.0   56.806 -159.172      0.0    988.3
     1     1    15    11     9    23     0     0   -61.0   56.650 -159.619      0.0    990.1
     1     1    15    11     9    22     0     0   -62.0   56.510 -160.076      0.0    991.9
     1     1    15    11     9    21     0     0   -63.0   56.375 -160.528      0.0    993.6
     1     1    15    11     9    20     0     0   -64.0   56.237 -160.965      0.0    995.0
     1     1    15    11     9    19     0     0   -65.0   56.089 -161.374      0.0    996.2
     1     1    15    11     9    18     0     0   -66.0   55.927 -161.742      0.0    997.1
     1     1    15    11     9    17     0     0   -67.0   55.758 -162.111      0.0    997.5
     1     1    15    11     9    16     0     0   -68.0   55.590 -162.522      0.0    997.8
     1     1    15    11     9    15     0     0   -69.0   55.427 -162.973      0.0    998.4
     1     1    15    11     9    14     0     0   -70.0   55.270 -163.464      0.0    998.9
     1     1    15    11     9    13     0     0   -71.0   55.113 -163.986      0.0    999.6
     1     1    15    11     9    12     0     0   -72.0   54.947 -164.536      0.0   1000.5
