     1     1
    CDC1    16     3     1     0     0
     1 BACKWARD OMEGA   
    16     3    15     6   60.984 -139.059   750.0
     1 PRESSURE
     1     1    16     3    15     6     0     0     0.0   60.984 -139.059    750.0    797.5
     1     1    16     3    15     5     0     0    -1.0   60.950 -138.914    766.8    796.1
     1     1    16     3    15     4     0     0    -2.0   60.912 -138.779    787.0    794.2
     1     1    16     3    15     3     0     0    -3.0   60.871 -138.653    810.8    792.1
     1     1    16     3    15     2     0     0    -4.0   60.827 -138.537    838.5    789.7
     1     1    16     3    15     1     0     0    -5.0   60.779 -138.429    870.1    787.1
     1     1    16     3    15     0     0     0    -6.0   60.727 -138.329    905.9    784.0
     1     1    16     3    14    23     0     0    -7.0   60.675 -138.228    941.0    780.0
     1     1    16     3    14    22     0     0    -8.0   60.625 -138.114    971.2    777.1
     1     1    16     3    14    21     0     0    -9.0   60.575 -137.989    996.0    774.7
     1     1    16     3    14    20     0     0   -10.0   60.527 -137.852   1015.1    772.9
     1     1    16     3    14    19     0     0   -11.0   60.479 -137.703   1028.7    771.7
     1     1    16     3    14    18     0     0   -12.0   60.431 -137.542   1036.6    770.9
     1     1    16     3    14    17     0     0   -13.0   60.380 -137.374   1041.4    770.9
     1     1    16     3    14    16     0     0   -14.0   60.326 -137.206   1045.9    770.6
     1     1    16     3    14    15     0     0   -15.0   60.270 -137.037   1049.8    770.3
     1     1    16     3    14    14     0     0   -16.0   60.210 -136.867   1053.2    770.2
     1     1    16     3    14    13     0     0   -17.0   60.150 -136.696   1056.0    770.0
     1     1    16     3    14    12     0     0   -18.0   60.089 -136.524   1058.1    769.9
     1     1    16     3    14    11     0     0   -19.0   60.033 -136.340   1062.0    769.9
     1     1    16     3    14    10     0     0   -20.0   59.987 -136.134   1070.1    769.2
     1     1    16     3    14     9     0     0   -21.0   59.949 -135.907   1082.3    768.1
     1     1    16     3    14     8     0     0   -22.0   59.919 -135.660   1098.6    766.2
     1     1    16     3    14     7     0     0   -23.0   59.895 -135.392   1119.3    763.7
     1     1    16     3    14     6     0     0   -24.0   59.876 -135.106   1144.4    760.5
     1     1    16     3    14     5     0     0   -25.0   59.856 -134.819   1170.9    756.8
     1     1    16     3    14     4     0     0   -26.0   59.829 -134.549   1193.7    753.7
     1     1    16     3    14     3     0     0   -27.0   59.795 -134.295   1213.1    751.2
     1     1    16     3    14     2     0     0   -28.0   59.755 -134.053   1229.0    749.1
     1     1    16     3    14     1     0     0   -29.0   59.710 -133.820   1241.2    747.5
     1     1    16     3    14     0     0     0   -30.0   59.660 -133.593   1249.9    746.2
     1     1    16     3    13    23     0     0   -31.0   59.599 -133.363   1259.2    745.4
     1     1    16     3    13    22     0     0   -32.0   59.520 -133.118   1272.9    743.8
     1     1    16     3    13    21     0     0   -33.0   59.420 -132.858   1291.5    741.8
     1     1    16     3    13    20     0     0   -34.0   59.298 -132.584   1315.3    739.3
     1     1    16     3    13    19     0     0   -35.0   59.153 -132.297   1344.4    736.4
     1     1    16     3    13    18     0     0   -36.0   58.984 -132.002   1378.4    732.8
     1     1    16     3    13    17     0     0   -37.0   58.794 -131.701   1409.7    728.7
     1     1    16     3    13    16     0     0   -38.0   58.587 -131.399   1431.6    725.8
     1     1    16     3    13    15     0     0   -39.0   58.363 -131.093   1443.9    723.5
     1     1    16     3    13    14     0     0   -40.0   58.123 -130.784   1446.6    721.5
     1     1    16     3    13    13     0     0   -41.0   57.868 -130.469   1439.8    719.9
     1     1    16     3    13    12     0     0   -42.0   57.597 -130.148   1424.0    718.2
     1     1    16     3    13    11     0     0   -43.0   57.313 -129.831   1409.8    721.0
     1     1    16     3    13    10     0     0   -44.0   57.021 -129.532   1403.4    724.9
     1     1    16     3    13     9     0     0   -45.0   56.724 -129.253   1402.1    728.1
     1     1    16     3    13     8     0     0   -46.0   56.423 -128.993   1404.9    730.9
     1     1    16     3    13     7     0     0   -47.0   56.121 -128.752   1411.1    733.2
     1     1    16     3    13     6     0     0   -48.0   55.819 -128.532   1420.1    735.0
     1     1    16     3    13     5     0     0   -49.0   55.510 -128.328   1423.9    736.6
     1     1    16     3    13     4     0     0   -50.0   55.185 -128.139   1413.1    740.5
     1     1    16     3    13     3     0     0   -51.0   54.843 -127.970   1387.8    746.0
     1     1    16     3    13     2     0     0   -52.0   54.480 -127.824   1349.5    753.3
     1     1    16     3    13     1     0     0   -53.0   54.097 -127.704   1301.4    762.3
     1     1    16     3    13     0     0     0   -54.0   53.690 -127.605   1246.3    772.6
     1     1    16     3    12    23     0     0   -55.0   53.268 -127.538   1187.3    783.1
     1     1    16     3    12    22     0     0   -56.0   52.844 -127.514   1127.3    794.2
     1     1    16     3    12    21     0     0   -57.0   52.418 -127.540   1064.4    806.6
     1     1    16     3    12    20     0     0   -58.0   51.997 -127.613    998.4    820.2
     1     1    16     3    12    19     0     0   -59.0   51.587 -127.728    929.9    835.0
     1     1    16     3    12    18     0     0   -60.0   51.185 -127.882    859.6    849.8
     1     1    16     3    12    17     0     0   -61.0   50.791 -128.034    793.8    864.4
     1     1    16     3    12    16     0     0   -62.0   50.404 -128.158    737.2    876.7
     1     1    16     3    12    15     0     0   -63.0   50.028 -128.266    690.1    887.6
     1     1    16     3    12    14     0     0   -64.0   49.670 -128.368    653.3    896.9
     1     1    16     3    12    13     0     0   -65.0   49.331 -128.473    626.8    904.1
     1     1    16     3    12    12     0     0   -66.0   49.010 -128.590    609.8    909.4
     1     1    16     3    12    11     0     0   -67.0   48.696 -128.729    594.3    914.6
     1     1    16     3    12    10     0     0   -68.0   48.380 -128.902    573.7    920.7
     1     1    16     3    12     9     0     0   -69.0   48.060 -129.115    548.6    926.7
     1     1    16     3    12     8     0     0   -70.0   47.737 -129.373    519.8    932.4
     1     1    16     3    12     7     0     0   -71.0   47.413 -129.682    488.0    936.9
     1     1    16     3    12     6     0     0   -72.0   47.094 -130.042    453.9    939.2
