     1     1
    CDC1    16     1     1     0     0
     1 BACKWARD OMEGA   
    16     1    18    12   60.984 -139.059   750.0
     1 PRESSURE
     1     1    16     1    18    12     0     0     0.0   60.984 -139.059    750.0    794.0
     1     1    16     1    18    11     0     0    -1.0   60.718 -138.572    710.6    801.3
     1     1    16     1    18    10     0     0    -2.0   60.449 -138.040    670.0    808.9
     1     1    16     1    18     9     0     0    -3.0   60.171 -137.448    629.4    816.6
     1     1    16     1    18     8     0     0    -4.0   59.888 -136.800    591.9    824.9
     1     1    16     1    18     7     0     0    -5.0   59.602 -136.128    560.2    833.8
     1     1    16     1    18     6     0     0    -6.0   59.309 -135.451    533.4    841.6
     1     1    16     1    18     5     0     0    -7.0   59.007 -134.783    507.7    847.9
     1     1    16     1    18     4     0     0    -8.0   58.699 -134.131    480.7    851.3
     1     1    16     1    18     3     0     0    -9.0   58.384 -133.478    451.9    853.8
     1     1    16     1    18     2     0     0   -10.0   58.055 -132.805    419.9    855.5
     1     1    16     1    18     1     0     0   -11.0   57.704 -132.108    383.9    855.6
     1     1    16     1    18     0     0     0   -12.0   57.324 -131.403    344.2    855.0
     1     1    16     1    17    23     0     0   -13.0   56.929 -130.739    305.1    856.3
     1     1    16     1    17    22     0     0   -14.0   56.540 -130.123    271.5    857.6
     1     1    16     1    17    21     0     0   -15.0   56.178 -129.555    245.4    861.1
     1     1    16     1    17    20     0     0   -16.0   55.848 -129.046    226.5    863.6
     1     1    16     1    17    19     0     0   -17.0   55.534 -128.586    213.0    865.3
     1     1    16     1    17    18     0     0   -18.0   55.219 -128.158    204.1    866.5
     1     1    16     1    17    17     0     0   -19.0   54.895 -127.756    197.7    868.1
     1     1    16     1    17    16     0     0   -20.0   54.567 -127.378    192.0    870.4
     1     1    16     1    17    15     0     0   -21.0   54.242 -127.013    186.6    873.8
     1     1    16     1    17    14     0     0   -22.0   53.919 -126.654    180.7    876.0
     1     1    16     1    17    13     0     0   -23.0   53.597 -126.302    173.5    877.3
     1     1    16     1    17    12     0     0   -24.0   53.277 -125.963    164.5    877.9
     1     1    16     1    17    11     0     0   -25.0   52.978 -125.661    153.6    877.8
     1     1    16     1    17    10     0     0   -26.0   52.718 -125.417    141.2    877.4
     1     1    16     1    17     9     0     0   -27.0   52.498 -125.226    127.7    877.1
     1     1    16     1    17     8     0     0   -28.0   52.314 -125.077    113.3    879.1
     1     1    16     1    17     7     0     0   -29.0   52.154 -124.960     97.5    881.8
     1     1    16     1    17     6     0     0   -30.0   52.008 -124.867     79.6    885.3
     1     1    16     1    17     5     0     0   -31.0   51.862 -124.781     61.0    888.3
     1     1    16     1    17     4     0     0   -32.0   51.712 -124.686     43.4    890.8
     1     1    16     1    17     3     0     0   -33.0   51.560 -124.587     27.8    893.2
     1     1    16     1    17     2     0     0   -34.0   51.408 -124.484     14.9    895.6
     1     1    16     1    17     1     0     0   -35.0   51.252 -124.382      3.1    896.8
     1     1    16     1    17     0     0     0   -36.0   51.089 -124.288      0.0    897.5
     1     1    16     1    16    23     0     0   -37.0   50.925 -124.179      0.0    897.8
     1     1    16     1    16    22     0     0   -38.0   50.763 -124.027      0.0    897.3
     1     1    16     1    16    21     0     0   -39.0   50.604 -123.826      0.0    896.0
     1     1    16     1    16    20     0     0   -40.0   50.445 -123.573      0.0    893.9
     1     1    16     1    16    19     0     0   -41.0   50.290 -123.264      0.0    890.8
     1     1    16     1    16    18     0     0   -42.0   50.140 -122.896      0.0    886.7
     1     1    16     1    16    17     0     0   -43.0   50.012 -122.486      0.0    882.3
     1     1    16     1    16    16     0     0   -44.0   49.913 -122.083      0.0    880.8
     1     1    16     1    16    15     0     0   -45.0   49.835 -121.715      0.0    879.4
     1     1    16     1    16    14     0     0   -46.0   49.775 -121.385      0.0    877.9
     1     1    16     1    16    13     0     0   -47.0   49.730 -121.095      0.0    876.4
     1     1    16     1    16    12     0     0   -48.0   49.699 -120.848      0.0    875.0
     1     1    16     1    16    11     0     0   -49.0   49.670 -120.646      0.0    874.2
     1     1    16     1    16    10     0     0   -50.0   49.631 -120.487      0.0    874.0
     1     1    16     1    16     9     0     0   -51.0   49.581 -120.364      0.0    874.6
     1     1    16     1    16     8     0     0   -52.0   49.521 -120.271      0.0    875.8
     1     1    16     1    16     7     0     0   -53.0   49.450 -120.205      0.0    877.7
     1     1    16     1    16     6     0     0   -54.0   49.369 -120.163      0.0    880.3
     1     1    16     1    16     5     0     0   -55.0   49.286 -120.131      0.0    883.0
     1     1    16     1    16     4     0     0   -56.0   49.210 -120.098      0.0    885.6
     1     1    16     1    16     3     0     0   -57.0   49.141 -120.064      0.0    887.8
     1     1    16     1    16     2     0     0   -58.0   49.079 -120.028      0.0    889.9
     1     1    16     1    16     1     0     0   -59.0   49.023 -119.989      0.0    891.7
     1     1    16     1    16     0     0     0   -60.0   48.973 -119.948      0.0    893.2
     1     1    16     1    15    23     0     0   -61.0   48.928 -119.912      0.0    894.1
     1     1    16     1    15    22     0     0   -62.0   48.883 -119.893      0.0    895.1
     1     1    16     1    15    21     0     0   -63.0   48.840 -119.887      0.0    896.2
     1     1    16     1    15    20     0     0   -64.0   48.797 -119.895      0.0    897.5
     1     1    16     1    15    19     0     0   -65.0   48.756 -119.917      0.0    898.9
     1     1    16     1    15    18     0     0   -66.0   48.716 -119.950      0.0    900.3
     1     1    16     1    15    17     0     0   -67.0   48.676 -119.981      0.0    901.8
     1     1    16     1    15    16     0     0   -68.0   48.630 -119.998      0.0    903.2
     1     1    16     1    15    15     0     0   -69.0   48.579 -120.001      0.0    904.6
     1     1    16     1    15    14     0     0   -70.0   48.522 -119.990      0.0    906.0
     1     1    16     1    15    13     0     0   -71.0   48.460 -119.966      0.0    907.4
     1     1    16     1    15    12     0     0   -72.0   48.393 -119.928      0.0    908.8
