     1     1
    CDC1    16     2     1     0     0
     1 BACKWARD OMEGA   
    16     2    21    18   60.984 -139.059   750.0
     1 PRESSURE
     1     1    16     2    21    18     0     0     0.0   60.984 -139.059    750.0    805.2
     1     1    16     2    21    17     0     0    -1.0   60.392 -138.298    691.4    818.8
     1     1    16     2    21    16     0     0    -2.0   59.830 -137.470    610.1    839.2
     1     1    16     2    21    15     0     0    -3.0   59.318 -136.646    526.2    861.7
     1     1    16     2    21    14     0     0    -4.0   58.855 -135.854    451.8    879.9
     1     1    16     2    21    13     0     0    -5.0   58.419 -135.046    385.4    896.3
     1     1    16     2    21    12     0     0    -6.0   57.991 -134.211    328.8    903.7
     1     1    16     2    21    11     0     0    -7.0   57.556 -133.392    285.1    907.3
     1     1    16     2    21    10     0     0    -8.0   57.111 -132.638    252.8    909.9
     1     1    16     2    21     9     0     0    -9.0   56.679 -131.974    231.4    911.6
     1     1    16     2    21     8     0     0   -10.0   56.264 -131.387    221.3    912.4
     1     1    16     2    21     7     0     0   -11.0   55.842 -130.849    221.4    913.1
     1     1    16     2    21     6     0     0   -12.0   55.388 -130.327    231.0    913.9
     1     1    16     2    21     5     0     0   -13.0   54.908 -129.820    247.5    913.9
     1     1    16     2    21     4     0     0   -14.0   54.453 -129.375    265.5    913.1
     1     1    16     2    21     3     0     0   -15.0   54.037 -129.004    282.5    913.2
     1     1    16     2    21     2     0     0   -16.0   53.639 -128.682    298.7    913.6
     1     1    16     2    21     1     0     0   -17.0   53.248 -128.397    313.5    914.7
     1     1    16     2    21     0     0     0   -18.0   52.855 -128.140    325.9    916.5
     1     1    16     2    20    23     0     0   -19.0   52.465 -127.908    336.5    917.7
     1     1    16     2    20    22     0     0   -20.0   52.089 -127.710    346.2    918.3
     1     1    16     2    20    21     0     0   -21.0   51.735 -127.555    354.6    919.8
     1     1    16     2    20    20     0     0   -22.0   51.403 -127.436    361.4    921.9
     1     1    16     2    20    19     0     0   -23.0   51.093 -127.348    366.4    924.6
     1     1    16     2    20    18     0     0   -24.0   50.802 -127.286    369.6    927.7
     1     1    16     2    20    17     0     0   -25.0   50.531 -127.254    369.5    930.7
     1     1    16     2    20    16     0     0   -26.0   50.279 -127.258    364.9    934.7
     1     1    16     2    20    15     0     0   -27.0   50.044 -127.303    357.2    939.5
     1     1    16     2    20    14     0     0   -28.0   49.827 -127.394    347.7    945.3
     1     1    16     2    20    13     0     0   -29.0   49.627 -127.533    337.4    951.4
     1     1    16     2    20    12     0     0   -30.0   49.440 -127.722    326.3    957.0
     1     1    16     2    20    11     0     0   -31.0   49.254 -127.951    313.7    962.0
     1     1    16     2    20    10     0     0   -32.0   49.066 -128.210    299.9    967.1
     1     1    16     2    20     9     0     0   -33.0   48.878 -128.503    285.4    972.1
     1     1    16     2    20     8     0     0   -34.0   48.695 -128.831    270.9    976.9
     1     1    16     2    20     7     0     0   -35.0   48.520 -129.198    257.5    981.2
     1     1    16     2    20     6     0     0   -36.0   48.358 -129.607    246.2    984.9
     1     1    16     2    20     5     0     0   -37.0   48.206 -130.058    238.1    986.3
     1     1    16     2    20     4     0     0   -38.0   48.059 -130.548    233.9    985.0
     1     1    16     2    20     3     0     0   -39.0   47.920 -131.086    234.1    982.9
     1     1    16     2    20     2     0     0   -40.0   47.802 -131.689    239.4    980.0
     1     1    16     2    20     1     0     0   -41.0   47.718 -132.376    250.5    976.3
     1     1    16     2    20     0     0     0   -42.0   47.675 -133.146    267.3    972.5
     1     1    16     2    19    23     0     0   -43.0   47.657 -133.941    287.6    968.3
     1     1    16     2    19    22     0     0   -44.0   47.654 -134.721    310.5    964.2
     1     1    16     2    19    21     0     0   -45.0   47.672 -135.485    335.6    960.3
     1     1    16     2    19    20     0     0   -46.0   47.715 -136.228    362.6    956.6
     1     1    16     2    19    19     0     0   -47.0   47.796 -136.958    392.4    952.6
     1     1    16     2    19    18     0     0   -48.0   47.924 -137.686    424.9    947.4
     1     1    16     2    19    17     0     0   -49.0   48.064 -138.400    453.8    942.1
     1     1    16     2    19    16     0     0   -50.0   48.189 -139.093    475.2    939.3
     1     1    16     2    19    15     0     0   -51.0   48.314 -139.776    491.3    937.6
     1     1    16     2    19    14     0     0   -52.0   48.442 -140.457    503.8    936.1
     1     1    16     2    19    13     0     0   -53.0   48.572 -141.142    514.6    934.9
     1     1    16     2    19    12     0     0   -54.0   48.709 -141.842    526.0    934.0
     1     1    16     2    19    11     0     0   -55.0   48.850 -142.537    538.0    932.9
     1     1    16     2    19    10     0     0   -56.0   48.982 -143.201    548.6    929.9
     1     1    16     2    19     9     0     0   -57.0   49.108 -143.848    557.5    927.6
     1     1    16     2    19     8     0     0   -58.0   49.242 -144.495    564.7    925.6
     1     1    16     2    19     7     0     0   -59.0   49.393 -145.160    570.2    924.2
     1     1    16     2    19     6     0     0   -60.0   49.571 -145.852    574.9    923.1
     1     1    16     2    19     5     0     0   -61.0   49.769 -146.581    579.9    921.6
     1     1    16     2    19     4     0     0   -62.0   49.982 -147.358    585.1    919.9
     1     1    16     2    19     3     0     0   -63.0   50.213 -148.172    590.3    920.3
     1     1    16     2    19     2     0     0   -64.0   50.465 -149.002    594.9    921.4
     1     1    16     2    19     1     0     0   -65.0   50.753 -149.856    599.1    922.7
     1     1    16     2    19     0     0     0   -66.0   51.080 -150.731    604.3    923.7
     1     1    16     2    18    23     0     0   -67.0   51.435 -151.607    611.2    924.4
     1     1    16     2    18    22     0     0   -68.0   51.811 -152.486    616.8    925.4
     1     1    16     2    18    21     0     0   -69.0   52.204 -153.363    620.0    924.6
     1     1    16     2    18    20     0     0   -70.0   52.615 -154.226    620.8    923.7
     1     1    16     2    18    19     0     0   -71.0   53.055 -155.063    618.1    922.0
     1     1    16     2    18    18     0     0   -72.0   53.519 -155.854    611.7    922.2
