     1     1
    CDC1    15    12     1     0     0
     1 BACKWARD OMEGA   
    15    12    22     6   60.984 -139.059   750.0
     1 PRESSURE
     1     1    15    12    22     6     0     0     0.0   60.984 -139.059    750.0    784.0
     1     1    15    12    22     5     0     0    -1.0   60.853 -139.018    743.6    787.0
     1     1    15    12    22     4     0     0    -2.0   60.721 -138.997    736.0    790.2
     1     1    15    12    22     3     0     0    -3.0   60.590 -138.994    727.3    793.6
     1     1    15    12    22     2     0     0    -4.0   60.459 -139.010    717.7    797.1
     1     1    15    12    22     1     0     0    -5.0   60.329 -139.047    707.4    800.6
     1     1    15    12    22     0     0     0    -6.0   60.200 -139.104    696.9    804.2
     1     1    15    12    21    23     0     0    -7.0   60.071 -139.151    686.5    807.7
     1     1    15    12    21    22     0     0    -8.0   59.941 -139.154    675.4    812.2
     1     1    15    12    21    21     0     0    -9.0   59.814 -139.116    663.6    817.8
     1     1    15    12    21    20     0     0   -10.0   59.694 -139.040    650.6    823.1
     1     1    15    12    21    19     0     0   -11.0   59.582 -138.928    636.0    828.3
     1     1    15    12    21    18     0     0   -12.0   59.477 -138.777    619.4    833.4
     1     1    15    12    21    17     0     0   -13.0   59.379 -138.608    601.1    838.1
     1     1    15    12    21    16     0     0   -14.0   59.285 -138.440    582.0    842.5
     1     1    15    12    21    15     0     0   -15.0   59.194 -138.272    562.4    846.9
     1     1    15    12    21    14     0     0   -16.0   59.105 -138.104    542.3    851.3
     1     1    15    12    21    13     0     0   -17.0   59.015 -137.935    522.1    855.7
     1     1    15    12    21    12     0     0   -18.0   58.923 -137.765    501.8    860.3
     1     1    15    12    21    11     0     0   -19.0   58.828 -137.587    481.9    864.7
     1     1    15    12    21    10     0     0   -20.0   58.728 -137.399    462.7    869.0
     1     1    15    12    21     9     0     0   -21.0   58.622 -137.206    444.3    873.0
     1     1    15    12    21     8     0     0   -22.0   58.509 -137.010    426.7    877.1
     1     1    15    12    21     7     0     0   -23.0   58.387 -136.815    409.7    881.3
     1     1    15    12    21     6     0     0   -24.0   58.256 -136.621    393.2    885.8
     1     1    15    12    21     5     0     0   -25.0   58.116 -136.448    374.8    890.6
     1     1    15    12    21     4     0     0   -26.0   57.974 -136.307    352.4    895.9
     1     1    15    12    21     3     0     0   -27.0   57.829 -136.194    326.3    901.9
     1     1    15    12    21     2     0     0   -28.0   57.684 -136.103    296.8    908.5
     1     1    15    12    21     1     0     0   -29.0   57.539 -136.033    264.4    915.7
     1     1    15    12    21     0     0     0   -30.0   57.393 -135.983    229.8    922.5
     1     1    15    12    20    23     0     0   -31.0   57.240 -135.947    196.0    929.4
     1     1    15    12    20    22     0     0   -32.0   57.074 -135.913    165.2    935.1
     1     1    15    12    20    21     0     0   -33.0   56.894 -135.882    138.0    940.8
     1     1    15    12    20    20     0     0   -34.0   56.703 -135.867    114.5    946.8
     1     1    15    12    20    19     0     0   -35.0   56.502 -135.878     94.7    952.9
     1     1    15    12    20    18     0     0   -36.0   56.291 -135.927     78.4    959.0
     1     1    15    12    20    17     0     0   -37.0   56.073 -136.031     66.0    964.2
     1     1    15    12    20    16     0     0   -38.0   55.846 -136.212     57.5    969.2
     1     1    15    12    20    15     0     0   -39.0   55.609 -136.484     51.5    974.1
     1     1    15    12    20    14     0     0   -40.0   55.359 -136.866     47.3    978.8
     1     1    15    12    20    13     0     0   -41.0   55.092 -137.381     44.1    983.2
     1     1    15    12    20    12     0     0   -42.0   54.818 -138.032     41.4    983.0
     1     1    15    12    20    11     0     0   -43.0   54.564 -138.793     38.9    980.9
     1     1    15    12    20    10     0     0   -44.0   54.338 -139.642     36.5    979.3
     1     1    15    12    20     9     0     0   -45.0   54.139 -140.569     34.0    978.9
     1     1    15    12    20     8     0     0   -46.0   53.971 -141.569     31.7    979.5
     1     1    15    12    20     7     0     0   -47.0   53.830 -142.635     29.3    980.2
     1     1    15    12    20     6     0     0   -48.0   53.711 -143.758     27.0    980.6
     1     1    15    12    20     5     0     0   -49.0   53.611 -144.936     24.9    981.2
     1     1    15    12    20     4     0     0   -50.0   53.532 -146.152     23.2    981.7
     1     1    15    12    20     3     0     0   -51.0   53.472 -147.381     21.9    982.0
     1     1    15    12    20     2     0     0   -52.0   53.423 -148.600     21.0    983.6
     1     1    15    12    20     1     0     0   -53.0   53.379 -149.789     20.5    984.9
     1     1    15    12    20     0     0     0   -54.0   53.338 -150.960     19.9    987.3
     1     1    15    12    19    23     0     0   -55.0   53.312 -152.112     19.2    989.6
     1     1    15    12    19    22     0     0   -56.0   53.305 -153.221     18.6    990.4
     1     1    15    12    19    21     0     0   -57.0   53.306 -154.279     18.4    990.4
     1     1    15    12    19    20     0     0   -58.0   53.308 -155.290     18.6    990.2
     1     1    15    12    19    19     0     0   -59.0   53.302 -156.263     18.9    989.4
     1     1    15    12    19    18     0     0   -60.0   53.281 -157.198     19.0    988.4
     1     1    15    12    19    17     0     0   -61.0   53.241 -158.101     19.1    987.8
     1     1    15    12    19    16     0     0   -62.0   53.175 -158.987     19.2    987.5
     1     1    15    12    19    15     0     0   -63.0   53.084 -159.866     19.3    987.6
     1     1    15    12    19    14     0     0   -64.0   52.973 -160.749     19.4    987.7
     1     1    15    12    19    13     0     0   -65.0   52.846 -161.639     19.5    987.9
     1     1    15    12    19    12     0     0   -66.0   52.705 -162.531     19.7    988.1
     1     1    15    12    19    11     0     0   -67.0   52.562 -163.407     20.0    987.3
     1     1    15    12    19    10     0     0   -68.0   52.425 -164.262     20.5    986.4
     1     1    15    12    19     9     0     0   -69.0   52.298 -165.114     21.2    985.6
     1     1    15    12    19     8     0     0   -70.0   52.177 -165.973     22.0    985.3
     1     1    15    12    19     7     0     0   -71.0   52.059 -166.847     22.8    984.8
     1     1    15    12    19     6     0     0   -72.0   51.937 -167.732     23.3    984.5
