     1     1
    CDC1    15    11     1     0     0
     1 BACKWARD OMEGA   
    15    11     5    12   60.984 -139.059   750.0
     1 PRESSURE
     1     1    15    11     5    12     0     0     0.0   60.984 -139.059    750.0    809.4
     1     1    15    11     5    11     0     0    -1.0   60.857 -139.147    733.9    813.7
     1     1    15    11     5    10     0     0    -2.0   60.740 -139.210    722.1    817.4
     1     1    15    11     5     9     0     0    -3.0   60.634 -139.249    716.1    820.2
     1     1    15    11     5     8     0     0    -4.0   60.541 -139.268    717.3    821.9
     1     1    15    11     5     7     0     0    -5.0   60.463 -139.270    727.1    822.5
     1     1    15    11     5     6     0     0    -6.0   60.401 -139.260    746.4    821.7
     1     1    15    11     5     5     0     0    -7.0   60.364 -139.266    772.2    819.0
     1     1    15    11     5     4     0     0    -8.0   60.355 -139.315    800.0    816.1
     1     1    15    11     5     3     0     0    -9.0   60.374 -139.410    830.3    812.6
     1     1    15    11     5     2     0     0   -10.0   60.420 -139.550    863.3    808.6
     1     1    15    11     5     1     0     0   -11.0   60.492 -139.733    900.0    803.8
     1     1    15    11     5     0     0     0   -12.0   60.593 -139.957    941.6    797.8
     1     1    15    11     4    23     0     0   -13.0   60.712 -140.210    986.6    790.9
     1     1    15    11     4    22     0     0   -14.0   60.840 -140.479   1033.1    784.2
     1     1    15    11     4    21     0     0   -15.0   60.977 -140.766   1081.4    777.4
     1     1    15    11     4    20     0     0   -16.0   61.127 -141.069   1132.2    770.2
     1     1    15    11     4    19     0     0   -17.0   61.291 -141.391   1186.6    762.6
     1     1    15    11     4    18     0     0   -18.0   61.472 -141.730   1245.7    754.3
     1     1    15    11     4    17     0     0   -19.0   61.658 -142.075   1307.2    745.0
     1     1    15    11     4    16     0     0   -20.0   61.838 -142.414   1366.1    736.2
     1     1    15    11     4    15     0     0   -21.0   62.009 -142.742   1420.8    728.6
     1     1    15    11     4    14     0     0   -22.0   62.167 -143.057   1468.8    721.9
     1     1    15    11     4    13     0     0   -23.0   62.314 -143.358   1508.5    716.2
     1     1    15    11     4    12     0     0   -24.0   62.451 -143.646   1539.1    711.3
     1     1    15    11     4    11     0     0   -25.0   62.581 -143.898   1570.3    710.3
     1     1    15    11     4    10     0     0   -26.0   62.708 -144.098   1608.7    709.5
     1     1    15    11     4     9     0     0   -27.0   62.832 -144.248   1652.3    708.0
     1     1    15    11     4     8     0     0   -28.0   62.950 -144.352   1699.9    705.5
     1     1    15    11     4     7     0     0   -29.0   63.062 -144.412   1750.7    702.5
     1     1    15    11     4     6     0     0   -30.0   63.166 -144.428   1804.1    699.0
     1     1    15    11     4     5     0     0   -31.0   63.265 -144.416   1850.4    694.9
     1     1    15    11     4     4     0     0   -32.0   63.359 -144.392   1881.6    693.1
     1     1    15    11     4     3     0     0   -33.0   63.449 -144.356   1898.1    692.5
     1     1    15    11     4     2     0     0   -34.0   63.534 -144.306   1900.7    693.2
     1     1    15    11     4     1     0     0   -35.0   63.616 -144.240   1890.1    695.0
     1     1    15    11     4     0     0     0   -36.0   63.695 -144.158   1866.9    698.0
     1     1    15    11     3    23     0     0   -37.0   63.752 -144.062   1836.9    702.3
     1     1    15    11     3    22     0     0   -38.0   63.770 -143.955   1805.0    705.7
     1     1    15    11     3    21     0     0   -39.0   63.749 -143.837   1771.5    708.6
     1     1    15    11     3    20     0     0   -40.0   63.689 -143.707   1735.7    711.0
     1     1    15    11     3    19     0     0   -41.0   63.587 -143.557   1696.2    713.0
     1     1    15    11     3    18     0     0   -42.0   63.437 -143.381   1651.1    714.6
     1     1    15    11     3    17     0     0   -43.0   63.259 -143.191   1603.2    715.9
     1     1    15    11     3    16     0     0   -44.0   63.078 -143.015   1559.8    716.5
     1     1    15    11     3    15     0     0   -45.0   62.896 -142.854   1520.8    716.7
     1     1    15    11     3    14     0     0   -46.0   62.713 -142.709   1486.6    716.5
     1     1    15    11     3    13     0     0   -47.0   62.532 -142.586   1457.9    716.0
     1     1    15    11     3    12     0     0   -48.0   62.354 -142.499   1437.2    720.2
     1     1    15    11     3    11     0     0   -49.0   62.185 -142.454   1415.5    725.3
     1     1    15    11     3    10     0     0   -50.0   62.030 -142.438   1390.6    731.0
     1     1    15    11     3     9     0     0   -51.0   61.892 -142.444   1364.0    736.7
     1     1    15    11     3     8     0     0   -52.0   61.773 -142.470   1337.6    742.1
     1     1    15    11     3     7     0     0   -53.0   61.674 -142.513   1313.5    747.0
     1     1    15    11     3     6     0     0   -54.0   61.598 -142.573   1293.4    751.3
     1     1    15    11     3     5     0     0   -55.0   61.544 -142.668   1281.2    754.8
     1     1    15    11     3     4     0     0   -56.0   61.511 -142.816   1278.8    757.0
     1     1    15    11     3     3     0     0   -57.0   61.499 -143.019   1287.4    757.9
     1     1    15    11     3     2     0     0   -58.0   61.507 -143.281   1307.9    757.6
     1     1    15    11     3     1     0     0   -59.0   61.532 -143.602   1341.6    756.1
     1     1    15    11     3     0     0     0   -60.0   61.574 -143.986   1390.5    753.1
     1     1    15    11     2    23     0     0   -61.0   61.621 -144.403   1441.9    747.7
     1     1    15    11     2    22     0     0   -62.0   61.666 -144.821   1482.6    744.7
     1     1    15    11     2    21     0     0   -63.0   61.710 -145.243   1511.3    743.0
     1     1    15    11     2    20     0     0   -64.0   61.751 -145.674   1527.3    743.0
     1     1    15    11     2    19     0     0   -65.0   61.789 -146.119   1530.5    744.5
     1     1    15    11     2    18     0     0   -66.0   61.825 -146.581   1521.6    747.4
     1     1    15    11     2    17     0     0   -67.0   61.851 -147.076   1506.3    751.9
     1     1    15    11     2    16     0     0   -68.0   61.862 -147.617   1490.3    756.3
     1     1    15    11     2    15     0     0   -69.0   61.858 -148.204   1473.3    760.9
     1     1    15    11     2    14     0     0   -70.0   61.840 -148.836   1455.0    766.3
     1     1    15    11     2    13     0     0   -71.0   61.812 -149.511   1435.5    772.4
     1     1    15    11     2    12     0     0   -72.0   61.776 -150.229   1413.8    778.6
