     1     1
    CDC1    15    12     1     0     0
     1 BACKWARD OMEGA   
    15    12    31     6   60.984 -139.059   750.0
     1 PRESSURE
     1     1    15    12    31     6     0     0     0.0   60.984 -139.059    750.0    811.2
     1     1    15    12    31     5     0     0    -1.0   60.509 -139.035    645.5    830.3
     1     1    15    12    31     4     0     0    -2.0   60.021 -138.818    537.9    851.0
     1     1    15    12    31     3     0     0    -3.0   59.561 -138.455    447.1    877.0
     1     1    15    12    31     2     0     0    -4.0   59.140 -138.009    378.3    898.2
     1     1    15    12    31     1     0     0    -5.0   58.750 -137.499    325.2    915.4
     1     1    15    12    31     0     0     0    -6.0   58.390 -136.955    283.0    928.8
     1     1    15    12    30    23     0     0    -7.0   58.069 -136.410    248.3    940.0
     1     1    15    12    30    22     0     0    -8.0   57.794 -135.878    219.0    949.1
     1     1    15    12    30    21     0     0    -9.0   57.565 -135.364    194.2    955.8
     1     1    15    12    30    20     0     0   -10.0   57.375 -134.881    173.5    957.9
     1     1    15    12    30    19     0     0   -11.0   57.205 -134.437    156.4    956.3
     1     1    15    12    30    18     0     0   -12.0   57.049 -134.025    143.1    954.9
     1     1    15    12    30    17     0     0   -13.0   56.905 -133.642    132.1    953.4
     1     1    15    12    30    16     0     0   -14.0   56.773 -133.290    122.1    952.3
     1     1    15    12    30    15     0     0   -15.0   56.653 -132.969    113.0    951.5
     1     1    15    12    30    14     0     0   -16.0   56.547 -132.678    104.4    950.8
     1     1    15    12    30    13     0     0   -17.0   56.455 -132.416     96.8    949.9
     1     1    15    12    30    12     0     0   -18.0   56.379 -132.178     90.3    947.9
     1     1    15    12    30    11     0     0   -19.0   56.319 -131.962     86.7    945.9
     1     1    15    12    30    10     0     0   -20.0   56.274 -131.770     86.7    943.1
     1     1    15    12    30     9     0     0   -21.0   56.240 -131.600     89.8    940.1
     1     1    15    12    30     8     0     0   -22.0   56.215 -131.452     95.9    936.8
     1     1    15    12    30     7     0     0   -23.0   56.198 -131.325    105.4    933.3
     1     1    15    12    30     6     0     0   -24.0   56.188 -131.219    118.4    929.8
     1     1    15    12    30     5     0     0   -25.0   56.180 -131.127    134.4    925.8
     1     1    15    12    30     4     0     0   -26.0   56.171 -131.044    152.5    922.1
     1     1    15    12    30     3     0     0   -27.0   56.161 -130.970    172.5    918.5
     1     1    15    12    30     2     0     0   -28.0   56.148 -130.905    194.6    915.1
     1     1    15    12    30     1     0     0   -29.0   56.135 -130.850    218.5    910.8
     1     1    15    12    30     0     0     0   -30.0   56.125 -130.805    243.6    906.7
     1     1    15    12    29    23     0     0   -31.0   56.120 -130.768    268.6    902.8
     1     1    15    12    29    22     0     0   -32.0   56.118 -130.734    292.1    899.3
     1     1    15    12    29    21     0     0   -33.0   56.121 -130.705    314.0    896.0
     1     1    15    12    29    20     0     0   -34.0   56.129 -130.683    334.1    893.0
     1     1    15    12    29    19     0     0   -35.0   56.141 -130.668    352.1    890.4
     1     1    15    12    29    18     0     0   -36.0   56.158 -130.662    367.7    888.1
     1     1    15    12    29    17     0     0   -37.0   56.174 -130.667    381.7    885.7
     1     1    15    12    29    16     0     0   -38.0   56.185 -130.683    394.8    883.6
     1     1    15    12    29    15     0     0   -39.0   56.187 -130.707    406.9    882.0
     1     1    15    12    29    14     0     0   -40.0   56.182 -130.738    417.7    880.8
     1     1    15    12    29    13     0     0   -41.0   56.168 -130.773    427.2    880.2
     1     1    15    12    29    12     0     0   -42.0   56.146 -130.811    435.2    879.9
     1     1    15    12    29    11     0     0   -43.0   56.108 -130.840    439.9    880.5
     1     1    15    12    29    10     0     0   -44.0   56.048 -130.847    438.9    882.1
     1     1    15    12    29     9     0     0   -45.0   55.968 -130.829    432.7    884.3
     1     1    15    12    29     8     0     0   -46.0   55.867 -130.783    421.5    887.1
     1     1    15    12    29     7     0     0   -47.0   55.746 -130.705    405.9    890.3
     1     1    15    12    29     6     0     0   -48.0   55.606 -130.593    386.4    893.8
     1     1    15    12    29     5     0     0   -49.0   55.449 -130.450    364.3    897.8
     1     1    15    12    29     4     0     0   -50.0   55.278 -130.278    340.3    901.3
     1     1    15    12    29     3     0     0   -51.0   55.095 -130.077    314.9    904.9
     1     1    15    12    29     2     0     0   -52.0   54.904 -129.859    289.1    908.7
     1     1    15    12    29     1     0     0   -53.0   54.718 -129.647    265.4    912.1
     1     1    15    12    29     0     0     0   -54.0   54.542 -129.451    245.1    915.1
     1     1    15    12    28    23     0     0   -55.0   54.394 -129.269    230.4    917.3
     1     1    15    12    28    22     0     0   -56.0   54.287 -129.098    222.6    917.5
     1     1    15    12    28    21     0     0   -57.0   54.219 -128.934    220.8    916.4
     1     1    15    12    28    20     0     0   -58.0   54.186 -128.776    224.1    914.0
     1     1    15    12    28    19     0     0   -59.0   54.187 -128.620    232.1    910.5
     1     1    15    12    28    18     0     0   -60.0   54.220 -128.466    244.5    905.8
     1     1    15    12    28    17     0     0   -61.0   54.279 -128.324    260.2    900.2
     1     1    15    12    28    16     0     0   -62.0   54.355 -128.205    277.3    894.7
     1     1    15    12    28    15     0     0   -63.0   54.446 -128.112    295.5    889.5
     1     1    15    12    28    14     0     0   -64.0   54.550 -128.046    314.9    884.5
     1     1    15    12    28    13     0     0   -65.0   54.666 -128.007    335.3    879.8
     1     1    15    12    28    12     0     0   -66.0   54.793 -127.998    357.1    875.3
     1     1    15    12    28    11     0     0   -67.0   54.921 -128.007    381.7    870.3
     1     1    15    12    28    10     0     0   -68.0   55.044 -128.021    410.3    864.5
     1     1    15    12    28     9     0     0   -69.0   55.163 -128.045    442.8    858.4
     1     1    15    12    28     8     0     0   -70.0   55.277 -128.079    478.7    852.2
     1     1    15    12    28     7     0     0   -71.0   55.389 -128.120    517.2    846.1
     1     1    15    12    28     6     0     0   -72.0   55.499 -128.163    557.7    840.1
