     1     1
    CDC1    15    10     1     0     0
     1 BACKWARD OMEGA   
    15    10    26    18   60.984 -139.059   750.0
     1 PRESSURE
     1     1    15    10    26    18     0     0     0.0   60.984 -139.059    750.0    815.9
     1     1    15    10    26    17     0     0    -1.0   60.850 -138.929    763.7    816.8
     1     1    15    10    26    16     0     0    -2.0   60.728 -138.785    784.3    816.6
     1     1    15    10    26    15     0     0    -3.0   60.619 -138.635    811.9    815.3
     1     1    15    10    26    14     0     0    -4.0   60.526 -138.487    846.4    813.2
     1     1    15    10    26    13     0     0    -5.0   60.454 -138.345    887.9    810.1
     1     1    15    10    26    12     0     0    -6.0   60.402 -138.215    936.3    805.7
     1     1    15    10    26    11     0     0    -7.0   60.380 -138.106    989.7    799.9
     1     1    15    10    26    10     0     0    -8.0   60.392 -138.025   1045.9    793.6
     1     1    15    10    26     9     0     0    -9.0   60.436 -137.973   1105.0    786.8
     1     1    15    10    26     8     0     0   -10.0   60.512 -137.953   1167.2    779.4
     1     1    15    10    26     7     0     0   -11.0   60.617 -137.964   1232.8    771.5
     1     1    15    10    26     6     0     0   -12.0   60.750 -138.006   1301.9    762.6
     1     1    15    10    26     5     0     0   -13.0   60.895 -138.075   1372.7    753.0
     1     1    15    10    26     4     0     0   -14.0   61.041 -138.161   1442.5    744.1
     1     1    15    10    26     3     0     0   -15.0   61.186 -138.259   1511.5    735.4
     1     1    15    10    26     2     0     0   -16.0   61.331 -138.367   1580.1    726.9
     1     1    15    10    26     1     0     0   -17.0   61.475 -138.481   1648.3    718.6
     1     1    15    10    26     0     0     0   -18.0   61.620 -138.604   1716.4    709.9
     1     1    15    10    25    23     0     0   -19.0   61.755 -138.764   1779.1    701.7
     1     1    15    10    25    22     0     0   -20.0   61.870 -138.985   1831.0    695.4
     1     1    15    10    25    21     0     0   -21.0   61.962 -139.261   1872.3    690.3
     1     1    15    10    25    20     0     0   -22.0   62.032 -139.588   1903.8    686.5
     1     1    15    10    25    19     0     0   -23.0   62.078 -139.964   1926.8    683.8
     1     1    15    10    25    18     0     0   -24.0   62.101 -140.383   1944.5    682.7
     1     1    15    10    25    17     0     0   -25.0   62.097 -140.799   1960.6    682.4
     1     1    15    10    25    16     0     0   -26.0   62.063 -141.168   1975.3    682.1
     1     1    15    10    25    15     0     0   -27.0   62.003 -141.490   1986.3    682.6
     1     1    15    10    25    14     0     0   -28.0   61.919 -141.767   1991.6    683.8
     1     1    15    10    25    13     0     0   -29.0   61.815 -141.998   1989.8    686.0
     1     1    15    10    25    12     0     0   -30.0   61.690 -142.186   1979.9    689.2
     1     1    15    10    25    11     0     0   -31.0   61.556 -142.335   1963.9    693.6
     1     1    15    10    25    10     0     0   -32.0   61.420 -142.449   1942.9    698.2
     1     1    15    10    25     9     0     0   -33.0   61.281 -142.526   1917.1    703.3
     1     1    15    10    25     8     0     0   -34.0   61.137 -142.567   1886.3    708.9
     1     1    15    10    25     7     0     0   -35.0   60.989 -142.571   1849.9    715.0
     1     1    15    10    25     6     0     0   -36.0   60.836 -142.536   1807.7    721.5
     1     1    15    10    25     5     0     0   -37.0   60.667 -142.480   1763.3    728.7
     1     1    15    10    25     4     0     0   -38.0   60.471 -142.418   1720.5    736.0
     1     1    15    10    25     3     0     0   -39.0   60.247 -142.347   1678.0    743.8
     1     1    15    10    25     2     0     0   -40.0   59.994 -142.262   1634.9    752.1
     1     1    15    10    25     1     0     0   -41.0   59.716 -142.172   1592.9    763.9
     1     1    15    10    25     0     0     0   -42.0   59.423 -142.086   1550.5    776.1
     1     1    15    10    24    23     0     0   -43.0   59.116 -141.982   1502.0    789.3
     1     1    15    10    24    22     0     0   -44.0   58.798 -141.840   1442.6    804.5
     1     1    15    10    24    21     0     0   -45.0   58.467 -141.662   1371.7    821.4
     1     1    15    10    24    20     0     0   -46.0   58.122 -141.450   1289.6    840.4
     1     1    15    10    24    19     0     0   -47.0   57.760 -141.206   1198.0    860.3
     1     1    15    10    24    18     0     0   -48.0   57.383 -140.937   1100.1    878.5
     1     1    15    10    24    17     0     0   -49.0   56.996 -140.685   1005.3    890.4
     1     1    15    10    24    16     0     0   -50.0   56.603 -140.482    923.3    900.6
     1     1    15    10    24    15     0     0   -51.0   56.200 -140.323    852.2    909.5
     1     1    15    10    24    14     0     0   -52.0   55.784 -140.203    790.4    918.0
     1     1    15    10    24    13     0     0   -53.0   55.351 -140.117    737.0    926.0
     1     1    15    10    24    12     0     0   -54.0   54.900 -140.054    690.8    932.9
     1     1    15    10    24    11     0     0   -55.0   54.452 -140.003    651.8    937.4
     1     1    15    10    24    10     0     0   -56.0   54.024 -139.956    619.3    940.8
     1     1    15    10    24     9     0     0   -57.0   53.613 -139.913    591.4    943.4
     1     1    15    10    24     8     0     0   -58.0   53.214 -139.870    566.4    945.8
     1     1    15    10    24     7     0     0   -59.0   52.824 -139.827    542.4    948.1
     1     1    15    10    24     6     0     0   -60.0   52.442 -139.773    518.1    950.7
     1     1    15    10    24     5     0     0   -61.0   52.086 -139.691    496.7    954.0
     1     1    15    10    24     4     0     0   -62.0   51.771 -139.571    482.4    956.1
     1     1    15    10    24     3     0     0   -63.0   51.493 -139.422    474.7    957.3
     1     1    15    10    24     2     0     0   -64.0   51.244 -139.248    473.8    957.7
     1     1    15    10    24     1     0     0   -65.0   51.022 -139.058    479.8    957.2
     1     1    15    10    24     0     0     0   -66.0   50.822 -138.858    493.1    955.7
     1     1    15    10    23    23     0     0   -67.0   50.643 -138.659    509.1    953.3
     1     1    15    10    23    22     0     0   -68.0   50.484 -138.470    522.4    951.6
     1     1    15    10    23    21     0     0   -69.0   50.343 -138.297    532.9    950.3
     1     1    15    10    23    20     0     0   -70.0   50.219 -138.145    540.3    949.3
     1     1    15    10    23    19     0     0   -71.0   50.110 -138.018    544.2    948.6
     1     1    15    10    23    18     0     0   -72.0   50.014 -137.919    544.4    948.5
