     1     1
    CDC1    15    11     1     0     0
     1 BACKWARD OMEGA   
    15    11    12     6   60.984 -139.059   750.0
     1 PRESSURE
     1     1    15    11    12     6     0     0     0.0   60.984 -139.059    750.0    790.6
     1     1    15    11    12     5     0     0    -1.0   60.617 -138.776    658.9    806.6
     1     1    15    11    12     4     0     0    -2.0   60.249 -138.468    560.7    824.3
     1     1    15    11    12     3     0     0    -3.0   59.886 -138.148    461.2    844.2
     1     1    15    11    12     2     0     0    -4.0   59.547 -137.849    372.2    867.6
     1     1    15    11    12     1     0     0    -5.0   59.245 -137.597    303.9    886.4
     1     1    15    11    12     0     0     0    -6.0   58.979 -137.402    257.1    901.2
     1     1    15    11    11    23     0     0    -7.0   58.750 -137.268    223.5    911.7
     1     1    15    11    11    22     0     0    -8.0   58.564 -137.200    197.6    920.9
     1     1    15    11    11    21     0     0    -9.0   58.416 -137.200    176.8    927.9
     1     1    15    11    11    20     0     0   -10.0   58.304 -137.272    159.7    934.0
     1     1    15    11    11    19     0     0   -11.0   58.229 -137.423    145.8    939.3
     1     1    15    11    11    18     0     0   -12.0   58.191 -137.658    134.7    943.0
     1     1    15    11    11    17     0     0   -13.0   58.172 -137.957    125.2    945.5
     1     1    15    11    11    16     0     0   -14.0   58.157 -138.306    116.0    948.2
     1     1    15    11    11    15     0     0   -15.0   58.146 -138.711    107.6    951.0
     1     1    15    11    11    14     0     0   -16.0   58.141 -139.180    100.1    953.8
     1     1    15    11    11    13     0     0   -17.0   58.146 -139.722     93.7    956.5
     1     1    15    11    11    12     0     0   -18.0   58.164 -140.329     88.3    959.6
     1     1    15    11    11    11     0     0   -19.0   58.200 -140.935     83.5    962.2
     1     1    15    11    11    10     0     0   -20.0   58.254 -141.494     79.6    963.7
     1     1    15    11    11     9     0     0   -21.0   58.324 -142.009     77.3    964.0
     1     1    15    11    11     8     0     0   -22.0   58.411 -142.485     77.0    963.0
     1     1    15    11    11     7     0     0   -23.0   58.509 -142.944     79.1    961.8
     1     1    15    11    11     6     0     0   -24.0   58.616 -143.408     83.9    960.3
     1     1    15    11    11     5     0     0   -25.0   58.722 -143.887     89.6    958.6
     1     1    15    11    11     4     0     0   -26.0   58.817 -144.390     94.5    958.0
     1     1    15    11    11     3     0     0   -27.0   58.900 -144.912     98.7    958.1
     1     1    15    11    11     2     0     0   -28.0   58.969 -145.449    101.6    957.8
     1     1    15    11    11     1     0     0   -29.0   59.026 -146.000    102.7    958.3
     1     1    15    11    11     0     0     0   -30.0   59.071 -146.566    102.5    959.6
     1     1    15    11    10    23     0     0   -31.0   59.113 -147.136    102.7    961.5
     1     1    15    11    10    22     0     0   -32.0   59.160 -147.690    104.5    961.6
     1     1    15    11    10    21     0     0   -33.0   59.208 -148.226    107.3    959.6
     1     1    15    11    10    20     0     0   -34.0   59.255 -148.741    110.7    957.8
     1     1    15    11    10    19     0     0   -35.0   59.301 -149.238    114.3    956.1
     1     1    15    11    10    18     0     0   -36.0   59.344 -149.718    117.7    954.7
     1     1    15    11    10    17     0     0   -37.0   59.377 -150.175    120.0    953.0
     1     1    15    11    10    16     0     0   -38.0   59.394 -150.607    120.3    951.1
     1     1    15    11    10    15     0     0   -39.0   59.394 -151.013    119.1    949.8
     1     1    15    11    10    14     0     0   -40.0   59.378 -151.391    116.7    949.2
     1     1    15    11    10    13     0     0   -41.0   59.347 -151.740    113.5    949.0
     1     1    15    11    10    12     0     0   -42.0   59.301 -152.061    109.7    949.2
     1     1    15    11    10    11     0     0   -43.0   59.250 -152.353    106.4    949.8
     1     1    15    11    10    10     0     0   -44.0   59.200 -152.621    104.0    950.4
     1     1    15    11    10     9     0     0   -45.0   59.151 -152.868    102.1    951.2
     1     1    15    11    10     8     0     0   -46.0   59.102 -153.092    100.4    951.9
     1     1    15    11    10     7     0     0   -47.0   59.054 -153.294     98.9    952.6
     1     1    15    11    10     6     0     0   -48.0   59.006 -153.471     97.5    953.2
     1     1    15    11    10     5     0     0   -49.0   58.949 -153.645     95.5    954.1
     1     1    15    11    10     4     0     0   -50.0   58.873 -153.835     92.7    955.4
     1     1    15    11    10     3     0     0   -51.0   58.778 -154.039     89.1    957.0
     1     1    15    11    10     2     0     0   -52.0   58.664 -154.254     84.8    959.0
     1     1    15    11    10     1     0     0   -53.0   58.534 -154.475     80.3    961.1
     1     1    15    11    10     0     0     0   -54.0   58.388 -154.697     75.7    963.5
     1     1    15    11     9    23     0     0   -55.0   58.242 -154.928     71.6    965.8
     1     1    15    11     9    22     0     0   -56.0   58.112 -155.186     68.5    968.2
     1     1    15    11     9    21     0     0   -57.0   58.000 -155.469     66.3    970.7
     1     1    15    11     9    20     0     0   -58.0   57.906 -155.773     64.7    972.7
     1     1    15    11     9    19     0     0   -59.0   57.831 -156.095     63.8    974.5
     1     1    15    11     9    18     0     0   -60.0   57.778 -156.426     63.4    975.9
     1     1    15    11     9    17     0     0   -61.0   57.723 -156.767     63.4    976.6
     1     1    15    11     9    16     0     0   -62.0   57.643 -157.123     63.6    977.6
     1     1    15    11     9    15     0     0   -63.0   57.537 -157.503     64.3    978.8
     1     1    15    11     9    14     0     0   -64.0   57.404 -157.923     65.4    980.4
     1     1    15    11     9    13     0     0   -65.0   57.247 -158.402     66.8    981.8
     1     1    15    11     9    12     0     0   -66.0   57.077 -158.946     68.3    983.1
     1     1    15    11     9    11     0     0   -67.0   56.908 -159.544     68.8    984.4
     1     1    15    11     9    10     0     0   -68.0   56.748 -160.182     67.7    985.9
     1     1    15    11     9     9     0     0   -69.0   56.588 -160.864     65.0    987.6
     1     1    15    11     9     8     0     0   -70.0   56.425 -161.599     61.0    989.1
     1     1    15    11     9     7     0     0   -71.0   56.257 -162.394     55.9    990.3
     1     1    15    11     9     6     0     0   -72.0   56.085 -163.252     50.4    991.9
