     1     1
    CDC1    15    11     1     0     0
     1 BACKWARD OMEGA   
    15    11    26    18   60.984 -139.059   750.0
     1 PRESSURE
     1     1    15    11    26    18     0     0     0.0   60.984 -139.059    750.0    813.0
     1     1    15    11    26    17     0     0    -1.0   60.403 -139.606    610.3    837.9
     1     1    15    11    26    16     0     0    -2.0   59.813 -139.871    472.6    869.6
     1     1    15    11    26    15     0     0    -3.0   59.251 -139.903    363.9    902.7
     1     1    15    11    26    14     0     0    -4.0   58.721 -139.784    280.2    929.7
     1     1    15    11    26    13     0     0    -5.0   58.220 -139.568    212.1    955.5
     1     1    15    11    26    12     0     0    -6.0   57.749 -139.287    154.4    977.7
     1     1    15    11    26    11     0     0    -7.0   57.320 -138.987    107.8    993.4
     1     1    15    11    26    10     0     0    -8.0   56.941 -138.698     75.8   1000.6
     1     1    15    11    26     9     0     0    -9.0   56.599 -138.427     56.3   1005.3
     1     1    15    11    26     8     0     0   -10.0   56.279 -138.175     45.0   1009.4
     1     1    15    11    26     7     0     0   -11.0   55.972 -137.939     37.9   1013.6
     1     1    15    11    26     6     0     0   -12.0   55.669 -137.714     33.1   1017.9
     1     1    15    11    26     5     0     0   -13.0   55.365 -137.500     29.6   1022.6
     1     1    15    11    26     4     0     0   -14.0   55.060 -137.296     27.2   1026.9
     1     1    15    11    26     3     0     0   -15.0   54.762 -137.092     25.9   1027.4
     1     1    15    11    26     2     0     0   -16.0   54.479 -136.881     25.4   1027.1
     1     1    15    11    26     1     0     0   -17.0   54.216 -136.665     25.9   1027.0
     1     1    15    11    26     0     0     0   -18.0   53.978 -136.449     27.2   1026.9
     1     1    15    11    25    23     0     0   -19.0   53.773 -136.238     29.3   1027.2
     1     1    15    11    25    22     0     0   -20.0   53.605 -136.033     31.7   1027.7
     1     1    15    11    25    21     0     0   -21.0   53.477 -135.835     34.3   1028.3
     1     1    15    11    25    20     0     0   -22.0   53.387 -135.642     37.3   1029.0
     1     1    15    11    25    19     0     0   -23.0   53.336 -135.456     40.4   1029.7
     1     1    15    11    25    18     0     0   -24.0   53.324 -135.276     43.6   1030.4
     1     1    15    11    25    17     0     0   -25.0   53.351 -135.110     47.2   1030.7
     1     1    15    11    25    16     0     0   -26.0   53.415 -134.966     51.2   1030.7
     1     1    15    11    25    15     0     0   -27.0   53.509 -134.841     56.0   1029.7
     1     1    15    11    25    14     0     0   -28.0   53.628 -134.733     61.8   1028.5
     1     1    15    11    25    13     0     0   -29.0   53.767 -134.643     68.9   1027.3
     1     1    15    11    25    12     0     0   -30.0   53.924 -134.573     77.6   1025.8
     1     1    15    11    25    11     0     0   -31.0   54.082 -134.522     87.6   1023.4
     1     1    15    11    25    10     0     0   -32.0   54.232 -134.490     97.8   1021.3
     1     1    15    11    25     9     0     0   -33.0   54.372 -134.476    107.7   1019.4
     1     1    15    11    25     8     0     0   -34.0   54.502 -134.478    116.8   1017.9
     1     1    15    11    25     7     0     0   -35.0   54.622 -134.496    124.7   1016.7
     1     1    15    11    25     6     0     0   -36.0   54.732 -134.530    131.0   1016.0
     1     1    15    11    25     5     0     0   -37.0   54.838 -134.581    137.5   1015.6
     1     1    15    11    25     4     0     0   -38.0   54.950 -134.648    146.7   1014.9
     1     1    15    11    25     3     0     0   -39.0   55.067 -134.729    158.4   1013.0
     1     1    15    11    25     2     0     0   -40.0   55.190 -134.819    172.7   1009.9
     1     1    15    11    25     1     0     0   -41.0   55.318 -134.912    189.7   1006.6
     1     1    15    11    25     0     0     0   -42.0   55.451 -135.008    209.8   1002.6
     1     1    15    11    24    23     0     0   -43.0   55.580 -135.102    230.2    996.8
     1     1    15    11    24    22     0     0   -44.0   55.699 -135.194    247.9    992.2
     1     1    15    11    24    21     0     0   -45.0   55.810 -135.288    261.9    988.5
     1     1    15    11    24    20     0     0   -46.0   55.914 -135.383    271.8    985.5
     1     1    15    11    24    19     0     0   -47.0   56.011 -135.481    277.0    983.4
     1     1    15    11    24    18     0     0   -48.0   56.103 -135.583    277.4    982.1
     1     1    15    11    24    17     0     0   -49.0   56.191 -135.688    276.1    981.5
     1     1    15    11    24    16     0     0   -50.0   56.278 -135.798    276.1    980.5
     1     1    15    11    24    15     0     0   -51.0   56.362 -135.914    277.6    979.4
     1     1    15    11    24    14     0     0   -52.0   56.443 -136.041    280.8    978.2
     1     1    15    11    24    13     0     0   -53.0   56.521 -136.182    285.9    977.0
     1     1    15    11    24    12     0     0   -54.0   56.596 -136.342    293.0    975.9
     1     1    15    11    24    11     0     0   -55.0   56.667 -136.513    300.4    974.4
     1     1    15    11    24    10     0     0   -56.0   56.733 -136.681    305.9    973.6
     1     1    15    11    24     9     0     0   -57.0   56.793 -136.846    309.6    973.1
     1     1    15    11    24     8     0     0   -58.0   56.847 -137.006    311.2    973.0
     1     1    15    11    24     7     0     0   -59.0   56.894 -137.161    310.8    973.2
     1     1    15    11    24     6     0     0   -60.0   56.936 -137.310    308.2    973.7
     1     1    15    11    24     5     0     0   -61.0   56.980 -137.453    305.7    974.5
     1     1    15    11    24     4     0     0   -62.0   57.032 -137.590    305.7    974.3
     1     1    15    11    24     3     0     0   -63.0   57.094 -137.719    308.3    973.5
     1     1    15    11    24     2     0     0   -64.0   57.164 -137.837    313.5    972.4
     1     1    15    11    24     1     0     0   -65.0   57.242 -137.941    321.5    970.9
     1     1    15    11    24     0     0     0   -66.0   57.330 -138.030    332.3    969.0
     1     1    15    11    23    23     0     0   -67.0   57.420 -138.109    344.3    966.5
     1     1    15    11    23    22     0     0   -68.0   57.508 -138.188    356.0    964.0
     1     1    15    11    23    21     0     0   -69.0   57.595 -138.267    367.3    959.7
     1     1    15    11    23    20     0     0   -70.0   57.682 -138.348    378.4    955.5
     1     1    15    11    23    19     0     0   -71.0   57.768 -138.431    389.6    951.0
     1     1    15    11    23    18     0     0   -72.0   57.855 -138.513    401.1    946.3
