     1     1
    CDC1    15    12     1     0     0
     1 BACKWARD OMEGA   
    15    12     6     6   60.984 -139.059   750.0
     1 PRESSURE
     1     1    15    12     6     6     0     0     0.0   60.984 -139.059    750.0    792.3
     1     1    15    12     6     5     0     0    -1.0   60.919 -138.675    763.3    792.1
     1     1    15    12     6     4     0     0    -2.0   60.843 -138.333    778.9    791.7
     1     1    15    12     6     3     0     0    -3.0   60.758 -138.033    796.3    791.2
     1     1    15    12     6     2     0     0    -4.0   60.663 -137.775    815.3    790.7
     1     1    15    12     6     1     0     0    -5.0   60.559 -137.562    835.4    790.4
     1     1    15    12     6     0     0     0    -6.0   60.447 -137.394    856.5    790.1
     1     1    15    12     5    23     0     0    -7.0   60.333 -137.247    878.2    789.7
     1     1    15    12     5    22     0     0    -8.0   60.222 -137.096    897.4    789.6
     1     1    15    12     5    21     0     0    -9.0   60.115 -136.939    914.6    789.3
     1     1    15    12     5    20     0     0   -10.0   60.008 -136.775    929.4    789.2
     1     1    15    12     5    19     0     0   -11.0   59.900 -136.603    941.8    790.4
     1     1    15    12     5    18     0     0   -12.0   59.790 -136.423    950.8    792.1
     1     1    15    12     5    17     0     0   -13.0   59.670 -136.236    959.8    794.4
     1     1    15    12     5    16     0     0   -14.0   59.534 -136.037    973.2    796.3
     1     1    15    12     5    15     0     0   -15.0   59.381 -135.821    990.9    798.0
     1     1    15    12     5    14     0     0   -16.0   59.209 -135.582   1013.0    799.6
     1     1    15    12     5    13     0     0   -17.0   59.016 -135.312   1039.9    800.9
     1     1    15    12     5    12     0     0   -18.0   58.800 -135.005   1072.0    802.0
     1     1    15    12     5    11     0     0   -19.0   58.570 -134.693   1105.1    800.5
     1     1    15    12     5    10     0     0   -20.0   58.339 -134.413   1138.3    799.4
     1     1    15    12     5     9     0     0   -21.0   58.108 -134.165   1171.8    798.3
     1     1    15    12     5     8     0     0   -22.0   57.880 -133.949   1206.7    797.1
     1     1    15    12     5     7     0     0   -23.0   57.656 -133.768   1244.0    795.7
     1     1    15    12     5     6     0     0   -24.0   57.436 -133.624   1284.2    794.1
     1     1    15    12     5     5     0     0   -25.0   57.224 -133.513   1325.2    792.0
     1     1    15    12     5     4     0     0   -26.0   57.028 -133.431   1364.2    790.6
     1     1    15    12     5     3     0     0   -27.0   56.853 -133.380   1403.2    789.3
     1     1    15    12     5     2     0     0   -28.0   56.704 -133.363   1443.5    787.9
     1     1    15    12     5     1     0     0   -29.0   56.585 -133.386   1486.6    786.1
     1     1    15    12     5     0     0     0   -30.0   56.499 -133.452   1533.8    783.9
     1     1    15    12     4    23     0     0   -31.0   56.438 -133.544   1583.4    780.6
     1     1    15    12     4    22     0     0   -32.0   56.396 -133.643   1630.7    777.5
     1     1    15    12     4    21     0     0   -33.0   56.375 -133.752   1676.4    774.4
     1     1    15    12     4    20     0     0   -34.0   56.375 -133.873   1720.8    771.1
     1     1    15    12     4    19     0     0   -35.0   56.399 -134.007   1763.9    767.5
     1     1    15    12     4    18     0     0   -36.0   56.447 -134.153   1806.2    763.9
     1     1    15    12     4    17     0     0   -37.0   56.508 -134.288   1848.0    759.9
     1     1    15    12     4    16     0     0   -38.0   56.569 -134.387   1888.0    755.8
     1     1    15    12     4    15     0     0   -39.0   56.633 -134.453   1926.1    751.4
     1     1    15    12     4    14     0     0   -40.0   56.699 -134.483   1962.0    746.8
     1     1    15    12     4    13     0     0   -41.0   56.770 -134.476   1995.3    742.1
     1     1    15    12     4    12     0     0   -42.0   56.844 -134.431   2025.9    737.0
     1     1    15    12     4    11     0     0   -43.0   56.916 -134.359   2054.7    732.0
     1     1    15    12     4    10     0     0   -44.0   56.978 -134.275   2082.3    727.0
     1     1    15    12     4     9     0     0   -45.0   57.028 -134.180   2108.8    722.3
     1     1    15    12     4     8     0     0   -46.0   57.066 -134.075   2134.2    717.7
     1     1    15    12     4     7     0     0   -47.0   57.088 -133.962   2158.3    713.4
     1     1    15    12     4     6     0     0   -48.0   57.095 -133.842   2180.9    709.3
     1     1    15    12     4     5     0     0   -49.0   57.086 -133.700   2198.1    705.7
     1     1    15    12     4     4     0     0   -50.0   57.062 -133.518   2207.0    702.9
     1     1    15    12     4     3     0     0   -51.0   57.022 -133.299   2207.1    700.8
     1     1    15    12     4     2     0     0   -52.0   56.966 -133.044   2198.0    699.5
     1     1    15    12     4     1     0     0   -53.0   56.895 -132.755   2179.4    699.0
     1     1    15    12     4     0     0     0   -54.0   56.809 -132.432   2151.0    699.1
     1     1    15    12     3    23     0     0   -55.0   56.702 -132.109   2117.7    699.8
     1     1    15    12     3    22     0     0   -56.0   56.571 -131.815   2087.2    700.8
     1     1    15    12     3    21     0     0   -57.0   56.417 -131.543   2060.0    702.2
     1     1    15    12     3    20     0     0   -58.0   56.242 -131.290   2036.6    704.1
     1     1    15    12     3    19     0     0   -59.0   56.047 -131.049   2017.2    706.2
     1     1    15    12     3    18     0     0   -60.0   55.832 -130.813   2001.6    708.5
     1     1    15    12     3    17     0     0   -61.0   55.599 -130.590   1984.3    710.9
     1     1    15    12     3    16     0     0   -62.0   55.347 -130.391   1960.4    715.1
     1     1    15    12     3    15     0     0   -63.0   55.073 -130.218   1929.8    720.8
     1     1    15    12     3    14     0     0   -64.0   54.778 -130.080   1893.8    727.4
     1     1    15    12     3    13     0     0   -65.0   54.462 -129.991   1856.3    735.2
     1     1    15    12     3    12     0     0   -66.0   54.122 -129.950   1819.4    744.2
     1     1    15    12     3    11     0     0   -67.0   53.759 -129.951   1779.1    754.2
     1     1    15    12     3    10     0     0   -68.0   53.375 -129.988   1727.2    766.8
     1     1    15    12     3     9     0     0   -69.0   52.975 -130.053   1663.4    780.9
     1     1    15    12     3     8     0     0   -70.0   52.561 -130.141   1586.2    796.5
     1     1    15    12     3     7     0     0   -71.0   52.144 -130.248   1495.0    811.1
     1     1    15    12     3     6     0     0   -72.0   51.730 -130.373   1394.9    826.3
