     1     1
    CDC1    16     2     1     0     0
     1 BACKWARD OMEGA   
    16     2    20     6   60.984 -139.059   750.0
     1 PRESSURE
     1     1    16     2    20     6     0     0     0.0   60.984 -139.059    750.0    795.0
     1     1    16     2    20     5     0     0    -1.0   60.753 -138.761    724.5    801.0
     1     1    16     2    20     4     0     0    -2.0   60.528 -138.428    700.4    806.7
     1     1    16     2    20     3     0     0    -3.0   60.306 -138.063    677.6    812.2
     1     1    16     2    20     2     0     0    -4.0   60.085 -137.672    656.6    817.4
     1     1    16     2    20     1     0     0    -5.0   59.866 -137.261    639.0    824.0
     1     1    16     2    20     0     0     0    -6.0   59.654 -136.841    626.0    830.5
     1     1    16     2    19    23     0     0    -7.0   59.451 -136.414    616.0    835.3
     1     1    16     2    19    22     0     0    -8.0   59.260 -135.980    608.4    839.4
     1     1    16     2    19    21     0     0    -9.0   59.081 -135.540    602.4    842.5
     1     1    16     2    19    20     0     0   -10.0   58.914 -135.096    597.7    845.0
     1     1    16     2    19    19     0     0   -11.0   58.760 -134.656    593.1    844.8
     1     1    16     2    19    18     0     0   -12.0   58.620 -134.229    588.2    843.5
     1     1    16     2    19    17     0     0   -13.0   58.494 -133.828    582.1    842.3
     1     1    16     2    19    16     0     0   -14.0   58.381 -133.461    574.0    841.0
     1     1    16     2    19    15     0     0   -15.0   58.279 -133.125    563.6    839.8
     1     1    16     2    19    14     0     0   -16.0   58.186 -132.818    550.9    838.8
     1     1    16     2    19    13     0     0   -17.0   58.101 -132.538    535.6    838.0
     1     1    16     2    19    12     0     0   -18.0   58.022 -132.281    517.5    837.4
     1     1    16     2    19    11     0     0   -19.0   57.947 -132.042    499.6    836.8
     1     1    16     2    19    10     0     0   -20.0   57.873 -131.820    484.8    835.6
     1     1    16     2    19     9     0     0   -21.0   57.802 -131.617    473.6    834.2
     1     1    16     2    19     8     0     0   -22.0   57.731 -131.436    466.6    832.5
     1     1    16     2    19     7     0     0   -23.0   57.662 -131.276    464.0    830.5
     1     1    16     2    19     6     0     0   -24.0   57.594 -131.141    466.6    828.3
     1     1    16     2    19     5     0     0   -25.0   57.532 -131.039    470.6    825.6
     1     1    16     2    19     4     0     0   -26.0   57.483 -130.975    472.7    824.3
     1     1    16     2    19     3     0     0   -27.0   57.449 -130.947    473.1    823.8
     1     1    16     2    19     2     0     0   -28.0   57.431 -130.951    471.8    823.6
     1     1    16     2    19     1     0     0   -29.0   57.432 -130.985    469.0    823.8
     1     1    16     2    19     0     0     0   -30.0   57.450 -131.048    464.7    824.2
     1     1    16     2    18    23     0     0   -31.0   57.479 -131.120    459.0    825.2
     1     1    16     2    18    22     0     0   -32.0   57.508 -131.182    451.6    826.3
     1     1    16     2    18    21     0     0   -33.0   57.537 -131.234    442.7    827.6
     1     1    16     2    18    20     0     0   -34.0   57.566 -131.273    432.4    828.8
     1     1    16     2    18    19     0     0   -35.0   57.596 -131.302    420.8    830.0
     1     1    16     2    18    18     0     0   -36.0   57.628 -131.319    407.8    831.1
     1     1    16     2    18    17     0     0   -37.0   57.671 -131.327    395.4    832.5
     1     1    16     2    18    16     0     0   -38.0   57.735 -131.331    385.3    833.0
     1     1    16     2    18    15     0     0   -39.0   57.819 -131.329    377.3    832.9
     1     1    16     2    18    14     0     0   -40.0   57.923 -131.322    371.4    832.3
     1     1    16     2    18    13     0     0   -41.0   58.045 -131.309    367.2    831.1
     1     1    16     2    18    12     0     0   -42.0   58.184 -131.291    364.6    829.5
     1     1    16     2    18    11     0     0   -43.0   58.326 -131.260    362.9    827.9
     1     1    16     2    18    10     0     0   -44.0   58.459 -131.208    361.6    826.2
     1     1    16     2    18     9     0     0   -45.0   58.582 -131.135    360.6    824.4
     1     1    16     2    18     8     0     0   -46.0   58.693 -131.043    359.7    822.5
     1     1    16     2    18     7     0     0   -47.0   58.792 -130.930    358.7    820.7
     1     1    16     2    18     6     0     0   -48.0   58.876 -130.798    357.4    818.9
     1     1    16     2    18     5     0     0   -49.0   58.945 -130.660    355.6    817.6
     1     1    16     2    18     4     0     0   -50.0   58.999 -130.532    353.5    816.7
     1     1    16     2    18     3     0     0   -51.0   59.037 -130.417    351.4    816.1
     1     1    16     2    18     2     0     0   -52.0   59.061 -130.316    349.6    815.8
     1     1    16     2    18     1     0     0   -53.0   59.071 -130.232    348.3    815.7
     1     1    16     2    18     0     0     0   -54.0   59.067 -130.165    347.8    815.8
     1     1    16     2    17    23     0     0   -55.0   59.050 -130.101    348.4    815.9
     1     1    16     2    17    22     0     0   -56.0   59.019 -130.025    350.1    815.8
     1     1    16     2    17    21     0     0   -57.0   58.975 -129.936    353.0    816.0
     1     1    16     2    17    20     0     0   -58.0   58.919 -129.835    356.8    816.4
     1     1    16     2    17    19     0     0   -59.0   58.852 -129.724    361.5    816.7
     1     1    16     2    17    18     0     0   -60.0   58.775 -129.603    367.3    816.9
     1     1    16     2    17    17     0     0   -61.0   58.693 -129.491    370.5    816.3
     1     1    16     2    17    16     0     0   -62.0   58.605 -129.406    367.7    817.0
     1     1    16     2    17    15     0     0   -63.0   58.512 -129.344    359.5    818.4
     1     1    16     2    17    14     0     0   -64.0   58.412 -129.303    346.1    820.1
     1     1    16     2    17    13     0     0   -65.0   58.304 -129.282    328.1    822.5
     1     1    16     2    17    12     0     0   -66.0   58.185 -129.278    305.9    825.5
     1     1    16     2    17    11     0     0   -67.0   58.062 -129.273    283.5    828.6
     1     1    16     2    17    10     0     0   -68.0   57.944 -129.253    264.3    830.9
     1     1    16     2    17     9     0     0   -69.0   57.831 -129.221    247.9    832.9
     1     1    16     2    17     8     0     0   -70.0   57.722 -129.182    234.0    834.4
     1     1    16     2    17     7     0     0   -71.0   57.618 -129.139    222.1    835.7
     1     1    16     2    17     6     0     0   -72.0   57.517 -129.094    212.0    836.7
