     1     1
    CDC1    15    10     1     0     0
     1 BACKWARD OMEGA   
    15    10     4     6   60.984 -139.059   750.0
     1 PRESSURE
     1     1    15    10     4     6     0     0     0.0   60.984 -139.059    750.0    820.7
     1     1    15    10     4     5     0     0    -1.0   61.109 -139.500    768.9    817.0
     1     1    15    10     4     4     0     0    -2.0   61.198 -139.948    782.1    814.8
     1     1    15    10     4     3     0     0    -3.0   61.252 -140.395    789.1    814.5
     1     1    15    10     4     2     0     0    -4.0   61.266 -140.831    789.5    815.7
     1     1    15    10     4     1     0     0    -5.0   61.244 -141.251    783.5    818.2
     1     1    15    10     4     0     0     0    -6.0   61.184 -141.651    771.5    822.1
     1     1    15    10     3    23     0     0    -7.0   61.098 -142.011    754.9    827.4
     1     1    15    10     3    22     0     0    -8.0   60.996 -142.310    735.0    833.2
     1     1    15    10     3    21     0     0    -9.0   60.881 -142.547    711.1    839.7
     1     1    15    10     3    20     0     0   -10.0   60.754 -142.719    683.0    847.3
     1     1    15    10     3    19     0     0   -11.0   60.619 -142.822    651.0    855.2
     1     1    15    10     3    18     0     0   -12.0   60.479 -142.855    615.4    863.3
     1     1    15    10     3    17     0     0   -13.0   60.344 -142.846    578.9    870.9
     1     1    15    10     3    16     0     0   -14.0   60.219 -142.827    542.9    877.9
     1     1    15    10     3    15     0     0   -15.0   60.104 -142.803    507.4    884.7
     1     1    15    10     3    14     0     0   -16.0   59.999 -142.778    472.2    891.5
     1     1    15    10     3    13     0     0   -17.0   59.903 -142.759    438.2    899.2
     1     1    15    10     3    12     0     0   -18.0   59.815 -142.754    405.7    906.7
     1     1    15    10     3    11     0     0   -19.0   59.738 -142.747    375.6    913.5
     1     1    15    10     3    10     0     0   -20.0   59.673 -142.728    348.9    918.6
     1     1    15    10     3     9     0     0   -21.0   59.619 -142.700    325.0    923.0
     1     1    15    10     3     8     0     0   -22.0   59.574 -142.668    303.5    927.0
     1     1    15    10     3     7     0     0   -23.0   59.538 -142.632    283.9    930.4
     1     1    15    10     3     6     0     0   -24.0   59.511 -142.595    265.9    933.5
     1     1    15    10     3     5     0     0   -25.0   59.489 -142.577    249.9    936.2
     1     1    15    10     3     4     0     0   -26.0   59.467 -142.597    237.1    938.7
     1     1    15    10     3     3     0     0   -27.0   59.444 -142.655    227.3    941.3
     1     1    15    10     3     2     0     0   -28.0   59.421 -142.747    220.6    943.8
     1     1    15    10     3     1     0     0   -29.0   59.396 -142.873    216.7    946.3
     1     1    15    10     3     0     0     0   -30.0   59.370 -143.029    215.6    948.7
     1     1    15    10     2    23     0     0   -31.0   59.340 -143.186    214.4    951.0
     1     1    15    10     2    22     0     0   -32.0   59.306 -143.314    211.0    953.7
     1     1    15    10     2    21     0     0   -33.0   59.268 -143.417    205.4    956.7
     1     1    15    10     2    20     0     0   -34.0   59.226 -143.496    198.0    959.9
     1     1    15    10     2    19     0     0   -35.0   59.181 -143.553    189.0    963.0
     1     1    15    10     2    18     0     0   -36.0   59.134 -143.590    178.8    966.0
     1     1    15    10     2    17     0     0   -37.0   59.087 -143.618    169.2    968.9
     1     1    15    10     2    16     0     0   -38.0   59.044 -143.649    161.6    971.3
     1     1    15    10     2    15     0     0   -39.0   59.006 -143.685    155.7    973.4
     1     1    15    10     2    14     0     0   -40.0   58.971 -143.726    151.3    975.3
     1     1    15    10     2    13     0     0   -41.0   58.940 -143.774    148.1    976.9
     1     1    15    10     2    12     0     0   -42.0   58.914 -143.829    145.9    978.4
     1     1    15    10     2    11     0     0   -43.0   58.894 -143.884    144.6    979.5
     1     1    15    10     2    10     0     0   -44.0   58.885 -143.931    144.3    980.1
     1     1    15    10     2     9     0     0   -45.0   58.886 -143.969    144.9    980.1
     1     1    15    10     2     8     0     0   -46.0   58.898 -143.997    146.6    979.6
     1     1    15    10     2     7     0     0   -47.0   58.920 -144.014    149.3    978.5
     1     1    15    10     2     6     0     0   -48.0   58.953 -144.020    153.2    976.8
     1     1    15    10     2     5     0     0   -49.0   58.998 -144.024    160.0    974.1
     1     1    15    10     2     4     0     0   -50.0   59.054 -144.036    171.4    970.5
     1     1    15    10     2     3     0     0   -51.0   59.121 -144.056    188.0    966.0
     1     1    15    10     2     2     0     0   -52.0   59.198 -144.083    210.8    960.4
     1     1    15    10     2     1     0     0   -53.0   59.285 -144.115    241.1    953.1
     1     1    15    10     2     0     0     0   -54.0   59.382 -144.150    280.3    944.8
     1     1    15    10     1    23     0     0   -55.0   59.489 -144.181    327.1    935.3
     1     1    15    10     1    22     0     0   -56.0   59.605 -144.200    379.0    925.6
     1     1    15    10     1    21     0     0   -57.0   59.734 -144.208    434.8    913.7
     1     1    15    10     1    20     0     0   -58.0   59.877 -144.209    493.4    901.5
     1     1    15    10     1    19     0     0   -59.0   60.036 -144.209    555.5    889.2
     1     1    15    10     1    18     0     0   -60.0   60.211 -144.224    621.1    877.7
     1     1    15    10     1    17     0     0   -61.0   60.392 -144.294    687.6    864.9
     1     1    15    10     1    16     0     0   -62.0   60.568 -144.440    752.8    853.6
     1     1    15    10     1    15     0     0   -63.0   60.739 -144.662    816.3    843.5
     1     1    15    10     1    14     0     0   -64.0   60.906 -144.960    878.0    834.3
     1     1    15    10     1    13     0     0   -65.0   61.070 -145.331    937.8    825.7
     1     1    15    10     1    12     0     0   -66.0   61.230 -145.773    995.3    817.9
     1     1    15    10     1    11     0     0   -67.0   61.394 -146.254   1053.0    810.6
     1     1    15    10     1    10     0     0   -68.0   61.572 -146.749   1112.4    802.8
     1     1    15    10     1     9     0     0   -69.0   61.766 -147.259   1174.4    794.6
     1     1    15    10     1     8     0     0   -70.0   61.975 -147.787   1238.6    785.7
     1     1    15    10     1     7     0     0   -71.0   62.197 -148.334   1303.9    776.3
     1     1    15    10     1     6     0     0   -72.0   62.430 -148.904   1369.5    767.3
