     1     1
    CDC1    16     4     1     0     0
     1 BACKWARD OMEGA   
    16     4     6     6   60.984 -139.059   750.0
     1 PRESSURE
     1     1    16     4     6     6     0     0     0.0   60.984 -139.059    750.0    806.9
     1     1    16     4     6     5     0     0    -1.0   60.760 -139.348    694.7    816.1
     1     1    16     4     6     4     0     0    -2.0   60.543 -139.615    632.7    826.6
     1     1    16     4     6     3     0     0    -3.0   60.338 -139.876    565.8    837.2
     1     1    16     4     6     2     0     0    -4.0   60.148 -140.141    498.2    847.9
     1     1    16     4     6     1     0     0    -5.0   59.975 -140.418    433.6    859.3
     1     1    16     4     6     0     0     0    -6.0   59.815 -140.709    375.1    872.6
     1     1    16     4     5    23     0     0    -7.0   59.662 -140.980    324.4    883.5
     1     1    16     4     5    22     0     0    -8.0   59.512 -141.202    281.0    893.6
     1     1    16     4     5    21     0     0    -9.0   59.369 -141.382    243.1    903.0
     1     1    16     4     5    20     0     0   -10.0   59.236 -141.525    209.5    911.7
     1     1    16     4     5    19     0     0   -11.0   59.114 -141.636    178.9    919.0
     1     1    16     4     5    18     0     0   -12.0   59.006 -141.719    150.2    925.3
     1     1    16     4     5    17     0     0   -13.0   58.897 -141.753    124.1    932.3
     1     1    16     4     5    16     0     0   -14.0   58.774 -141.719    102.0    939.1
     1     1    16     4     5    15     0     0   -15.0   58.634 -141.623     84.0    945.8
     1     1    16     4     5    14     0     0   -16.0   58.476 -141.473     70.0    951.9
     1     1    16     4     5    13     0     0   -17.0   58.298 -141.276     59.6    957.7
     1     1    16     4     5    12     0     0   -18.0   58.099 -141.034     52.1    963.6
     1     1    16     4     5    11     0     0   -19.0   57.877 -140.776     46.5    970.6
     1     1    16     4     5    10     0     0   -20.0   57.632 -140.527     42.0    978.5
     1     1    16     4     5     9     0     0   -21.0   57.365 -140.277     38.1    983.2
     1     1    16     4     5     8     0     0   -22.0   57.086 -140.022     34.0    984.4
     1     1    16     4     5     7     0     0   -23.0   56.800 -139.763     29.6    986.6
     1     1    16     4     5     6     0     0   -24.0   56.506 -139.500     25.1    989.3
     1     1    16     4     5     5     0     0   -25.0   56.212 -139.248     20.7    992.5
     1     1    16     4     5     4     0     0   -26.0   55.921 -139.024     16.4    996.0
     1     1    16     4     5     3     0     0   -27.0   55.625 -138.825     12.6    999.8
     1     1    16     4     5     2     0     0   -28.0   55.317 -138.649      9.3   1003.8
     1     1    16     4     5     1     0     0   -29.0   54.992 -138.496      6.3   1007.5
     1     1    16     4     5     0     0     0   -30.0   54.647 -138.358      3.5   1007.6
     1     1    16     4     4    23     0     0   -31.0   54.305 -138.260      0.8   1007.2
     1     1    16     4     4    22     0     0   -32.0   53.982 -138.228      0.0   1006.7
     1     1    16     4     4    21     0     0   -33.0   53.676 -138.258      0.0   1006.1
     1     1    16     4     4    20     0     0   -34.0   53.383 -138.346      0.0   1005.4
     1     1    16     4     4    19     0     0   -35.0   53.097 -138.485      0.0   1004.8
     1     1    16     4     4    18     0     0   -36.0   52.812 -138.663      0.0   1004.2
     1     1    16     4     4    17     0     0   -37.0   52.528 -138.870      0.0   1003.0
     1     1    16     4     4    16     0     0   -38.0   52.252 -139.098      0.5   1002.8
     1     1    16     4     4    15     0     0   -39.0   51.988 -139.347      2.2   1003.0
     1     1    16     4     4    14     0     0   -40.0   51.738 -139.620      4.9   1003.5
     1     1    16     4     4    13     0     0   -41.0   51.503 -139.916      8.1   1004.4
     1     1    16     4     4    12     0     0   -42.0   51.280 -140.230     11.8   1005.2
     1     1    16     4     4    11     0     0   -43.0   51.061 -140.550     15.2   1005.1
     1     1    16     4     4    10     0     0   -44.0   50.846 -140.882     17.5   1005.6
     1     1    16     4     4     9     0     0   -45.0   50.643 -141.238     18.7   1006.5
     1     1    16     4     4     8     0     0   -46.0   50.458 -141.630     18.7   1008.0
     1     1    16     4     4     7     0     0   -47.0   50.298 -142.070     18.1   1009.9
     1     1    16     4     4     6     0     0   -48.0   50.171 -142.567     17.0   1012.1
     1     1    16     4     4     5     0     0   -49.0   50.058 -143.077     16.0   1011.2
     1     1    16     4     4     4     0     0   -50.0   49.941 -143.567     15.4   1010.2
     1     1    16     4     4     3     0     0   -51.0   49.826 -144.049     14.8   1009.4
     1     1    16     4     4     2     0     0   -52.0   49.720 -144.535     14.2   1008.8
     1     1    16     4     4     1     0     0   -53.0   49.629 -145.042     13.3   1008.4
     1     1    16     4     4     0     0     0   -54.0   49.552 -145.566     12.3   1007.9
     1     1    16     4     3    23     0     0   -55.0   49.475 -146.073     11.1   1007.1
     1     1    16     4     3    22     0     0   -56.0   49.395 -146.540     10.3   1006.4
     1     1    16     4     3    21     0     0   -57.0   49.319 -146.978      9.9   1005.7
     1     1    16     4     3    20     0     0   -58.0   49.254 -147.396      9.8   1005.2
     1     1    16     4     3    19     0     0   -59.0   49.201 -147.800     10.2   1005.5
     1     1    16     4     3    18     0     0   -60.0   49.158 -148.190     10.9   1005.9
     1     1    16     4     3    17     0     0   -61.0   49.116 -148.567     12.3   1005.9
     1     1    16     4     3    16     0     0   -62.0   49.069 -148.929     14.2   1005.9
     1     1    16     4     3    15     0     0   -63.0   49.018 -149.287     16.8   1005.9
     1     1    16     4     3    14     0     0   -64.0   48.967 -149.647     20.1   1006.0
     1     1    16     4     3    13     0     0   -65.0   48.919 -150.019     24.0   1006.1
     1     1    16     4     3    12     0     0   -66.0   48.871 -150.404     28.7   1006.0
     1     1    16     4     3    11     0     0   -67.0   48.813 -150.781     34.2   1005.4
     1     1    16     4     3    10     0     0   -68.0   48.737 -151.134     40.8   1004.7
     1     1    16     4     3     9     0     0   -69.0   48.647 -151.476     48.7   1004.0
     1     1    16     4     3     8     0     0   -70.0   48.548 -151.815     58.3   1003.1
     1     1    16     4     3     7     0     0   -71.0   48.442 -152.162     69.8   1002.2
     1     1    16     4     3     6     0     0   -72.0   48.336 -152.528     83.3   1000.5
