     1     1
    CDC1    16     3     1     0     0
     1 BACKWARD OMEGA   
    16     3    18    18   60.984 -139.059   750.0
     1 PRESSURE
     1     1    16     3    18    18     0     0     0.0   60.984 -139.059    750.0    809.3
     1     1    16     3    18    17     0     0    -1.0   60.855 -139.227    721.4    815.1
     1     1    16     3    18    16     0     0    -2.0   60.733 -139.357    688.1    821.7
     1     1    16     3    18    15     0     0    -3.0   60.619 -139.452    649.9    828.9
     1     1    16     3    18    14     0     0    -4.0   60.513 -139.513    606.9    836.6
     1     1    16     3    18    13     0     0    -5.0   60.415 -139.541    560.0    844.0
     1     1    16     3    18    12     0     0    -6.0   60.324 -139.539    511.0    851.5
     1     1    16     3    18    11     0     0    -7.0   60.230 -139.510    464.3    859.5
     1     1    16     3    18    10     0     0    -8.0   60.126 -139.459    423.7    866.7
     1     1    16     3    18     9     0     0    -9.0   60.011 -139.383    388.6    873.6
     1     1    16     3    18     8     0     0   -10.0   59.885 -139.281    359.2    881.5
     1     1    16     3    18     7     0     0   -11.0   59.752 -139.155    335.3    888.9
     1     1    16     3    18     6     0     0   -12.0   59.613 -139.006    316.4    896.2
     1     1    16     3    18     5     0     0   -13.0   59.470 -138.838    300.3    902.8
     1     1    16     3    18     4     0     0   -14.0   59.326 -138.656    284.9    909.5
     1     1    16     3    18     3     0     0   -15.0   59.181 -138.458    270.0    916.1
     1     1    16     3    18     2     0     0   -16.0   59.034 -138.248    255.6    922.7
     1     1    16     3    18     1     0     0   -17.0   58.886 -138.025    241.4    929.2
     1     1    16     3    18     0     0     0   -18.0   58.733 -137.792    227.4    935.8
     1     1    16     3    17    23     0     0   -19.0   58.583 -137.552    214.1    942.1
     1     1    16     3    17    22     0     0   -20.0   58.442 -137.315    202.0    947.4
     1     1    16     3    17    21     0     0   -21.0   58.313 -137.083    190.9    951.7
     1     1    16     3    17    20     0     0   -22.0   58.194 -136.860    180.6    955.4
     1     1    16     3    17    19     0     0   -23.0   58.083 -136.648    170.9    958.8
     1     1    16     3    17    18     0     0   -24.0   57.978 -136.450    161.6    962.1
     1     1    16     3    17    17     0     0   -25.0   57.879 -136.264    153.4    964.9
     1     1    16     3    17    16     0     0   -26.0   57.785 -136.088    146.9    967.3
     1     1    16     3    17    15     0     0   -27.0   57.697 -135.924    142.1    969.4
     1     1    16     3    17    14     0     0   -28.0   57.614 -135.771    138.6    971.1
     1     1    16     3    17    13     0     0   -29.0   57.536 -135.632    136.5    972.6
     1     1    16     3    17    12     0     0   -30.0   57.463 -135.505    135.5    973.4
     1     1    16     3    17    11     0     0   -31.0   57.391 -135.394    134.7    973.7
     1     1    16     3    17    10     0     0   -32.0   57.313 -135.301    133.2    974.5
     1     1    16     3    17     9     0     0   -33.0   57.229 -135.223    131.1    975.6
     1     1    16     3    17     8     0     0   -34.0   57.140 -135.160    128.4    977.1
     1     1    16     3    17     7     0     0   -35.0   57.044 -135.110    125.2    978.9
     1     1    16     3    17     6     0     0   -36.0   56.942 -135.072    121.4    981.0
     1     1    16     3    17     5     0     0   -37.0   56.833 -135.033    117.2    983.1
     1     1    16     3    17     4     0     0   -38.0   56.717 -134.983    112.8    985.2
     1     1    16     3    17     3     0     0   -39.0   56.596 -134.925    107.8    987.1
     1     1    16     3    17     2     0     0   -40.0   56.469 -134.864    102.4    989.2
     1     1    16     3    17     1     0     0   -41.0   56.339 -134.804     96.4    991.6
     1     1    16     3    17     0     0     0   -42.0   56.206 -134.750     90.0    994.3
     1     1    16     3    16    23     0     0   -43.0   56.078 -134.716     83.0    997.1
     1     1    16     3    16    22     0     0   -44.0   55.962 -134.713     75.6   1000.3
     1     1    16     3    16    21     0     0   -45.0   55.858 -134.742     68.0   1003.2
     1     1    16     3    16    20     0     0   -46.0   55.765 -134.805     60.3   1006.3
     1     1    16     3    16    19     0     0   -47.0   55.682 -134.903     52.9   1009.7
     1     1    16     3    16    18     0     0   -48.0   55.610 -135.038     46.3   1012.9
     1     1    16     3    16    17     0     0   -49.0   55.541 -135.204     40.6   1014.4
     1     1    16     3    16    16     0     0   -50.0   55.466 -135.393     36.1   1015.8
     1     1    16     3    16    15     0     0   -51.0   55.386 -135.607     32.5   1017.2
     1     1    16     3    16    14     0     0   -52.0   55.299 -135.852     29.6   1018.6
     1     1    16     3    16    13     0     0   -53.0   55.207 -136.134     27.4   1019.9
     1     1    16     3    16    12     0     0   -54.0   55.109 -136.458     25.8   1021.2
     1     1    16     3    16    11     0     0   -55.0   55.006 -136.837     24.4   1022.6
     1     1    16     3    16    10     0     0   -56.0   54.901 -137.269     23.1   1022.4
     1     1    16     3    16     9     0     0   -57.0   54.794 -137.744     21.9   1021.4
     1     1    16     3    16     8     0     0   -58.0   54.687 -138.256     20.9   1019.7
     1     1    16     3    16     7     0     0   -59.0   54.585 -138.803     20.2   1017.9
     1     1    16     3    16     6     0     0   -60.0   54.488 -139.387     19.9   1015.8
     1     1    16     3    16     5     0     0   -61.0   54.389 -139.995     20.2   1013.8
     1     1    16     3    16     4     0     0   -62.0   54.281 -140.604     21.1   1012.8
     1     1    16     3    16     3     0     0   -63.0   54.166 -141.211     22.8   1011.6
     1     1    16     3    16     2     0     0   -64.0   54.043 -141.818     25.7   1010.4
     1     1    16     3    16     1     0     0   -65.0   53.910 -142.431     30.1   1009.0
     1     1    16     3    16     0     0     0   -66.0   53.772 -143.056     36.2   1007.3
     1     1    16     3    15    23     0     0   -67.0   53.641 -143.695     42.7   1006.1
     1     1    16     3    15    22     0     0   -68.0   53.523 -144.346     47.7   1005.2
     1     1    16     3    15    21     0     0   -69.0   53.416 -145.006     51.0   1004.5
     1     1    16     3    15    20     0     0   -70.0   53.317 -145.666     52.1   1003.7
     1     1    16     3    15    19     0     0   -71.0   53.226 -146.319     50.7   1003.3
     1     1    16     3    15    18     0     0   -72.0   53.145 -146.963     47.6   1003.2
