     1     1
    CDC1    16     3     1     0     0
     1 BACKWARD OMEGA   
    16     3     7    12   60.984 -139.059   750.0
     1 PRESSURE
     1     1    16     3     7    12     0     0     0.0   60.984 -139.059    750.0    791.3
     1     1    16     3     7    11     0     0    -1.0   60.956 -138.795    775.0    788.6
     1     1    16     3     7    10     0     0    -2.0   60.910 -138.533    797.6    786.5
     1     1    16     3     7     9     0     0    -3.0   60.846 -138.271    817.5    785.0
     1     1    16     3     7     8     0     0    -4.0   60.763 -138.008    834.6    784.0
     1     1    16     3     7     7     0     0    -5.0   60.660 -137.740    849.1    783.6
     1     1    16     3     7     6     0     0    -6.0   60.537 -137.468    860.8    783.7
     1     1    16     3     7     5     0     0    -7.0   60.413 -137.185    871.6    783.7
     1     1    16     3     7     4     0     0    -8.0   60.306 -136.892    883.2    783.2
     1     1    16     3     7     3     0     0    -9.0   60.214 -136.591    895.2    782.3
     1     1    16     3     7     2     0     0   -10.0   60.137 -136.285    907.4    781.0
     1     1    16     3     7     1     0     0   -11.0   60.074 -135.976    919.5    779.5
     1     1    16     3     7     0     0     0   -12.0   60.022 -135.667    931.5    777.7
     1     1    16     3     6    23     0     0   -13.0   59.976 -135.354    944.9    776.3
     1     1    16     3     6    22     0     0   -14.0   59.926 -135.034    962.7    774.5
     1     1    16     3     6    21     0     0   -15.0   59.871 -134.706    982.7    771.3
     1     1    16     3     6    20     0     0   -16.0   59.807 -134.371   1003.9    768.0
     1     1    16     3     6    19     0     0   -17.0   59.733 -134.030   1025.2    764.8
     1     1    16     3     6    18     0     0   -18.0   59.648 -133.679   1045.9    761.8
     1     1    16     3     6    17     0     0   -19.0   59.552 -133.335   1065.1    759.7
     1     1    16     3     6    16     0     0   -20.0   59.449 -133.008   1083.2    757.9
     1     1    16     3     6    15     0     0   -21.0   59.341 -132.695   1101.9    755.9
     1     1    16     3     6    14     0     0   -22.0   59.230 -132.390   1122.7    753.7
     1     1    16     3     6    13     0     0   -23.0   59.120 -132.092   1147.1    750.9
     1     1    16     3     6    12     0     0   -24.0   59.013 -131.800   1176.6    747.5
     1     1    16     3     6    11     0     0   -25.0   58.899 -131.536   1207.8    743.1
     1     1    16     3     6    10     0     0   -26.0   58.769 -131.323   1236.2    739.9
     1     1    16     3     6     9     0     0   -27.0   58.626 -131.164   1261.7    737.3
     1     1    16     3     6     8     0     0   -28.0   58.470 -131.065   1284.0    735.6
     1     1    16     3     6     7     0     0   -29.0   58.302 -131.028   1302.9    735.0
     1     1    16     3     6     6     0     0   -30.0   58.123 -131.058   1318.1    735.7
     1     1    16     3     6     5     0     0   -31.0   57.929 -131.121   1330.1    737.3
     1     1    16     3     6     4     0     0   -32.0   57.715 -131.187   1339.8    739.5
     1     1    16     3     6     3     0     0   -33.0   57.479 -131.259   1348.2    742.4
     1     1    16     3     6     2     0     0   -34.0   57.219 -131.323   1356.1    747.9
     1     1    16     3     6     1     0     0   -35.0   56.931 -131.374   1361.8    754.0
     1     1    16     3     6     0     0     0   -36.0   56.611 -131.421   1366.9    760.7
     1     1    16     3     5    23     0     0   -37.0   56.275 -131.440   1367.6    767.0
     1     1    16     3     5    22     0     0   -38.0   55.941 -131.409   1358.7    773.7
     1     1    16     3     5    21     0     0   -39.0   55.608 -131.344   1339.8    780.8
     1     1    16     3     5    20     0     0   -40.0   55.278 -131.258   1310.2    788.6
     1     1    16     3     5    19     0     0   -41.0   54.952 -131.165   1269.3    797.0
     1     1    16     3     5    18     0     0   -42.0   54.627 -131.078   1216.3    804.8
     1     1    16     3     5    17     0     0   -43.0   54.303 -130.983   1160.0    814.9
     1     1    16     3     5    16     0     0   -44.0   53.984 -130.852   1104.7    823.7
     1     1    16     3     5    15     0     0   -45.0   53.674 -130.678   1049.7    832.0
     1     1    16     3     5    14     0     0   -46.0   53.380 -130.452    994.1    839.8
     1     1    16     3     5    13     0     0   -47.0   53.104 -130.160    937.0    847.0
     1     1    16     3     5    12     0     0   -48.0   52.852 -129.795    877.2    852.1
     1     1    16     3     5    11     0     0   -49.0   52.596 -129.409    813.5    857.5
     1     1    16     3     5    10     0     0   -50.0   52.314 -129.060    746.9    864.0
     1     1    16     3     5     9     0     0   -51.0   52.008 -128.754    681.3    871.1
     1     1    16     3     5     8     0     0   -52.0   51.682 -128.476    617.6    879.2
     1     1    16     3     5     7     0     0   -53.0   51.342 -128.201    555.6    886.5
     1     1    16     3     5     6     0     0   -54.0   50.990 -127.904    494.5    894.1
     1     1    16     3     5     5     0     0   -55.0   50.622 -127.600    433.8    902.2
     1     1    16     3     5     4     0     0   -56.0   50.234 -127.313    375.3    911.1
     1     1    16     3     5     3     0     0   -57.0   49.835 -127.045    323.1    919.7
     1     1    16     3     5     2     0     0   -58.0   49.434 -126.807    280.3    929.7
     1     1    16     3     5     1     0     0   -59.0   49.037 -126.600    245.9    940.1
     1     1    16     3     5     0     0     0   -60.0   48.648 -126.416    217.7    951.0
     1     1    16     3     4    23     0     0   -61.0   48.265 -126.250    192.1    960.8
     1     1    16     3     4    22     0     0   -62.0   47.883 -126.100    167.0    971.1
     1     1    16     3     4    21     0     0   -63.0   47.503 -125.976    143.2    982.3
     1     1    16     3     4    20     0     0   -64.0   47.120 -125.885    121.3    984.7
     1     1    16     3     4    19     0     0   -65.0   46.734 -125.827    102.6    987.1
     1     1    16     3     4    18     0     0   -66.0   46.348 -125.794     87.2    989.3
     1     1    16     3     4    17     0     0   -67.0   45.963 -125.762     74.9    991.0
     1     1    16     3     4    16     0     0   -68.0   45.572 -125.711     65.4    991.6
     1     1    16     3     4    15     0     0   -69.0   45.169 -125.649     57.9    991.9
     1     1    16     3     4    14     0     0   -70.0   44.751 -125.580     51.9    991.3
     1     1    16     3     4    13     0     0   -71.0   44.321 -125.500     46.7    990.0
     1     1    16     3     4    12     0     0   -72.0   43.889 -125.410     42.3    988.4
