     1     1
    CDC1    16     1     1     0     0
     1 BACKWARD OMEGA   
    16     1    10     6   60.984 -139.059   750.0
     1 PRESSURE
     1     1    16     1    10     6     0     0     0.0   60.984 -139.059    750.0    808.9
     1     1    16     1    10     5     0     0    -1.0   60.789 -139.090    771.3    809.4
     1     1    16     1    10     4     0     0    -2.0   60.590 -139.119    781.1    811.8
     1     1    16     1    10     3     0     0    -3.0   60.388 -139.148    779.7    815.3
     1     1    16     1    10     2     0     0    -4.0   60.186 -139.182    767.5    820.0
     1     1    16     1    10     1     0     0    -5.0   59.985 -139.224    745.2    826.1
     1     1    16     1    10     0     0     0    -6.0   59.786 -139.271    714.9    835.8
     1     1    16     1     9    23     0     0    -7.0   59.581 -139.301    677.8    846.4
     1     1    16     1     9    22     0     0    -8.0   59.361 -139.296    635.3    858.3
     1     1    16     1     9    21     0     0    -9.0   59.127 -139.265    589.5    870.8
     1     1    16     1     9    20     0     0   -10.0   58.880 -139.214    543.1    883.5
     1     1    16     1     9    19     0     0   -11.0   58.624 -139.145    498.2    896.4
     1     1    16     1     9    18     0     0   -12.0   58.359 -139.064    456.1    909.6
     1     1    16     1     9    17     0     0   -13.0   58.087 -138.944    417.3    922.4
     1     1    16     1     9    16     0     0   -14.0   57.811 -138.762    382.5    934.7
     1     1    16     1     9    15     0     0   -15.0   57.537 -138.520    351.2    945.5
     1     1    16     1     9    14     0     0   -16.0   57.269 -138.233    321.3    950.3
     1     1    16     1     9    13     0     0   -17.0   57.009 -137.914    292.6    954.8
     1     1    16     1     9    12     0     0   -18.0   56.761 -137.573    266.0    959.5
     1     1    16     1     9    11     0     0   -19.0   56.527 -137.219    243.1    963.4
     1     1    16     1     9    10     0     0   -20.0   56.300 -136.861    224.7    966.5
     1     1    16     1     9     9     0     0   -21.0   56.078 -136.501    210.3    969.6
     1     1    16     1     9     8     0     0   -22.0   55.859 -136.138    199.5    972.7
     1     1    16     1     9     7     0     0   -23.0   55.638 -135.772    191.9    975.6
     1     1    16     1     9     6     0     0   -24.0   55.413 -135.403    187.4    978.9
     1     1    16     1     9     5     0     0   -25.0   55.185 -135.022    186.6    982.6
     1     1    16     1     9     4     0     0   -26.0   54.956 -134.622    188.0    981.5
     1     1    16     1     9     3     0     0   -27.0   54.724 -134.204    189.0    977.7
     1     1    16     1     9     2     0     0   -28.0   54.489 -133.777    189.2    975.0
     1     1    16     1     9     1     0     0   -29.0   54.251 -133.338    189.2    973.3
     1     1    16     1     9     0     0     0   -30.0   54.009 -132.889    189.7    972.5
     1     1    16     1     8    23     0     0   -31.0   53.769 -132.438    190.3    972.4
     1     1    16     1     8    22     0     0   -32.0   53.535 -131.996    189.7    969.4
     1     1    16     1     8    21     0     0   -33.0   53.301 -131.563    187.7    967.3
     1     1    16     1     8    20     0     0   -34.0   53.065 -131.134    184.1    966.2
     1     1    16     1     8    19     0     0   -35.0   52.829 -130.705    178.6    966.0
     1     1    16     1     8    18     0     0   -36.0   52.592 -130.277    171.6    966.9
     1     1    16     1     8    17     0     0   -37.0   52.356 -129.858    164.5    965.8
     1     1    16     1     8    16     0     0   -38.0   52.127 -129.456    159.1    961.5
     1     1    16     1     8    15     0     0   -39.0   51.908 -129.066    156.2    957.6
     1     1    16     1     8    14     0     0   -40.0   51.700 -128.684    156.1    953.8
     1     1    16     1     8    13     0     0   -41.0   51.505 -128.307    159.4    950.0
     1     1    16     1     8    12     0     0   -42.0   51.326 -127.935    166.2    946.1
     1     1    16     1     8    11     0     0   -43.0   51.163 -127.582    176.0    942.0
     1     1    16     1     8    10     0     0   -44.0   51.013 -127.265    187.8    937.7
     1     1    16     1     8     9     0     0   -45.0   50.874 -126.983    201.6    933.3
     1     1    16     1     8     8     0     0   -46.0   50.744 -126.735    217.6    928.7
     1     1    16     1     8     7     0     0   -47.0   50.622 -126.520    236.2    924.3
     1     1    16     1     8     6     0     0   -48.0   50.508 -126.335    257.8    919.9
     1     1    16     1     8     5     0     0   -49.0   50.405 -126.176    280.8    916.1
     1     1    16     1     8     4     0     0   -50.0   50.313 -126.040    302.9    912.8
     1     1    16     1     8     3     0     0   -51.0   50.234 -125.926    323.6    910.0
     1     1    16     1     8     2     0     0   -52.0   50.167 -125.834    342.2    907.6
     1     1    16     1     8     1     0     0   -53.0   50.113 -125.763    358.3    905.7
     1     1    16     1     8     0     0     0   -54.0   50.070 -125.711    371.6    904.4
     1     1    16     1     7    23     0     0   -55.0   50.029 -125.659    380.7    902.4
     1     1    16     1     7    22     0     0   -56.0   49.978 -125.583    384.7    901.2
     1     1    16     1     7    21     0     0   -57.0   49.918 -125.485    383.4    900.8
     1     1    16     1     7    20     0     0   -58.0   49.848 -125.363    377.2    900.8
     1     1    16     1     7    19     0     0   -59.0   49.769 -125.217    365.8    901.3
     1     1    16     1     7    18     0     0   -60.0   49.680 -125.046    349.6    902.1
     1     1    16     1     7    17     0     0   -61.0   49.587 -124.870    330.5    903.9
     1     1    16     1     7    16     0     0   -62.0   49.494 -124.708    310.2    905.8
     1     1    16     1     7    15     0     0   -63.0   49.403 -124.561    288.7    908.2
     1     1    16     1     7    14     0     0   -64.0   49.316 -124.431    266.0    911.0
     1     1    16     1     7    13     0     0   -65.0   49.233 -124.314    242.2    914.1
     1     1    16     1     7    12     0     0   -66.0   49.156 -124.211    217.6    917.7
     1     1    16     1     7    11     0     0   -67.0   49.082 -124.109    196.4    920.8
     1     1    16     1     7    10     0     0   -68.0   49.010 -123.997    182.4    922.0
     1     1    16     1     7     9     0     0   -69.0   48.939 -123.878    174.5    922.4
     1     1    16     1     7     8     0     0   -70.0   48.870 -123.752    172.2    922.3
     1     1    16     1     7     7     0     0   -71.0   48.802 -123.619    175.1    921.5
     1     1    16     1     7     6     0     0   -72.0   48.732 -123.479    182.9    920.3
