     1     1
    CDC1    15    12     1     0     0
     1 BACKWARD OMEGA   
    15    12    23    12   60.984 -139.059   750.0
     1 PRESSURE
     1     1    15    12    23    12     0     0     0.0   60.984 -139.059    750.0    792.3
     1     1    15    12    23    11     0     0    -1.0   61.073 -139.151    762.8    789.5
     1     1    15    12    23    10     0     0    -2.0   61.148 -139.267    776.7    786.8
     1     1    15    12    23     9     0     0    -3.0   61.211 -139.407    791.9    784.1
     1     1    15    12    23     8     0     0    -4.0   61.262 -139.572    808.8    781.5
     1     1    15    12    23     7     0     0    -5.0   61.302 -139.761    827.6    778.8
     1     1    15    12    23     6     0     0    -6.0   61.333 -139.976    848.6    776.2
     1     1    15    12    23     5     0     0    -7.0   61.362 -140.207    868.6    773.7
     1     1    15    12    23     4     0     0    -8.0   61.397 -140.444    884.1    772.0
     1     1    15    12    23     3     0     0    -9.0   61.438 -140.687    894.7    770.7
     1     1    15    12    23     2     0     0   -10.0   61.487 -140.936    900.3    769.6
     1     1    15    12    23     1     0     0   -11.0   61.545 -141.189    900.8    769.0
     1     1    15    12    23     0     0     0   -12.0   61.613 -141.447    896.4    768.7
     1     1    15    12    22    23     0     0   -13.0   61.679 -141.699    890.5    768.9
     1     1    15    12    22    22     0     0   -14.0   61.732 -141.935    886.9    768.5
     1     1    15    12    22    21     0     0   -15.0   61.772 -142.154    885.4    768.1
     1     1    15    12    22    20     0     0   -16.0   61.797 -142.360    886.0    767.7
     1     1    15    12    22    19     0     0   -17.0   61.806 -142.551    888.6    767.6
     1     1    15    12    22    18     0     0   -18.0   61.801 -142.730    893.7    767.9
     1     1    15    12    22    17     0     0   -19.0   61.788 -142.889    900.7    768.1
     1     1    15    12    22    16     0     0   -20.0   61.776 -143.022    908.4    768.0
     1     1    15    12    22    15     0     0   -21.0   61.765 -143.130    916.6    767.7
     1     1    15    12    22    14     0     0   -22.0   61.753 -143.212    925.1    767.2
     1     1    15    12    22    13     0     0   -23.0   61.740 -143.271    933.6    766.6
     1     1    15    12    22    12     0     0   -24.0   61.726 -143.305    942.0    765.9
     1     1    15    12    22    11     0     0   -25.0   61.707 -143.314    948.7    765.3
     1     1    15    12    22    10     0     0   -26.0   61.681 -143.298    952.5    765.2
     1     1    15    12    22     9     0     0   -27.0   61.648 -143.256    953.2    765.4
     1     1    15    12    22     8     0     0   -28.0   61.607 -143.189    951.0    765.9
     1     1    15    12    22     7     0     0   -29.0   61.556 -143.098    945.9    766.7
     1     1    15    12    22     6     0     0   -30.0   61.497 -142.982    938.2    767.8
     1     1    15    12    22     5     0     0   -31.0   61.429 -142.866    930.6    769.8
     1     1    15    12    22     4     0     0   -32.0   61.356 -142.771    924.5    771.6
     1     1    15    12    22     3     0     0   -33.0   61.278 -142.700    920.2    773.4
     1     1    15    12    22     2     0     0   -34.0   61.195 -142.654    917.7    775.3
     1     1    15    12    22     1     0     0   -35.0   61.107 -142.635    917.4    777.3
     1     1    15    12    22     0     0     0   -36.0   61.016 -142.644    919.3    779.3
     1     1    15    12    21    23     0     0   -37.0   60.921 -142.658    922.7    780.9
     1     1    15    12    21    22     0     0   -38.0   60.823 -142.651    927.0    782.3
     1     1    15    12    21    21     0     0   -39.0   60.723 -142.623    931.8    783.6
     1     1    15    12    21    20     0     0   -40.0   60.622 -142.573    937.0    784.7
     1     1    15    12    21    19     0     0   -41.0   60.521 -142.497    942.4    785.5
     1     1    15    12    21    18     0     0   -42.0   60.420 -142.394    947.9    786.4
     1     1    15    12    21    17     0     0   -43.0   60.325 -142.271    952.0    787.2
     1     1    15    12    21    16     0     0   -44.0   60.237 -142.138    953.0    788.1
     1     1    15    12    21    15     0     0   -45.0   60.157 -141.994    950.8    789.2
     1     1    15    12    21    14     0     0   -46.0   60.083 -141.838    945.6    790.5
     1     1    15    12    21    13     0     0   -47.0   60.013 -141.670    937.3    791.9
     1     1    15    12    21    12     0     0   -48.0   59.948 -141.493    926.4    794.2
     1     1    15    12    21    11     0     0   -49.0   59.888 -141.302    914.5    796.6
     1     1    15    12    21    10     0     0   -50.0   59.829 -141.089    903.2    798.3
     1     1    15    12    21     9     0     0   -51.0   59.771 -140.854    892.4    799.8
     1     1    15    12    21     8     0     0   -52.0   59.711 -140.599    881.8    801.1
     1     1    15    12    21     7     0     0   -53.0   59.648 -140.322    871.3    802.4
     1     1    15    12    21     6     0     0   -54.0   59.578 -140.027    860.5    803.6
     1     1    15    12    21     5     0     0   -55.0   59.503 -139.735    847.9    806.6
     1     1    15    12    21     4     0     0   -56.0   59.423 -139.468    831.0    810.4
     1     1    15    12    21     3     0     0   -57.0   59.339 -139.228    809.9    814.8
     1     1    15    12    21     2     0     0   -58.0   59.249 -139.014    784.7    819.7
     1     1    15    12    21     1     0     0   -59.0   59.155 -138.827    755.5    825.3
     1     1    15    12    21     0     0     0   -60.0   59.056 -138.668    722.3    831.5
     1     1    15    12    20    23     0     0   -61.0   58.950 -138.524    687.1    838.4
     1     1    15    12    20    22     0     0   -62.0   58.833 -138.383    651.3    845.7
     1     1    15    12    20    21     0     0   -63.0   58.705 -138.248    614.9    853.4
     1     1    15    12    20    20     0     0   -64.0   58.567 -138.118    577.5    860.9
     1     1    15    12    20    19     0     0   -65.0   58.419 -137.995    538.9    869.0
     1     1    15    12    20    18     0     0   -66.0   58.261 -137.880    498.9    877.8
     1     1    15    12    20    17     0     0   -67.0   58.100 -137.780    460.5    887.0
     1     1    15    12    20    16     0     0   -68.0   57.940 -137.705    426.5    895.7
     1     1    15    12    20    15     0     0   -69.0   57.782 -137.652    397.8    903.9
     1     1    15    12    20    14     0     0   -70.0   57.626 -137.620    375.1    911.3
     1     1    15    12    20    13     0     0   -71.0   57.470 -137.609    358.4    917.2
     1     1    15    12    20    12     0     0   -72.0   57.312 -137.630    347.0    920.3
