     1     1
    CDC1    16     1     1     0     0
     1 BACKWARD OMEGA   
    16     1    12    18   60.984 -139.059   750.0
     1 PRESSURE
     1     1    16     1    12    18     0     0     0.0   60.984 -139.059    750.0    796.2
     1     1    16     1    12    17     0     0    -1.0   60.817 -139.125    738.2    799.9
     1     1    16     1    12    16     0     0    -2.0   60.635 -139.189    715.6    805.4
     1     1    16     1    12    15     0     0    -3.0   60.436 -139.254    681.4    812.5
     1     1    16     1    12    14     0     0    -4.0   60.220 -139.325    634.3    821.4
     1     1    16     1    12    13     0     0    -5.0   59.988 -139.406    573.5    832.1
     1     1    16     1    12    12     0     0    -6.0   59.740 -139.483    503.6    847.9
     1     1    16     1    12    11     0     0    -7.0   59.486 -139.522    432.2    864.6
     1     1    16     1    12    10     0     0    -8.0   59.227 -139.510    364.4    881.1
     1     1    16     1    12     9     0     0    -9.0   58.967 -139.449    304.8    896.0
     1     1    16     1    12     8     0     0   -10.0   58.705 -139.341    255.2    910.0
     1     1    16     1    12     7     0     0   -11.0   58.442 -139.199    214.4    923.5
     1     1    16     1    12     6     0     0   -12.0   58.176 -139.033    180.7    935.6
     1     1    16     1    12     5     0     0   -13.0   57.910 -138.820    153.3    946.5
     1     1    16     1    12     4     0     0   -14.0   57.650 -138.541    131.4    956.4
     1     1    16     1    12     3     0     0   -15.0   57.400 -138.205    113.5    963.0
     1     1    16     1    12     2     0     0   -16.0   57.158 -137.830     98.4    966.0
     1     1    16     1    12     1     0     0   -17.0   56.922 -137.438     85.6    968.9
     1     1    16     1    12     0     0     0   -18.0   56.688 -137.049     75.6    970.7
     1     1    16     1    11    23     0     0   -19.0   56.459 -136.671     67.4    972.7
     1     1    16     1    11    22     0     0   -20.0   56.237 -136.293     60.1    975.1
     1     1    16     1    11    21     0     0   -21.0   56.019 -135.905     53.5    977.8
     1     1    16     1    11    20     0     0   -22.0   55.803 -135.493     47.7    980.8
     1     1    16     1    11    19     0     0   -23.0   55.583 -135.041     42.6    984.2
     1     1    16     1    11    18     0     0   -24.0   55.358 -134.541     38.0    983.9
     1     1    16     1    11    17     0     0   -25.0   55.129 -134.012     34.6    984.1
     1     1    16     1    11    16     0     0   -26.0   54.893 -133.477     32.3    983.1
     1     1    16     1    11    15     0     0   -27.0   54.648 -132.949     30.3    981.4
     1     1    16     1    11    14     0     0   -28.0   54.387 -132.426     28.3    980.3
     1     1    16     1    11    13     0     0   -29.0   54.112 -131.912     26.5    976.6
     1     1    16     1    11    12     0     0   -30.0   53.831 -131.405     25.6    973.9
     1     1    16     1    11    11     0     0   -31.0   53.557 -130.906     25.0    972.0
     1     1    16     1    11    10     0     0   -32.0   53.297 -130.420     24.1    970.9
     1     1    16     1    11     9     0     0   -33.0   53.054 -129.944     22.7    970.2
     1     1    16     1    11     8     0     0   -34.0   52.834 -129.490     21.1    967.2
     1     1    16     1    11     7     0     0   -35.0   52.647 -129.071     19.6    963.9
     1     1    16     1    11     6     0     0   -36.0   52.491 -128.687     18.3    960.5
     1     1    16     1    11     5     0     0   -37.0   52.358 -128.338     17.5    956.6
     1     1    16     1    11     4     0     0   -38.0   52.238 -128.017     17.5    952.9
     1     1    16     1    11     3     0     0   -39.0   52.130 -127.721     18.5    949.6
     1     1    16     1    11     2     0     0   -40.0   52.031 -127.446     20.5    946.4
     1     1    16     1    11     1     0     0   -41.0   51.930 -127.182     23.7    943.3
     1     1    16     1    11     0     0     0   -42.0   51.820 -126.922     28.4    940.3
     1     1    16     1    10    23     0     0   -43.0   51.701 -126.672     33.6    937.7
     1     1    16     1    10    22     0     0   -44.0   51.576 -126.438     38.2    935.6
     1     1    16     1    10    21     0     0   -45.0   51.448 -126.222     42.0    934.0
     1     1    16     1    10    20     0     0   -46.0   51.322 -126.026     44.8    932.8
     1     1    16     1    10    19     0     0   -47.0   51.199 -125.851     46.7    932.0
     1     1    16     1    10    18     0     0   -48.0   51.081 -125.695     47.4    931.6
     1     1    16     1    10    17     0     0   -49.0   50.966 -125.541     47.4    930.9
     1     1    16     1    10    16     0     0   -50.0   50.853 -125.371     47.0    929.8
     1     1    16     1    10    15     0     0   -51.0   50.742 -125.187     46.1    928.6
     1     1    16     1    10    14     0     0   -52.0   50.634 -124.993     44.6    927.2
     1     1    16     1    10    13     0     0   -53.0   50.529 -124.791     42.7    925.9
     1     1    16     1    10    12     0     0   -54.0   50.427 -124.582     40.3    924.4
     1     1    16     1    10    11     0     0   -55.0   50.336 -124.386     37.7    922.6
     1     1    16     1    10    10     0     0   -56.0   50.265 -124.219     34.7    920.9
     1     1    16     1    10     9     0     0   -57.0   50.212 -124.079     31.6    919.5
     1     1    16     1    10     8     0     0   -58.0   50.178 -123.965     28.5    918.2
     1     1    16     1    10     7     0     0   -59.0   50.162 -123.877     25.4    917.0
     1     1    16     1    10     6     0     0   -60.0   50.162 -123.813     22.5    916.1
     1     1    16     1    10     5     0     0   -61.0   50.171 -123.759     20.0    915.1
     1     1    16     1    10     4     0     0   -62.0   50.184 -123.701     18.3    914.0
     1     1    16     1    10     3     0     0   -63.0   50.197 -123.640     17.3    912.6
     1     1    16     1    10     2     0     0   -64.0   50.211 -123.574     16.7    911.1
     1     1    16     1    10     1     0     0   -65.0   50.223 -123.503     16.5    909.5
     1     1    16     1    10     0     0     0   -66.0   50.234 -123.428     16.6    907.8
     1     1    16     1     9    23     0     0   -67.0   50.248 -123.359     16.7    906.3
     1     1    16     1     9    22     0     0   -68.0   50.271 -123.310     16.3    905.2
     1     1    16     1     9    21     0     0   -69.0   50.303 -123.281     15.6    904.3
     1     1    16     1     9    20     0     0   -70.0   50.344 -123.271     14.5    903.6
     1     1    16     1     9    19     0     0   -71.0   50.394 -123.279     13.3    903.2
     1     1    16     1     9    18     0     0   -72.0   50.452 -123.306     11.9    903.1
