     1     1
    CDC1    16     1     1     0     0
     1 BACKWARD OMEGA   
    16     1     6    18   60.984 -139.059   750.0
     1 PRESSURE
     1     1    16     1     6    18     0     0     0.0   60.984 -139.059    750.0    805.1
     1     1    16     1     6    17     0     0    -1.0   60.883 -138.758    746.2    806.7
     1     1    16     1     6    16     0     0    -2.0   60.804 -138.459    743.3    807.7
     1     1    16     1     6    15     0     0    -3.0   60.748 -138.158    740.7    808.3
     1     1    16     1     6    14     0     0    -4.0   60.714 -137.856    737.6    808.5
     1     1    16     1     6    13     0     0    -5.0   60.702 -137.549    733.4    808.6
     1     1    16     1     6    12     0     0    -6.0   60.710 -137.238    727.8    808.3
     1     1    16     1     6    11     0     0    -7.0   60.730 -136.913    720.3    807.9
     1     1    16     1     6    10     0     0    -8.0   60.756 -136.562    710.4    807.6
     1     1    16     1     6     9     0     0    -9.0   60.787 -136.186    697.7    807.5
     1     1    16     1     6     8     0     0   -10.0   60.822 -135.781    681.6    807.5
     1     1    16     1     6     7     0     0   -11.0   60.858 -135.347    661.6    807.8
     1     1    16     1     6     6     0     0   -12.0   60.895 -134.884    637.3    808.2
     1     1    16     1     6     5     0     0   -13.0   60.920 -134.424    615.8    808.7
     1     1    16     1     6     4     0     0   -14.0   60.922 -133.997    604.2    807.7
     1     1    16     1     6     3     0     0   -15.0   60.904 -133.601    601.0    806.2
     1     1    16     1     6     2     0     0   -16.0   60.867 -133.233    605.3    804.3
     1     1    16     1     6     1     0     0   -17.0   60.814 -132.889    616.4    801.9
     1     1    16     1     6     0     0     0   -18.0   60.748 -132.567    634.0    799.1
     1     1    16     1     5    23     0     0   -19.0   60.675 -132.257    652.9    795.9
     1     1    16     1     5    22     0     0   -20.0   60.602 -131.950    669.1    793.5
     1     1    16     1     5    21     0     0   -21.0   60.529 -131.646    681.8    791.4
     1     1    16     1     5    20     0     0   -22.0   60.454 -131.344    691.1    789.6
     1     1    16     1     5    19     0     0   -23.0   60.377 -131.045    696.6    788.1
     1     1    16     1     5    18     0     0   -24.0   60.297 -130.748    698.4    786.9
     1     1    16     1     5    17     0     0   -25.0   60.213 -130.462    700.9    786.4
     1     1    16     1     5    16     0     0   -26.0   60.122 -130.199    708.1    785.1
     1     1    16     1     5    15     0     0   -27.0   60.025 -129.962    721.3    783.5
     1     1    16     1     5    14     0     0   -28.0   59.927 -129.753    741.4    782.5
     1     1    16     1     5    13     0     0   -29.0   59.831 -129.576    768.4    780.6
     1     1    16     1     5    12     0     0   -30.0   59.741 -129.434    802.8    778.0
     1     1    16     1     5    11     0     0   -31.0   59.656 -129.310    837.6    774.2
     1     1    16     1     5    10     0     0   -32.0   59.576 -129.185    867.2    771.6
     1     1    16     1     5     9     0     0   -33.0   59.500 -129.060    890.8    769.5
     1     1    16     1     5     8     0     0   -34.0   59.425 -128.932    908.2    767.7
     1     1    16     1     5     7     0     0   -35.0   59.352 -128.798    919.6    766.6
     1     1    16     1     5     6     0     0   -36.0   59.279 -128.658    924.9    766.0
     1     1    16     1     5     5     0     0   -37.0   59.210 -128.524    929.0    766.3
     1     1    16     1     5     4     0     0   -38.0   59.147 -128.409    935.0    765.9
     1     1    16     1     5     3     0     0   -39.0   59.092 -128.314    943.0    765.3
     1     1    16     1     5     2     0     0   -40.0   59.043 -128.238    952.7    764.5
     1     1    16     1     5     1     0     0   -41.0   59.002 -128.182    964.0    763.7
     1     1    16     1     5     0     0     0   -42.0   58.967 -128.146    976.7    762.7
     1     1    16     1     4    23     0     0   -43.0   58.931 -128.116    988.5    761.0
     1     1    16     1     4    22     0     0   -44.0   58.882 -128.073    998.9    759.6
     1     1    16     1     4    21     0     0   -45.0   58.822 -128.016   1007.1    758.4
     1     1    16     1     4    20     0     0   -46.0   58.748 -127.945   1013.1    757.2
     1     1    16     1     4    19     0     0   -47.0   58.661 -127.858   1016.7    756.1
     1     1    16     1     4    18     0     0   -48.0   58.560 -127.755   1017.8    755.1
     1     1    16     1     4    17     0     0   -49.0   58.456 -127.649   1018.9    754.8
     1     1    16     1     4    16     0     0   -50.0   58.364 -127.558   1021.0    754.2
     1     1    16     1     4    15     0     0   -51.0   58.282 -127.485   1024.6    753.8
     1     1    16     1     4    14     0     0   -52.0   58.213 -127.431   1029.6    753.8
     1     1    16     1     4    13     0     0   -53.0   58.157 -127.397   1035.9    753.5
     1     1    16     1     4    12     0     0   -54.0   58.112 -127.385   1043.3    753.1
     1     1    16     1     4    11     0     0   -55.0   58.076 -127.381   1052.7    751.9
     1     1    16     1     4    10     0     0   -56.0   58.046 -127.369   1065.2    750.4
     1     1    16     1     4     9     0     0   -57.0   58.021 -127.351   1080.7    748.6
     1     1    16     1     4     8     0     0   -58.0   58.002 -127.329   1099.1    746.7
     1     1    16     1     4     7     0     0   -59.0   57.988 -127.307   1120.6    744.5
     1     1    16     1     4     6     0     0   -60.0   57.979 -127.285   1145.2    742.1
     1     1    16     1     4     5     0     0   -61.0   57.975 -127.287   1170.5    740.0
     1     1    16     1     4     4     0     0   -62.0   57.976 -127.333   1191.9    738.2
     1     1    16     1     4     3     0     0   -63.0   57.982 -127.421   1210.4    736.6
     1     1    16     1     4     2     0     0   -64.0   57.992 -127.550   1226.7    735.5
     1     1    16     1     4     1     0     0   -65.0   58.005 -127.715   1241.8    735.4
     1     1    16     1     4     0     0     0   -66.0   58.022 -127.910   1256.3    735.6
     1     1    16     1     3    23     0     0   -67.0   58.031 -128.131   1270.8    735.6
     1     1    16     1     3    22     0     0   -68.0   58.022 -128.370   1284.3    735.8
     1     1    16     1     3    21     0     0   -69.0   57.995 -128.622   1295.8    736.3
     1     1    16     1     3    20     0     0   -70.0   57.952 -128.883   1304.0    737.2
     1     1    16     1     3    19     0     0   -71.0   57.895 -129.150   1307.6    738.8
     1     1    16     1     3    18     0     0   -72.0   57.826 -129.416   1305.2    741.1
