     1     1
    CDC1    16     2     1     0     0
     1 BACKWARD OMEGA   
    16     2    27     0   60.984 -139.059   750.0
     1 PRESSURE
     1     1    16     2    27     0     0     0     0.0   60.984 -139.059    750.0    799.9
     1     1    16     2    26    23     0     0    -1.0   60.622 -138.829    672.3    813.5
     1     1    16     2    26    22     0     0    -2.0   60.245 -138.574    592.1    828.1
     1     1    16     2    26    21     0     0    -3.0   59.859 -138.297    512.6    844.4
     1     1    16     2    26    20     0     0    -4.0   59.469 -138.015    439.6    864.6
     1     1    16     2    26    19     0     0    -5.0   59.075 -137.738    374.8    884.3
     1     1    16     2    26    18     0     0    -6.0   58.683 -137.477    319.4    902.0
     1     1    16     2    26    17     0     0    -7.0   58.300 -137.223    274.0    917.5
     1     1    16     2    26    16     0     0    -8.0   57.925 -136.952    237.1    931.7
     1     1    16     2    26    15     0     0    -9.0   57.548 -136.661    206.7    944.7
     1     1    16     2    26    14     0     0   -10.0   57.167 -136.352    180.7    951.1
     1     1    16     2    26    13     0     0   -11.0   56.781 -136.025    158.7    957.1
     1     1    16     2    26    12     0     0   -12.0   56.387 -135.678    140.9    963.7
     1     1    16     2    26    11     0     0   -13.0   55.989 -135.320    125.7    970.9
     1     1    16     2    26    10     0     0   -14.0   55.589 -134.963    111.4    978.7
     1     1    16     2    26     9     0     0   -15.0   55.179 -134.605     97.3    984.4
     1     1    16     2    26     8     0     0   -16.0   54.759 -134.250     83.9    987.4
     1     1    16     2    26     7     0     0   -17.0   54.335 -133.913     71.4    988.7
     1     1    16     2    26     6     0     0   -18.0   53.904 -133.594     59.5    990.8
     1     1    16     2    26     5     0     0   -19.0   53.465 -133.278     48.8    994.7
     1     1    16     2    26     4     0     0   -20.0   53.012 -132.943     40.1    999.5
     1     1    16     2    26     3     0     0   -21.0   52.533 -132.584     33.1   1005.9
     1     1    16     2    26     2     0     0   -22.0   52.031 -132.204     27.8   1005.0
     1     1    16     2    26     1     0     0   -23.0   51.526 -131.808     24.3   1003.9
     1     1    16     2    26     0     0     0   -24.0   51.026 -131.399     22.0   1004.1
     1     1    16     2    25    23     0     0   -25.0   50.536 -130.991     20.1   1005.8
     1     1    16     2    25    22     0     0   -26.0   50.053 -130.590     17.9   1009.0
     1     1    16     2    25    21     0     0   -27.0   49.573 -130.190     15.2   1010.8
     1     1    16     2    25    20     0     0   -28.0   49.103 -129.796     12.5   1011.9
     1     1    16     2    25    19     0     0   -29.0   48.657 -129.423     10.3   1013.2
     1     1    16     2    25    18     0     0   -30.0   48.241 -129.073      8.4   1015.7
     1     1    16     2    25    17     0     0   -31.0   47.862 -128.746      6.7   1019.2
     1     1    16     2    25    16     0     0   -32.0   47.523 -128.440      5.4   1023.6
     1     1    16     2    25    15     0     0   -33.0   47.219 -128.155      4.3   1024.8
     1     1    16     2    25    14     0     0   -34.0   46.950 -127.894      3.5   1025.8
     1     1    16     2    25    13     0     0   -35.0   46.713 -127.659      3.0   1027.1
     1     1    16     2    25    12     0     0   -36.0   46.503 -127.450      2.8   1027.7
     1     1    16     2    25    11     0     0   -37.0   46.318 -127.265      2.8   1026.5
     1     1    16     2    25    10     0     0   -38.0   46.156 -127.098      2.9   1025.4
     1     1    16     2    25     9     0     0   -39.0   46.013 -126.945      3.0   1024.4
     1     1    16     2    25     8     0     0   -40.0   45.887 -126.802      3.2   1023.4
     1     1    16     2    25     7     0     0   -41.0   45.777 -126.668      3.5   1022.5
     1     1    16     2    25     6     0     0   -42.0   45.681 -126.538      3.9   1021.7
     1     1    16     2    25     5     0     0   -43.0   45.592 -126.422      4.2   1020.7
     1     1    16     2    25     4     0     0   -44.0   45.502 -126.332      4.4   1019.9
     1     1    16     2    25     3     0     0   -45.0   45.408 -126.268      4.3   1019.3
     1     1    16     2    25     2     0     0   -46.0   45.309 -126.233      4.0   1018.9
     1     1    16     2    25     1     0     0   -47.0   45.203 -126.227      3.4   1018.7
     1     1    16     2    25     0     0     0   -48.0   45.090 -126.253      2.6   1018.7
     1     1    16     2    24    23     0     0   -49.0   44.974 -126.297      1.9   1019.0
     1     1    16     2    24    22     0     0   -50.0   44.861 -126.342      1.5   1019.3
     1     1    16     2    24    21     0     0   -51.0   44.753 -126.385      1.5   1019.6
     1     1    16     2    24    20     0     0   -52.0   44.647 -126.427      1.8   1019.8
     1     1    16     2    24    19     0     0   -53.0   44.542 -126.467      2.4   1020.1
     1     1    16     2    24    18     0     0   -54.0   44.439 -126.505      3.2   1020.4
     1     1    16     2    24    17     0     0   -55.0   44.336 -126.544      4.2   1020.1
     1     1    16     2    24    16     0     0   -56.0   44.233 -126.589      5.2   1019.9
     1     1    16     2    24    15     0     0   -57.0   44.130 -126.643      6.2   1019.8
     1     1    16     2    24    14     0     0   -58.0   44.027 -126.705      7.2   1019.8
     1     1    16     2    24    13     0     0   -59.0   43.927 -126.779      8.1   1020.0
     1     1    16     2    24    12     0     0   -60.0   43.828 -126.867      9.0   1020.4
     1     1    16     2    24    11     0     0   -61.0   43.729 -126.973      9.8   1021.4
     1     1    16     2    24    10     0     0   -62.0   43.628 -127.100     10.5   1022.5
     1     1    16     2    24     9     0     0   -63.0   43.527 -127.251     11.2   1024.0
     1     1    16     2    24     8     0     0   -64.0   43.427 -127.428     11.8   1026.0
     1     1    16     2    24     7     0     0   -65.0   43.329 -127.631     12.3   1026.1
     1     1    16     2    24     6     0     0   -66.0   43.234 -127.855     12.8   1024.8
     1     1    16     2    24     5     0     0   -67.0   43.133 -128.083     13.4   1023.2
     1     1    16     2    24     4     0     0   -68.0   43.019 -128.308     14.1   1021.6
     1     1    16     2    24     3     0     0   -69.0   42.891 -128.538     15.0   1020.0
     1     1    16     2    24     2     0     0   -70.0   42.751 -128.783     16.1   1018.3
     1     1    16     2    24     1     0     0   -71.0   42.599 -129.053     17.2   1016.5
     1     1    16     2    24     0     0     0   -72.0   42.438 -129.358     18.4   1014.4
