     1     1
    CDC1    16     3     1     0     0
     1 BACKWARD OMEGA   
    16     3    23    18   60.984 -139.059   750.0
     1 PRESSURE
     1     1    16     3    23    18     0     0     0.0   60.984 -139.059    750.0    801.7
     1     1    16     3    23    17     0     0    -1.0   60.819 -138.603    766.8    802.2
     1     1    16     3    23    16     0     0    -2.0   60.647 -138.161    779.1    803.4
     1     1    16     3    23    15     0     0    -3.0   60.468 -137.735    786.1    805.3
     1     1    16     3    23    14     0     0    -4.0   60.282 -137.325    786.7    807.7
     1     1    16     3    23    13     0     0    -5.0   60.092 -136.934    779.9    810.5
     1     1    16     3    23    12     0     0    -6.0   59.899 -136.561    765.9    815.3
     1     1    16     3    23    11     0     0    -7.0   59.699 -136.210    748.1    822.3
     1     1    16     3    23    10     0     0    -8.0   59.489 -135.883    729.3    829.4
     1     1    16     3    23     9     0     0    -9.0   59.269 -135.575    710.5    836.7
     1     1    16     3    23     8     0     0   -10.0   59.039 -135.284    692.4    844.3
     1     1    16     3    23     7     0     0   -11.0   58.801 -135.010    675.4    852.0
     1     1    16     3    23     6     0     0   -12.0   58.556 -134.751    659.8    858.1
     1     1    16     3    23     5     0     0   -13.0   58.314 -134.504    645.1    863.0
     1     1    16     3    23     4     0     0   -14.0   58.086 -134.270    631.8    867.4
     1     1    16     3    23     3     0     0   -15.0   57.872 -134.054    620.5    871.1
     1     1    16     3    23     2     0     0   -16.0   57.675 -133.856    611.8    874.0
     1     1    16     3    23     1     0     0   -17.0   57.494 -133.679    606.8    876.1
     1     1    16     3    23     0     0     0   -18.0   57.330 -133.525    605.6    877.5
     1     1    16     3    22    23     0     0   -19.0   57.179 -133.392    605.2    878.4
     1     1    16     3    22    22     0     0   -20.0   57.036 -133.272    602.6    880.0
     1     1    16     3    22    21     0     0   -21.0   56.906 -133.167    597.6    881.8
     1     1    16     3    22    20     0     0   -22.0   56.788 -133.073    590.4    883.8
     1     1    16     3    22    19     0     0   -23.0   56.683 -132.992    580.9    886.0
     1     1    16     3    22    18     0     0   -24.0   56.594 -132.921    569.2    888.3
     1     1    16     3    22    17     0     0   -25.0   56.512 -132.863    555.5    890.3
     1     1    16     3    22    16     0     0   -26.0   56.430 -132.816    539.7    892.8
     1     1    16     3    22    15     0     0   -27.0   56.348 -132.782    522.4    895.6
     1     1    16     3    22    14     0     0   -28.0   56.267 -132.759    504.1    898.7
     1     1    16     3    22    13     0     0   -29.0   56.187 -132.747    485.1    902.0
     1     1    16     3    22    12     0     0   -30.0   56.109 -132.746    465.8    905.5
     1     1    16     3    22    11     0     0   -31.0   56.030 -132.744    447.9    909.2
     1     1    16     3    22    10     0     0   -32.0   55.951 -132.732    432.8    912.3
     1     1    16     3    22     9     0     0   -33.0   55.869 -132.710    420.3    915.0
     1     1    16     3    22     8     0     0   -34.0   55.784 -132.680    410.4    917.4
     1     1    16     3    22     7     0     0   -35.0   55.697 -132.644    403.0    919.5
     1     1    16     3    22     6     0     0   -36.0   55.605 -132.602    398.1    921.4
     1     1    16     3    22     5     0     0   -37.0   55.510 -132.546    397.2    922.8
     1     1    16     3    22     4     0     0   -38.0   55.409 -132.468    401.7    923.1
     1     1    16     3    22     3     0     0   -39.0   55.302 -132.368    411.6    922.1
     1     1    16     3    22     2     0     0   -40.0   55.188 -132.245    427.3    920.2
     1     1    16     3    22     1     0     0   -41.0   55.069 -132.102    448.9    917.4
     1     1    16     3    22     0     0     0   -42.0   54.943 -131.940    476.2    913.2
     1     1    16     3    21    23     0     0   -43.0   54.816 -131.776    506.3    908.1
     1     1    16     3    21    22     0     0   -44.0   54.689 -131.622    535.8    903.8
     1     1    16     3    21    21     0     0   -45.0   54.561 -131.474    564.3    899.9
     1     1    16     3    21    20     0     0   -46.0   54.428 -131.330    591.4    896.5
     1     1    16     3    21    19     0     0   -47.0   54.289 -131.185    617.0    893.5
     1     1    16     3    21    18     0     0   -48.0   54.142 -131.039    640.7    890.4
     1     1    16     3    21    17     0     0   -49.0   53.983 -130.883    660.5    887.7
     1     1    16     3    21    16     0     0   -50.0   53.810 -130.713    674.7    886.1
     1     1    16     3    21    15     0     0   -51.0   53.622 -130.531    683.7    885.2
     1     1    16     3    21    14     0     0   -52.0   53.418 -130.339    687.6    885.3
     1     1    16     3    21    13     0     0   -53.0   53.196 -130.140    687.0    886.2
     1     1    16     3    21    12     0     0   -54.0   52.955 -129.937    682.1    887.8
     1     1    16     3    21    11     0     0   -55.0   52.695 -129.734    673.8    890.0
     1     1    16     3    21    10     0     0   -56.0   52.414 -129.538    663.0    892.1
     1     1    16     3    21     9     0     0   -57.0   52.114 -129.355    649.3    893.5
     1     1    16     3    21     8     0     0   -58.0   51.795 -129.187    633.3    895.9
     1     1    16     3    21     7     0     0   -59.0   51.455 -129.039    616.0    899.1
     1     1    16     3    21     6     0     0   -60.0   51.093 -128.915    597.9    902.9
     1     1    16     3    21     5     0     0   -61.0   50.721 -128.802    582.0    907.5
     1     1    16     3    21     4     0     0   -62.0   50.347 -128.689    569.6    911.6
     1     1    16     3    21     3     0     0   -63.0   49.970 -128.581    559.9    915.5
     1     1    16     3    21     2     0     0   -64.0   49.591 -128.485    551.6    919.3
     1     1    16     3    21     1     0     0   -65.0   49.214 -128.411    543.8    923.5
     1     1    16     3    21     0     0     0   -66.0   48.838 -128.367    535.6    928.2
     1     1    16     3    20    23     0     0   -67.0   48.458 -128.351    523.7    933.9
     1     1    16     3    20    22     0     0   -68.0   48.071 -128.356    505.2    940.8
     1     1    16     3    20    21     0     0   -69.0   47.676 -128.378    481.4    948.3
     1     1    16     3    20    20     0     0   -70.0   47.276 -128.414    453.3    953.6
     1     1    16     3    20    19     0     0   -71.0   46.875 -128.463    423.3    957.1
     1     1    16     3    20    18     0     0   -72.0   46.474 -128.527    393.3    960.3
