     1     1
    CDC1    15    12     1     0     0
     1 BACKWARD OMEGA   
    15    12    27     0   60.984 -139.059   750.0
     1 PRESSURE
     1     1    15    12    27     0     0     0     0.0   60.984 -139.059    750.0    802.8
     1     1    15    12    26    23     0     0    -1.0   60.912 -139.105    745.5    804.4
     1     1    15    12    26    22     0     0    -2.0   60.825 -139.111    736.7    806.8
     1     1    15    12    26    21     0     0    -3.0   60.725 -139.075    723.1    809.8
     1     1    15    12    26    20     0     0    -4.0   60.612 -138.995    704.7    813.6
     1     1    15    12    26    19     0     0    -5.0   60.485 -138.866    681.5    817.9
     1     1    15    12    26    18     0     0    -6.0   60.346 -138.684    653.4    823.0
     1     1    15    12    26    17     0     0    -7.0   60.185 -138.458    619.0    829.2
     1     1    15    12    26    16     0     0    -8.0   59.994 -138.199    576.1    836.8
     1     1    15    12    26    15     0     0    -9.0   59.781 -137.905    528.2    848.7
     1     1    15    12    26    14     0     0   -10.0   59.552 -137.580    477.6    861.3
     1     1    15    12    26    13     0     0   -11.0   59.312 -137.220    425.3    874.2
     1     1    15    12    26    12     0     0   -12.0   59.066 -136.822    372.2    887.2
     1     1    15    12    26    11     0     0   -13.0   58.833 -136.394    321.0    898.8
     1     1    15    12    26    10     0     0   -14.0   58.628 -135.947    273.3    908.8
     1     1    15    12    26     9     0     0   -15.0   58.455 -135.482    229.5    917.7
     1     1    15    12    26     8     0     0   -16.0   58.319 -135.003    189.7    924.9
     1     1    15    12    26     7     0     0   -17.0   58.203 -134.527    151.1    926.4
     1     1    15    12    26     6     0     0   -18.0   58.090 -134.063    110.9    928.4
     1     1    15    12    26     5     0     0   -19.0   57.983 -133.610     70.7    930.5
     1     1    15    12    26     4     0     0   -20.0   57.910 -133.184     38.6    930.1
     1     1    15    12    26     3     0     0   -21.0   57.903 -132.808     20.3    928.2
     1     1    15    12    26     2     0     0   -22.0   57.925 -132.467      8.1    922.8
     1     1    15    12    26     1     0     0   -23.0   57.971 -132.149      1.8    916.6
     1     1    15    12    26     0     0     0   -24.0   58.012 -131.838      0.0    910.7
     1     1    15    12    25    23     0     0   -25.0   58.055 -131.549      0.0    905.3
     1     1    15    12    25    22     0     0   -26.0   58.103 -131.303      0.0    900.7
     1     1    15    12    25    21     0     0   -27.0   58.154 -131.098      0.0    896.7
     1     1    15    12    25    20     0     0   -28.0   58.208 -130.932      0.6    893.4
     1     1    15    12    25    19     0     0   -29.0   58.263 -130.804      1.9    890.8
     1     1    15    12    25    18     0     0   -30.0   58.319 -130.712      3.9    888.7
     1     1    15    12    25    17     0     0   -31.0   58.375 -130.631      6.1    886.7
     1     1    15    12    25    16     0     0   -32.0   58.427 -130.536      8.0    884.5
     1     1    15    12    25    15     0     0   -33.0   58.476 -130.426      9.5    882.2
     1     1    15    12    25    14     0     0   -34.0   58.522 -130.303     11.0    879.5
     1     1    15    12    25    13     0     0   -35.0   58.565 -130.167     12.5    876.7
     1     1    15    12    25    12     0     0   -36.0   58.606 -130.017     13.9    873.8
     1     1    15    12    25    11     0     0   -37.0   58.646 -129.869     15.2    871.8
     1     1    15    12    25    10     0     0   -38.0   58.687 -129.740     16.4    870.1
     1     1    15    12    25     9     0     0   -39.0   58.728 -129.629     17.3    868.5
     1     1    15    12    25     8     0     0   -40.0   58.772 -129.534     18.0    867.2
     1     1    15    12    25     7     0     0   -41.0   58.816 -129.454     18.2    866.0
     1     1    15    12    25     6     0     0   -42.0   58.863 -129.389     18.1    864.9
     1     1    15    12    25     5     0     0   -43.0   58.912 -129.321     18.4    864.3
     1     1    15    12    25     4     0     0   -44.0   58.963 -129.239     20.1    863.3
     1     1    15    12    25     3     0     0   -45.0   59.016 -129.144     23.5    862.1
     1     1    15    12    25     2     0     0   -46.0   59.073 -129.039     29.2    860.7
     1     1    15    12    25     1     0     0   -47.0   59.137 -128.930     38.4    859.1
     1     1    15    12    25     0     0     0   -48.0   59.212 -128.822     52.2    857.2
     1     1    15    12    24    23     0     0   -49.0   59.297 -128.735     70.2    854.6
     1     1    15    12    24    22     0     0   -50.0   59.390 -128.678     89.4    851.2
     1     1    15    12    24    21     0     0   -51.0   59.487 -128.642    108.3    848.0
     1     1    15    12    24    20     0     0   -52.0   59.583 -128.620    125.8    845.3
     1     1    15    12    24    19     0     0   -53.0   59.677 -128.609    141.1    842.9
     1     1    15    12    24    18     0     0   -54.0   59.765 -128.602    153.0    841.0
     1     1    15    12    24    17     0     0   -55.0   59.849 -128.600    161.6    839.8
     1     1    15    12    24    16     0     0   -56.0   59.936 -128.602    167.0    838.8
     1     1    15    12    24    15     0     0   -57.0   60.024 -128.609    169.1    838.2
     1     1    15    12    24    14     0     0   -58.0   60.115 -128.623    167.9    837.9
     1     1    15    12    24    13     0     0   -59.0   60.209 -128.643    163.5    837.8
     1     1    15    12    24    12     0     0   -60.0   60.305 -128.668    156.4    838.1
     1     1    15    12    24    11     0     0   -61.0   60.397 -128.695    149.1    838.6
     1     1    15    12    24    10     0     0   -62.0   60.479 -128.722    144.4    838.7
     1     1    15    12    24     9     0     0   -63.0   60.551 -128.747    141.9    838.4
     1     1    15    12    24     8     0     0   -64.0   60.615 -128.772    141.7    838.0
     1     1    15    12    24     7     0     0   -65.0   60.670 -128.796    143.6    837.3
     1     1    15    12    24     6     0     0   -66.0   60.718 -128.818    147.6    836.4
     1     1    15    12    24     5     0     0   -67.0   60.762 -128.849    151.2    835.1
     1     1    15    12    24     4     0     0   -68.0   60.808 -128.899    152.2    834.1
     1     1    15    12    24     3     0     0   -69.0   60.856 -128.967    151.0    833.3
     1     1    15    12    24     2     0     0   -70.0   60.908 -129.054    147.9    832.6
     1     1    15    12    24     1     0     0   -71.0   60.966 -129.159    143.4    831.9
     1     1    15    12    24     0     0     0   -72.0   61.032 -129.283    138.1    831.2
