     1     1
    CDC1    15    11     1     0     0
     1 BACKWARD OMEGA   
    15    11     9    18   60.984 -139.059   750.0
     1 PRESSURE
     1     1    15    11     9    18     0     0     0.0   60.984 -139.059    750.0    796.0
     1     1    15    11     9    17     0     0    -1.0   60.745 -139.443    654.4    810.4
     1     1    15    11     9    16     0     0    -2.0   60.509 -139.761    546.7    827.0
     1     1    15    11     9    15     0     0    -3.0   60.272 -140.009    433.1    844.6
     1     1    15    11     9    14     0     0    -4.0   60.029 -140.176    325.8    863.0
     1     1    15    11     9    13     0     0    -5.0   59.773 -140.260    240.7    883.3
     1     1    15    11     9    12     0     0    -6.0   59.495 -140.287    179.0    900.3
     1     1    15    11     9    11     0     0    -7.0   59.197 -140.308    135.6    916.8
     1     1    15    11     9    10     0     0    -8.0   58.891 -140.370    105.0    933.0
     1     1    15    11     9     9     0     0    -9.0   58.581 -140.470     82.7    948.9
     1     1    15    11     9     8     0     0   -10.0   58.268 -140.600     65.1    963.9
     1     1    15    11     9     7     0     0   -11.0   57.953 -140.748     50.3    978.7
     1     1    15    11     9     6     0     0   -12.0   57.630 -140.900     37.6    993.9
     1     1    15    11     9     5     0     0   -13.0   57.319 -141.064     26.8   1002.0
     1     1    15    11     9     4     0     0   -14.0   57.045 -141.253     18.3   1005.6
     1     1    15    11     9     3     0     0   -15.0   56.815 -141.472     12.3   1008.7
     1     1    15    11     9     2     0     0   -16.0   56.630 -141.721      7.8   1010.6
     1     1    15    11     9     1     0     0   -17.0   56.489 -142.003      4.4   1012.2
     1     1    15    11     9     0     0     0   -18.0   56.390 -142.317      1.9   1013.8
     1     1    15    11     8    23     0     0   -19.0   56.323 -142.653      0.2   1014.5
     1     1    15    11     8    22     0     0   -20.0   56.275 -143.002      0.0   1015.1
     1     1    15    11     8    21     0     0   -21.0   56.246 -143.360      0.0   1015.7
     1     1    15    11     8    20     0     0   -22.0   56.238 -143.731      0.0   1016.5
     1     1    15    11     8    19     0     0   -23.0   56.253 -144.118      0.0   1017.4
     1     1    15    11     8    18     0     0   -24.0   56.295 -144.521      0.0   1018.6
     1     1    15    11     8    17     0     0   -25.0   56.363 -144.955      0.0   1020.0
     1     1    15    11     8    16     0     0   -26.0   56.455 -145.423      0.1   1020.8
     1     1    15    11     8    15     0     0   -27.0   56.569 -145.917      0.5   1021.9
     1     1    15    11     8    14     0     0   -28.0   56.708 -146.435      1.3   1023.6
     1     1    15    11     8    13     0     0   -29.0   56.874 -146.979      2.4   1025.9
     1     1    15    11     8    12     0     0   -30.0   57.070 -147.548      3.8   1028.8
     1     1    15    11     8    11     0     0   -31.0   57.277 -148.113      5.3   1028.0
     1     1    15    11     8    10     0     0   -32.0   57.482 -148.650      6.8   1027.3
     1     1    15    11     8     9     0     0   -33.0   57.686 -149.157      8.2   1020.6
     1     1    15    11     8     8     0     0   -34.0   57.888 -149.635      9.8   1014.2
     1     1    15    11     8     7     0     0   -35.0   58.088 -150.090     11.6   1008.2
     1     1    15    11     8     6     0     0   -36.0   58.280 -150.522     14.0   1001.7
     1     1    15    11     8     5     0     0   -37.0   58.450 -150.931     17.8    995.1
     1     1    15    11     8     4     0     0   -38.0   58.593 -151.329     23.5    989.2
     1     1    15    11     8     3     0     0   -39.0   58.718 -151.725     32.1    983.5
     1     1    15    11     8     2     0     0   -40.0   58.831 -152.128     44.2    978.0
     1     1    15    11     8     1     0     0   -41.0   58.937 -152.547     60.3    972.7
     1     1    15    11     8     0     0     0   -42.0   59.039 -152.994     78.5    967.8
     1     1    15    11     7    23     0     0   -43.0   59.134 -153.450     95.1    962.7
     1     1    15    11     7    22     0     0   -44.0   59.219 -153.886    109.4    958.6
     1     1    15    11     7    21     0     0   -45.0   59.296 -154.301    122.3    955.0
     1     1    15    11     7    20     0     0   -46.0   59.368 -154.694    134.5    951.7
     1     1    15    11     7    19     0     0   -47.0   59.439 -155.067    146.8    948.8
     1     1    15    11     7    18     0     0   -48.0   59.512 -155.427    159.7    947.2
     1     1    15    11     7    17     0     0   -49.0   59.590 -155.787    173.0    946.0
     1     1    15    11     7    16     0     0   -50.0   59.670 -156.156    185.8    945.1
     1     1    15    11     7    15     0     0   -51.0   59.748 -156.528    197.9    944.4
     1     1    15    11     7    14     0     0   -52.0   59.822 -156.899    208.5    943.6
     1     1    15    11     7    13     0     0   -53.0   59.889 -157.267    217.4    943.2
     1     1    15    11     7    12     0     0   -54.0   59.947 -157.629    224.3    943.7
     1     1    15    11     7    11     0     0   -55.0   60.006 -157.997    229.9    944.5
     1     1    15    11     7    10     0     0   -56.0   60.079 -158.387    234.7    946.2
     1     1    15    11     7     9     0     0   -57.0   60.165 -158.798    238.1    948.2
     1     1    15    11     7     8     0     0   -58.0   60.262 -159.231    239.9    950.8
     1     1    15    11     7     7     0     0   -59.0   60.372 -159.685    240.0    953.8
     1     1    15    11     7     6     0     0   -60.0   60.494 -160.160    238.1    957.1
     1     1    15    11     7     5     0     0   -61.0   60.617 -160.645    235.0    959.8
     1     1    15    11     7     4     0     0   -62.0   60.734 -161.139    232.4    962.4
     1     1    15    11     7     3     0     0   -63.0   60.852 -161.656    230.8    965.1
     1     1    15    11     7     2     0     0   -64.0   60.977 -162.210    230.6    967.8
     1     1    15    11     7     1     0     0   -65.0   61.112 -162.807    232.6    969.4
     1     1    15    11     7     0     0     0   -66.0   61.252 -163.433    238.6    969.6
     1     1    15    11     6    23     0     0   -67.0   61.399 -164.057    247.2    968.4
     1     1    15    11     6    22     0     0   -68.0   61.565 -164.661    255.9    967.4
     1     1    15    11     6    21     0     0   -69.0   61.760 -165.252    264.2    965.6
     1     1    15    11     6    20     0     0   -70.0   61.988 -165.831    272.0    963.2
     1     1    15    11     6    19     0     0   -71.0   62.251 -166.399    279.7    960.9
     1     1    15    11     6    18     0     0   -72.0   62.550 -166.958    287.7    958.8
