     1     1
    CDC1    16     4     1     0     0
     1 BACKWARD OMEGA   
    16     4    25    12   60.984 -139.059   750.0
     1 PRESSURE
     1     1    16     4    25    12     0     0     0.0   60.984 -139.059    750.0    811.0
     1     1    16     4    25    11     0     0    -1.0   60.799 -138.878    710.0    818.3
     1     1    16     4    25    10     0     0    -2.0   60.611 -138.727    671.1    825.7
     1     1    16     4    25     9     0     0    -3.0   60.423 -138.608    634.0    833.1
     1     1    16     4    25     8     0     0    -4.0   60.234 -138.520    599.6    840.1
     1     1    16     4    25     7     0     0    -5.0   60.046 -138.459    569.3    846.3
     1     1    16     4    25     6     0     0    -6.0   59.863 -138.421    544.6    853.9
     1     1    16     4    25     5     0     0    -7.0   59.683 -138.372    522.4    861.6
     1     1    16     4    25     4     0     0    -8.0   59.501 -138.284    499.5    869.8
     1     1    16     4    25     3     0     0    -9.0   59.318 -138.163    476.5    878.0
     1     1    16     4    25     2     0     0   -10.0   59.132 -138.011    454.2    886.2
     1     1    16     4    25     1     0     0   -11.0   58.942 -137.833    433.1    894.4
     1     1    16     4    25     0     0     0   -12.0   58.746 -137.629    413.7    902.5
     1     1    16     4    24    23     0     0   -13.0   58.548 -137.405    397.7    910.0
     1     1    16     4    24    22     0     0   -14.0   58.352 -137.162    386.1    916.0
     1     1    16     4    24    21     0     0   -15.0   58.155 -136.901    378.0    921.3
     1     1    16     4    24    20     0     0   -16.0   57.956 -136.620    373.2    925.9
     1     1    16     4    24    19     0     0   -17.0   57.754 -136.319    371.1    930.1
     1     1    16     4    24    18     0     0   -18.0   57.545 -135.997    371.6    933.8
     1     1    16     4    24    17     0     0   -19.0   57.334 -135.690    373.2    934.8
     1     1    16     4    24    16     0     0   -20.0   57.127 -135.430    375.9    935.8
     1     1    16     4    24    15     0     0   -21.0   56.925 -135.215    380.1    937.2
     1     1    16     4    24    14     0     0   -22.0   56.728 -135.039    386.2    938.6
     1     1    16     4    24    13     0     0   -23.0   56.539 -134.899    394.1    939.2
     1     1    16     4    24    12     0     0   -24.0   56.359 -134.791    404.2    939.6
     1     1    16     4    24    11     0     0   -25.0   56.180 -134.707    414.6    940.4
     1     1    16     4    24    10     0     0   -26.0   55.997 -134.638    423.8    942.0
     1     1    16     4    24     9     0     0   -27.0   55.807 -134.581    431.5    944.0
     1     1    16     4    24     8     0     0   -28.0   55.612 -134.535    437.6    946.5
     1     1    16     4    24     7     0     0   -29.0   55.411 -134.498    442.0    949.5
     1     1    16     4    24     6     0     0   -30.0   55.204 -134.468    444.5    952.9
     1     1    16     4    24     5     0     0   -31.0   54.996 -134.458    446.6    956.5
     1     1    16     4    24     4     0     0   -32.0   54.793 -134.485    449.7    956.8
     1     1    16     4    24     3     0     0   -33.0   54.597 -134.550    454.3    957.3
     1     1    16     4    24     2     0     0   -34.0   54.406 -134.653    460.4    957.8
     1     1    16     4    24     1     0     0   -35.0   54.220 -134.792    468.1    958.2
     1     1    16     4    24     0     0     0   -36.0   54.038 -134.966    477.5    958.5
     1     1    16     4    23    23     0     0   -37.0   53.852 -135.172    485.9    957.3
     1     1    16     4    23    22     0     0   -38.0   53.653 -135.410    490.5    956.4
     1     1    16     4    23    21     0     0   -39.0   53.439 -135.683    491.6    955.6
     1     1    16     4    23    20     0     0   -40.0   53.206 -135.992    489.5    954.8
     1     1    16     4    23    19     0     0   -41.0   52.952 -136.340    484.7    954.0
     1     1    16     4    23    18     0     0   -42.0   52.673 -136.734    477.4    952.8
     1     1    16     4    23    17     0     0   -43.0   52.364 -137.171    470.7    950.7
     1     1    16     4    23    16     0     0   -44.0   52.028 -137.652    467.4    948.4
     1     1    16     4    23    15     0     0   -45.0   51.677 -138.176    466.9    947.0
     1     1    16     4    23    14     0     0   -46.0   51.315 -138.751    468.5    946.1
     1     1    16     4    23    13     0     0   -47.0   50.944 -139.386    471.6    945.6
     1     1    16     4    23    12     0     0   -48.0   50.564 -140.090    475.3    945.9
     1     1    16     4    23    11     0     0   -49.0   50.185 -140.867    479.8    947.6
     1     1    16     4    23    10     0     0   -50.0   49.815 -141.710    485.0    949.0
     1     1    16     4    23     9     0     0   -51.0   49.459 -142.609    492.0    949.1
     1     1    16     4    23     8     0     0   -52.0   49.135 -143.562    501.1    945.7
     1     1    16     4    23     7     0     0   -53.0   48.853 -144.572    512.6    941.7
     1     1    16     4    23     6     0     0   -54.0   48.615 -145.632    526.3    937.9
     1     1    16     4    23     5     0     0   -55.0   48.424 -146.716    539.4    934.2
     1     1    16     4    23     4     0     0   -56.0   48.275 -147.806    550.0    932.0
     1     1    16     4    23     3     0     0   -57.0   48.166 -148.891    558.8    932.5
     1     1    16     4    23     2     0     0   -58.0   48.093 -149.964    565.2    933.0
     1     1    16     4    23     1     0     0   -59.0   48.048 -151.013    569.7    933.4
     1     1    16     4    23     0     0     0   -60.0   48.022 -152.030    573.3    933.7
     1     1    16     4    22    23     0     0   -61.0   48.014 -153.002    575.2    934.2
     1     1    16     4    22    22     0     0   -62.0   48.023 -153.915    575.2    934.3
     1     1    16     4    22    21     0     0   -63.0   48.050 -154.774    573.7    934.3
     1     1    16     4    22    20     0     0   -64.0   48.092 -155.588    570.8    934.1
     1     1    16     4    22    19     0     0   -65.0   48.145 -156.364    566.5    934.0
     1     1    16     4    22    18     0     0   -66.0   48.206 -157.108    560.5    933.9
     1     1    16     4    22    17     0     0   -67.0   48.264 -157.824    554.2    934.5
     1     1    16     4    22    16     0     0   -68.0   48.308 -158.518    548.8    935.2
     1     1    16     4    22    15     0     0   -69.0   48.340 -159.200    544.1    935.9
     1     1    16     4    22    14     0     0   -70.0   48.360 -159.877    539.7    936.6
     1     1    16     4    22    13     0     0   -71.0   48.369 -160.555    534.6    936.6
     1     1    16     4    22    12     0     0   -72.0   48.369 -161.236    528.1    936.6
