     1     1
    CDC1    16     1     1     0     0
     1 BACKWARD OMEGA   
    16     1    13    18   60.984 -139.059   750.0
     1 PRESSURE
     1     1    16     1    13    18     0     0     0.0   60.984 -139.059    750.0    793.8
     1     1    16     1    13    17     0     0    -1.0   60.826 -138.759    756.2    795.3
     1     1    16     1    13    16     0     0    -2.0   60.671 -138.439    762.8    796.5
     1     1    16     1    13    15     0     0    -3.0   60.518 -138.101    770.3    797.6
     1     1    16     1    13    14     0     0    -4.0   60.367 -137.747    779.1    798.5
     1     1    16     1    13    13     0     0    -5.0   60.217 -137.380    789.3    798.9
     1     1    16     1    13    12     0     0    -6.0   60.070 -137.007    800.9    798.7
     1     1    16     1    13    11     0     0    -7.0   59.919 -136.642    812.5    799.6
     1     1    16     1    13    10     0     0    -8.0   59.756 -136.296    822.6    801.8
     1     1    16     1    13     9     0     0    -9.0   59.580 -135.970    829.5    804.6
     1     1    16     1    13     8     0     0   -10.0   59.389 -135.661    832.6    808.0
     1     1    16     1    13     7     0     0   -11.0   59.184 -135.367    830.8    812.1
     1     1    16     1    13     6     0     0   -12.0   58.964 -135.084    823.4    817.0
     1     1    16     1    13     5     0     0   -13.0   58.729 -134.797    809.0    822.1
     1     1    16     1    13     4     0     0   -14.0   58.480 -134.490    787.3    827.3
     1     1    16     1    13     3     0     0   -15.0   58.212 -134.158    760.4    832.8
     1     1    16     1    13     2     0     0   -16.0   57.919 -133.793    729.5    838.2
     1     1    16     1    13     1     0     0   -17.0   57.591 -133.385    695.9    843.3
     1     1    16     1    13     0     0     0   -18.0   57.223 -132.944    661.6    848.3
     1     1    16     1    12    23     0     0   -19.0   56.827 -132.505    629.6    854.9
     1     1    16     1    12    22     0     0   -20.0   56.429 -132.085    600.0    860.2
     1     1    16     1    12    21     0     0   -21.0   56.033 -131.671    572.0    865.3
     1     1    16     1    12    20     0     0   -22.0   55.638 -131.252    544.4    870.3
     1     1    16     1    12    19     0     0   -23.0   55.238 -130.815    515.6    875.4
     1     1    16     1    12    18     0     0   -24.0   54.830 -130.368    483.7    880.1
     1     1    16     1    12    17     0     0   -25.0   54.409 -129.949    449.7    885.9
     1     1    16     1    12    16     0     0   -26.0   53.975 -129.565    416.2    893.0
     1     1    16     1    12    15     0     0   -27.0   53.534 -129.192    383.9    899.9
     1     1    16     1    12    14     0     0   -28.0   53.087 -128.806    353.4    905.6
     1     1    16     1    12    13     0     0   -29.0   52.635 -128.392    325.8    910.1
     1     1    16     1    12    12     0     0   -30.0   52.184 -127.960    302.5    912.8
     1     1    16     1    12    11     0     0   -31.0   51.757 -127.580    279.7    915.3
     1     1    16     1    12    10     0     0   -32.0   51.373 -127.285    253.3    920.1
     1     1    16     1    12     9     0     0   -33.0   51.031 -127.057    224.0    925.6
     1     1    16     1    12     8     0     0   -34.0   50.724 -126.880    192.8    931.9
     1     1    16     1    12     7     0     0   -35.0   50.447 -126.745    160.1    937.6
     1     1    16     1    12     6     0     0   -36.0   50.191 -126.643    126.7    944.0
     1     1    16     1    12     5     0     0   -37.0   49.955 -126.545     95.0    950.6
     1     1    16     1    12     4     0     0   -38.0   49.738 -126.428     67.3    957.2
     1     1    16     1    12     3     0     0   -39.0   49.541 -126.291     45.2    961.9
     1     1    16     1    12     2     0     0   -40.0   49.363 -126.136     29.2    965.9
     1     1    16     1    12     1     0     0   -41.0   49.198 -125.967     18.5    969.2
     1     1    16     1    12     0     0     0   -42.0   49.042 -125.788     12.0    971.9
     1     1    16     1    11    23     0     0   -43.0   48.883 -125.602      7.2    973.6
     1     1    16     1    11    22     0     0   -44.0   48.711 -125.405      2.8    975.9
     1     1    16     1    11    21     0     0   -45.0   48.528 -125.198      0.0    978.7
     1     1    16     1    11    20     0     0   -46.0   48.338 -124.977      0.0    981.8
     1     1    16     1    11    19     0     0   -47.0   48.144 -124.740      0.0    984.3
     1     1    16     1    11    18     0     0   -48.0   47.953 -124.488      0.0    986.7
     1     1    16     1    11    17     0     0   -49.0   47.775 -124.225      0.0    989.0
     1     1    16     1    11    16     0     0   -50.0   47.618 -123.958      0.0    990.8
     1     1    16     1    11    15     0     0   -51.0   47.486 -123.690      0.0    991.4
     1     1    16     1    11    14     0     0   -52.0   47.380 -123.428      0.0    987.8
     1     1    16     1    11    13     0     0   -53.0   47.301 -123.179      0.0    984.2
     1     1    16     1    11    12     0     0   -54.0   47.252 -122.941      0.0    981.0
     1     1    16     1    11    11     0     0   -55.0   47.226 -122.723      0.0    978.5
     1     1    16     1    11    10     0     0   -56.0   47.214 -122.529      0.1    976.4
     1     1    16     1    11     9     0     0   -57.0   47.208 -122.351      0.3    974.3
     1     1    16     1    11     8     0     0   -58.0   47.195 -122.181      0.6    972.2
     1     1    16     1    11     7     0     0   -59.0   47.174 -122.017      1.2    970.0
     1     1    16     1    11     6     0     0   -60.0   47.142 -121.857      1.8    967.7
     1     1    16     1    11     5     0     0   -61.0   47.104 -121.702      2.6    965.1
     1     1    16     1    11     4     0     0   -62.0   47.066 -121.553      3.3    962.6
     1     1    16     1    11     3     0     0   -63.0   47.030 -121.413      3.9    960.3
     1     1    16     1    11     2     0     0   -64.0   46.998 -121.280      4.5    958.1
     1     1    16     1    11     1     0     0   -65.0   46.971 -121.157      5.0    956.1
     1     1    16     1    11     0     0     0   -66.0   46.949 -121.043      5.5    954.4
     1     1    16     1    10    23     0     0   -67.0   46.929 -120.935      5.9    953.0
     1     1    16     1    10    22     0     0   -68.0   46.908 -120.828      6.3    951.7
     1     1    16     1    10    21     0     0   -69.0   46.884 -120.721      6.8    950.2
     1     1    16     1    10    20     0     0   -70.0   46.857 -120.617      7.3    948.7
     1     1    16     1    10    19     0     0   -71.0   46.828 -120.514      7.9    947.2
     1     1    16     1    10    18     0     0   -72.0   46.797 -120.415      8.5    945.6
