     1     1
    CDC1    15    10     1     0     0
     1 BACKWARD OMEGA   
    15    10    31    18   60.984 -139.059   750.0
     1 PRESSURE
     1     1    15    10    31    18     0     0     0.0   60.984 -139.059    750.0    795.7
     1     1    15    10    31    17     0     0    -1.0   61.047 -138.962    772.3    792.0
     1     1    15    10    31    16     0     0    -2.0   61.085 -138.879    784.6    790.3
     1     1    15    10    31    15     0     0    -3.0   61.099 -138.808    787.2    789.9
     1     1    15    10    31    14     0     0    -4.0   61.092 -138.748    780.6    790.7
     1     1    15    10    31    13     0     0    -5.0   61.065 -138.698    765.1    792.7
     1     1    15    10    31    12     0     0    -6.0   61.018 -138.655    741.0    796.0
     1     1    15    10    31    11     0     0    -7.0   60.958 -138.607    714.2    800.1
     1     1    15    10    31    10     0     0    -8.0   60.895 -138.546    690.3    803.4
     1     1    15    10    31     9     0     0    -9.0   60.827 -138.473    669.0    806.5
     1     1    15    10    31     8     0     0   -10.0   60.756 -138.391    650.2    809.3
     1     1    15    10    31     7     0     0   -11.0   60.680 -138.302    633.6    812.1
     1     1    15    10    31     6     0     0   -12.0   60.600 -138.207    618.8    814.7
     1     1    15    10    31     5     0     0   -13.0   60.515 -138.107    602.8    816.9
     1     1    15    10    31     4     0     0   -14.0   60.424 -138.002    583.3    819.6
     1     1    15    10    31     3     0     0   -15.0   60.327 -137.892    559.7    822.8
     1     1    15    10    31     2     0     0   -16.0   60.225 -137.778    531.8    826.5
     1     1    15    10    31     1     0     0   -17.0   60.115 -137.662    499.5    830.8
     1     1    15    10    31     0     0     0   -18.0   59.999 -137.545    462.4    835.8
     1     1    15    10    30    23     0     0   -19.0   59.886 -137.433    426.4    843.3
     1     1    15    10    30    22     0     0   -20.0   59.789 -137.329    396.4    849.0
     1     1    15    10    30    21     0     0   -21.0   59.707 -137.236    372.2    853.7
     1     1    15    10    30    20     0     0   -22.0   59.641 -137.151    353.7    856.8
     1     1    15    10    30    19     0     0   -23.0   59.592 -137.076    340.6    858.9
     1     1    15    10    30    18     0     0   -24.0   59.558 -137.009    332.6    860.1
     1     1    15    10    30    17     0     0   -25.0   59.530 -136.947    326.9    861.0
     1     1    15    10    30    16     0     0   -26.0   59.499 -136.888    320.6    862.2
     1     1    15    10    30    15     0     0   -27.0   59.467 -136.831    314.0    863.6
     1     1    15    10    30    14     0     0   -28.0   59.433 -136.776    307.0    865.0
     1     1    15    10    30    13     0     0   -29.0   59.397 -136.724    299.7    866.5
     1     1    15    10    30    12     0     0   -30.0   59.360 -136.676    292.2    868.1
     1     1    15    10    30    11     0     0   -31.0   59.323 -136.625    286.4    870.0
     1     1    15    10    30    10     0     0   -32.0   59.287 -136.565    283.7    871.4
     1     1    15    10    30     9     0     0   -33.0   59.252 -136.495    284.1    872.3
     1     1    15    10    30     8     0     0   -34.0   59.218 -136.415    287.3    872.9
     1     1    15    10    30     7     0     0   -35.0   59.183 -136.326    293.3    873.2
     1     1    15    10    30     6     0     0   -36.0   59.147 -136.227    302.1    873.1
     1     1    15    10    30     5     0     0   -37.0   59.102 -136.127    307.2    873.3
     1     1    15    10    30     4     0     0   -38.0   59.038 -136.035    301.7    875.8
     1     1    15    10    30     3     0     0   -39.0   58.957 -135.951    285.6    879.9
     1     1    15    10    30     2     0     0   -40.0   58.861 -135.872    259.8    885.6
     1     1    15    10    30     1     0     0   -41.0   58.751 -135.796    225.7    892.8
     1     1    15    10    30     0     0     0   -42.0   58.631 -135.716    185.1    901.3
     1     1    15    10    29    23     0     0   -43.0   58.510 -135.625    146.5    909.2
     1     1    15    10    29    22     0     0   -44.0   58.393 -135.525    115.7    915.9
     1     1    15    10    29    21     0     0   -45.0   58.280 -135.418     91.6    922.1
     1     1    15    10    29    20     0     0   -46.0   58.169 -135.308     73.1    927.5
     1     1    15    10    29    19     0     0   -47.0   58.055 -135.202     58.6    931.8
     1     1    15    10    29    18     0     0   -48.0   57.935 -135.104     46.7    936.4
     1     1    15    10    29    17     0     0   -49.0   57.817 -135.014     36.9    940.1
     1     1    15    10    29    16     0     0   -50.0   57.716 -134.934     29.2    942.7
     1     1    15    10    29    15     0     0   -51.0   57.629 -134.868     23.3    944.9
     1     1    15    10    29    14     0     0   -52.0   57.558 -134.819     18.9    946.7
     1     1    15    10    29    13     0     0   -53.0   57.503 -134.789     15.7    948.3
     1     1    15    10    29    12     0     0   -54.0   57.460 -134.784     13.2    949.5
     1     1    15    10    29    11     0     0   -55.0   57.423 -134.781     11.3    950.6
     1     1    15    10    29    10     0     0   -56.0   57.385 -134.758      9.6    951.4
     1     1    15    10    29     9     0     0   -57.0   57.343 -134.714      8.1    951.6
     1     1    15    10    29     8     0     0   -58.0   57.299 -134.648      6.4    951.6
     1     1    15    10    29     7     0     0   -59.0   57.251 -134.559      4.6    951.2
     1     1    15    10    29     6     0     0   -60.0   57.201 -134.445      2.7    950.5
     1     1    15    10    29     5     0     0   -61.0   57.142 -134.306      0.7    949.7
     1     1    15    10    29     4     0     0   -62.0   57.069 -134.145      0.0    948.8
     1     1    15    10    29     3     0     0   -63.0   56.984 -133.965      0.0    948.0
     1     1    15    10    29     2     0     0   -64.0   56.886 -133.768      0.0    947.3
     1     1    15    10    29     1     0     0   -65.0   56.777 -133.559      0.0    946.9
     1     1    15    10    29     0     0     0   -66.0   56.657 -133.340      0.0    946.7
     1     1    15    10    28    23     0     0   -67.0   56.535 -133.116      0.0    946.4
     1     1    15    10    28    22     0     0   -68.0   56.421 -132.889      0.0    945.9
     1     1    15    10    28    21     0     0   -69.0   56.311 -132.662      0.0    945.4
     1     1    15    10    28    20     0     0   -70.0   56.204 -132.436      0.0    944.6
     1     1    15    10    28    19     0     0   -71.0   56.098 -132.214      0.0    943.0
     1     1    15    10    28    18     0     0   -72.0   55.990 -131.998      0.0    941.6
