     1     1
    CDC1    15    11     1     0     0
     1 BACKWARD OMEGA   
    15    11    10     0   60.984 -139.059   750.0
     1 PRESSURE
     1     1    15    11    10     0     0     0     0.0   60.984 -139.059    750.0    795.6
     1     1    15    11     9    23     0     0    -1.0   60.866 -139.415    686.4    804.5
     1     1    15    11     9    22     0     0    -2.0   60.735 -139.735    616.0    815.2
     1     1    15    11     9    21     0     0    -3.0   60.592 -140.027    539.0    826.2
     1     1    15    11     9    20     0     0    -4.0   60.437 -140.307    457.5    839.1
     1     1    15    11     9    19     0     0    -5.0   60.273 -140.588    373.7    853.6
     1     1    15    11     9    18     0     0    -6.0   60.103 -140.894    295.6    867.2
     1     1    15    11     9    17     0     0    -7.0   59.934 -141.207    231.7    881.4
     1     1    15    11     9    16     0     0    -8.0   59.763 -141.489    182.1    894.9
     1     1    15    11     9    15     0     0    -9.0   59.580 -141.736    142.3    906.9
     1     1    15    11     9    14     0     0   -10.0   59.380 -141.949    108.4    919.5
     1     1    15    11     9    13     0     0   -11.0   59.158 -142.132     78.6    932.9
     1     1    15    11     9    12     0     0   -12.0   58.905 -142.310     52.1    946.0
     1     1    15    11     9    11     0     0   -13.0   58.622 -142.524     31.0    961.5
     1     1    15    11     9    10     0     0   -14.0   58.311 -142.793     17.7    978.2
     1     1    15    11     9     9     0     0   -15.0   57.977 -143.103      8.9    993.5
     1     1    15    11     9     8     0     0   -16.0   57.612 -143.441      3.6   1009.3
     1     1    15    11     9     7     0     0   -17.0   57.222 -143.771      0.0   1014.4
     1     1    15    11     9     6     0     0   -18.0   56.815 -144.068      0.0   1014.1
     1     1    15    11     9     5     0     0   -19.0   56.427 -144.378      0.0   1013.9
     1     1    15    11     9     4     0     0   -20.0   56.079 -144.737      0.0   1013.5
     1     1    15    11     9     3     0     0   -21.0   55.764 -145.136      0.0   1012.3
     1     1    15    11     9     2     0     0   -22.0   55.473 -145.567      0.0   1009.9
     1     1    15    11     9     1     0     0   -23.0   55.196 -146.026      0.0   1007.1
     1     1    15    11     9     0     0     0   -24.0   54.917 -146.505      0.0   1004.8
     1     1    15    11     8    23     0     0   -25.0   54.647 -147.000      0.0   1005.3
     1     1    15    11     8    22     0     0   -26.0   54.400 -147.510      0.0   1006.3
     1     1    15    11     8    21     0     0   -27.0   54.173 -148.028      0.0   1007.9
     1     1    15    11     8    20     0     0   -28.0   53.963 -148.549      0.0   1009.7
     1     1    15    11     8    19     0     0   -29.0   53.767 -149.068      0.0   1011.5
     1     1    15    11     8    18     0     0   -30.0   53.584 -149.581      0.0   1013.4
     1     1    15    11     8    17     0     0   -31.0   53.416 -150.099      0.0   1015.4
     1     1    15    11     8    16     0     0   -32.0   53.266 -150.640      0.0   1017.7
     1     1    15    11     8    15     0     0   -33.0   53.127 -151.203      0.0   1020.0
     1     1    15    11     8    14     0     0   -34.0   52.991 -151.781      0.0   1022.2
     1     1    15    11     8    13     0     0   -35.0   52.853 -152.368      0.0   1024.3
     1     1    15    11     8    12     0     0   -36.0   52.711 -152.961      0.0   1025.4
     1     1    15    11     8    11     0     0   -37.0   52.570 -153.564      0.0   1026.1
     1     1    15    11     8    10     0     0   -38.0   52.433 -154.174      0.0   1026.1
     1     1    15    11     8     9     0     0   -39.0   52.300 -154.780      0.0   1025.7
     1     1    15    11     8     8     0     0   -40.0   52.174 -155.372      0.2   1025.1
     1     1    15    11     8     7     0     0   -41.0   52.050 -155.943      0.4   1024.3
     1     1    15    11     8     6     0     0   -42.0   51.928 -156.486      0.8   1023.6
     1     1    15    11     8     5     0     0   -43.0   51.802 -157.013      1.4   1022.5
     1     1    15    11     8     4     0     0   -44.0   51.670 -157.539      2.2   1021.7
     1     1    15    11     8     3     0     0   -45.0   51.532 -158.063      3.3   1022.1
     1     1    15    11     8     2     0     0   -46.0   51.393 -158.588      4.6   1022.7
     1     1    15    11     8     1     0     0   -47.0   51.251 -159.117      6.1   1023.6
     1     1    15    11     8     0     0     0   -48.0   51.108 -159.652      7.8   1024.7
     1     1    15    11     7    23     0     0   -49.0   50.962 -160.201      9.4   1026.0
     1     1    15    11     7    22     0     0   -50.0   50.817 -160.767     11.0   1027.3
     1     1    15    11     7    21     0     0   -51.0   50.678 -161.349     12.7   1028.7
     1     1    15    11     7    20     0     0   -52.0   50.544 -161.943     14.5   1030.2
     1     1    15    11     7    19     0     0   -53.0   50.418 -162.546     16.6   1031.6
     1     1    15    11     7    18     0     0   -54.0   50.305 -163.155     19.1   1031.4
     1     1    15    11     7    17     0     0   -55.0   50.198 -163.764     21.9   1030.5
     1     1    15    11     7    16     0     0   -56.0   50.091 -164.363     25.1   1029.6
     1     1    15    11     7    15     0     0   -57.0   49.986 -164.949     28.5   1028.7
     1     1    15    11     7    14     0     0   -58.0   49.882 -165.516     32.0   1026.9
     1     1    15    11     7    13     0     0   -59.0   49.781 -166.065     35.6   1025.5
     1     1    15    11     7    12     0     0   -60.0   49.687 -166.601     39.0   1024.4
     1     1    15    11     7    11     0     0   -61.0   49.598 -167.132     42.4   1023.3
     1     1    15    11     7    10     0     0   -62.0   49.509 -167.661     46.1   1022.5
     1     1    15    11     7     9     0     0   -63.0   49.419 -168.190     49.9   1022.3
     1     1    15    11     7     8     0     0   -64.0   49.327 -168.715     53.7   1022.2
     1     1    15    11     7     7     0     0   -65.0   49.236 -169.238     57.6   1022.1
     1     1    15    11     7     6     0     0   -66.0   49.145 -169.759     61.5   1022.2
     1     1    15    11     7     5     0     0   -67.0   49.055 -170.278     65.3   1022.1
     1     1    15    11     7     4     0     0   -68.0   48.961 -170.798     68.8   1021.9
     1     1    15    11     7     3     0     0   -69.0   48.863 -171.321     71.9   1021.8
     1     1    15    11     7     2     0     0   -70.0   48.762 -171.851     74.7   1021.6
     1     1    15    11     7     1     0     0   -71.0   48.658 -172.391     77.3   1021.2
     1     1    15    11     7     0     0     0   -72.0   48.551 -172.946     79.8   1020.6
