     1     1
    CDC1    16     1     1     0     0
     1 BACKWARD OMEGA   
    16     1    26    12   60.984 -139.059   750.0
     1 PRESSURE
     1     1    16     1    26    12     0     0     0.0   60.984 -139.059    750.0    786.9
     1     1    16     1    26    11     0     0    -1.0   60.758 -138.739    718.0    793.6
     1     1    16     1    26    10     0     0    -2.0   60.537 -138.418    680.8    801.3
     1     1    16     1    26     9     0     0    -3.0   60.324 -138.084    637.1    809.6
     1     1    16     1    26     8     0     0    -4.0   60.126 -137.725    585.5    818.4
     1     1    16     1    26     7     0     0    -5.0   59.947 -137.337    526.4    827.9
     1     1    16     1    26     6     0     0    -6.0   59.786 -136.927    462.0    839.3
     1     1    16     1    26     5     0     0    -7.0   59.625 -136.509    400.2    851.1
     1     1    16     1    26     4     0     0    -8.0   59.442 -136.093    348.2    861.4
     1     1    16     1    26     3     0     0    -9.0   59.241 -135.683    306.2    870.5
     1     1    16     1    26     2     0     0   -10.0   59.024 -135.283    273.3    879.0
     1     1    16     1    26     1     0     0   -11.0   58.791 -134.894    248.1    886.6
     1     1    16     1    26     0     0     0   -12.0   58.544 -134.511    230.0    891.9
     1     1    16     1    25    23     0     0   -13.0   58.298 -134.120    214.4    895.5
     1     1    16     1    25    22     0     0   -14.0   58.073 -133.709    197.7    898.6
     1     1    16     1    25    21     0     0   -15.0   57.871 -133.280    180.6    899.9
     1     1    16     1    25    20     0     0   -16.0   57.695 -132.840    163.8    899.8
     1     1    16     1    25    19     0     0   -17.0   57.543 -132.401    147.7    898.4
     1     1    16     1    25    18     0     0   -18.0   57.402 -131.981    133.0    896.3
     1     1    16     1    25    17     0     0   -19.0   57.252 -131.599    120.4    895.3
     1     1    16     1    25    16     0     0   -20.0   57.084 -131.256    109.7    895.3
     1     1    16     1    25    15     0     0   -21.0   56.902 -130.944    100.4    896.0
     1     1    16     1    25    14     0     0   -22.0   56.709 -130.655     92.2    897.3
     1     1    16     1    25    13     0     0   -23.0   56.510 -130.383     84.9    899.1
     1     1    16     1    25    12     0     0   -24.0   56.307 -130.119     78.4    900.9
     1     1    16     1    25    11     0     0   -25.0   56.112 -129.861     73.1    902.6
     1     1    16     1    25    10     0     0   -26.0   55.940 -129.615     70.1    903.7
     1     1    16     1    25     9     0     0   -27.0   55.794 -129.385     69.4    904.1
     1     1    16     1    25     8     0     0   -28.0   55.675 -129.174     71.1    903.6
     1     1    16     1    25     7     0     0   -29.0   55.585 -128.984     75.0    902.4
     1     1    16     1    25     6     0     0   -30.0   55.522 -128.817     81.2    900.3
     1     1    16     1    25     5     0     0   -31.0   55.470 -128.669     88.1    898.1
     1     1    16     1    25     4     0     0   -32.0   55.418 -128.528     93.6    896.5
     1     1    16     1    25     3     0     0   -33.0   55.366 -128.394     97.4    895.1
     1     1    16     1    25     2     0     0   -34.0   55.315 -128.263     99.3    894.0
     1     1    16     1    25     1     0     0   -35.0   55.264 -128.133     99.2    893.1
     1     1    16     1    25     0     0     0   -36.0   55.215 -128.000     97.2    892.4
     1     1    16     1    24    23     0     0   -37.0   55.179 -127.868     93.7    891.4
     1     1    16     1    24    22     0     0   -38.0   55.171 -127.741     89.3    890.0
     1     1    16     1    24    21     0     0   -39.0   55.188 -127.624     84.3    888.3
     1     1    16     1    24    20     0     0   -40.0   55.230 -127.517     78.9    886.4
     1     1    16     1    24    19     0     0   -41.0   55.292 -127.421     73.0    885.2
     1     1    16     1    24    18     0     0   -42.0   55.367 -127.335     66.5    883.9
     1     1    16     1    24    17     0     0   -43.0   55.448 -127.266     61.1    882.9
     1     1    16     1    24    16     0     0   -44.0   55.529 -127.218     58.7    881.6
     1     1    16     1    24    15     0     0   -45.0   55.608 -127.195     59.6    880.2
     1     1    16     1    24    14     0     0   -46.0   55.685 -127.197     64.2    878.6
     1     1    16     1    24    13     0     0   -47.0   55.761 -127.229     73.5    876.7
     1     1    16     1    24    12     0     0   -48.0   55.837 -127.294     88.9    873.6
     1     1    16     1    24    11     0     0   -49.0   55.898 -127.383    107.7    869.5
     1     1    16     1    24    10     0     0   -50.0   55.934 -127.479    126.4    866.4
     1     1    16     1    24     9     0     0   -51.0   55.944 -127.574    143.8    864.9
     1     1    16     1    24     8     0     0   -52.0   55.929 -127.662    159.2    864.3
     1     1    16     1    24     7     0     0   -53.0   55.890 -127.742    172.3    864.4
     1     1    16     1    24     6     0     0   -54.0   55.831 -127.812    182.9    865.1
     1     1    16     1    24     5     0     0   -55.0   55.761 -127.870    191.0    866.0
     1     1    16     1    24     4     0     0   -56.0   55.692 -127.916    196.6    867.0
     1     1    16     1    24     3     0     0   -57.0   55.623 -127.952    199.6    868.1
     1     1    16     1    24     2     0     0   -58.0   55.556 -127.978    200.4    869.4
     1     1    16     1    24     1     0     0   -59.0   55.492 -127.995    199.1    870.8
     1     1    16     1    24     0     0     0   -60.0   55.430 -128.005    195.9    872.2
     1     1    16     1    23    23     0     0   -61.0   55.375 -128.008    193.3    874.1
     1     1    16     1    23    22     0     0   -62.0   55.329 -128.005    193.4    875.1
     1     1    16     1    23    21     0     0   -63.0   55.292 -127.997    196.5    875.4
     1     1    16     1    23    20     0     0   -64.0   55.264 -127.985    202.7    875.1
     1     1    16     1    23    19     0     0   -65.0   55.245 -127.972    212.3    874.2
     1     1    16     1    23    18     0     0   -66.0   55.235 -127.961    225.7    872.8
     1     1    16     1    23    17     0     0   -67.0   55.223 -127.963    240.3    870.8
     1     1    16     1    23    16     0     0   -68.0   55.197 -127.982    252.4    870.1
     1     1    16     1    23    15     0     0   -69.0   55.157 -128.018    261.7    870.2
     1     1    16     1    23    14     0     0   -70.0   55.102 -128.067    267.8    871.3
     1     1    16     1    23    13     0     0   -71.0   55.032 -128.129    270.4    873.2
     1     1    16     1    23    12     0     0   -72.0   54.946 -128.202    269.5    876.0
