     1     1
    CDC1    16     2     1     0     0
     1 BACKWARD OMEGA   
    16     2    19     6   60.984 -139.059   750.0
     1 PRESSURE
     1     1    16     2    19     6     0     0     0.0   60.984 -139.059    750.0    790.5
     1     1    16     2    19     5     0     0    -1.0   60.978 -138.821    761.0    789.3
     1     1    16     2    19     4     0     0    -2.0   60.987 -138.615    777.2    786.9
     1     1    16     2    19     3     0     0    -3.0   61.012 -138.443    798.3    784.0
     1     1    16     2    19     2     0     0    -4.0   61.052 -138.304    823.8    780.4
     1     1    16     2    19     1     0     0    -5.0   61.106 -138.197    853.7    776.3
     1     1    16     2    19     0     0     0    -6.0   61.175 -138.120    887.7    771.7
     1     1    16     2    18    23     0     0    -7.0   61.249 -138.055    921.5    766.0
     1     1    16     2    18    22     0     0    -8.0   61.324 -137.986    951.2    761.0
     1     1    16     2    18    21     0     0    -9.0   61.398 -137.915    976.4    756.7
     1     1    16     2    18    20     0     0   -10.0   61.473 -137.842    996.6    752.8
     1     1    16     2    18    19     0     0   -11.0   61.546 -137.767   1011.8    749.6
     1     1    16     2    18    18     0     0   -12.0   61.619 -137.692   1021.7    746.8
     1     1    16     2    18    17     0     0   -13.0   61.689 -137.620   1030.9    745.4
     1     1    16     2    18    16     0     0   -14.0   61.752 -137.556   1043.1    743.4
     1     1    16     2    18    15     0     0   -15.0   61.809 -137.501   1058.8    741.1
     1     1    16     2    18    14     0     0   -16.0   61.859 -137.452   1078.2    738.6
     1     1    16     2    18    13     0     0   -17.0   61.903 -137.409   1101.5    735.8
     1     1    16     2    18    12     0     0   -18.0   61.941 -137.372   1129.2    732.7
     1     1    16     2    18    11     0     0   -19.0   61.978 -137.346   1159.4    729.5
     1     1    16     2    18    10     0     0   -20.0   62.021 -137.341   1190.0    726.4
     1     1    16     2    18     9     0     0   -21.0   62.071 -137.359   1220.8    723.4
     1     1    16     2    18     8     0     0   -22.0   62.127 -137.403   1251.6    720.2
     1     1    16     2    18     7     0     0   -23.0   62.190 -137.476   1281.9    716.8
     1     1    16     2    18     6     0     0   -24.0   62.260 -137.578   1311.0    713.5
     1     1    16     2    18     5     0     0   -25.0   62.332 -137.690   1340.8    710.4
     1     1    16     2    18     4     0     0   -26.0   62.404 -137.793   1373.4    706.9
     1     1    16     2    18     3     0     0   -27.0   62.474 -137.885   1409.9    703.0
     1     1    16     2    18     2     0     0   -28.0   62.543 -137.963   1451.8    700.1
     1     1    16     2    18     1     0     0   -29.0   62.610 -138.021   1499.3    697.5
     1     1    16     2    18     0     0     0   -30.0   62.676 -138.060   1552.1    694.4
     1     1    16     2    17    23     0     0   -31.0   62.743 -138.100   1606.9    690.9
     1     1    16     2    17    22     0     0   -32.0   62.814 -138.162   1657.4    688.1
     1     1    16     2    17    21     0     0   -33.0   62.890 -138.246   1704.2    685.6
     1     1    16     2    17    20     0     0   -34.0   62.971 -138.350   1747.3    683.6
     1     1    16     2    17    19     0     0   -35.0   63.056 -138.471   1787.1    682.0
     1     1    16     2    17    18     0     0   -36.0   63.145 -138.609   1823.9    680.7
     1     1    16     2    17    17     0     0   -37.0   63.233 -138.740   1860.1    679.5
     1     1    16     2    17    16     0     0   -38.0   63.317 -138.848   1899.1    677.7
     1     1    16     2    17    15     0     0   -39.0   63.399 -138.936   1940.6    675.7
     1     1    16     2    17    14     0     0   -40.0   63.478 -139.006   1984.8    673.4
     1     1    16     2    17    13     0     0   -41.0   63.557 -139.063   2031.9    670.9
     1     1    16     2    17    12     0     0   -42.0   63.636 -139.108   2081.8    668.1
     1     1    16     2    17    11     0     0   -43.0   63.715 -139.143   2130.2    665.0
     1     1    16     2    17    10     0     0   -44.0   63.794 -139.167   2171.0    662.9
     1     1    16     2    17     9     0     0   -45.0   63.873 -139.180   2204.3    661.5
     1     1    16     2    17     8     0     0   -46.0   63.950 -139.185   2229.7    660.8
     1     1    16     2    17     7     0     0   -47.0   64.024 -139.180   2247.1    660.8
     1     1    16     2    17     6     0     0   -48.0   64.094 -139.166   2256.0    661.4
     1     1    16     2    17     5     0     0   -49.0   64.166 -139.154   2263.6    662.9
     1     1    16     2    17     4     0     0   -50.0   64.250 -139.156   2275.3    663.6
     1     1    16     2    17     3     0     0   -51.0   64.347 -139.173   2291.8    664.1
     1     1    16     2    17     2     0     0   -52.0   64.457 -139.207   2313.1    664.4
     1     1    16     2    17     1     0     0   -53.0   64.581 -139.258   2338.9    664.6
     1     1    16     2    17     0     0     0   -54.0   64.721 -139.329   2369.1    664.7
     1     1    16     2    16    23     0     0   -55.0   64.876 -139.432   2401.2    664.2
     1     1    16     2    16    22     0     0   -56.0   65.042 -139.578   2433.2    663.8
     1     1    16     2    16    21     0     0   -57.0   65.218 -139.763   2463.6    662.5
     1     1    16     2    16    20     0     0   -58.0   65.401 -139.983   2493.5    661.3
     1     1    16     2    16    19     0     0   -59.0   65.592 -140.235   2522.4    660.0
     1     1    16     2    16    18     0     0   -60.0   65.788 -140.518   2550.5    658.6
     1     1    16     2    16    17     0     0   -61.0   65.989 -140.808   2578.3    657.2
     1     1    16     2    16    16     0     0   -62.0   66.193 -141.084   2609.6    655.3
     1     1    16     2    16    15     0     0   -63.0   66.403 -141.338   2642.9    653.1
     1     1    16     2    16    14     0     0   -64.0   66.620 -141.565   2678.1    650.7
     1     1    16     2    16    13     0     0   -65.0   66.845 -141.757   2715.0    648.1
     1     1    16     2    16    12     0     0   -66.0   67.079 -141.905   2753.3    645.3
     1     1    16     2    16    11     0     0   -67.0   67.319 -142.002   2789.9    642.6
     1     1    16     2    16    10     0     0   -68.0   67.555 -142.043   2818.2    641.4
     1     1    16     2    16     9     0     0   -69.0   67.784 -142.029   2841.4    642.1
     1     1    16     2    16     8     0     0   -70.0   68.001 -141.961   2858.7    643.2
     1     1    16     2    16     7     0     0   -71.0   68.205 -141.841   2870.2    644.8
     1     1    16     2    16     6     0     0   -72.0   68.394 -141.671   2875.7    646.8
