     1     1
    CDC1    16     3     1     0     0
     1 BACKWARD OMEGA   
    16     3    21     6   60.984 -139.059   750.0
     1 PRESSURE
     1     1    16     3    21     6     0     0     0.0   60.984 -139.059    750.0    804.6
     1     1    16     3    21     5     0     0    -1.0   60.906 -138.671    764.0    804.4
     1     1    16     3    21     4     0     0    -2.0   60.830 -138.288    778.6    803.9
     1     1    16     3    21     3     0     0    -3.0   60.757 -137.917    792.9    803.4
     1     1    16     3    21     2     0     0    -4.0   60.686 -137.560    806.2    803.0
     1     1    16     3    21     1     0     0    -5.0   60.616 -137.223    817.5    802.5
     1     1    16     3    21     0     0     0    -6.0   60.544 -136.909    825.7    802.4
     1     1    16     3    20    23     0     0    -7.0   60.460 -136.618    829.4    802.7
     1     1    16     3    20    22     0     0    -8.0   60.355 -136.350    827.8    803.9
     1     1    16     3    20    21     0     0    -9.0   60.228 -136.103    821.3    805.9
     1     1    16     3    20    20     0     0   -10.0   60.082 -135.875    810.3    808.5
     1     1    16     3    20    19     0     0   -11.0   59.917 -135.665    795.5    812.9
     1     1    16     3    20    18     0     0   -12.0   59.735 -135.468    777.4    818.9
     1     1    16     3    20    17     0     0   -13.0   59.547 -135.275    757.1    825.5
     1     1    16     3    20    16     0     0   -14.0   59.360 -135.079    735.2    831.9
     1     1    16     3    20    15     0     0   -15.0   59.176 -134.880    711.5    837.9
     1     1    16     3    20    14     0     0   -16.0   58.992 -134.679    685.6    843.6
     1     1    16     3    20    13     0     0   -17.0   58.808 -134.477    657.6    849.4
     1     1    16     3    20    12     0     0   -18.0   58.625 -134.274    627.4    855.2
     1     1    16     3    20    11     0     0   -19.0   58.439 -134.075    596.9    860.9
     1     1    16     3    20    10     0     0   -20.0   58.248 -133.883    567.9    866.1
     1     1    16     3    20     9     0     0   -21.0   58.049 -133.696    540.4    871.1
     1     1    16     3    20     8     0     0   -22.0   57.841 -133.516    514.2    876.2
     1     1    16     3    20     7     0     0   -23.0   57.622 -133.339    489.0    881.2
     1     1    16     3    20     6     0     0   -24.0   57.388 -133.166    464.4    886.6
     1     1    16     3    20     5     0     0   -25.0   57.149 -132.991    440.8    891.9
     1     1    16     3    20     4     0     0   -26.0   56.911 -132.807    418.6    897.1
     1     1    16     3    20     3     0     0   -27.0   56.674 -132.616    398.2    902.3
     1     1    16     3    20     2     0     0   -28.0   56.438 -132.421    379.7    907.0
     1     1    16     3    20     1     0     0   -29.0   56.203 -132.222    363.1    910.5
     1     1    16     3    20     0     0     0   -30.0   55.966 -132.024    348.5    913.9
     1     1    16     3    19    23     0     0   -31.0   55.735 -131.828    334.8    916.8
     1     1    16     3    19    22     0     0   -32.0   55.512 -131.633    321.1    919.7
     1     1    16     3    19    21     0     0   -33.0   55.295 -131.439    307.0    922.5
     1     1    16     3    19    20     0     0   -34.0   55.083 -131.247    292.4    925.4
     1     1    16     3    19    19     0     0   -35.0   54.874 -131.057    276.8    927.5
     1     1    16     3    19    18     0     0   -36.0   54.662 -130.873    260.2    929.6
     1     1    16     3    19    17     0     0   -37.0   54.448 -130.687    244.7    932.2
     1     1    16     3    19    16     0     0   -38.0   54.232 -130.493    232.4    934.2
     1     1    16     3    19    15     0     0   -39.0   54.014 -130.292    223.3    936.0
     1     1    16     3    19    14     0     0   -40.0   53.796 -130.084    216.9    937.6
     1     1    16     3    19    13     0     0   -41.0   53.582 -129.870    212.7    938.6
     1     1    16     3    19    12     0     0   -42.0   53.373 -129.648    210.0    939.0
     1     1    16     3    19    11     0     0   -43.0   53.173 -129.436    207.1    939.5
     1     1    16     3    19    10     0     0   -44.0   52.985 -129.247    203.1    940.4
     1     1    16     3    19     9     0     0   -45.0   52.810 -129.081    198.6    941.5
     1     1    16     3    19     8     0     0   -46.0   52.648 -128.936    194.2    942.4
     1     1    16     3    19     7     0     0   -47.0   52.502 -128.813    190.0    943.4
     1     1    16     3    19     6     0     0   -48.0   52.370 -128.711    185.9    943.6
     1     1    16     3    19     5     0     0   -49.0   52.247 -128.616    181.8    944.1
     1     1    16     3    19     4     0     0   -50.0   52.125 -128.515    177.8    944.5
     1     1    16     3    19     3     0     0   -51.0   52.004 -128.406    173.9    944.8
     1     1    16     3    19     2     0     0   -52.0   51.887 -128.288    170.1    944.9
     1     1    16     3    19     1     0     0   -53.0   51.775 -128.161    166.4    944.8
     1     1    16     3    19     0     0     0   -54.0   51.669 -128.023    162.8    944.4
     1     1    16     3    18    23     0     0   -55.0   51.572 -127.867    160.0    943.7
     1     1    16     3    18    22     0     0   -56.0   51.485 -127.687    158.8    942.3
     1     1    16     3    18    21     0     0   -57.0   51.406 -127.482    159.3    940.2
     1     1    16     3    18    20     0     0   -58.0   51.331 -127.254    161.3    937.4
     1     1    16     3    18    19     0     0   -59.0   51.255 -127.004    165.0    934.0
     1     1    16     3    18    18     0     0   -60.0   51.174 -126.731    170.6    930.1
     1     1    16     3    18    17     0     0   -61.0   51.090 -126.448    179.6    926.0
     1     1    16     3    18    16     0     0   -62.0   51.003 -126.168    193.9    921.4
     1     1    16     3    18    15     0     0   -63.0   50.913 -125.891    214.0    915.7
     1     1    16     3    18    14     0     0   -64.0   50.820 -125.617    240.7    909.2
     1     1    16     3    18    13     0     0   -65.0   50.724 -125.347    275.2    902.2
     1     1    16     3    18    12     0     0   -66.0   50.624 -125.083    318.4    894.6
     1     1    16     3    18    11     0     0   -67.0   50.518 -124.813    367.2    887.2
     1     1    16     3    18    10     0     0   -68.0   50.403 -124.525    416.8    879.4
     1     1    16     3    18     9     0     0   -69.0   50.284 -124.221    467.3    871.3
     1     1    16     3    18     8     0     0   -70.0   50.164 -123.899    519.4    863.1
     1     1    16     3    18     7     0     0   -71.0   50.044 -123.558    574.1    854.6
     1     1    16     3    18     6     0     0   -72.0   49.928 -123.197    632.6    846.1
