     1     1
    CDC1    16     1     1     0     0
     1 BACKWARD OMEGA   
    16     1    10    12   60.984 -139.059   750.0
     1 PRESSURE
     1     1    16     1    10    12     0     0     0.0   60.984 -139.059    750.0    809.7
     1     1    16     1    10    11     0     0    -1.0   60.717 -138.906    709.0    818.8
     1     1    16     1    10    10     0     0    -2.0   60.449 -138.754    676.2    826.8
     1     1    16     1    10     9     0     0    -3.0   60.186 -138.610    651.9    834.0
     1     1    16     1    10     8     0     0    -4.0   59.932 -138.478    636.8    841.0
     1     1    16     1    10     7     0     0    -5.0   59.692 -138.355    632.1    849.1
     1     1    16     1    10     6     0     0    -6.0   59.467 -138.240    637.3    855.3
     1     1    16     1    10     5     0     0    -7.0   59.251 -138.132    643.1    860.1
     1     1    16     1    10     4     0     0    -8.0   59.039 -138.029    641.4    866.6
     1     1    16     1    10     3     0     0    -9.0   58.833 -137.935    632.9    873.9
     1     1    16     1    10     2     0     0   -10.0   58.634 -137.851    618.5    881.7
     1     1    16     1    10     1     0     0   -11.0   58.444 -137.782    599.4    889.5
     1     1    16     1    10     0     0     0   -12.0   58.264 -137.732    577.1    897.5
     1     1    16     1     9    23     0     0   -13.0   58.084 -137.684    552.9    905.3
     1     1    16     1     9    22     0     0   -14.0   57.897 -137.621    527.9    913.4
     1     1    16     1     9    21     0     0   -15.0   57.705 -137.546    502.8    921.7
     1     1    16     1     9    20     0     0   -16.0   57.511 -137.464    478.3    929.9
     1     1    16     1     9    19     0     0   -17.0   57.315 -137.378    453.5    934.2
     1     1    16     1     9    18     0     0   -18.0   57.117 -137.294    428.4    938.7
     1     1    16     1     9    17     0     0   -19.0   56.915 -137.189    402.8    943.1
     1     1    16     1     9    16     0     0   -20.0   56.705 -137.045    376.8    947.6
     1     1    16     1     9    15     0     0   -21.0   56.492 -136.868    351.0    951.7
     1     1    16     1     9    14     0     0   -22.0   56.277 -136.668    326.4    955.9
     1     1    16     1     9    13     0     0   -23.0   56.062 -136.450    303.6    960.1
     1     1    16     1     9    12     0     0   -24.0   55.849 -136.219    283.6    964.2
     1     1    16     1     9    11     0     0   -25.0   55.636 -135.978    267.4    968.4
     1     1    16     1     9    10     0     0   -26.0   55.421 -135.726    255.2    972.3
     1     1    16     1     9     9     0     0   -27.0   55.202 -135.464    246.6    976.3
     1     1    16     1     9     8     0     0   -28.0   54.975 -135.189    241.2    980.0
     1     1    16     1     9     7     0     0   -29.0   54.741 -134.905    237.0    979.5
     1     1    16     1     9     6     0     0   -30.0   54.498 -134.616    231.9    977.7
     1     1    16     1     9     5     0     0   -31.0   54.250 -134.319    226.2    976.6
     1     1    16     1     9     4     0     0   -32.0   53.997 -134.006    221.1    976.1
     1     1    16     1     9     3     0     0   -33.0   53.739 -133.676    217.0    976.0
     1     1    16     1     9     2     0     0   -34.0   53.472 -133.330    214.3    976.6
     1     1    16     1     9     1     0     0   -35.0   53.195 -132.967    213.7    977.8
     1     1    16     1     9     0     0     0   -36.0   52.907 -132.584    216.2    979.7
     1     1    16     1     8    23     0     0   -37.0   52.611 -132.188    219.1    979.0
     1     1    16     1     8    22     0     0   -38.0   52.318 -131.783    218.5    976.8
     1     1    16     1     8    21     0     0   -39.0   52.033 -131.372    214.0    974.8
     1     1    16     1     8    20     0     0   -40.0   51.755 -130.956    206.1    974.2
     1     1    16     1     8    19     0     0   -41.0   51.482 -130.533    195.7    974.6
     1     1    16     1     8    18     0     0   -42.0   51.212 -130.101    183.3    975.7
     1     1    16     1     8    17     0     0   -43.0   50.947 -129.666    171.0    974.4
     1     1    16     1     8    16     0     0   -44.0   50.691 -129.236    161.4    972.3
     1     1    16     1     8    15     0     0   -45.0   50.449 -128.815    154.6    970.5
     1     1    16     1     8    14     0     0   -46.0   50.225 -128.402    150.6    968.8
     1     1    16     1     8    13     0     0   -47.0   50.024 -128.003    149.1    967.3
     1     1    16     1     8    12     0     0   -48.0   49.849 -127.625    149.7    965.9
     1     1    16     1     8    11     0     0   -49.0   49.691 -127.275    152.8    963.0
     1     1    16     1     8    10     0     0   -50.0   49.539 -126.958    158.8    959.9
     1     1    16     1     8     9     0     0   -51.0   49.392 -126.672    168.3    957.2
     1     1    16     1     8     8     0     0   -52.0   49.251 -126.419    181.3    955.0
     1     1    16     1     8     7     0     0   -53.0   49.117 -126.199    198.0    953.2
     1     1    16     1     8     6     0     0   -54.0   48.991 -126.012    218.5    950.8
     1     1    16     1     8     5     0     0   -55.0   48.875 -125.855    241.0    948.5
     1     1    16     1     8     4     0     0   -56.0   48.770 -125.725    263.0    946.8
     1     1    16     1     8     3     0     0   -57.0   48.677 -125.618    284.4    945.4
     1     1    16     1     8     2     0     0   -58.0   48.595 -125.534    304.7    944.2
     1     1    16     1     8     1     0     0   -59.0   48.523 -125.471    323.8    943.3
     1     1    16     1     8     0     0     0   -60.0   48.462 -125.427    341.3    942.5
     1     1    16     1     7    23     0     0   -61.0   48.401 -125.384    355.8    941.4
     1     1    16     1     7    22     0     0   -62.0   48.331 -125.323    365.7    941.2
     1     1    16     1     7    21     0     0   -63.0   48.252 -125.246    371.0    941.5
     1     1    16     1     7    20     0     0   -64.0   48.164 -125.151    371.6    942.5
     1     1    16     1     7    19     0     0   -65.0   48.067 -125.037    367.7    944.1
     1     1    16     1     7    18     0     0   -66.0   47.961 -124.906    359.2    945.9
     1     1    16     1     7    17     0     0   -67.0   47.849 -124.772    347.8    948.4
     1     1    16     1     7    16     0     0   -68.0   47.734 -124.648    334.2    951.2
     1     1    16     1     7    15     0     0   -69.0   47.615 -124.531    318.8    954.6
     1     1    16     1     7    14     0     0   -70.0   47.494 -124.422    301.4    958.2
     1     1    16     1     7    13     0     0   -71.0   47.371 -124.320    282.2    958.4
     1     1    16     1     7    12     0     0   -72.0   47.246 -124.226    261.9    958.7
