     1     1
    CDC1    16     4     1     0     0
     1 BACKWARD OMEGA   
    16     4     8    12   60.984 -139.059   750.0
     1 PRESSURE
     1     1    16     4     8    12     0     0     0.0   60.984 -139.059    750.0    799.4
     1     1    16     4     8    11     0     0    -1.0   60.802 -139.163    692.7    808.4
     1     1    16     4     8    10     0     0    -2.0   60.610 -139.229    634.9    817.9
     1     1    16     4     8     9     0     0    -3.0   60.405 -139.253    575.7    827.6
     1     1    16     4     8     8     0     0    -4.0   60.186 -139.230    514.9    837.4
     1     1    16     4     8     7     0     0    -5.0   59.952 -139.157    453.0    848.8
     1     1    16     4     8     6     0     0    -6.0   59.708 -139.037    392.7    864.0
     1     1    16     4     8     5     0     0    -7.0   59.457 -138.869    335.0    878.7
     1     1    16     4     8     4     0     0    -8.0   59.195 -138.649    281.6    893.6
     1     1    16     4     8     3     0     0    -9.0   58.916 -138.377    234.9    908.5
     1     1    16     4     8     2     0     0   -10.0   58.619 -138.057    195.6    923.3
     1     1    16     4     8     1     0     0   -11.0   58.298 -137.695    162.6    936.8
     1     1    16     4     8     0     0     0   -12.0   57.955 -137.299    134.6    950.1
     1     1    16     4     7    23     0     0   -13.0   57.615 -136.902    111.8    961.4
     1     1    16     4     7    22     0     0   -14.0   57.301 -136.531     92.7    968.0
     1     1    16     4     7    21     0     0   -15.0   57.017 -136.177     76.0    973.1
     1     1    16     4     7    20     0     0   -16.0   56.754 -135.839     61.2    977.4
     1     1    16     4     7    19     0     0   -17.0   56.502 -135.514     48.2    982.3
     1     1    16     4     7    18     0     0   -18.0   56.253 -135.204     37.4    987.7
     1     1    16     4     7    17     0     0   -19.0   56.008 -134.901     28.2    991.8
     1     1    16     4     7    16     0     0   -20.0   55.766 -134.599     20.6    994.1
     1     1    16     4     7    15     0     0   -21.0   55.523 -134.294     14.7    996.6
     1     1    16     4     7    14     0     0   -22.0   55.273 -133.985     10.7    999.3
     1     1    16     4     7    13     0     0   -23.0   55.011 -133.666      8.1   1001.8
     1     1    16     4     7    12     0     0   -24.0   54.737 -133.334      6.2   1001.4
     1     1    16     4     7    11     0     0   -25.0   54.465 -133.005      4.7   1001.7
     1     1    16     4     7    10     0     0   -26.0   54.199 -132.699      3.5   1002.8
     1     1    16     4     7     9     0     0   -27.0   53.932 -132.421      2.4   1004.1
     1     1    16     4     7     8     0     0   -28.0   53.658 -132.175      1.4   1004.5
     1     1    16     4     7     7     0     0   -29.0   53.371 -131.964      0.2   1006.0
     1     1    16     4     7     6     0     0   -30.0   53.063 -131.788      0.0   1008.7
     1     1    16     4     7     5     0     0   -31.0   52.740 -131.634      0.0   1012.1
     1     1    16     4     7     4     0     0   -32.0   52.418 -131.483      0.0   1014.7
     1     1    16     4     7     3     0     0   -33.0   52.105 -131.333      0.0   1014.7
     1     1    16     4     7     2     0     0   -34.0   51.809 -131.187      0.0   1015.1
     1     1    16     4     7     1     0     0   -35.0   51.524 -131.054      0.0   1015.9
     1     1    16     4     7     0     0     0   -36.0   51.244 -130.946      0.0   1017.3
     1     1    16     4     6    23     0     0   -37.0   50.973 -130.857      0.0   1018.8
     1     1    16     4     6    22     0     0   -38.0   50.718 -130.779      0.0   1020.3
     1     1    16     4     6    21     0     0   -39.0   50.475 -130.713      0.0   1021.8
     1     1    16     4     6    20     0     0   -40.0   50.243 -130.660      0.0   1023.4
     1     1    16     4     6    19     0     0   -41.0   50.018 -130.621      0.0   1024.9
     1     1    16     4     6    18     0     0   -42.0   49.800 -130.594      0.0   1025.4
     1     1    16     4     6    17     0     0   -43.0   49.593 -130.575      0.0   1025.7
     1     1    16     4     6    16     0     0   -44.0   49.394 -130.566      0.0   1026.1
     1     1    16     4     6    15     0     0   -45.0   49.200 -130.573      0.0   1026.5
     1     1    16     4     6    14     0     0   -46.0   49.007 -130.602      0.0   1026.8
     1     1    16     4     6    13     0     0   -47.0   48.812 -130.659      0.0   1027.2
     1     1    16     4     6    12     0     0   -48.0   48.612 -130.750      0.0   1027.5
     1     1    16     4     6    11     0     0   -49.0   48.406 -130.881      0.1   1027.7
     1     1    16     4     6    10     0     0   -50.0   48.193 -131.054      0.2   1027.8
     1     1    16     4     6     9     0     0   -51.0   47.973 -131.265      0.2   1027.7
     1     1    16     4     6     8     0     0   -52.0   47.743 -131.510      0.3   1027.3
     1     1    16     4     6     7     0     0   -53.0   47.501 -131.786      0.4   1026.6
     1     1    16     4     6     6     0     0   -54.0   47.255 -132.074      0.5   1025.2
     1     1    16     4     6     5     0     0   -55.0   47.007 -132.357      0.6   1023.5
     1     1    16     4     6     4     0     0   -56.0   46.750 -132.639      0.9   1022.3
     1     1    16     4     6     3     0     0   -57.0   46.480 -132.918      1.2   1022.0
     1     1    16     4     6     2     0     0   -58.0   46.196 -133.193      1.5   1022.0
     1     1    16     4     6     1     0     0   -59.0   45.896 -133.467      1.8   1022.3
     1     1    16     4     6     0     0     0   -60.0   45.578 -133.742      2.1   1023.1
     1     1    16     4     5    23     0     0   -61.0   45.236 -134.021      2.5   1024.4
     1     1    16     4     5    22     0     0   -62.0   44.870 -134.305      2.8   1026.1
     1     1    16     4     5    21     0     0   -63.0   44.493 -134.583      3.2   1027.9
     1     1    16     4     5    20     0     0   -64.0   44.113 -134.854      3.6   1029.6
     1     1    16     4     5    19     0     0   -65.0   43.730 -135.120      4.0   1030.7
     1     1    16     4     5    18     0     0   -66.0   43.342 -135.384      4.5   1031.1
     1     1    16     4     5    17     0     0   -67.0   42.948 -135.641      5.0   1031.1
     1     1    16     4     5    16     0     0   -68.0   42.551 -135.886      5.5   1031.1
     1     1    16     4     5    15     0     0   -69.0   42.157 -136.113      5.9   1030.1
     1     1    16     4     5    14     0     0   -70.0   41.773 -136.321      6.3   1029.0
     1     1    16     4     5    13     0     0   -71.0   41.399 -136.512      6.7   1028.0
     1     1    16     4     5    12     0     0   -72.0   41.038 -136.689      7.0   1026.9
