     1     1
    CDC1    15    11     1     0     0
     1 BACKWARD OMEGA   
    15    11     7    18   60.984 -139.059   750.0
     1 PRESSURE
     1     1    15    11     7    18     0     0     0.0   60.984 -139.059    750.0    795.6
     1     1    15    11     7    17     0     0    -1.0   60.809 -139.083    708.1    802.2
     1     1    15    11     7    16     0     0    -2.0   60.615 -139.082    657.3    810.8
     1     1    15    11     7    15     0     0    -3.0   60.400 -139.050    596.7    821.0
     1     1    15    11     7    14     0     0    -4.0   60.163 -138.980    525.4    831.8
     1     1    15    11     7    13     0     0    -5.0   59.904 -138.872    444.0    846.4
     1     1    15    11     7    12     0     0    -6.0   59.636 -138.744    358.0    865.3
     1     1    15    11     7    11     0     0    -7.0   59.378 -138.609    282.9    882.6
     1     1    15    11     7    10     0     0    -8.0   59.132 -138.478    225.6    897.0
     1     1    15    11     7     9     0     0    -9.0   58.890 -138.368    181.5    909.4
     1     1    15    11     7     8     0     0   -10.0   58.647 -138.289    147.0    920.6
     1     1    15    11     7     7     0     0   -11.0   58.398 -138.246    119.4    931.9
     1     1    15    11     7     6     0     0   -12.0   58.141 -138.244     97.8    943.3
     1     1    15    11     7     5     0     0   -13.0   57.872 -138.290     80.3    954.7
     1     1    15    11     7     4     0     0   -14.0   57.587 -138.397     65.4    966.1
     1     1    15    11     7     3     0     0   -15.0   57.284 -138.570     52.3    972.9
     1     1    15    11     7     2     0     0   -16.0   56.967 -138.816     40.6    977.9
     1     1    15    11     7     1     0     0   -17.0   56.631 -139.145     31.0    982.7
     1     1    15    11     7     0     0     0   -18.0   56.270 -139.567     24.0    987.1
     1     1    15    11     6    23     0     0   -19.0   55.897 -140.082     19.4    990.7
     1     1    15    11     6    22     0     0   -20.0   55.539 -140.670     16.3    993.6
     1     1    15    11     6    21     0     0   -21.0   55.201 -141.314     13.9    995.2
     1     1    15    11     6    20     0     0   -22.0   54.873 -142.006     12.4    995.4
     1     1    15    11     6    19     0     0   -23.0   54.549 -142.734     12.1    995.0
     1     1    15    11     6    18     0     0   -24.0   54.230 -143.494     12.9    994.5
     1     1    15    11     6    17     0     0   -25.0   53.915 -144.286     14.1    994.7
     1     1    15    11     6    16     0     0   -26.0   53.600 -145.108     15.5    995.2
     1     1    15    11     6    15     0     0   -27.0   53.288 -145.965     17.0    995.7
     1     1    15    11     6    14     0     0   -28.0   52.980 -146.861     19.1    996.4
     1     1    15    11     6    13     0     0   -29.0   52.670 -147.791     22.2    998.2
     1     1    15    11     6    12     0     0   -30.0   52.358 -148.739     26.2   1000.8
     1     1    15    11     6    11     0     0   -31.0   52.056 -149.684     29.1   1002.1
     1     1    15    11     6    10     0     0   -32.0   51.777 -150.624     29.2   1002.8
     1     1    15    11     6     9     0     0   -33.0   51.523 -151.565     27.1   1003.3
     1     1    15    11     6     8     0     0   -34.0   51.290 -152.506     23.2   1004.1
     1     1    15    11     6     7     0     0   -35.0   51.081 -153.455     18.5   1003.1
     1     1    15    11     6     6     0     0   -36.0   50.892 -154.420     13.6   1001.9
     1     1    15    11     6     5     0     0   -37.0   50.715 -155.408      9.2   1001.2
     1     1    15    11     6     4     0     0   -38.0   50.548 -156.439      5.3   1000.3
     1     1    15    11     6     3     0     0   -39.0   50.388 -157.511      1.7    999.5
     1     1    15    11     6     2     0     0   -40.0   50.237 -158.600      0.0   1002.5
     1     1    15    11     6     1     0     0   -41.0   50.099 -159.680      0.0   1005.4
     1     1    15    11     6     0     0     0   -42.0   49.972 -160.749      0.0   1008.8
     1     1    15    11     5    23     0     0   -43.0   49.861 -161.809      0.0   1011.5
     1     1    15    11     5    22     0     0   -44.0   49.768 -162.857      0.4   1012.5
     1     1    15    11     5    21     0     0   -45.0   49.693 -163.895      1.0   1011.3
     1     1    15    11     5    20     0     0   -46.0   49.637 -164.923      1.8   1010.5
     1     1    15    11     5    19     0     0   -47.0   49.599 -165.944      3.0   1009.0
     1     1    15    11     5    18     0     0   -48.0   49.581 -166.965      4.7   1007.2
     1     1    15    11     5    17     0     0   -49.0   49.584 -168.000      7.3   1006.7
     1     1    15    11     5    16     0     0   -50.0   49.607 -169.041     10.6   1007.2
     1     1    15    11     5    15     0     0   -51.0   49.648 -170.081     14.5   1006.8
     1     1    15    11     5    14     0     0   -52.0   49.697 -171.109     19.3   1006.7
     1     1    15    11     5    13     0     0   -53.0   49.744 -172.115     24.9   1006.9
     1     1    15    11     5    12     0     0   -54.0   49.790 -173.105     31.0   1006.6
     1     1    15    11     5    11     0     0   -55.0   49.849 -174.086     37.3   1005.3
     1     1    15    11     5    10     0     0   -56.0   49.939 -175.063     43.4   1004.0
     1     1    15    11     5     9     0     0   -57.0   50.057 -176.037     49.0   1001.5
     1     1    15    11     5     8     0     0   -58.0   50.198 -177.006     54.3    999.3
     1     1    15    11     5     7     0     0   -59.0   50.358 -177.963     59.0    997.6
     1     1    15    11     5     6     0     0   -60.0   50.524 -178.906     63.1    996.6
     1     1    15    11     5     5     0     0   -61.0   50.706 -179.841     67.2    995.4
     1     1    15    11     5     4     0     0   -62.0   50.911  179.231     72.7    995.7
     1     1    15    11     5     3     0     0   -63.0   51.141  178.310     82.3    996.2
     1     1    15    11     5     2     0     0   -64.0   51.400  177.394     98.1    995.8
     1     1    15    11     5     1     0     0   -65.0   51.688  176.486    118.4    993.2
     1     1    15    11     5     0     0     0   -66.0   52.005  175.596    141.0    990.2
     1     1    15    11     4    23     0     0   -67.0   52.349  174.739    164.7    986.0
     1     1    15    11     4    22     0     0   -68.0   52.708  173.932    185.9    980.7
     1     1    15    11     4    21     0     0   -69.0   53.064  173.179    203.6    975.9
     1     1    15    11     4    20     0     0   -70.0   53.404  172.471    218.3    971.6
     1     1    15    11     4    19     0     0   -71.0   53.723  171.789    231.1    970.1
     1     1    15    11     4    18     0     0   -72.0   54.020  171.113    243.2    969.5
