     1     1
    CDC1    16     4     1     0     0
     1 BACKWARD OMEGA   
    16     4     3     0   60.984 -139.059   750.0
     1 PRESSURE
     1     1    16     4     3     0     0     0     0.0   60.984 -139.059    750.0    811.9
     1     1    16     4     2    23     0     0    -1.0   60.977 -139.398    768.7    810.2
     1     1    16     4     2    22     0     0    -2.0   60.968 -139.763    779.6    809.8
     1     1    16     4     2    21     0     0    -3.0   60.957 -140.151    783.0    810.8
     1     1    16     4     2    20     0     0    -4.0   60.942 -140.558    778.7    813.3
     1     1    16     4     2    19     0     0    -5.0   60.920 -140.981    766.6    816.7
     1     1    16     4     2    18     0     0    -6.0   60.890 -141.413    746.7    821.1
     1     1    16     4     2    17     0     0    -7.0   60.848 -141.834    720.3    826.2
     1     1    16     4     2    16     0     0    -8.0   60.793 -142.225    689.6    831.9
     1     1    16     4     2    15     0     0    -9.0   60.727 -142.589    654.8    838.7
     1     1    16     4     2    14     0     0   -10.0   60.655 -142.927    616.4    847.0
     1     1    16     4     2    13     0     0   -11.0   60.575 -143.240    574.5    855.2
     1     1    16     4     2    12     0     0   -12.0   60.489 -143.529    529.4    863.8
     1     1    16     4     2    11     0     0   -13.0   60.390 -143.811    484.5    873.5
     1     1    16     4     2    10     0     0   -14.0   60.272 -144.097    442.9    883.3
     1     1    16     4     2     9     0     0   -15.0   60.135 -144.384    405.1    893.5
     1     1    16     4     2     8     0     0   -16.0   59.979 -144.668    371.5    903.9
     1     1    16     4     2     7     0     0   -17.0   59.806 -144.955    343.2    914.7
     1     1    16     4     2     6     0     0   -18.0   59.618 -145.251    320.9    924.9
     1     1    16     4     2     5     0     0   -19.0   59.417 -145.525    299.3    934.6
     1     1    16     4     2     4     0     0   -20.0   59.209 -145.751    274.0    945.3
     1     1    16     4     2     3     0     0   -21.0   58.996 -145.937    246.0    956.1
     1     1    16     4     2     2     0     0   -22.0   58.780 -146.092    216.5    967.2
     1     1    16     4     2     1     0     0   -23.0   58.564 -146.226    186.7    978.0
     1     1    16     4     2     0     0     0   -24.0   58.349 -146.350    158.6    987.8
     1     1    16     4     1    23     0     0   -25.0   58.134 -146.485    135.0    997.3
     1     1    16     4     1    22     0     0   -26.0   57.913 -146.646    117.1   1006.1
     1     1    16     4     1    21     0     0   -27.0   57.679 -146.833    103.3   1014.7
     1     1    16     4     1    20     0     0   -28.0   57.425 -147.044     92.7   1020.4
     1     1    16     4     1    19     0     0   -29.0   57.152 -147.266     84.3   1018.1
     1     1    16     4     1    18     0     0   -30.0   56.864 -147.489     78.0   1015.0
     1     1    16     4     1    17     0     0   -31.0   56.562 -147.694     72.7   1010.3
     1     1    16     4     1    16     0     0   -32.0   56.249 -147.864     67.9   1005.7
     1     1    16     4     1    15     0     0   -33.0   55.921 -148.001     63.7   1001.3
     1     1    16     4     1    14     0     0   -34.0   55.573 -148.107     60.3    996.8
     1     1    16     4     1    13     0     0   -35.0   55.201 -148.182     57.9    992.2
     1     1    16     4     1    12     0     0   -36.0   54.804 -148.231     56.4    990.8
     1     1    16     4     1    11     0     0   -37.0   54.392 -148.264     55.9    993.1
     1     1    16     4     1    10     0     0   -38.0   53.971 -148.282     56.5    995.4
     1     1    16     4     1     9     0     0   -39.0   53.538 -148.284     58.6    997.6
     1     1    16     4     1     8     0     0   -40.0   53.090 -148.264     62.7    999.7
     1     1    16     4     1     7     0     0   -41.0   52.621 -148.217     69.4   1001.7
     1     1    16     4     1     6     0     0   -42.0   52.133 -148.157     79.1   1000.5
     1     1    16     4     1     5     0     0   -43.0   51.637 -148.107     90.7    997.4
     1     1    16     4     1     4     0     0   -44.0   51.143 -148.073    103.6    994.3
     1     1    16     4     1     3     0     0   -45.0   50.644 -148.058    118.8    990.9
     1     1    16     4     1     2     0     0   -46.0   50.134 -148.062    137.6    987.0
     1     1    16     4     1     1     0     0   -47.0   49.616 -148.087    160.1    983.4
     1     1    16     4     1     0     0     0   -48.0   49.100 -148.136    185.4    980.0
