     1     1
    CDC1    15    10     1     0     0
     1 BACKWARD OMEGA   
    15    10    13    18   60.984 -139.059   750.0
     1 PRESSURE
     1     1    15    10    13    18     0     0     0.0   60.984 -139.059    750.0    805.8
     1     1    15    10    13    17     0     0    -1.0   60.848 -139.195    704.1    812.2
     1     1    15    10    13    16     0     0    -2.0   60.678 -139.321    650.7    820.6
     1     1    15    10    13    15     0     0    -3.0   60.474 -139.432    588.4    830.7
     1     1    15    10    13    14     0     0    -4.0   60.237 -139.523    518.7    841.8
     1     1    15    10    13    13     0     0    -5.0   59.968 -139.593    443.7    855.1
     1     1    15    10    13    12     0     0    -6.0   59.676 -139.671    369.0    873.7
     1     1    15    10    13    11     0     0    -7.0   59.386 -139.774    303.3    890.3
     1     1    15    10    13    10     0     0    -8.0   59.110 -139.899    250.5    905.4
     1     1    15    10    13     9     0     0    -9.0   58.842 -140.055    208.8    919.9
     1     1    15    10    13     8     0     0   -10.0   58.579 -140.248    175.0    933.0
     1     1    15    10    13     7     0     0   -11.0   58.320 -140.481    146.3    945.8
     1     1    15    10    13     6     0     0   -12.0   58.061 -140.753    120.8    959.0
     1     1    15    10    13     5     0     0   -13.0   57.806 -141.067     97.7    972.0
     1     1    15    10    13     4     0     0   -14.0   57.555 -141.438     76.8    985.2
     1     1    15    10    13     3     0     0   -15.0   57.304 -141.870     58.7    990.8
     1     1    15    10    13     2     0     0   -16.0   57.049 -142.365     44.8    994.0
     1     1    15    10    13     1     0     0   -17.0   56.786 -142.914     36.4    996.2
     1     1    15    10    13     0     0     0   -18.0   56.514 -143.501     32.5    997.0
     1     1    15    10    12    23     0     0   -19.0   56.239 -144.108     30.6    996.2
     1     1    15    10    12    22     0     0   -20.0   55.978 -144.734     29.1    994.8
     1     1    15    10    12    21     0     0   -21.0   55.739 -145.393     28.1    991.9
     1     1    15    10    12    20     0     0   -22.0   55.530 -146.096     27.8    988.1
     1     1    15    10    12    19     0     0   -23.0   55.351 -146.840     28.1    984.2
     1     1    15    10    12    18     0     0   -24.0   55.201 -147.610     28.9    980.6
     1     1    15    10    12    17     0     0   -25.0   55.079 -148.371     30.1    976.8
     1     1    15    10    12    16     0     0   -26.0   54.984 -149.093     31.3    974.0
     1     1    15    10    12    15     0     0   -27.0   54.914 -149.772     32.7    972.7
     1     1    15    10    12    14     0     0   -28.0   54.872 -150.411     34.1    972.3
     1     1    15    10    12    13     0     0   -29.0   54.857 -151.016     35.4    972.4
     1     1    15    10    12    12     0     0   -30.0   54.863 -151.589     36.6    972.3
     1     1    15    10    12    11     0     0   -31.0   54.878 -152.136     37.4    972.5
     1     1    15    10    12    10     0     0   -32.0   54.896 -152.675     38.0    972.9
     1     1    15    10    12     9     0     0   -33.0   54.923 -153.221     38.2    973.8
     1     1    15    10    12     8     0     0   -34.0   54.962 -153.783     38.0    974.8
     1     1    15    10    12     7     0     0   -35.0   55.018 -154.368     37.6    976.0
     1     1    15    10    12     6     0     0   -36.0   55.089 -154.975     37.0    977.2
     1     1    15    10    12     5     0     0   -37.0   55.178 -155.566     36.3    977.9
     1     1    15    10    12     4     0     0   -38.0   55.287 -156.106     35.9    978.2
     1     1    15    10    12     3     0     0   -39.0   55.413 -156.604     35.6    978.3
     1     1    15    10    12     2     0     0   -40.0   55.556 -157.065     35.5    978.0
     1     1    15    10    12     1     0     0   -41.0   55.712 -157.497     35.5    977.4
     1     1    15    10    12     0     0     0   -42.0   55.873 -157.896     35.6    976.3
     1     1    15    10    11    23     0     0   -43.0   56.030 -158.253     35.8    975.3
     1     1    15    10    11    22     0     0   -44.0   56.182 -158.565     35.9    974.5
     1     1    15    10    11    21     0     0   -45.0   56.334 -158.833     36.2    973.8
     1     1    15    10    11    20     0     0   -46.0   56.489 -159.057     36.5    973.1
     1     1    15    10    11    19     0     0   -47.0   56.647 -159.236     36.9    972.5
     1     1    15    10    11    18     0     0   -48.0   56.812 -159.364     37.3    971.8
     1     1    15    10    11    17     0     0   -49.0   56.979 -159.465     37.7    970.7
     1     1    15    10    11    16     0     0   -50.0   57.146 -159.573     37.8    969.6
     1     1    15    10    11    15     0     0   -51.0   57.313 -159.694     37.5    968.6
     1     1    15    10    11    14     0     0   -52.0   57.479 -159.834     37.0    967.6
     1     1    15    10    11    13     0     0   -53.0   57.643 -160.001     36.2    966.9
     1     1    15    10    11    12     0     0   -54.0   57.800 -160.202     35.1    966.6
     1     1    15    10    11    11     0     0   -55.0   57.948 -160.416     34.0    967.1
     1     1    15    10    11    10     0     0   -56.0   58.085 -160.622     32.8    967.5
     1     1    15    10    11     9     0     0   -57.0   58.214 -160.823     31.6    967.9
     1     1    15    10    11     8     0     0   -58.0   58.337 -161.021     30.4    968.4
     1     1    15    10    11     7     0     0   -59.0   58.456 -161.218     29.1    968.9
     1     1    15    10    11     6     0     0   -60.0   58.571 -161.417     27.7    969.4
     1     1    15    10    11     5     0     0   -61.0   58.690 -161.626     26.4    970.0
     1     1    15    10    11     4     0     0   -62.0   58.820 -161.855     25.2    970.7
     1     1    15    10    11     3     0     0   -63.0   58.964 -162.103     24.0    971.7
     1     1    15    10    11     2     0     0   -64.0   59.123 -162.371     23.0    972.9
     1     1    15    10    11     1     0     0   -65.0   59.302 -162.655     22.1    973.9
     1     1    15    10    11     0     0     0   -66.0   59.502 -162.950     21.2    974.6
     1     1    15    10    10    23     0     0   -67.0   59.714 -163.246     20.4    975.1
     1     1    15    10    10    22     0     0   -68.0   59.925 -163.535     19.7    975.7
     1     1    15    10    10    21     0     0   -69.0   60.134 -163.819     18.9    976.2
     1     1    15    10    10    20     0     0   -70.0   60.337 -164.091     18.2    976.8
     1     1    15    10    10    19     0     0   -71.0   60.534 -164.344     17.5    977.3
     1     1    15    10    10    18     0     0   -72.0   60.723 -164.576     16.9    977.8
