     1     1
    CDC1    15    12     1     0     0
     1 BACKWARD OMEGA   
    15    12    24     6   60.984 -139.059   750.0
     1 PRESSURE
     1     1    15    12    24     6     0     0     0.0   60.984 -139.059    750.0    798.7
     1     1    15    12    24     5     0     0    -1.0   61.088 -139.032    748.1    796.5
     1     1    15    12    24     4     0     0    -2.0   61.195 -139.036    744.4    794.7
     1     1    15    12    24     3     0     0    -3.0   61.306 -139.068    739.4    793.0
     1     1    15    12    24     2     0     0    -4.0   61.420 -139.127    733.7    791.4
     1     1    15    12    24     1     0     0    -5.0   61.537 -139.210    727.7    789.7
     1     1    15    12    24     0     0     0    -6.0   61.659 -139.315    721.9    787.9
     1     1    15    12    23    23     0     0    -7.0   61.777 -139.412    717.8    786.1
     1     1    15    12    23    22     0     0    -8.0   61.885 -139.468    717.9    783.9
     1     1    15    12    23    21     0     0    -9.0   61.983 -139.483    721.7    781.4
     1     1    15    12    23    20     0     0   -10.0   62.073 -139.456    729.1    778.7
     1     1    15    12    23    19     0     0   -11.0   62.153 -139.389    740.1    775.7
     1     1    15    12    23    18     0     0   -12.0   62.226 -139.285    754.4    772.6
     1     1    15    12    23    17     0     0   -13.0   62.298 -139.182    770.5    769.7
     1     1    15    12    23    16     0     0   -14.0   62.375 -139.112    785.7    766.9
     1     1    15    12    23    15     0     0   -15.0   62.458 -139.077    800.4    764.1
     1     1    15    12    23    14     0     0   -16.0   62.546 -139.075    815.0    762.8
     1     1    15    12    23    13     0     0   -17.0   62.640 -139.110    829.7    763.2
     1     1    15    12    23    12     0     0   -18.0   62.740 -139.180    844.6    763.7
     1     1    15    12    23    11     0     0   -19.0   62.837 -139.279    860.4    763.8
     1     1    15    12    23    10     0     0   -20.0   62.921 -139.402    878.9    763.4
     1     1    15    12    23     9     0     0   -21.0   62.995 -139.547    899.7    762.4
     1     1    15    12    23     8     0     0   -22.0   63.059 -139.711    922.9    760.8
     1     1    15    12    23     7     0     0   -23.0   63.115 -139.893    948.7    758.8
     1     1    15    12    23     6     0     0   -24.0   63.162 -140.092    977.3    756.5
     1     1    15    12    23     5     0     0   -25.0   63.211 -140.308   1004.9    754.1
     1     1    15    12    23     4     0     0   -26.0   63.267 -140.539   1028.6    752.8
     1     1    15    12    23     3     0     0   -27.0   63.332 -140.783   1047.9    752.2
     1     1    15    12    23     2     0     0   -28.0   63.407 -141.036   1062.6    752.3
     1     1    15    12    23     1     0     0   -29.0   63.493 -141.296   1072.9    753.0
     1     1    15    12    23     0     0     0   -30.0   63.590 -141.561   1078.8    754.5
     1     1    15    12    22    23     0     0   -31.0   63.685 -141.818   1083.3    756.3
     1     1    15    12    22    22     0     0   -32.0   63.764 -142.057   1090.7    757.1
     1     1    15    12    22    21     0     0   -33.0   63.829 -142.280   1100.7    757.3
     1     1    15    12    22    20     0     0   -34.0   63.877 -142.490   1113.3    756.9
     1     1    15    12    22    19     0     0   -35.0   63.908 -142.687   1128.9    756.1
     1     1    15    12    22    18     0     0   -36.0   63.921 -142.876   1147.4    754.8
     1     1    15    12    22    17     0     0   -37.0   63.925 -143.047   1166.4    753.0
     1     1    15    12    22    16     0     0   -38.0   63.934 -143.187   1183.1    751.7
     1     1    15    12    22    15     0     0   -39.0   63.946 -143.295   1197.3    750.6
     1     1    15    12    22    14     0     0   -40.0   63.961 -143.369   1208.7    749.8
     1     1    15    12    22    13     0     0   -41.0   63.981 -143.408   1217.3    749.1
     1     1    15    12    22    12     0     0   -42.0   64.003 -143.411   1222.8    748.7
     1     1    15    12    22    11     0     0   -43.0   64.022 -143.386   1225.5    748.9
     1     1    15    12    22    10     0     0   -44.0   64.032 -143.340   1224.9    749.1
     1     1    15    12    22     9     0     0   -45.0   64.033 -143.275   1221.4    749.3
     1     1    15    12    22     8     0     0   -46.0   64.023 -143.188   1215.0    749.5
     1     1    15    12    22     7     0     0   -47.0   64.003 -143.081   1205.9    749.8
     1     1    15    12    22     6     0     0   -48.0   63.971 -142.952   1194.2    750.0
     1     1    15    12    22     5     0     0   -49.0   63.932 -142.813   1181.2    750.2
     1     1    15    12    22     4     0     0   -50.0   63.887 -142.677   1167.7    750.3
     1     1    15    12    22     3     0     0   -51.0   63.836 -142.546   1153.8    750.3
     1     1    15    12    22     2     0     0   -52.0   63.780 -142.419   1139.5    750.5
     1     1    15    12    22     1     0     0   -53.0   63.718 -142.298   1124.9    750.7
     1     1    15    12    22     0     0     0   -54.0   63.651 -142.184   1109.9    750.9
     1     1    15    12    21    23     0     0   -55.0   63.573 -142.067   1095.7    751.0
     1     1    15    12    21    22     0     0   -56.0   63.478 -141.937   1083.8    750.4
     1     1    15    12    21    21     0     0   -57.0   63.365 -141.796   1074.2    749.2
     1     1    15    12    21    20     0     0   -58.0   63.234 -141.643   1067.0    747.4
     1     1    15    12    21    19     0     0   -59.0   63.086 -141.477   1062.1    745.0
     1     1    15    12    21    18     0     0   -60.0   62.920 -141.296   1059.7    741.9
     1     1    15    12    21    17     0     0   -61.0   62.750 -141.102   1057.8    738.4
     1     1    15    12    21    16     0     0   -62.0   62.591 -140.893   1053.7    735.5
     1     1    15    12    21    15     0     0   -63.0   62.444 -140.668   1048.3    735.0
     1     1    15    12    21    14     0     0   -64.0   62.310 -140.432   1041.8    737.7
     1     1    15    12    21    13     0     0   -65.0   62.189 -140.186   1032.7    740.4
     1     1    15    12    21    12     0     0   -66.0   62.080 -139.932   1021.3    743.1
     1     1    15    12    21    11     0     0   -67.0   61.980 -139.667   1011.4    745.6
     1     1    15    12    21    10     0     0   -68.0   61.882 -139.388   1008.0    747.0
     1     1    15    12    21     9     0     0   -69.0   61.785 -139.094   1009.6    748.0
     1     1    15    12    21     8     0     0   -70.0   61.685 -138.786   1015.4    748.6
     1     1    15    12    21     7     0     0   -71.0   61.582 -138.463   1024.7    748.9
     1     1    15    12    21     6     0     0   -72.0   61.473 -138.124   1036.6    749.2
