     1     1
    CDC1    16     4     1     0     0
     1 BACKWARD OMEGA   
    16     4    25    18   60.984 -139.059   750.0
     1 PRESSURE
     1     1    16     4    25    18     0     0     0.0   60.984 -139.059    750.0    810.1
     1     1    16     4    25    17     0     0    -1.0   60.697 -138.931    715.9    818.3
     1     1    16     4    25    16     0     0    -2.0   60.411 -138.790    674.1    827.9
     1     1    16     4    25    15     0     0    -3.0   60.128 -138.643    624.6    838.4
     1     1    16     4    25    14     0     0    -4.0   59.852 -138.485    571.2    851.2
     1     1    16     4    25    13     0     0    -5.0   59.588 -138.306    519.0    864.9
     1     1    16     4    25    12     0     0    -6.0   59.335 -138.101    470.1    878.0
     1     1    16     4    25    11     0     0    -7.0   59.091 -137.893    427.0    890.5
     1     1    16     4    25    10     0     0    -8.0   58.857 -137.698    391.3    901.8
     1     1    16     4    25     9     0     0    -9.0   58.635 -137.518    361.5    911.6
     1     1    16     4    25     8     0     0   -10.0   58.427 -137.352    336.5    919.9
     1     1    16     4    25     7     0     0   -11.0   58.234 -137.198    315.4    927.3
     1     1    16     4    25     6     0     0   -12.0   58.056 -137.054    297.3    934.0
     1     1    16     4    25     5     0     0   -13.0   57.884 -136.900    281.4    940.1
     1     1    16     4    25     4     0     0   -14.0   57.707 -136.717    266.7    945.9
     1     1    16     4    25     3     0     0   -15.0   57.526 -136.509    253.4    951.4
     1     1    16     4    25     2     0     0   -16.0   57.340 -136.298    241.6    954.3
     1     1    16     4    25     1     0     0   -17.0   57.149 -136.105    232.3    956.9
     1     1    16     4    25     0     0     0   -18.0   56.954 -135.937    226.0    959.6
     1     1    16     4    24    23     0     0   -19.0   56.755 -135.787    222.8    962.4
     1     1    16     4    24    22     0     0   -20.0   56.556 -135.649    221.6    965.1
     1     1    16     4    24    21     0     0   -21.0   56.354 -135.520    222.3    967.9
     1     1    16     4    24    20     0     0   -22.0   56.147 -135.398    224.5    970.8
     1     1    16     4    24    19     0     0   -23.0   55.935 -135.280    227.7    973.7
     1     1    16     4    24    18     0     0   -24.0   55.717 -135.163    231.6    976.9
     1     1    16     4    24    17     0     0   -25.0   55.495 -135.059    237.0    980.0
     1     1    16     4    24    16     0     0   -26.0   55.274 -134.980    245.0    982.6
     1     1    16     4    24    15     0     0   -27.0   55.056 -134.924    256.1    984.6
     1     1    16     4    24    14     0     0   -28.0   54.841 -134.896    270.2    983.8
     1     1    16     4    24    13     0     0   -29.0   54.633 -134.904    287.9    982.0
     1     1    16     4    24    12     0     0   -30.0   54.430 -134.947    309.4    980.1
     1     1    16     4    24    11     0     0   -31.0   54.226 -135.020    331.7    977.8
     1     1    16     4    24    10     0     0   -32.0   54.017 -135.120    351.9    975.7
     1     1    16     4    24     9     0     0   -33.0   53.800 -135.244    369.6    973.7
     1     1    16     4    24     8     0     0   -34.0   53.576 -135.391    384.8    971.9
     1     1    16     4    24     7     0     0   -35.0   53.343 -135.562    397.3    969.8
     1     1    16     4    24     6     0     0   -36.0   53.099 -135.755    407.1    968.0
     1     1    16     4    24     5     0     0   -37.0   52.851 -135.984    416.2    966.0
     1     1    16     4    24     4     0     0   -38.0   52.603 -136.259    426.7    963.2
     1     1    16     4    24     3     0     0   -39.0   52.353 -136.580    438.5    959.9
     1     1    16     4    24     2     0     0   -40.0   52.103 -136.941    451.2    956.2
     1     1    16     4    24     1     0     0   -41.0   51.849 -137.339    465.1    952.5
     1     1    16     4    24     0     0     0   -42.0   51.589 -137.775    480.0    949.4
     1     1    16     4    23    23     0     0   -43.0   51.318 -138.258    493.9    947.2
     1     1    16     4    23    22     0     0   -44.0   51.032 -138.793    505.3    946.1
     1     1    16     4    23    21     0     0   -45.0   50.730 -139.383    515.1    945.9
     1     1    16     4    23    20     0     0   -46.0   50.412 -140.032    524.5    946.4
     1     1    16     4    23    19     0     0   -47.0   50.090 -140.747    534.2    946.9
     1     1    16     4    23    18     0     0   -48.0   49.775 -141.522    544.1    947.0
     1     1    16     4    23    17     0     0   -49.0   49.468 -142.353    554.4    946.4
     1     1    16     4    23    16     0     0   -50.0   49.182 -143.248    563.6    943.7
     1     1    16     4    23    15     0     0   -51.0   48.929 -144.215    570.8    940.7
     1     1    16     4    23    14     0     0   -52.0   48.708 -145.249    575.5    937.8
     1     1    16     4    23    13     0     0   -53.0   48.526 -146.337    577.5    935.5
     1     1    16     4    23    12     0     0   -54.0   48.389 -147.465    576.9    933.4
     1     1    16     4    23    11     0     0   -55.0   48.294 -148.611    576.9    934.9
     1     1    16     4    23    10     0     0   -56.0   48.242 -149.755    578.8    936.1
     1     1    16     4    23     9     0     0   -57.0   48.224 -150.886    581.9    936.9
     1     1    16     4    23     8     0     0   -58.0   48.233 -151.991    586.3    937.3
     1     1    16     4    23     7     0     0   -59.0   48.262 -153.066    591.7    936.8
     1     1    16     4    23     6     0     0   -60.0   48.307 -154.107    598.8    935.3
     1     1    16     4    23     5     0     0   -61.0   48.362 -155.105    607.4    933.6
     1     1    16     4    23     4     0     0   -62.0   48.419 -156.055    617.2    931.9
     1     1    16     4    23     3     0     0   -63.0   48.470 -156.961    629.1    930.0
     1     1    16     4    23     2     0     0   -64.0   48.513 -157.828    643.7    927.8
     1     1    16     4    23     1     0     0   -65.0   48.545 -158.667    661.7    926.0
     1     1    16     4    23     0     0     0   -66.0   48.569 -159.484    683.9    923.8
     1     1    16     4    22    23     0     0   -67.0   48.594 -160.281    708.3    920.6
     1     1    16     4    22    22     0     0   -68.0   48.623 -161.061    731.7    917.2
     1     1    16     4    22    21     0     0   -69.0   48.654 -161.830    753.6    914.2
     1     1    16     4    22    20     0     0   -70.0   48.684 -162.590    774.0    911.4
     1     1    16     4    22    19     0     0   -71.0   48.715 -163.344    792.3    908.5
     1     1    16     4    22    18     0     0   -72.0   48.754 -164.095    808.7    906.0
