     1     1
    CDC1    15    11     1     0     0
     1 BACKWARD OMEGA   
    15    11    15    18   60.984 -139.059   750.0
     1 PRESSURE
     1     1    15    11    15    18     0     0     0.0   60.984 -139.059    750.0    793.7
     1     1    15    11    15    17     0     0    -1.0   60.877 -139.024    723.1    798.1
     1     1    15    11    15    16     0     0    -2.0   60.771 -138.979    695.3    802.8
     1     1    15    11    15    15     0     0    -3.0   60.669 -138.920    666.7    807.5
     1     1    15    11    15    14     0     0    -4.0   60.569 -138.843    637.1    812.3
     1     1    15    11    15    13     0     0    -5.0   60.473 -138.744    606.3    817.3
     1     1    15    11    15    12     0     0    -6.0   60.380 -138.618    574.5    821.7
     1     1    15    11    15    11     0     0    -7.0   60.289 -138.466    540.6    826.5
     1     1    15    11    15    10     0     0    -8.0   60.202 -138.287    503.2    831.8
     1     1    15    11    15     9     0     0    -9.0   60.117 -138.082    462.1    837.6
     1     1    15    11    15     8     0     0   -10.0   60.036 -137.848    416.8    844.1
     1     1    15    11    15     7     0     0   -11.0   59.960 -137.590    367.8    851.9
     1     1    15    11    15     6     0     0   -12.0   59.885 -137.323    319.0    859.2
     1     1    15    11    15     5     0     0   -13.0   59.806 -137.065    272.7    865.5
     1     1    15    11    15     4     0     0   -14.0   59.721 -136.824    229.2    872.3
     1     1    15    11    15     3     0     0   -15.0   59.632 -136.597    189.1    879.0
     1     1    15    11    15     2     0     0   -16.0   59.539 -136.379    152.6    884.4
     1     1    15    11    15     1     0     0   -17.0   59.441 -136.166    120.3    890.0
     1     1    15    11    15     0     0     0   -18.0   59.337 -135.953     93.0    895.5
     1     1    15    11    14    23     0     0   -19.0   59.231 -135.742     71.6    900.4
     1     1    15    11    14    22     0     0   -20.0   59.125 -135.538     54.9    903.7
     1     1    15    11    14    21     0     0   -21.0   59.019 -135.338     41.3    907.0
     1     1    15    11    14    20     0     0   -22.0   58.911 -135.142     30.5    910.2
     1     1    15    11    14    19     0     0   -23.0   58.801 -134.948     22.2    912.9
     1     1    15    11    14    18     0     0   -24.0   58.689 -134.764     16.1    914.6
     1     1    15    11    14    17     0     0   -25.0   58.573 -134.594     11.9    915.8
     1     1    15    11    14    16     0     0   -26.0   58.451 -134.440      8.8    916.8
     1     1    15    11    14    15     0     0   -27.0   58.322 -134.300      6.1    917.7
     1     1    15    11    14    14     0     0   -28.0   58.185 -134.176      3.5    919.0
     1     1    15    11    14    13     0     0   -29.0   58.039 -134.064      0.8    920.4
     1     1    15    11    14    12     0     0   -30.0   57.884 -133.962      0.0    922.2
     1     1    15    11    14    11     0     0   -31.0   57.719 -133.870      0.0    924.5
     1     1    15    11    14    10     0     0   -32.0   57.542 -133.783      0.0    927.1
     1     1    15    11    14     9     0     0   -33.0   57.358 -133.705      0.0    929.9
     1     1    15    11    14     8     0     0   -34.0   57.169 -133.646      0.0    933.2
     1     1    15    11    14     7     0     0   -35.0   56.977 -133.610      0.0    936.8
     1     1    15    11    14     6     0     0   -36.0   56.786 -133.596      0.0    940.9
     1     1    15    11    14     5     0     0   -37.0   56.589 -133.611      0.0    945.0
     1     1    15    11    14     4     0     0   -38.0   56.382 -133.664      0.0    949.9
     1     1    15    11    14     3     0     0   -39.0   56.168 -133.761      0.0    955.4
     1     1    15    11    14     2     0     0   -40.0   55.951 -133.909      0.0    961.7
     1     1    15    11    14     1     0     0   -41.0   55.734 -134.117      0.0    968.6
     1     1    15    11    14     0     0     0   -42.0   55.520 -134.397      0.0    976.3
     1     1    15    11    13    23     0     0   -43.0   55.313 -134.756      0.0    984.3
     1     1    15    11    13    22     0     0   -44.0   55.109 -135.203      0.0    990.7
     1     1    15    11    13    21     0     0   -45.0   54.909 -135.748      0.0    992.5
     1     1    15    11    13    20     0     0   -46.0   54.713 -136.395      0.0    992.4
     1     1    15    11    13    19     0     0   -47.0   54.523 -137.144      0.0    991.8
     1     1    15    11    13    18     0     0   -48.0   54.342 -137.978      0.0    990.1
     1     1    15    11    13    17     0     0   -49.0   54.175 -138.871      0.0    987.9
     1     1    15    11    13    16     0     0   -50.0   54.027 -139.809      0.0    985.6
     1     1    15    11    13    15     0     0   -51.0   53.901 -140.779      0.0    985.4
     1     1    15    11    13    14     0     0   -52.0   53.807 -141.767      0.0    985.8
     1     1    15    11    13    13     0     0   -53.0   53.749 -142.772      0.0    986.0
     1     1    15    11    13    12     0     0   -54.0   53.730 -143.798      0.0    985.5
     1     1    15    11    13    11     0     0   -55.0   53.757 -144.846      0.0    984.7
     1     1    15    11    13    10     0     0   -56.0   53.825 -145.913      0.0    983.7
     1     1    15    11    13     9     0     0   -57.0   53.926 -146.989      0.0    982.2
     1     1    15    11    13     8     0     0   -58.0   54.051 -148.065      0.0    980.9
     1     1    15    11    13     7     0     0   -59.0   54.191 -149.136      0.0    979.2
     1     1    15    11    13     6     0     0   -60.0   54.343 -150.199      0.0    977.4
     1     1    15    11    13     5     0     0   -61.0   54.511 -151.264      0.0    978.2
     1     1    15    11    13     4     0     0   -62.0   54.693 -152.337      0.0    978.7
     1     1    15    11    13     3     0     0   -63.0   54.889 -153.400      0.0    980.2
     1     1    15    11    13     2     0     0   -64.0   55.108 -154.432      0.0    982.3
     1     1    15    11    13     1     0     0   -65.0   55.353 -155.403      0.0    983.5
     1     1    15    11    13     0     0     0   -66.0   55.635 -156.300      0.0    983.8
     1     1    15    11    12    23     0     0   -67.0   55.953 -157.122      0.0    983.3
     1     1    15    11    12    22     0     0   -68.0   56.291 -157.860      0.0    981.8
     1     1    15    11    12    21     0     0   -69.0   56.635 -158.515      0.0    980.4
     1     1    15    11    12    20     0     0   -70.0   56.987 -159.096      0.1    979.1
     1     1    15    11    12    19     0     0   -71.0   57.356 -159.617      0.2    977.9
     1     1    15    11    12    18     0     0   -72.0   57.740 -160.093      0.4    977.2
