     1     1
    CDC1    16     3     1     0     0
     1 BACKWARD OMEGA   
    16     3    28    12   60.984 -139.059   750.0
     1 PRESSURE
     1     1    16     3    28    12     0     0     0.0   60.984 -139.059    750.0    810.7
     1     1    16     3    28    11     0     0    -1.0   60.715 -139.466    663.8    824.2
     1     1    16     3    28    10     0     0    -2.0   60.411 -139.788    567.2    840.8
     1     1    16     3    28     9     0     0    -3.0   60.080 -140.023    470.3    858.3
     1     1    16     3    28     8     0     0    -4.0   59.733 -140.201    385.9    880.7
     1     1    16     3    28     7     0     0    -5.0   59.375 -140.367    316.7    901.2
     1     1    16     3    28     6     0     0    -6.0   59.004 -140.541    259.7    921.7
     1     1    16     3    28     5     0     0    -7.0   58.639 -140.714    211.9    941.8
     1     1    16     3    28     4     0     0    -8.0   58.294 -140.879    170.3    959.6
     1     1    16     3    28     3     0     0    -9.0   57.964 -141.046    132.7    976.8
     1     1    16     3    28     2     0     0   -10.0   57.642 -141.218     98.5    994.2
     1     1    16     3    28     1     0     0   -11.0   57.327 -141.394     69.7   1005.1
     1     1    16     3    28     0     0     0   -12.0   57.024 -141.574     48.8   1009.0
     1     1    16     3    27    23     0     0   -13.0   56.735 -141.786     34.9   1011.5
     1     1    16     3    27    22     0     0   -14.0   56.459 -142.054     25.5   1013.7
     1     1    16     3    27    21     0     0   -15.0   56.195 -142.370     19.5   1015.2
     1     1    16     3    27    20     0     0   -16.0   55.941 -142.719     15.6   1015.8
     1     1    16     3    27    19     0     0   -17.0   55.699 -143.081     12.7   1015.7
     1     1    16     3    27    18     0     0   -18.0   55.467 -143.435     10.4   1015.3
     1     1    16     3    27    17     0     0   -19.0   55.248 -143.782      8.6   1013.5
     1     1    16     3    27    16     0     0   -20.0   55.043 -144.136      7.4   1011.4
     1     1    16     3    27    15     0     0   -21.0   54.849 -144.510      6.8   1010.7
     1     1    16     3    27    14     0     0   -22.0   54.666 -144.912      6.8   1010.5
     1     1    16     3    27    13     0     0   -23.0   54.495 -145.346      7.8   1009.9
     1     1    16     3    27    12     0     0   -24.0   54.334 -145.809     10.3   1009.1
     1     1    16     3    27    11     0     0   -25.0   54.182 -146.283     14.2   1007.5
     1     1    16     3    27    10     0     0   -26.0   54.038 -146.755     18.4   1006.1
     1     1    16     3    27     9     0     0   -27.0   53.906 -147.227     22.2   1005.1
     1     1    16     3    27     8     0     0   -28.0   53.791 -147.696     25.1   1004.7
     1     1    16     3    27     7     0     0   -29.0   53.695 -148.156     26.8   1004.8
     1     1    16     3    27     6     0     0   -30.0   53.619 -148.609     27.3   1005.1
     1     1    16     3    27     5     0     0   -31.0   53.552 -149.058     27.5   1005.2
     1     1    16     3    27     4     0     0   -32.0   53.484 -149.509     28.1   1005.4
     1     1    16     3    27     3     0     0   -33.0   53.420 -149.966     29.2   1005.6
     1     1    16     3    27     2     0     0   -34.0   53.361 -150.433     30.6   1006.3
     1     1    16     3    27     1     0     0   -35.0   53.309 -150.913     32.5   1007.2
     1     1    16     3    27     0     0     0   -36.0   53.267 -151.416     34.8   1008.1
     1     1    16     3    26    23     0     0   -37.0   53.231 -151.924     37.0   1008.7
     1     1    16     3    26    22     0     0   -38.0   53.198 -152.420     38.6   1009.4
     1     1    16     3    26    21     0     0   -39.0   53.172 -152.903     39.9   1009.0
     1     1    16     3    26    20     0     0   -40.0   53.153 -153.378     40.8   1008.5
     1     1    16     3    26    19     0     0   -41.0   53.146 -153.848     41.7   1008.0
     1     1    16     3    26    18     0     0   -42.0   53.154 -154.320     42.4   1007.5
     1     1    16     3    26    17     0     0   -43.0   53.167 -154.792     43.0   1006.7
     1     1    16     3    26    16     0     0   -44.0   53.169 -155.260     42.9   1005.9
     1     1    16     3    26    15     0     0   -45.0   53.161 -155.721     42.1   1005.3
     1     1    16     3    26    14     0     0   -46.0   53.144 -156.180     40.8   1004.8
     1     1    16     3    26    13     0     0   -47.0   53.121 -156.641     39.1   1004.5
     1     1    16     3    26    12     0     0   -48.0   53.096 -157.109     37.2   1004.3
     1     1    16     3    26    11     0     0   -49.0   53.073 -157.572     35.2   1003.9
     1     1    16     3    26    10     0     0   -50.0   53.055 -158.015     33.4   1003.6
     1     1    16     3    26     9     0     0   -51.0   53.042 -158.438     31.7   1003.3
     1     1    16     3    26     8     0     0   -52.0   53.033 -158.847     30.2   1003.2
     1     1    16     3    26     7     0     0   -53.0   53.028 -159.246     28.8   1003.1
     1     1    16     3    26     6     0     0   -54.0   53.029 -159.638     27.6   1003.0
     1     1    16     3    26     5     0     0   -55.0   53.036 -160.022     26.4   1002.5
     1     1    16     3    26     4     0     0   -56.0   53.052 -160.396     25.1   1001.8
     1     1    16     3    26     3     0     0   -57.0   53.077 -160.759     23.8   1001.1
     1     1    16     3    26     2     0     0   -58.0   53.112 -161.115     22.4   1000.6
     1     1    16     3    26     1     0     0   -59.0   53.155 -161.465     20.9   1000.2
     1     1    16     3    26     0     0     0   -60.0   53.207 -161.812     19.4    999.8
     1     1    16     3    25    23     0     0   -61.0   53.261 -162.137     18.2    999.5
     1     1    16     3    25    22     0     0   -62.0   53.313 -162.421     17.3    998.9
     1     1    16     3    25    21     0     0   -63.0   53.364 -162.665     16.8    998.2
     1     1    16     3    25    20     0     0   -64.0   53.415 -162.870     16.5    997.4
     1     1    16     3    25    19     0     0   -65.0   53.466 -163.037     16.4    996.7
     1     1    16     3    25    18     0     0   -66.0   53.517 -163.166     16.3    996.0
     1     1    16     3    25    17     0     0   -67.0   53.565 -163.262     16.3    995.3
     1     1    16     3    25    16     0     0   -68.0   53.604 -163.331     16.3    994.8
     1     1    16     3    25    15     0     0   -69.0   53.635 -163.373     16.5    994.2
     1     1    16     3    25    14     0     0   -70.0   53.660 -163.386     16.6    993.6
     1     1    16     3    25    13     0     0   -71.0   53.677 -163.372     16.9    993.0
     1     1    16     3    25    12     0     0   -72.0   53.687 -163.330     17.2    992.5
