     1     1
    CDC1    15    12     1     0     0
     1 BACKWARD OMEGA   
    15    12    12     6   60.984 -139.059   750.0
     1 PRESSURE
     1     1    15    12    12     6     0     0     0.0   60.984 -139.059    750.0    795.4
     1     1    15    12    12     5     0     0    -1.0   60.808 -139.027    708.7    802.5
     1     1    15    12    12     4     0     0    -2.0   60.625 -138.985    664.0    810.3
     1     1    15    12    12     3     0     0    -3.0   60.434 -138.932    615.2    819.0
     1     1    15    12    12     2     0     0    -4.0   60.231 -138.862    562.1    827.7
     1     1    15    12    12     1     0     0    -5.0   60.016 -138.770    504.8    837.1
     1     1    15    12    12     0     0     0    -6.0   59.791 -138.653    447.3    850.9
     1     1    15    12    11    23     0     0    -7.0   59.574 -138.526    395.2    864.4
     1     1    15    12    11    22     0     0    -8.0   59.374 -138.395    351.2    875.6
     1     1    15    12    11    21     0     0    -9.0   59.195 -138.254    316.4    884.8
     1     1    15    12    11    20     0     0   -10.0   59.038 -138.105    289.7    892.4
     1     1    15    12    11    19     0     0   -11.0   58.903 -137.950    269.5    898.5
     1     1    15    12    11    18     0     0   -12.0   58.789 -137.793    254.7    903.4
     1     1    15    12    11    17     0     0   -13.0   58.695 -137.637    242.2    906.9
     1     1    15    12    11    16     0     0   -14.0   58.620 -137.487    229.7    910.1
     1     1    15    12    11    15     0     0   -15.0   58.563 -137.341    217.0    912.5
     1     1    15    12    11    14     0     0   -16.0   58.522 -137.203    204.2    914.3
     1     1    15    12    11    13     0     0   -17.0   58.495 -137.072    191.4    915.6
     1     1    15    12    11    12     0     0   -18.0   58.483 -136.950    178.4    916.3
     1     1    15    12    11    11     0     0   -19.0   58.483 -136.832    167.9    916.7
     1     1    15    12    11    10     0     0   -20.0   58.493 -136.713    162.2    916.0
     1     1    15    12    11     9     0     0   -21.0   58.513 -136.590    161.2    914.5
     1     1    15    12    11     8     0     0   -22.0   58.539 -136.462    164.9    912.3
     1     1    15    12    11     7     0     0   -23.0   58.571 -136.326    173.8    909.4
     1     1    15    12    11     6     0     0   -24.0   58.606 -136.177    188.7    905.8
     1     1    15    12    11     5     0     0   -25.0   58.639 -136.018    207.6    901.1
     1     1    15    12    11     4     0     0   -26.0   58.667 -135.855    227.9    896.4
     1     1    15    12    11     3     0     0   -27.0   58.692 -135.692    249.5    891.7
     1     1    15    12    11     2     0     0   -28.0   58.716 -135.533    272.2    887.2
     1     1    15    12    11     1     0     0   -29.0   58.740 -135.380    295.8    882.7
     1     1    15    12    11     0     0     0   -30.0   58.767 -135.239    320.4    878.3
     1     1    15    12    10    23     0     0   -31.0   58.794 -135.101    346.7    874.2
     1     1    15    12    10    22     0     0   -32.0   58.817 -134.955    375.7    869.6
     1     1    15    12    10    21     0     0   -33.0   58.837 -134.803    407.0    863.5
     1     1    15    12    10    20     0     0   -34.0   58.855 -134.645    440.5    857.4
     1     1    15    12    10    19     0     0   -35.0   58.870 -134.482    476.5    851.2
     1     1    15    12    10    18     0     0   -36.0   58.881 -134.313    515.1    844.8
     1     1    15    12    10    17     0     0   -37.0   58.880 -134.157    551.2    839.0
     1     1    15    12    10    16     0     0   -38.0   58.860 -134.032    579.3    835.4
     1     1    15    12    10    15     0     0   -39.0   58.821 -133.935    599.4    833.4
     1     1    15    12    10    14     0     0   -40.0   58.766 -133.867    611.4    832.8
     1     1    15    12    10    13     0     0   -41.0   58.695 -133.825    615.0    833.7
     1     1    15    12    10    12     0     0   -42.0   58.608 -133.807    610.1    836.2
     1     1    15    12    10    11     0     0   -43.0   58.502 -133.796    599.0    839.9
     1     1    15    12    10    10     0     0   -44.0   58.377 -133.775    584.2    843.9
     1     1    15    12    10     9     0     0   -45.0   58.232 -133.743    565.5    848.6
     1     1    15    12    10     8     0     0   -46.0   58.067 -133.699    542.4    854.0
     1     1    15    12    10     7     0     0   -47.0   57.884 -133.644    514.7    860.2
     1     1    15    12    10     6     0     0   -48.0   57.681 -133.578    482.2    867.1
     1     1    15    12    10     5     0     0   -49.0   57.470 -133.498    446.7    874.2
     1     1    15    12    10     4     0     0   -50.0   57.262 -133.411    411.0    881.2
     1     1    15    12    10     3     0     0   -51.0   57.058 -133.323    376.8    888.2
     1     1    15    12    10     2     0     0   -52.0   56.856 -133.244    344.5    894.4
     1     1    15    12    10     1     0     0   -53.0   56.655 -133.180    314.5    900.7
     1     1    15    12    10     0     0     0   -54.0   56.453 -133.139    287.0    907.4
     1     1    15    12     9    23     0     0   -55.0   56.252 -133.111    262.9    913.9
     1     1    15    12     9    22     0     0   -56.0   56.059 -133.084    242.9    919.7
     1     1    15    12     9    21     0     0   -57.0   55.876 -133.059    226.9    925.0
     1     1    15    12     9    20     0     0   -58.0   55.703 -133.037    214.5    929.7
     1     1    15    12     9    19     0     0   -59.0   55.541 -133.016    205.7    933.8
     1     1    15    12     9    18     0     0   -60.0   55.392 -132.998    200.0    937.2
     1     1    15    12     9    17     0     0   -61.0   55.244 -132.980    196.6    940.4
     1     1    15    12     9    16     0     0   -62.0   55.085 -132.961    194.6    943.7
     1     1    15    12     9    15     0     0   -63.0   54.917 -132.946    193.5    946.2
     1     1    15    12     9    14     0     0   -64.0   54.742 -132.939    192.8    947.8
     1     1    15    12     9    13     0     0   -65.0   54.565 -132.941    192.0    949.5
     1     1    15    12     9    12     0     0   -66.0   54.390 -132.950    191.0    951.2
     1     1    15    12     9    11     0     0   -67.0   54.210 -132.971    188.3    953.4
     1     1    15    12     9    10     0     0   -68.0   54.020 -133.011    182.4    956.2
     1     1    15    12     9     9     0     0   -69.0   53.817 -133.069    173.7    959.5
     1     1    15    12     9     8     0     0   -70.0   53.599 -133.145    162.8    963.2
     1     1    15    12     9     7     0     0   -71.0   53.366 -133.238    150.2    967.2
     1     1    15    12     9     6     0     0   -72.0   53.117 -133.349    136.6    971.5
