     1     1
    CDC1    16     3     1     0     0
     1 BACKWARD OMEGA   
    16     3    22     0   60.984 -139.059   750.0
     1 PRESSURE
     1     1    16     3    22     0     0     0     0.0   60.984 -139.059    750.0    804.9
     1     1    16     3    21    23     0     0    -1.0   60.921 -138.816    761.8    804.2
     1     1    16     3    21    22     0     0    -2.0   60.856 -138.569    770.9    804.0
     1     1    16     3    21    21     0     0    -3.0   60.787 -138.315    778.1    803.9
     1     1    16     3    21    20     0     0    -4.0   60.718 -138.055    784.2    803.9
     1     1    16     3    21    19     0     0    -5.0   60.647 -137.787    790.0    804.0
     1     1    16     3    21    18     0     0    -6.0   60.576 -137.513    796.4    804.0
     1     1    16     3    21    17     0     0    -7.0   60.508 -137.234    804.0    803.4
     1     1    16     3    21    16     0     0    -8.0   60.442 -136.952    813.5    802.5
     1     1    16     3    21    15     0     0    -9.0   60.381 -136.670    823.9    801.5
     1     1    16     3    21    14     0     0   -10.0   60.322 -136.387    834.4    800.3
     1     1    16     3    21    13     0     0   -11.0   60.266 -136.104    844.3    799.2
     1     1    16     3    21    12     0     0   -12.0   60.214 -135.821    852.8    798.1
     1     1    16     3    21    11     0     0   -13.0   60.161 -135.528    861.8    797.5
     1     1    16     3    21    10     0     0   -14.0   60.104 -135.212    872.7    796.5
     1     1    16     3    21     9     0     0   -15.0   60.043 -134.875    885.9    794.9
     1     1    16     3    21     8     0     0   -16.0   59.974 -134.516    901.2    792.5
     1     1    16     3    21     7     0     0   -17.0   59.894 -134.138    918.8    790.0
     1     1    16     3    21     6     0     0   -18.0   59.799 -133.743    938.1    787.2
     1     1    16     3    21     5     0     0   -19.0   59.692 -133.356    956.1    784.8
     1     1    16     3    21     4     0     0   -20.0   59.580 -133.001    968.5    783.4
     1     1    16     3    21     3     0     0   -21.0   59.462 -132.675    976.4    782.5
     1     1    16     3    21     2     0     0   -22.0   59.341 -132.375    980.2    782.1
     1     1    16     3    21     1     0     0   -23.0   59.219 -132.098    980.5    782.1
     1     1    16     3    21     0     0     0   -24.0   59.096 -131.841    978.3    782.1
     1     1    16     3    20    23     0     0   -25.0   58.969 -131.600    974.6    782.0
     1     1    16     3    20    22     0     0   -26.0   58.835 -131.373    969.4    781.9
     1     1    16     3    20    21     0     0   -27.0   58.694 -131.158    963.2    781.8
     1     1    16     3    20    20     0     0   -28.0   58.546 -130.955    956.2    781.8
     1     1    16     3    20    19     0     0   -29.0   58.394 -130.762    948.5    781.7
     1     1    16     3    20    18     0     0   -30.0   58.237 -130.578    940.2    781.5
     1     1    16     3    20    17     0     0   -31.0   58.080 -130.406    931.0    781.4
     1     1    16     3    20    16     0     0   -32.0   57.925 -130.249    919.0    781.5
     1     1    16     3    20    15     0     0   -33.0   57.772 -130.107    903.9    782.1
     1     1    16     3    20    14     0     0   -34.0   57.620 -129.979    885.2    783.3
     1     1    16     3    20    13     0     0   -35.0   57.469 -129.866    862.7    786.1
     1     1    16     3    20    12     0     0   -36.0   57.318 -129.766    836.9    791.4
     1     1    16     3    20    11     0     0   -37.0   57.160 -129.679    809.8    797.1
     1     1    16     3    20    10     0     0   -38.0   56.989 -129.604    782.7    802.9
     1     1    16     3    20     9     0     0   -39.0   56.806 -129.539    755.5    809.0
     1     1    16     3    20     8     0     0   -40.0   56.613 -129.483    727.8    815.5
     1     1    16     3    20     7     0     0   -41.0   56.410 -129.433    699.2    822.5
     1     1    16     3    20     6     0     0   -42.0   56.201 -129.389    669.2    829.8
     1     1    16     3    20     5     0     0   -43.0   55.987 -129.342    638.8    837.3
     1     1    16     3    20     4     0     0   -44.0   55.770 -129.285    608.7    844.7
     1     1    16     3    20     3     0     0   -45.0   55.551 -129.223    579.6    851.5
     1     1    16     3    20     2     0     0   -46.0   55.329 -129.157    551.9    858.2
     1     1    16     3    20     1     0     0   -47.0   55.104 -129.090    526.2    864.8
     1     1    16     3    20     0     0     0   -48.0   54.874 -129.023    502.7    870.9
     1     1    16     3    19    23     0     0   -49.0   54.641 -128.955    480.5    875.8
     1     1    16     3    19    22     0     0   -50.0   54.406 -128.881    459.3    880.8
     1     1    16     3    19    21     0     0   -51.0   54.168 -128.805    438.3    885.8
     1     1    16     3    19    20     0     0   -52.0   53.928 -128.728    417.3    890.9
     1     1    16     3    19    19     0     0   -53.0   53.685 -128.654    396.1    896.3
     1     1    16     3    19    18     0     0   -54.0   53.438 -128.584    374.2    901.9
     1     1    16     3    19    17     0     0   -55.0   53.189 -128.507    353.6    907.1
     1     1    16     3    19    16     0     0   -56.0   52.940 -128.412    335.8    911.5
     1     1    16     3    19    15     0     0   -57.0   52.690 -128.300    320.4    915.4
     1     1    16     3    19    14     0     0   -58.0   52.440 -128.172    306.9    918.5
     1     1    16     3    19    13     0     0   -59.0   52.193 -128.030    295.1    920.6
     1     1    16     3    19    12     0     0   -60.0   51.952 -127.874    284.6    922.4
     1     1    16     3    19    11     0     0   -61.0   51.727 -127.723    274.9    924.2
     1     1    16     3    19    10     0     0   -62.0   51.525 -127.591    265.7    926.2
     1     1    16     3    19     9     0     0   -63.0   51.346 -127.476    257.0    928.1
     1     1    16     3    19     8     0     0   -64.0   51.186 -127.376    248.8    929.9
     1     1    16     3    19     7     0     0   -65.0   51.044 -127.287    241.2    931.5
     1     1    16     3    19     6     0     0   -66.0   50.917 -127.210    234.2    933.0
     1     1    16     3    19     5     0     0   -67.0   50.800 -127.130    227.4    934.3
     1     1    16     3    19     4     0     0   -68.0   50.688 -127.034    220.4    935.4
     1     1    16     3    19     3     0     0   -69.0   50.582 -126.922    213.1    936.1
     1     1    16     3    19     2     0     0   -70.0   50.481 -126.795    205.4    936.6
     1     1    16     3    19     1     0     0   -71.0   50.386 -126.653    197.3    936.8
     1     1    16     3    19     0     0     0   -72.0   50.296 -126.496    188.7    936.4
