     1     1
    CDC1    16     4     1     0     0
     1 BACKWARD OMEGA   
    16     4    23    18   60.984 -139.059   750.0
     1 PRESSURE
     1     1    16     4    23    18     0     0     0.0   60.984 -139.059    750.0    806.4
     1     1    16     4    23    17     0     0    -1.0   60.697 -138.851    752.3    810.1
     1     1    16     4    23    16     0     0    -2.0   60.413 -138.603    750.2    814.3
     1     1    16     4    23    15     0     0    -3.0   60.132 -138.318    742.3    818.9
     1     1    16     4    23    14     0     0    -4.0   59.852 -138.009    728.6    826.2
     1     1    16     4    23    13     0     0    -5.0   59.573 -137.700    710.5    835.8
     1     1    16     4    23    12     0     0    -6.0   59.294 -137.398    688.7    845.5
     1     1    16     4    23    11     0     0    -7.0   59.021 -137.112    667.4    855.2
     1     1    16     4    23    10     0     0    -8.0   58.762 -136.848    650.4    863.3
     1     1    16     4    23     9     0     0    -9.0   58.516 -136.598    637.1    870.5
     1     1    16     4    23     8     0     0   -10.0   58.282 -136.356    626.9    876.8
     1     1    16     4    23     7     0     0   -11.0   58.060 -136.118    619.4    882.3
     1     1    16     4    23     6     0     0   -12.0   57.850 -135.881    614.0    887.1
     1     1    16     4    23     5     0     0   -13.0   57.655 -135.648    610.8    891.4
     1     1    16     4    23     4     0     0   -14.0   57.479 -135.423    610.4    894.5
     1     1    16     4    23     3     0     0   -15.0   57.323 -135.210    612.9    895.6
     1     1    16     4    23     2     0     0   -16.0   57.188 -135.012    618.6    896.2
     1     1    16     4    23     1     0     0   -17.0   57.077 -134.821    626.8    894.7
     1     1    16     4    23     0     0     0   -18.0   56.989 -134.632    637.6    892.3
     1     1    16     4    22    23     0     0   -19.0   56.917 -134.449    647.7    889.7
     1     1    16     4    22    22     0     0   -20.0   56.852 -134.280    654.0    888.1
     1     1    16     4    22    21     0     0   -21.0   56.793 -134.121    656.8    887.0
     1     1    16     4    22    20     0     0   -22.0   56.741 -133.970    656.4    886.3
     1     1    16     4    22    19     0     0   -23.0   56.694 -133.827    653.1    886.0
     1     1    16     4    22    18     0     0   -24.0   56.653 -133.689    647.2    886.0
     1     1    16     4    22    17     0     0   -25.0   56.613 -133.549    639.0    885.9
     1     1    16     4    22    16     0     0   -26.0   56.571 -133.399    628.9    886.0
     1     1    16     4    22    15     0     0   -27.0   56.527 -133.239    617.2    886.2
     1     1    16     4    22    14     0     0   -28.0   56.482 -133.071    604.2    886.1
     1     1    16     4    22    13     0     0   -29.0   56.437 -132.893    590.3    886.1
     1     1    16     4    22    12     0     0   -30.0   56.394 -132.708    575.7    886.1
     1     1    16     4    22    11     0     0   -31.0   56.354 -132.513    562.4    886.2
     1     1    16     4    22    10     0     0   -32.0   56.316 -132.307    551.6    884.7
     1     1    16     4    22     9     0     0   -33.0   56.277 -132.087    543.1    882.8
     1     1    16     4    22     8     0     0   -34.0   56.236 -131.853    536.5    880.4
     1     1    16     4    22     7     0     0   -35.0   56.192 -131.603    531.4    877.7
     1     1    16     4    22     6     0     0   -36.0   56.144 -131.334    527.4    874.6
     1     1    16     4    22     5     0     0   -37.0   56.093 -131.063    522.9    871.1
     1     1    16     4    22     4     0     0   -38.0   56.043 -130.810    516.5    868.4
     1     1    16     4    22     3     0     0   -39.0   55.995 -130.574    508.4    866.0
     1     1    16     4    22     2     0     0   -40.0   55.952 -130.357    498.7    864.0
     1     1    16     4    22     1     0     0   -41.0   55.916 -130.158    487.6    862.4
     1     1    16     4    22     0     0     0   -42.0   55.889 -129.977    475.1    861.1
     1     1    16     4    21    23     0     0   -43.0   55.857 -129.801    458.6    861.1
     1     1    16     4    21    22     0     0   -44.0   55.808 -129.617    435.6    862.4
     1     1    16     4    21    21     0     0   -45.0   55.745 -129.425    406.6    864.6
     1     1    16     4    21    20     0     0   -46.0   55.668 -129.224    372.2    867.7
     1     1    16     4    21    19     0     0   -47.0   55.580 -129.015    333.7    870.6
     1     1    16     4    21    18     0     0   -48.0   55.483 -128.799    292.3    873.9
     1     1    16     4    21    17     0     0   -49.0   55.390 -128.581    252.4    877.3
     1     1    16     4    21    16     0     0   -50.0   55.311 -128.363    217.1    879.7
     1     1    16     4    21    15     0     0   -51.0   55.246 -128.137    186.1    881.2
     1     1    16     4    21    14     0     0   -52.0   55.194 -127.896    159.0    881.2
     1     1    16     4    21    13     0     0   -53.0   55.154 -127.633    135.5    880.5
     1     1    16     4    21    12     0     0   -54.0   55.127 -127.346    115.4    880.7
     1     1    16     4    21    11     0     0   -55.0   55.109 -127.049     99.4    882.2
     1     1    16     4    21    10     0     0   -56.0   55.095 -126.758     87.4    883.0
     1     1    16     4    21     9     0     0   -57.0   55.079 -126.472     78.6    883.5
     1     1    16     4    21     8     0     0   -58.0   55.058 -126.190     72.5    883.8
     1     1    16     4    21     7     0     0   -59.0   55.027 -125.911     68.4    883.6
     1     1    16     4    21     6     0     0   -60.0   54.982 -125.632     66.0    883.3
     1     1    16     4    21     5     0     0   -61.0   54.932 -125.358     64.3    882.8
     1     1    16     4    21     4     0     0   -62.0   54.889 -125.094     62.3    882.3
     1     1    16     4    21     3     0     0   -63.0   54.857 -124.842     60.0    882.8
     1     1    16     4    21     2     0     0   -64.0   54.837 -124.600     57.5    883.9
     1     1    16     4    21     1     0     0   -65.0   54.831 -124.368     54.9    885.0
     1     1    16     4    21     0     0     0   -66.0   54.839 -124.142     52.3    886.1
     1     1    16     4    20    23     0     0   -67.0   54.853 -123.899     49.5    887.0
     1     1    16     4    20    22     0     0   -68.0   54.864 -123.615     46.5    888.1
     1     1    16     4    20    21     0     0   -69.0   54.871 -123.288     43.2    889.4
     1     1    16     4    20    20     0     0   -70.0   54.872 -122.919     39.8    890.7
     1     1    16     4    20    19     0     0   -71.0   54.866 -122.505     36.2    892.1
     1     1    16     4    20    18     0     0   -72.0   54.852 -122.058     32.5    893.9
