     1     1
    CDC1    16     2     1     0     0
     1 BACKWARD OMEGA   
    16     2    13    12   60.984 -139.059   750.0
     1 PRESSURE
     1     1    16     2    13    12     0     0     0.0   60.984 -139.059    750.0    801.9
     1     1    16     2    13    11     0     0    -1.0   60.723 -139.222    726.1    807.9
     1     1    16     2    13    10     0     0    -2.0   60.446 -139.338    689.4    816.2
     1     1    16     2    13     9     0     0    -3.0   60.156 -139.417    638.7    826.4
     1     1    16     2    13     8     0     0    -4.0   59.858 -139.470    576.4    840.5
     1     1    16     2    13     7     0     0    -5.0   59.554 -139.505    509.6    857.8
     1     1    16     2    13     6     0     0    -6.0   59.248 -139.535    443.4    875.7
     1     1    16     2    13     5     0     0    -7.0   58.935 -139.541    382.3    894.3
     1     1    16     2    13     4     0     0    -8.0   58.610 -139.509    330.6    910.8
     1     1    16     2    13     3     0     0    -9.0   58.270 -139.463    288.9    926.9
     1     1    16     2    13     2     0     0   -10.0   57.913 -139.429    255.7    942.8
     1     1    16     2    13     1     0     0   -11.0   57.533 -139.435    229.9    959.0
     1     1    16     2    13     0     0     0   -12.0   57.135 -139.486    208.2    965.3
     1     1    16     2    12    23     0     0   -13.0   56.741 -139.540    188.0    969.7
     1     1    16     2    12    22     0     0   -14.0   56.359 -139.572    167.8    973.8
     1     1    16     2    12    21     0     0   -15.0   55.984 -139.606    148.1    978.0
     1     1    16     2    12    20     0     0   -16.0   55.612 -139.666    129.2    982.1
     1     1    16     2    12    19     0     0   -17.0   55.234 -139.786    112.4    985.9
     1     1    16     2    12    18     0     0   -18.0   54.847 -139.994     99.1    987.6
     1     1    16     2    12    17     0     0   -19.0   54.470 -140.237     90.0    986.8
     1     1    16     2    12    16     0     0   -20.0   54.114 -140.456     83.7    986.0
     1     1    16     2    12    15     0     0   -21.0   53.771 -140.662     79.4    985.2
     1     1    16     2    12    14     0     0   -22.0   53.433 -140.871     76.6    984.5
     1     1    16     2    12    13     0     0   -23.0   53.095 -141.104     74.9    983.8
     1     1    16     2    12    12     0     0   -24.0   52.752 -141.387     74.0    983.2
     1     1    16     2    12    11     0     0   -25.0   52.428 -141.725     73.5    982.9
     1     1    16     2    12    10     0     0   -26.0   52.147 -142.088     73.2    983.1
     1     1    16     2    12     9     0     0   -27.0   51.908 -142.458     73.2    983.3
     1     1    16     2    12     8     0     0   -28.0   51.713 -142.825     73.4    983.2
     1     1    16     2    12     7     0     0   -29.0   51.558 -143.177     73.6    982.9
     1     1    16     2    12     6     0     0   -30.0   51.444 -143.511     73.9    982.4
     1     1    16     2    12     5     0     0   -31.0   51.372 -143.814     73.9    982.6
     1     1    16     2    12     4     0     0   -32.0   51.340 -144.072     73.6    982.7
     1     1    16     2    12     3     0     0   -33.0   51.341 -144.281     72.9    982.7
     1     1    16     2    12     2     0     0   -34.0   51.369 -144.437     71.7    982.8
     1     1    16     2    12     1     0     0   -35.0   51.419 -144.537     70.0    982.9
     1     1    16     2    12     0     0     0   -36.0   51.488 -144.575     67.8    983.1
     1     1    16     2    11    23     0     0   -37.0   51.561 -144.555     65.4    984.1
     1     1    16     2    11    22     0     0   -38.0   51.619 -144.481     62.9    985.1
     1     1    16     2    11    21     0     0   -39.0   51.660 -144.357     60.5    986.2
     1     1    16     2    11    20     0     0   -40.0   51.684 -144.181     58.0    987.2
     1     1    16     2    11    19     0     0   -41.0   51.692 -143.952     55.6    988.2
     1     1    16     2    11    18     0     0   -42.0   51.690 -143.669     53.0    989.3
     1     1    16     2    11    17     0     0   -43.0   51.660 -143.363     50.2    990.1
     1     1    16     2    11    16     0     0   -44.0   51.582 -143.075     46.9    991.1
     1     1    16     2    11    15     0     0   -45.0   51.456 -142.804     43.0    992.4
     1     1    16     2    11    14     0     0   -46.0   51.284 -142.549     38.1    994.0
     1     1    16     2    11    13     0     0   -47.0   51.072 -142.301     32.4    995.4
     1     1    16     2    11    12     0     0   -48.0   50.828 -142.047     26.1    997.0
     1     1    16     2    11    11     0     0   -49.0   50.567 -141.802     20.6    997.8
     1     1    16     2    11    10     0     0   -50.0   50.292 -141.591     16.9    998.6
     1     1    16     2    11     9     0     0   -51.0   50.001 -141.412     14.8    999.3
     1     1    16     2    11     8     0     0   -52.0   49.690 -141.271     14.0    999.5
     1     1    16     2    11     7     0     0   -53.0   49.355 -141.164     14.2    999.7
     1     1    16     2    11     6     0     0   -54.0   49.001 -141.078     15.0   1000.0
     1     1    16     2    11     5     0     0   -55.0   48.633 -141.013     16.0    999.1
     1     1    16     2    11     4     0     0   -56.0   48.255 -140.979     17.3    998.5
     1     1    16     2    11     3     0     0   -57.0   47.865 -140.984     19.4    998.1
     1     1    16     2    11     2     0     0   -58.0   47.466 -141.042     22.7    997.5
     1     1    16     2    11     1     0     0   -59.0   47.055 -141.157     26.8    995.3
     1     1    16     2    11     0     0     0   -60.0   46.635 -141.327     30.8    993.4
     1     1    16     2    10    23     0     0   -61.0   46.215 -141.534     33.6    991.5
     1     1    16     2    10    22     0     0   -62.0   45.799 -141.760     34.9    990.1
     1     1    16     2    10    21     0     0   -63.0   45.387 -142.003     35.2    988.9
     1     1    16     2    10    20     0     0   -64.0   44.976 -142.256     34.9    988.0
     1     1    16     2    10    19     0     0   -65.0   44.562 -142.524     34.4    988.8
     1     1    16     2    10    18     0     0   -66.0   44.139 -142.808     33.8    990.1
     1     1    16     2    10    17     0     0   -67.0   43.710 -143.113     33.1    990.9
     1     1    16     2    10    16     0     0   -68.0   43.281 -143.443     32.4    991.4
     1     1    16     2    10    15     0     0   -69.0   42.850 -143.791     31.7    991.6
     1     1    16     2    10    14     0     0   -70.0   42.415 -144.154     31.1    991.6
     1     1    16     2    10    13     0     0   -71.0   41.979 -144.531     30.7    991.8
     1     1    16     2    10    12     0     0   -72.0   41.545 -144.926     30.4    991.8
