     1     1
    CDC1    16     2     1     0     0
     1 BACKWARD OMEGA   
    16     2    12    18   60.984 -139.059   750.0
     1 PRESSURE
     1     1    16     2    12    18     0     0     0.0   60.984 -139.059    750.0    799.0
     1     1    16     2    12    17     0     0    -1.0   60.608 -138.657    669.4    813.2
     1     1    16     2    12    16     0     0    -2.0   60.238 -138.213    583.2    828.6
     1     1    16     2    12    15     0     0    -3.0   59.877 -137.721    497.4    845.1
     1     1    16     2    12    14     0     0    -4.0   59.534 -137.205    421.3    863.7
     1     1    16     2    12    13     0     0    -5.0   59.211 -136.684    359.8    878.5
     1     1    16     2    12    12     0     0    -6.0   58.906 -136.160    313.2    889.8
     1     1    16     2    12    11     0     0    -7.0   58.619 -135.641    278.3    899.2
     1     1    16     2    12    10     0     0    -8.0   58.351 -135.136    250.1    907.4
     1     1    16     2    12     9     0     0    -9.0   58.107 -134.632    226.1    911.7
     1     1    16     2    12     8     0     0   -10.0   57.897 -134.125    205.0    913.0
     1     1    16     2    12     7     0     0   -11.0   57.730 -133.623    186.0    912.0
     1     1    16     2    12     6     0     0   -12.0   57.613 -133.142    168.6    909.3
     1     1    16     2    12     5     0     0   -13.0   57.525 -132.682    152.2    906.3
     1     1    16     2    12     4     0     0   -14.0   57.423 -132.222    136.6    903.4
     1     1    16     2    12     3     0     0   -15.0   57.291 -131.757    122.7    900.8
     1     1    16     2    12     2     0     0   -16.0   57.140 -131.299    111.5    898.5
     1     1    16     2    12     1     0     0   -17.0   56.988 -130.860    103.6    896.1
     1     1    16     2    12     0     0     0   -18.0   56.846 -130.450     99.4    893.5
     1     1    16     2    11    23     0     0   -19.0   56.722 -130.079     98.2    890.2
     1     1    16     2    11    22     0     0   -20.0   56.610 -129.751     99.4    889.0
     1     1    16     2    11    21     0     0   -21.0   56.508 -129.456    102.2    888.2
     1     1    16     2    11    20     0     0   -22.0   56.418 -129.195    106.3    887.2
     1     1    16     2    11    19     0     0   -23.0   56.347 -128.965    111.1    886.0
     1     1    16     2    11    18     0     0   -24.0   56.298 -128.767    116.4    884.6
     1     1    16     2    11    17     0     0   -25.0   56.253 -128.620    121.2    883.1
     1     1    16     2    11    16     0     0   -26.0   56.190 -128.535    124.2    883.0
     1     1    16     2    11    15     0     0   -27.0   56.110 -128.506    125.2    884.1
     1     1    16     2    11    14     0     0   -28.0   56.013 -128.523    124.2    886.4
     1     1    16     2    11    13     0     0   -29.0   55.896 -128.580    121.2    889.9
     1     1    16     2    11    12     0     0   -30.0   55.760 -128.665    116.5    894.5
     1     1    16     2    11    11     0     0   -31.0   55.609 -128.743    109.5    898.8
     1     1    16     2    11    10     0     0   -32.0   55.453 -128.790    100.5    903.3
     1     1    16     2    11     9     0     0   -33.0   55.295 -128.815     90.2    907.8
     1     1    16     2    11     8     0     0   -34.0   55.138 -128.826     79.3    912.2
     1     1    16     2    11     7     0     0   -35.0   54.983 -128.832     68.5    916.3
     1     1    16     2    11     6     0     0   -36.0   54.828 -128.843     58.0    919.7
     1     1    16     2    11     5     0     0   -37.0   54.664 -128.826     48.5    922.9
     1     1    16     2    11     4     0     0   -38.0   54.489 -128.754     40.8    925.1
     1     1    16     2    11     3     0     0   -39.0   54.302 -128.636     34.6    926.7
     1     1    16     2    11     2     0     0   -40.0   54.103 -128.480     29.6    927.8
     1     1    16     2    11     1     0     0   -41.0   53.892 -128.295     25.3    928.4
     1     1    16     2    11     0     0     0   -42.0   53.669 -128.088     21.6    928.7
     1     1    16     2    10    23     0     0   -43.0   53.454 -127.882     18.5    929.3
     1     1    16     2    10    22     0     0   -44.0   53.265 -127.689     15.9    929.4
     1     1    16     2    10    21     0     0   -45.0   53.105 -127.504     13.8    929.0
     1     1    16     2    10    20     0     0   -46.0   52.973 -127.321     12.0    928.6
     1     1    16     2    10    19     0     0   -47.0   52.868 -127.137     10.6    927.6
     1     1    16     2    10    18     0     0   -48.0   52.791 -126.951      9.5    925.8
     1     1    16     2    10    17     0     0   -49.0   52.725 -126.780      8.5    924.2
     1     1    16     2    10    16     0     0   -50.0   52.646 -126.641      7.5    923.1
     1     1    16     2    10    15     0     0   -51.0   52.555 -126.533      6.7    922.6
     1     1    16     2    10    14     0     0   -52.0   52.451 -126.452      5.9    922.8
     1     1    16     2    10    13     0     0   -53.0   52.335 -126.392      5.2    923.8
     1     1    16     2    10    12     0     0   -54.0   52.210 -126.346      4.6    925.1
     1     1    16     2    10    11     0     0   -55.0   52.080 -126.302      4.0    926.5
     1     1    16     2    10    10     0     0   -56.0   51.946 -126.254      3.1    927.9
     1     1    16     2    10     9     0     0   -57.0   51.810 -126.204      2.0    929.3
     1     1    16     2    10     8     0     0   -58.0   51.673 -126.155      0.7    930.7
     1     1    16     2    10     7     0     0   -59.0   51.534 -126.111      0.0    932.2
     1     1    16     2    10     6     0     0   -60.0   51.396 -126.073      0.0    933.9
     1     1    16     2    10     5     0     0   -61.0   51.261 -126.027      0.0    935.2
     1     1    16     2    10     4     0     0   -62.0   51.132 -125.957      0.0    936.0
     1     1    16     2    10     3     0     0   -63.0   51.007 -125.862      0.0    936.3
     1     1    16     2    10     2     0     0   -64.0   50.884 -125.743      0.0    936.2
     1     1    16     2    10     1     0     0   -65.0   50.761 -125.600      0.0    935.8
     1     1    16     2    10     0     0     0   -66.0   50.635 -125.433      0.0    935.0
     1     1    16     2     9    23     0     0   -67.0   50.515 -125.260      0.0    934.4
     1     1    16     2     9    22     0     0   -68.0   50.412 -125.099      0.0    933.7
     1     1    16     2     9    21     0     0   -69.0   50.325 -124.950      0.0    933.0
     1     1    16     2     9    20     0     0   -70.0   50.255 -124.815      0.0    932.3
     1     1    16     2     9    19     0     0   -71.0   50.201 -124.691      0.0    931.5
     1     1    16     2     9    18     0     0   -72.0   50.161 -124.581      0.0    930.8
