     1     1
    CDC1    16     2     1     0     0
     1 BACKWARD OMEGA   
    16     2    11    18   60.984 -139.059   750.0
     1 PRESSURE
     1     1    16     2    11    18     0     0     0.0   60.984 -139.059    750.0    809.5
     1     1    16     2    11    17     0     0    -1.0   60.568 -138.997    731.5    817.0
     1     1    16     2    11    16     0     0    -2.0   60.140 -138.832    690.4    828.1
     1     1    16     2    11    15     0     0    -3.0   59.702 -138.595    628.9    846.3
     1     1    16     2    11    14     0     0    -4.0   59.258 -138.316    555.8    867.8
     1     1    16     2    11    13     0     0    -5.0   58.807 -138.010    481.1    889.4
     1     1    16     2    11    12     0     0    -6.0   58.342 -137.688    409.3    911.6
     1     1    16     2    11    11     0     0    -7.0   57.876 -137.359    347.9    931.9
     1     1    16     2    11    10     0     0    -8.0   57.419 -137.033    298.7    946.9
     1     1    16     2    11     9     0     0    -9.0   56.969 -136.719    257.7    954.8
     1     1    16     2    11     8     0     0   -10.0   56.527 -136.426    223.5    963.4
     1     1    16     2    11     7     0     0   -11.0   56.084 -136.162    195.2    972.2
     1     1    16     2    11     6     0     0   -12.0   55.632 -135.934    172.0    980.8
     1     1    16     2    11     5     0     0   -13.0   55.174 -135.708    155.3    988.9
     1     1    16     2    11     4     0     0   -14.0   54.714 -135.456    147.0    991.6
     1     1    16     2    11     3     0     0   -15.0   54.248 -135.198    146.4    991.2
     1     1    16     2    11     2     0     0   -16.0   53.768 -134.953    152.5    990.3
     1     1    16     2    11     1     0     0   -17.0   53.266 -134.746    164.0    988.5
     1     1    16     2    11     0     0     0   -18.0   52.734 -134.601    179.9    987.4
     1     1    16     2    10    23     0     0   -19.0   52.181 -134.513    196.0    985.4
     1     1    16     2    10    22     0     0   -20.0   51.625 -134.466    207.8    982.4
     1     1    16     2    10    21     0     0   -21.0   51.058 -134.476    215.2    979.6
     1     1    16     2    10    20     0     0   -22.0   50.470 -134.561    218.6    976.8
     1     1    16     2    10    19     0     0   -23.0   49.853 -134.737    218.4    974.2
     1     1    16     2    10    18     0     0   -24.0   49.216 -134.992    215.5    973.9
     1     1    16     2    10    17     0     0   -25.0   48.585 -135.258    211.5    974.8
     1     1    16     2    10    16     0     0   -26.0   47.968 -135.497    207.7    975.8
     1     1    16     2    10    15     0     0   -27.0   47.358 -135.731    204.1    976.8
     1     1    16     2    10    14     0     0   -28.0   46.758 -135.969    200.5    977.6
     1     1    16     2    10    13     0     0   -29.0   46.165 -136.226    197.3    978.0
     1     1    16     2    10    12     0     0   -30.0   45.569 -136.539    195.1    978.0
     1     1    16     2    10    11     0     0   -31.0   44.970 -136.890    194.0    978.6
     1     1    16     2    10    10     0     0   -32.0   44.387 -137.210    193.5    978.9
     1     1    16     2    10     9     0     0   -33.0   43.823 -137.488    192.7    978.7
     1     1    16     2    10     8     0     0   -34.0   43.275 -137.748    191.1    977.9
     1     1    16     2    10     7     0     0   -35.0   42.739 -138.023    188.3    977.1
     1     1    16     2    10     6     0     0   -36.0   42.215 -138.333    184.7    976.2
     1     1    16     2    10     5     0     0   -37.0   41.712 -138.656    181.4    976.7
     1     1    16     2    10     4     0     0   -38.0   41.224 -138.959    178.2    977.1
     1     1    16     2    10     3     0     0   -39.0   40.733 -139.234    174.4    977.6
     1     1    16     2    10     2     0     0   -40.0   40.224 -139.480    168.9    978.3
     1     1    16     2    10     1     0     0   -41.0   39.691 -139.699    160.6    979.0
     1     1    16     2    10     0     0     0   -42.0   39.140 -139.903    149.2    979.7
     1     1    16     2     9    23     0     0   -43.0   38.598 -140.124    139.2    982.2
     1     1    16     2     9    22     0     0   -44.0   38.084 -140.375    134.1    983.2
     1     1    16     2     9    21     0     0   -45.0   37.586 -140.634    132.7    983.3
     1     1    16     2     9    20     0     0   -46.0   37.089 -140.873    133.7    984.2
     1     1    16     2     9    19     0     0   -47.0   36.580 -141.079    136.0    985.3
     1     1    16     2     9    18     0     0   -48.0   36.053 -141.250    139.5    986.2
     1     1    16     2     9    17     0     0   -49.0   35.539 -141.440    143.9    987.3
     1     1    16     2     9    16     0     0   -50.0   35.068 -141.687    147.7    988.3
     1     1    16     2     9    15     0     0   -51.0   34.635 -141.974    150.5    988.6
     1     1    16     2     9    14     0     0   -52.0   34.233 -142.284    151.6    989.0
     1     1    16     2     9    13     0     0   -53.0   33.858 -142.602    151.1    989.8
     1     1    16     2     9    12     0     0   -54.0   33.504 -142.918    148.2    990.7
     1     1    16     2     9    11     0     0   -55.0   33.177 -143.237    144.8    991.4
     1     1    16     2     9    10     0     0   -56.0   32.887 -143.571    143.7    991.7
     1     1    16     2     9     9     0     0   -57.0   32.642 -143.918    145.4    991.7
     1     1    16     2     9     8     0     0   -58.0   32.447 -144.274    150.9    991.2
     1     1    16     2     9     7     0     0   -59.0   32.308 -144.636    161.1    990.0
     1     1    16     2     9     6     0     0   -60.0   32.234 -145.000    176.8    988.3
     1     1    16     2     9     5     0     0   -61.0   32.197 -145.366    193.8    985.5
     1     1    16     2     9     4     0     0   -62.0   32.174 -145.732    207.2    983.5
     1     1    16     2     9     3     0     0   -63.0   32.172 -146.098    217.6    981.9
     1     1    16     2     9     2     0     0   -64.0   32.199 -146.461    225.4    980.8
     1     1    16     2     9     1     0     0   -65.0   32.262 -146.820    230.9    980.2
     1     1    16     2     9     0     0     0   -66.0   32.370 -147.171    234.6    979.9
     1     1    16     2     8    23     0     0   -67.0   32.508 -147.500    237.6    979.6
     1     1    16     2     8    22     0     0   -68.0   32.651 -147.797    240.9    978.8
     1     1    16     2     8    21     0     0   -69.0   32.793 -148.064    244.6    978.3
     1     1    16     2     8    20     0     0   -70.0   32.942 -148.300    248.8    977.8
     1     1    16     2     8    19     0     0   -71.0   33.104 -148.506    253.9    977.4
     1     1    16     2     8    18     0     0   -72.0   33.285 -148.681    260.3    977.0
