     1     1
    CDC1    15    10     1     0     0
     1 BACKWARD OMEGA   
    15    10     9    18   60.984 -139.059   750.0
     1 PRESSURE
     1     1    15    10     9    18     0     0     0.0   60.984 -139.059    750.0    789.2
     1     1    15    10     9    17     0     0    -1.0   60.947 -138.677    698.6    796.5
     1     1    15    10     9    16     0     0    -2.0   60.894 -138.325    657.9    802.6
     1     1    15    10     9    15     0     0    -3.0   60.827 -138.001    626.7    808.1
     1     1    15    10     9    14     0     0    -4.0   60.746 -137.707    604.1    812.9
     1     1    15    10     9    13     0     0    -5.0   60.652 -137.443    589.7    816.9
     1     1    15    10     9    12     0     0    -6.0   60.546 -137.217    583.4    820.0
     1     1    15    10     9    11     0     0    -7.0   60.421 -137.046    576.6    821.9
     1     1    15    10     9    10     0     0    -8.0   60.275 -136.948    561.1    826.0
     1     1    15    10     9     9     0     0    -9.0   60.112 -136.928    537.1    831.4
     1     1    15    10     9     8     0     0   -10.0   59.934 -136.981    505.4    839.2
     1     1    15    10     9     7     0     0   -11.0   59.743 -137.089    467.7    849.9
     1     1    15    10     9     6     0     0   -12.0   59.537 -137.233    424.9    862.2
     1     1    15    10     9     5     0     0   -13.0   59.326 -137.344    380.3    874.6
     1     1    15    10     9     4     0     0   -14.0   59.116 -137.366    338.4    885.3
     1     1    15    10     9     3     0     0   -15.0   58.907 -137.308    301.0    895.2
     1     1    15    10     9     2     0     0   -16.0   58.697 -137.184    268.1    904.4
     1     1    15    10     9     1     0     0   -17.0   58.483 -137.006    239.1    913.1
     1     1    15    10     9     0     0     0   -18.0   58.261 -136.786    213.6    921.4
     1     1    15    10     8    23     0     0   -19.0   58.043 -136.538    190.8    929.1
     1     1    15    10     8    22     0     0   -20.0   57.841 -136.269    169.3    935.3
     1     1    15    10     8    21     0     0   -21.0   57.659 -135.979    148.6    940.7
     1     1    15    10     8    20     0     0   -22.0   57.503 -135.667    128.5    945.2
     1     1    15    10     8    19     0     0   -23.0   57.377 -135.338    109.3    947.4
     1     1    15    10     8    18     0     0   -24.0   57.284 -134.996     91.7    949.1
     1     1    15    10     8    17     0     0   -25.0   57.214 -134.648     77.0    948.2
     1     1    15    10     8    16     0     0   -26.0   57.151 -134.302     65.4    946.1
     1     1    15    10     8    15     0     0   -27.0   57.088 -133.959     55.7    943.9
     1     1    15    10     8    14     0     0   -28.0   57.022 -133.616     47.5    941.8
     1     1    15    10     8    13     0     0   -29.0   56.949 -133.273     40.8    939.9
     1     1    15    10     8    12     0     0   -30.0   56.863 -132.929     35.2    938.3
     1     1    15    10     8    11     0     0   -31.0   56.774 -132.598     30.5    936.4
     1     1    15    10     8    10     0     0   -32.0   56.694 -132.300     26.2    934.0
     1     1    15    10     8     9     0     0   -33.0   56.622 -132.033     22.1    931.6
     1     1    15    10     8     8     0     0   -34.0   56.561 -131.797     18.5    929.6
     1     1    15    10     8     7     0     0   -35.0   56.515 -131.594     15.4    927.7
     1     1    15    10     8     6     0     0   -36.0   56.487 -131.423     12.9    925.9
     1     1    15    10     8     5     0     0   -37.0   56.459 -131.268     11.0    924.6
     1     1    15    10     8     4     0     0   -38.0   56.410 -131.110      9.4    923.5
     1     1    15    10     8     3     0     0   -39.0   56.342 -130.950      8.0    922.6
     1     1    15    10     8     2     0     0   -40.0   56.254 -130.789      6.7    922.1
     1     1    15    10     8     1     0     0   -41.0   56.149 -130.626      5.5    921.8
     1     1    15    10     8     0     0     0   -42.0   56.028 -130.462      4.5    921.8
     1     1    15    10     7    23     0     0   -43.0   55.910 -130.298      3.7    921.8
     1     1    15    10     7    22     0     0   -44.0   55.811 -130.139      2.8    921.4
     1     1    15    10     7    21     0     0   -45.0   55.734 -129.983      1.9    920.6
     1     1    15    10     7    20     0     0   -46.0   55.676 -129.831      1.0    920.1
     1     1    15    10     7    19     0     0   -47.0   55.640 -129.683      0.1    919.1
     1     1    15    10     7    18     0     0   -48.0   55.624 -129.540      0.0    917.7
     1     1    15    10     7    17     0     0   -49.0   55.614 -129.410      0.0    916.2
     1     1    15    10     7    16     0     0   -50.0   55.592 -129.295      0.0    915.1
     1     1    15    10     7    15     0     0   -51.0   55.560 -129.196      0.0    914.5
     1     1    15    10     7    14     0     0   -52.0   55.517 -129.110      0.0    914.4
     1     1    15    10     7    13     0     0   -53.0   55.463 -129.037      0.3    914.6
     1     1    15    10     7    12     0     0   -54.0   55.400 -128.975      0.9    915.2
     1     1    15    10     7    11     0     0   -55.0   55.334 -128.923      1.4    915.6
     1     1    15    10     7    10     0     0   -56.0   55.274 -128.880      1.8    916.0
     1     1    15    10     7     9     0     0   -57.0   55.219 -128.847      2.0    916.5
     1     1    15    10     7     8     0     0   -58.0   55.170 -128.822      2.1    916.9
     1     1    15    10     7     7     0     0   -59.0   55.126 -128.808      2.0    917.3
     1     1    15    10     7     6     0     0   -60.0   55.088 -128.803      1.8    917.8
     1     1    15    10     7     5     0     0   -61.0   55.048 -128.800      1.4    918.4
     1     1    15    10     7     4     0     0   -62.0   54.998 -128.791      0.9    919.2
     1     1    15    10     7     3     0     0   -63.0   54.938 -128.777      0.2    920.0
     1     1    15    10     7     2     0     0   -64.0   54.867 -128.755      0.0    920.8
     1     1    15    10     7     1     0     0   -65.0   54.784 -128.728      0.0    921.8
     1     1    15    10     7     0     0     0   -66.0   54.692 -128.696      0.0    922.8
     1     1    15    10     6    23     0     0   -67.0   54.601 -128.654      0.0    923.6
     1     1    15    10     6    22     0     0   -68.0   54.525 -128.597      0.0    924.0
     1     1    15    10     6    21     0     0   -69.0   54.463 -128.526      0.0    923.8
     1     1    15    10     6    20     0     0   -70.0   54.413 -128.442      0.0    923.2
     1     1    15    10     6    19     0     0   -71.0   54.376 -128.343      0.2    922.1
     1     1    15    10     6    18     0     0   -72.0   54.351 -128.231      0.6    920.6
