     1     1
    CDC1    16     4     1     0     0
     1 BACKWARD OMEGA   
    16     4    29    18   60.984 -139.059   750.0
     1 PRESSURE
     1     1    16     4    29    18     0     0     0.0   60.984 -139.059    750.0    812.2
     1     1    16     4    29    17     0     0    -1.0   60.826 -139.166    727.4    816.9
     1     1    16     4    29    16     0     0    -2.0   60.664 -139.246    704.9    821.8
     1     1    16     4    29    15     0     0    -3.0   60.500 -139.298    682.3    826.8
     1     1    16     4    29    14     0     0    -4.0   60.333 -139.322    659.0    831.9
     1     1    16     4    29    13     0     0    -5.0   60.165 -139.315    634.6    837.2
     1     1    16     4    29    12     0     0    -6.0   59.997 -139.277    608.8    842.6
     1     1    16     4    29    11     0     0    -7.0   59.828 -139.240    581.9    850.3
     1     1    16     4    29    10     0     0    -8.0   59.655 -139.239    554.1    858.5
     1     1    16     4    29     9     0     0    -9.0   59.478 -139.268    525.3    867.1
     1     1    16     4    29     8     0     0   -10.0   59.295 -139.325    495.5    876.3
     1     1    16     4    29     7     0     0   -11.0   59.107 -139.406    464.7    886.0
     1     1    16     4    29     6     0     0   -12.0   58.911 -139.509    432.9    896.5
     1     1    16     4    29     5     0     0   -13.0   58.704 -139.602    399.1    907.7
     1     1    16     4    29     4     0     0   -14.0   58.486 -139.664    363.6    919.4
     1     1    16     4    29     3     0     0   -15.0   58.260 -139.705    328.6    930.7
     1     1    16     4    29     2     0     0   -16.0   58.027 -139.741    295.9    942.1
     1     1    16     4    29     1     0     0   -17.0   57.789 -139.788    267.1    953.4
     1     1    16     4    29     0     0     0   -18.0   57.548 -139.866    243.7    964.4
     1     1    16     4    28    23     0     0   -19.0   57.306 -139.961    224.3    969.5
     1     1    16     4    28    22     0     0   -20.0   57.066 -140.046    207.0    973.1
     1     1    16     4    28    21     0     0   -21.0   56.826 -140.121    191.3    976.0
     1     1    16     4    28    20     0     0   -22.0   56.586 -140.191    176.8    978.5
     1     1    16     4    28    19     0     0   -23.0   56.345 -140.264    163.5    980.7
     1     1    16     4    28    18     0     0   -24.0   56.101 -140.347    151.3    982.7
     1     1    16     4    28    17     0     0   -25.0   55.854 -140.448    139.6    984.9
     1     1    16     4    28    16     0     0   -26.0   55.602 -140.580    128.1    986.9
     1     1    16     4    28    15     0     0   -27.0   55.349 -140.761    116.6    988.8
     1     1    16     4    28    14     0     0   -28.0   55.099 -141.014    105.6    990.3
     1     1    16     4    28    13     0     0   -29.0   54.859 -141.363     95.9    991.2
     1     1    16     4    28    12     0     0   -30.0   54.636 -141.819     88.1    991.5
     1     1    16     4    28    11     0     0   -31.0   54.419 -142.331     82.3    992.0
     1     1    16     4    28    10     0     0   -32.0   54.186 -142.810     78.0    992.1
     1     1    16     4    28     9     0     0   -33.0   53.935 -143.237     74.5    992.2
     1     1    16     4    28     8     0     0   -34.0   53.670 -143.621     72.1    992.3
     1     1    16     4    28     7     0     0   -35.0   53.396 -143.981     71.4    992.3
     1     1    16     4    28     6     0     0   -36.0   53.120 -144.336     73.1    992.2
     1     1    16     4    28     5     0     0   -37.0   52.836 -144.713     76.8    992.4
     1     1    16     4    28     4     0     0   -38.0   52.541 -145.132     81.0    992.4
     1     1    16     4    28     3     0     0   -39.0   52.236 -145.582     84.6    991.8
     1     1    16     4    28     2     0     0   -40.0   51.928 -146.047     87.0    991.2
     1     1    16     4    28     1     0     0   -41.0   51.621 -146.535     88.1    990.2
     1     1    16     4    28     0     0     0   -42.0   51.324 -147.061     87.8    989.1
     1     1    16     4    27    23     0     0   -43.0   51.036 -147.598     86.0    988.6
     1     1    16     4    27    22     0     0   -44.0   50.741 -148.104     83.5    989.3
     1     1    16     4    27    21     0     0   -45.0   50.431 -148.586     80.5    989.8
     1     1    16     4    27    20     0     0   -46.0   50.109 -149.074     77.4    990.1
     1     1    16     4    27    19     0     0   -47.0   49.786 -149.587     74.4    990.6
     1     1    16     4    27    18     0     0   -48.0   49.477 -150.119     71.6    991.0
     1     1    16     4    27    17     0     0   -49.0   49.176 -150.639     68.7    992.0
     1     1    16     4    27    16     0     0   -50.0   48.868 -151.113     65.6    992.5
     1     1    16     4    27    15     0     0   -51.0   48.541 -151.544     62.5    992.7
     1     1    16     4    27    14     0     0   -52.0   48.193 -151.951     59.6    992.6
     1     1    16     4    27    13     0     0   -53.0   47.822 -152.367     56.8    992.3
     1     1    16     4    27    12     0     0   -54.0   47.440 -152.838     53.9    992.0
     1     1    16     4    27    11     0     0   -55.0   47.064 -153.322     49.8    994.2
     1     1    16     4    27    10     0     0   -56.0   46.690 -153.737     43.6    995.9
     1     1    16     4    27     9     0     0   -57.0   46.298 -154.068     36.2    997.4
     1     1    16     4    27     8     0     0   -58.0   45.866 -154.311     28.7    998.5
     1     1    16     4    27     7     0     0   -59.0   45.374 -154.476     22.3    999.2
     1     1    16     4    27     6     0     0   -60.0   44.810 -154.583     17.2    999.8
     1     1    16     4    27     5     0     0   -61.0   44.232 -154.682     12.5   1002.6
     1     1    16     4    27     4     0     0   -62.0   43.694 -154.794      8.2   1005.0
     1     1    16     4    27     3     0     0   -63.0   43.180 -154.889      4.0   1006.6
     1     1    16     4    27     2     0     0   -64.0   42.672 -154.940      0.0   1008.0
     1     1    16     4    27     1     0     0   -65.0   42.162 -154.929      0.0   1010.2
     1     1    16     4    27     0     0     0   -66.0   41.655 -154.860      0.0   1012.7
     1     1    16     4    26    23     0     0   -67.0   41.183 -154.799      0.0   1015.0
     1     1    16     4    26    22     0     0   -68.0   40.771 -154.796      0.0   1017.0
     1     1    16     4    26    21     0     0   -69.0   40.414 -154.839      0.0   1018.7
     1     1    16     4    26    20     0     0   -70.0   40.110 -154.917      0.0   1020.1
     1     1    16     4    26    19     0     0   -71.0   39.858 -155.022      0.0   1020.7
     1     1    16     4    26    18     0     0   -72.0   39.655 -155.140      0.0   1020.9
