     1     1
    CDC1    15    12     1     0     0
     1 BACKWARD OMEGA   
    15    12    10    18   60.984 -139.059   750.0
     1 PRESSURE
     1     1    15    12    10    18     0     0     0.0   60.984 -139.059    750.0    793.1
     1     1    15    12    10    17     0     0    -1.0   60.890 -139.018    759.3    793.0
     1     1    15    12    10    16     0     0    -2.0   60.774 -138.983    759.2    794.6
     1     1    15    12    10    15     0     0    -3.0   60.634 -138.952    748.6    797.7
     1     1    15    12    10    14     0     0    -4.0   60.465 -138.925    726.3    802.6
     1     1    15    12    10    13     0     0    -5.0   60.265 -138.900    690.7    809.4
     1     1    15    12    10    12     0     0    -6.0   60.029 -138.876    639.8    818.7
     1     1    15    12    10    11     0     0    -7.0   59.764 -138.830    582.7    833.8
     1     1    15    12    10    10     0     0    -8.0   59.486 -138.742    528.9    848.0
     1     1    15    12    10     9     0     0    -9.0   59.197 -138.617    478.7    862.3
     1     1    15    12    10     8     0     0   -10.0   58.901 -138.460    431.7    876.7
     1     1    15    12    10     7     0     0   -11.0   58.599 -138.276    387.6    891.2
     1     1    15    12    10     6     0     0   -12.0   58.295 -138.072    347.4    904.7
     1     1    15    12    10     5     0     0   -13.0   57.996 -137.869    309.3    917.0
     1     1    15    12    10     4     0     0   -14.0   57.702 -137.680    271.2    929.8
     1     1    15    12    10     3     0     0   -15.0   57.414 -137.509    234.8    941.0
     1     1    15    12    10     2     0     0   -16.0   57.132 -137.367    201.7    947.4
     1     1    15    12    10     1     0     0   -17.0   56.852 -137.263    172.3    952.6
     1     1    15    12    10     0     0     0   -18.0   56.573 -137.202    146.6    958.0
     1     1    15    12     9    23     0     0   -19.0   56.297 -137.180    125.4    963.4
     1     1    15    12     9    22     0     0   -20.0   56.024 -137.189    108.9    968.3
     1     1    15    12     9    21     0     0   -21.0   55.752 -137.230     96.4    972.9
     1     1    15    12     9    20     0     0   -22.0   55.478 -137.308     87.0    977.1
     1     1    15    12     9    19     0     0   -23.0   55.199 -137.426     80.3    981.0
     1     1    15    12     9    18     0     0   -24.0   54.913 -137.584     75.4    982.9
     1     1    15    12     9    17     0     0   -25.0   54.615 -137.785     71.7    981.1
     1     1    15    12     9    16     0     0   -26.0   54.305 -138.028     68.4    979.3
     1     1    15    12     9    15     0     0   -27.0   53.986 -138.312     65.6    977.5
     1     1    15    12     9    14     0     0   -28.0   53.663 -138.635     63.0    975.7
     1     1    15    12     9    13     0     0   -29.0   53.341 -138.994     60.8    974.1
     1     1    15    12     9    12     0     0   -30.0   53.024 -139.389     58.8    972.5
     1     1    15    12     9    11     0     0   -31.0   52.714 -139.836     56.9    971.3
     1     1    15    12     9    10     0     0   -32.0   52.408 -140.358     55.2    971.5
     1     1    15    12     9     9     0     0   -33.0   52.100 -140.966     53.7    973.0
     1     1    15    12     9     8     0     0   -34.0   51.784 -141.646     52.6    974.7
     1     1    15    12     9     7     0     0   -35.0   51.459 -142.381     51.9    976.8
     1     1    15    12     9     6     0     0   -36.0   51.130 -143.153     51.8    977.2
     1     1    15    12     9     5     0     0   -37.0   50.812 -143.945     52.0    976.5
     1     1    15    12     9     4     0     0   -38.0   50.512 -144.748     52.5    975.4
     1     1    15    12     9     3     0     0   -39.0   50.232 -145.551     53.2    974.5
     1     1    15    12     9     2     0     0   -40.0   49.968 -146.340     54.0    973.4
     1     1    15    12     9     1     0     0   -41.0   49.717 -147.125     54.6    971.9
     1     1    15    12     9     0     0     0   -42.0   49.476 -147.913     54.8    971.3
     1     1    15    12     8    23     0     0   -43.0   49.254 -148.710     55.1    971.6
     1     1    15    12     8    22     0     0   -44.0   49.054 -149.519     55.7    972.1
     1     1    15    12     8    21     0     0   -45.0   48.869 -150.327     56.6    972.8
     1     1    15    12     8    20     0     0   -46.0   48.691 -151.125     57.9    973.5
     1     1    15    12     8    19     0     0   -47.0   48.515 -151.902     59.5    974.2
     1     1    15    12     8    18     0     0   -48.0   48.336 -152.650     61.3    974.7
     1     1    15    12     8    17     0     0   -49.0   48.165 -153.383     63.0    974.6
     1     1    15    12     8    16     0     0   -50.0   48.013 -154.113     64.3    974.8
     1     1    15    12     8    15     0     0   -51.0   47.873 -154.834     65.4    975.3
     1     1    15    12     8    14     0     0   -52.0   47.736 -155.542     66.2    975.7
     1     1    15    12     8    13     0     0   -53.0   47.596 -156.245     66.6    976.2
     1     1    15    12     8    12     0     0   -54.0   47.447 -156.945     66.5    976.6
     1     1    15    12     8    11     0     0   -55.0   47.300 -157.644     66.0    976.7
     1     1    15    12     8    10     0     0   -56.0   47.164 -158.340     64.8    976.7
     1     1    15    12     8     9     0     0   -57.0   47.035 -159.031     63.2    976.6
     1     1    15    12     8     8     0     0   -58.0   46.908 -159.707     61.3    976.4
     1     1    15    12     8     7     0     0   -59.0   46.779 -160.363     59.0    975.8
     1     1    15    12     8     6     0     0   -60.0   46.645 -161.000     56.5    975.2
     1     1    15    12     8     5     0     0   -61.0   46.517 -161.644     53.9    974.1
     1     1    15    12     8     4     0     0   -62.0   46.408 -162.318     51.6    973.1
     1     1    15    12     8     3     0     0   -63.0   46.325 -163.021     49.5    972.7
     1     1    15    12     8     2     0     0   -64.0   46.271 -163.753     47.7    972.6
     1     1    15    12     8     1     0     0   -65.0   46.244 -164.510     46.3    972.5
     1     1    15    12     8     0     0     0   -66.0   46.241 -165.291     45.3    972.8
     1     1    15    12     7    23     0     0   -67.0   46.260 -166.086     44.5    973.6
     1     1    15    12     7    22     0     0   -68.0   46.304 -166.882     43.9    974.4
     1     1    15    12     7    21     0     0   -69.0   46.379 -167.674     43.4    975.1
     1     1    15    12     7    20     0     0   -70.0   46.487 -168.457     42.9    975.0
     1     1    15    12     7    19     0     0   -71.0   46.622 -169.228     42.5    974.9
     1     1    15    12     7    18     0     0   -72.0   46.778 -169.983     42.3    975.0
