     1     1
    CDC1    16     4     1     0     0
     1 BACKWARD OMEGA   
    16     4    17     0   60.984 -139.059   750.0
     1 PRESSURE
     1     1    16     4    17     0     0     0     0.0   60.984 -139.059    750.0    814.0
     1     1    16     4    16    23     0     0    -1.0   60.880 -139.052    722.2    818.2
     1     1    16     4    16    22     0     0    -2.0   60.767 -139.022    694.2    822.8
     1     1    16     4    16    21     0     0    -3.0   60.644 -138.969    665.8    827.5
     1     1    16     4    16    20     0     0    -4.0   60.512 -138.895    636.9    832.4
     1     1    16     4    16    19     0     0    -5.0   60.372 -138.800    607.5    837.5
     1     1    16     4    16    18     0     0    -6.0   60.226 -138.684    577.9    842.2
     1     1    16     4    16    17     0     0    -7.0   60.074 -138.553    546.3    847.2
     1     1    16     4    16    16     0     0    -8.0   59.918 -138.418    511.1    854.2
     1     1    16     4    16    15     0     0    -9.0   59.759 -138.286    473.1    863.1
     1     1    16     4    16    14     0     0   -10.0   59.599 -138.160    433.2    872.4
     1     1    16     4    16    13     0     0   -11.0   59.436 -138.042    392.2    882.2
     1     1    16     4    16    12     0     0   -12.0   59.272 -137.932    351.4    891.7
     1     1    16     4    16    11     0     0   -13.0   59.106 -137.827    315.2    900.6
     1     1    16     4    16    10     0     0   -14.0   58.938 -137.726    286.7    908.5
     1     1    16     4    16     9     0     0   -15.0   58.768 -137.628    264.7    915.7
     1     1    16     4    16     8     0     0   -16.0   58.596 -137.534    248.2    922.6
     1     1    16     4    16     7     0     0   -17.0   58.422 -137.444    236.2    928.8
     1     1    16     4    16     6     0     0   -18.0   58.245 -137.357    228.2    934.5
     1     1    16     4    16     5     0     0   -19.0   58.061 -137.271    221.9    940.1
     1     1    16     4    16     4     0     0   -20.0   57.867 -137.183    214.8    946.4
     1     1    16     4    16     3     0     0   -21.0   57.664 -137.099    207.2    952.9
     1     1    16     4    16     2     0     0   -22.0   57.452 -137.020    199.1    958.8
     1     1    16     4    16     1     0     0   -23.0   57.234 -136.954    189.9    961.9
     1     1    16     4    16     0     0     0   -24.0   57.012 -136.903    179.2    965.4
     1     1    16     4    15    23     0     0   -25.0   56.795 -136.859    167.7    969.0
     1     1    16     4    15    22     0     0   -26.0   56.590 -136.809    156.1    972.4
     1     1    16     4    15    21     0     0   -27.0   56.397 -136.754    144.3    975.7
     1     1    16     4    15    20     0     0   -28.0   56.212 -136.695    132.5    979.0
     1     1    16     4    15    19     0     0   -29.0   56.035 -136.631    120.5    982.2
     1     1    16     4    15    18     0     0   -30.0   55.864 -136.562    108.3    985.5
     1     1    16     4    15    17     0     0   -31.0   55.696 -136.503     97.3    989.4
     1     1    16     4    15    16     0     0   -32.0   55.526 -136.473     88.5    993.0
     1     1    16     4    15    15     0     0   -33.0   55.353 -136.472     82.4    996.3
     1     1    16     4    15    14     0     0   -34.0   55.178 -136.501     79.0    999.3
     1     1    16     4    15    13     0     0   -35.0   54.998 -136.562     78.5   1001.8
     1     1    16     4    15    12     0     0   -36.0   54.813 -136.653     80.9   1001.0
     1     1    16     4    15    11     0     0   -37.0   54.621 -136.767     85.0   1000.0
     1     1    16     4    15    10     0     0   -38.0   54.424 -136.896     90.1    998.9
     1     1    16     4    15     9     0     0   -39.0   54.221 -137.041     96.2    997.5
     1     1    16     4    15     8     0     0   -40.0   54.014 -137.202    103.4    995.9
     1     1    16     4    15     7     0     0   -41.0   53.803 -137.378    111.8    993.9
     1     1    16     4    15     6     0     0   -42.0   53.586 -137.567    121.4    991.8
     1     1    16     4    15     5     0     0   -43.0   53.368 -137.769    129.3    989.6
     1     1    16     4    15     4     0     0   -44.0   53.147 -137.983    132.9    988.3
     1     1    16     4    15     3     0     0   -45.0   52.924 -138.211    132.2    987.5
     1     1    16     4    15     2     0     0   -46.0   52.698 -138.457    127.3    987.2
     1     1    16     4    15     1     0     0   -47.0   52.466 -138.721    118.8    987.6
     1     1    16     4    15     0     0     0   -48.0   52.229 -138.999    107.1    989.3
     1     1    16     4    14    23     0     0   -49.0   51.991 -139.286     94.6    991.5
     1     1    16     4    14    22     0     0   -50.0   51.757 -139.580     82.8    993.7
     1     1    16     4    14    21     0     0   -51.0   51.527 -139.879     71.5    995.9
     1     1    16     4    14    20     0     0   -52.0   51.306 -140.183     61.1    998.0
     1     1    16     4    14    19     0     0   -53.0   51.097 -140.488     51.7   1000.2
     1     1    16     4    14    18     0     0   -54.0   50.900 -140.792     43.4   1002.4
     1     1    16     4    14    17     0     0   -55.0   50.718 -141.094     36.7   1004.3
     1     1    16     4    14    16     0     0   -56.0   50.549 -141.398     31.7   1006.0
     1     1    16     4    14    15     0     0   -57.0   50.389 -141.705     28.0   1007.5
     1     1    16     4    14    14     0     0   -58.0   50.233 -142.014     25.4   1008.9
     1     1    16     4    14    13     0     0   -59.0   50.078 -142.324     23.6   1010.2
     1     1    16     4    14    12     0     0   -60.0   49.921 -142.631     22.5   1010.6
     1     1    16     4    14    11     0     0   -61.0   49.774 -142.943     21.5   1010.2
     1     1    16     4    14    10     0     0   -62.0   49.646 -143.267     20.3   1010.0
     1     1    16     4    14     9     0     0   -63.0   49.537 -143.604     19.0   1009.8
     1     1    16     4    14     8     0     0   -64.0   49.441 -143.951     17.6   1009.6
     1     1    16     4    14     7     0     0   -65.0   49.356 -144.305     16.1   1009.5
     1     1    16     4    14     6     0     0   -66.0   49.279 -144.663     14.6   1009.5
     1     1    16     4    14     5     0     0   -67.0   49.207 -145.032     13.2   1009.1
     1     1    16     4    14     4     0     0   -68.0   49.146 -145.421     11.8   1008.7
     1     1    16     4    14     3     0     0   -69.0   49.098 -145.832     10.4   1008.4
     1     1    16     4    14     2     0     0   -70.0   49.064 -146.270      9.0   1008.2
     1     1    16     4    14     1     0     0   -71.0   49.048 -146.736      7.4   1008.0
     1     1    16     4    14     0     0     0   -72.0   49.049 -147.233      5.6   1008.1
