     1     1
    CDC1    15    10     1     0     0
     1 BACKWARD OMEGA   
    15    10    12     6   60.984 -139.059   750.0
     1 PRESSURE
     1     1    15    10    12     6     0     0     0.0   60.984 -139.059    750.0    789.4
     1     1    15    10    12     5     0     0    -1.0   60.744 -138.581    675.4    800.8
     1     1    15    10    12     4     0     0    -2.0   60.515 -138.073    604.8    812.3
     1     1    15    10    12     3     0     0    -3.0   60.289 -137.508    541.2    822.3
     1     1    15    10    12     2     0     0    -4.0   60.057 -136.863    487.8    830.7
     1     1    15    10    12     1     0     0    -5.0   59.811 -136.152    449.3    839.9
     1     1    15    10    12     0     0     0    -6.0   59.542 -135.410    427.1    847.8
     1     1    15    10    11    23     0     0    -7.0   59.244 -134.707    411.0    853.1
     1     1    15    10    11    22     0     0    -8.0   58.928 -134.095    391.2    858.3
     1     1    15    10    11    21     0     0    -9.0   58.609 -133.562    368.0    863.7
     1     1    15    10    11    20     0     0   -10.0   58.302 -133.100    342.2    868.6
     1     1    15    10    11    19     0     0   -11.0   58.019 -132.712    315.6    873.6
     1     1    15    10    11    18     0     0   -12.0   57.768 -132.404    289.7    878.3
     1     1    15    10    11    17     0     0   -13.0   57.543 -132.181    264.6    881.3
     1     1    15    10    11    16     0     0   -14.0   57.331 -132.034    241.2    886.1
     1     1    15    10    11    15     0     0   -15.0   57.126 -131.949    219.7    892.0
     1     1    15    10    11    14     0     0   -16.0   56.929 -131.918    200.3    898.6
     1     1    15    10    11    13     0     0   -17.0   56.743 -131.933    183.3    905.3
     1     1    15    10    11    12     0     0   -18.0   56.566 -131.991    168.7    912.3
     1     1    15    10    11    11     0     0   -19.0   56.401 -132.068    155.3    918.2
     1     1    15    10    11    10     0     0   -20.0   56.251 -132.149    142.0    924.0
     1     1    15    10    11     9     0     0   -21.0   56.116 -132.242    129.5    929.7
     1     1    15    10    11     8     0     0   -22.0   55.998 -132.352    118.3    935.3
     1     1    15    10    11     7     0     0   -23.0   55.895 -132.485    109.0    940.8
     1     1    15    10    11     6     0     0   -24.0   55.806 -132.649    101.1    945.3
     1     1    15    10    11     5     0     0   -25.0   55.731 -132.838     93.3    949.4
     1     1    15    10    11     4     0     0   -26.0   55.670 -133.043     85.7    953.4
     1     1    15    10    11     3     0     0   -27.0   55.626 -133.266     78.5    957.2
     1     1    15    10    11     2     0     0   -28.0   55.599 -133.513     71.9    960.8
     1     1    15    10    11     1     0     0   -29.0   55.588 -133.785     66.3    964.0
     1     1    15    10    11     0     0     0   -30.0   55.594 -134.085     61.9    967.2
     1     1    15    10    10    23     0     0   -31.0   55.606 -134.378     58.6    970.7
     1     1    15    10    10    22     0     0   -32.0   55.617 -134.630     55.8    973.6
     1     1    15    10    10    21     0     0   -33.0   55.629 -134.846     53.7    976.0
     1     1    15    10    10    20     0     0   -34.0   55.643 -135.026     52.0    977.6
     1     1    15    10    10    19     0     0   -35.0   55.657 -135.171     50.8    977.4
     1     1    15    10    10    18     0     0   -36.0   55.671 -135.281     50.1    977.1
     1     1    15    10    10    17     0     0   -37.0   55.677 -135.362     49.3    977.3
     1     1    15    10    10    16     0     0   -38.0   55.669 -135.420     48.0    977.8
     1     1    15    10    10    15     0     0   -39.0   55.649 -135.455     46.1    978.4
     1     1    15    10    10    14     0     0   -40.0   55.619 -135.466     43.9    979.3
     1     1    15    10    10    13     0     0   -41.0   55.580 -135.450     41.4    980.3
     1     1    15    10    10    12     0     0   -42.0   55.534 -135.405     38.6    981.3
     1     1    15    10    10    11     0     0   -43.0   55.481 -135.384     35.5    981.8
     1     1    15    10    10    10     0     0   -44.0   55.415 -135.447     32.2    982.8
     1     1    15    10    10     9     0     0   -45.0   55.331 -135.599     28.8    984.3
     1     1    15    10    10     8     0     0   -46.0   55.230 -135.850     25.6    986.2
     1     1    15    10    10     7     0     0   -47.0   55.110 -136.208     22.7    988.5
     1     1    15    10    10     6     0     0   -48.0   54.975 -136.680     20.3    990.5
     1     1    15    10    10     5     0     0   -49.0   54.837 -137.221     18.3    989.1
     1     1    15    10    10     4     0     0   -50.0   54.709 -137.785     16.8    986.8
     1     1    15    10    10     3     0     0   -51.0   54.596 -138.370     15.8    983.9
     1     1    15    10    10     2     0     0   -52.0   54.501 -138.982     15.1    981.2
     1     1    15    10    10     1     0     0   -53.0   54.434 -139.635     14.8    978.6
     1     1    15    10    10     0     0     0   -54.0   54.400 -140.328     14.7    976.8
     1     1    15    10     9    23     0     0   -55.0   54.399 -141.007     14.8    976.6
     1     1    15    10     9    22     0     0   -56.0   54.438 -141.633     14.7    976.5
     1     1    15    10     9    21     0     0   -57.0   54.524 -142.218     14.4    976.5
     1     1    15    10     9    20     0     0   -58.0   54.655 -142.763     14.1    976.2
     1     1    15    10     9    19     0     0   -59.0   54.818 -143.254     13.6    975.7
     1     1    15    10     9    18     0     0   -60.0   55.000 -143.683     13.1    975.3
     1     1    15    10     9    17     0     0   -61.0   55.174 -144.010     12.5    977.2
     1     1    15    10     9    16     0     0   -62.0   55.316 -144.214     11.9    979.1
     1     1    15    10     9    15     0     0   -63.0   55.430 -144.316     11.4    980.9
     1     1    15    10     9    14     0     0   -64.0   55.519 -144.329     10.7    982.6
     1     1    15    10     9    13     0     0   -65.0   55.588 -144.261     10.1    984.1
     1     1    15    10     9    12     0     0   -66.0   55.645 -144.119      9.4    985.4
     1     1    15    10     9    11     0     0   -67.0   55.681 -143.941      8.7    986.4
     1     1    15    10     9    10     0     0   -68.0   55.683 -143.767      8.0    987.2
     1     1    15    10     9     9     0     0   -69.0   55.648 -143.596      7.3    988.0
     1     1    15    10     9     8     0     0   -70.0   55.574 -143.426      6.7    988.6
     1     1    15    10     9     7     0     0   -71.0   55.459 -143.259      6.1    989.2
     1     1    15    10     9     6     0     0   -72.0   55.302 -143.094      5.6    989.9
