     1     1
    CDC1    16     3     1     0     0
     1 BACKWARD OMEGA   
    16     3    14    18   60.984 -139.059   750.0
     1 PRESSURE
     1     1    16     3    14    18     0     0     0.0   60.984 -139.059    750.0    793.0
     1     1    16     3    14    17     0     0    -1.0   60.964 -138.911    755.7    792.4
     1     1    16     3    14    16     0     0    -2.0   60.940 -138.762    760.7    791.9
     1     1    16     3    14    15     0     0    -3.0   60.911 -138.612    764.9    791.5
     1     1    16     3    14    14     0     0    -4.0   60.877 -138.459    768.3    791.4
     1     1    16     3    14    13     0     0    -5.0   60.840 -138.306    770.9    791.3
     1     1    16     3    14    12     0     0    -6.0   60.799 -138.151    772.6    791.5
     1     1    16     3    14    11     0     0    -7.0   60.761 -137.985    775.8    791.8
     1     1    16     3    14    10     0     0    -8.0   60.732 -137.802    782.2    791.4
     1     1    16     3    14     9     0     0    -9.0   60.712 -137.600    792.6    790.5
     1     1    16     3    14     8     0     0   -10.0   60.702 -137.381    806.9    788.8
     1     1    16     3    14     7     0     0   -11.0   60.701 -137.146    825.1    786.3
     1     1    16     3    14     6     0     0   -12.0   60.706 -136.894    847.3    783.2
     1     1    16     3    14     5     0     0   -13.0   60.712 -136.649    871.5    780.1
     1     1    16     3    14     4     0     0   -14.0   60.714 -136.433    894.9    777.4
     1     1    16     3    14     3     0     0   -15.0   60.711 -136.246    917.3    774.7
     1     1    16     3    14     2     0     0   -16.0   60.706 -136.086    938.1    772.3
     1     1    16     3    14     1     0     0   -17.0   60.699 -135.952    957.2    770.3
     1     1    16     3    14     0     0     0   -18.0   60.690 -135.843    974.1    768.6
     1     1    16     3    13    23     0     0   -19.0   60.673 -135.739    991.4    767.2
     1     1    16     3    13    22     0     0   -20.0   60.644 -135.618   1011.3    765.4
     1     1    16     3    13    21     0     0   -21.0   60.601 -135.479   1034.5    763.5
     1     1    16     3    13    20     0     0   -22.0   60.544 -135.320   1061.3    761.4
     1     1    16     3    13    19     0     0   -23.0   60.473 -135.139   1092.5    759.0
     1     1    16     3    13    18     0     0   -24.0   60.387 -134.936   1128.6    756.1
     1     1    16     3    13    17     0     0   -25.0   60.287 -134.718   1164.0    752.5
     1     1    16     3    13    16     0     0   -26.0   60.173 -134.495   1193.1    750.0
     1     1    16     3    13    15     0     0   -27.0   60.044 -134.267   1215.6    748.3
     1     1    16     3    13    14     0     0   -28.0   59.901 -134.033   1231.4    748.1
     1     1    16     3    13    13     0     0   -29.0   59.740 -133.789   1239.5    749.1
     1     1    16     3    13    12     0     0   -30.0   59.562 -133.533   1239.8    750.7
     1     1    16     3    13    11     0     0   -31.0   59.363 -133.265   1238.4    752.9
     1     1    16     3    13    10     0     0   -32.0   59.138 -132.986   1241.2    754.2
     1     1    16     3    13     9     0     0   -33.0   58.889 -132.697   1248.3    755.0
     1     1    16     3    13     8     0     0   -34.0   58.618 -132.400   1259.7    755.0
     1     1    16     3    13     7     0     0   -35.0   58.329 -132.094   1275.1    754.0
     1     1    16     3    13     6     0     0   -36.0   58.027 -131.782   1294.7    751.9
     1     1    16     3    13     5     0     0   -37.0   57.718 -131.451   1310.6    748.0
     1     1    16     3    13     4     0     0   -38.0   57.405 -131.100   1314.0    746.0
     1     1    16     3    13     3     0     0   -39.0   57.083 -130.745   1304.5    747.6
     1     1    16     3    13     2     0     0   -40.0   56.746 -130.398   1280.9    751.1
     1     1    16     3    13     1     0     0   -41.0   56.392 -130.061   1243.3    756.7
     1     1    16     3    13     0     0     0   -42.0   56.020 -129.740   1193.1    765.3
     1     1    16     3    12    23     0     0   -43.0   55.643 -129.442   1138.0    775.0
     1     1    16     3    12    22     0     0   -44.0   55.273 -129.171   1084.5    783.5
     1     1    16     3    12    21     0     0   -45.0   54.908 -128.934   1030.8    791.9
     1     1    16     3    12    20     0     0   -46.0   54.550 -128.739    976.7    800.3
     1     1    16     3    12    19     0     0   -47.0   54.199 -128.595    922.4    809.1
     1     1    16     3    12    18     0     0   -48.0   53.854 -128.503    866.7    818.3
     1     1    16     3    12    17     0     0   -49.0   53.513 -128.428    812.2    828.5
     1     1    16     3    12    16     0     0   -50.0   53.170 -128.330    761.8    837.7
     1     1    16     3    12    15     0     0   -51.0   52.828 -128.204    716.0    845.9
     1     1    16     3    12    14     0     0   -52.0   52.488 -128.043    675.0    852.9
     1     1    16     3    12    13     0     0   -53.0   52.152 -127.845    639.5    858.1
     1     1    16     3    12    12     0     0   -54.0   51.823 -127.618    610.7    861.9
     1     1    16     3    12    11     0     0   -55.0   51.496 -127.389    582.8    865.7
     1     1    16     3    12    10     0     0   -56.0   51.170 -127.184    550.0    871.1
     1     1    16     3    12     9     0     0   -57.0   50.845 -127.002    512.4    877.4
     1     1    16     3    12     8     0     0   -58.0   50.521 -126.840    470.2    884.6
     1     1    16     3    12     7     0     0   -59.0   50.199 -126.690    423.8    892.8
     1     1    16     3    12     6     0     0   -60.0   49.880 -126.544    375.0    902.3
     1     1    16     3    12     5     0     0   -61.0   49.566 -126.398    331.6    912.3
     1     1    16     3    12     4     0     0   -62.0   49.261 -126.255    297.9    921.0
     1     1    16     3    12     3     0     0   -63.0   48.968 -126.116    271.9    929.3
     1     1    16     3    12     2     0     0   -64.0   48.691 -125.981    251.9    937.0
     1     1    16     3    12     1     0     0   -65.0   48.434 -125.849    236.7    944.2
     1     1    16     3    12     0     0     0   -66.0   48.201 -125.719    225.3    950.5
     1     1    16     3    11    23     0     0   -67.0   47.994 -125.588    216.1    956.2
     1     1    16     3    11    22     0     0   -68.0   47.814 -125.457    207.7    961.6
     1     1    16     3    11    21     0     0   -69.0   47.659 -125.325    199.9    966.4
     1     1    16     3    11    20     0     0   -70.0   47.527 -125.192    192.6    970.4
     1     1    16     3    11    19     0     0   -71.0   47.414 -125.055    185.7    971.6
     1     1    16     3    11    18     0     0   -72.0   47.318 -124.911    178.9    971.2
