     1     1
    CDC1    15    12     1     0     0
     1 BACKWARD OMEGA   
    15    12     9     0   60.984 -139.059   750.0
     1 PRESSURE
     1     1    15    12     9     0     0     0     0.0   60.984 -139.059    750.0    780.7
     1     1    15    12     8    23     0     0    -1.0   60.801 -138.525    729.1    785.5
     1     1    15    12     8    22     0     0    -2.0   60.615 -137.976    711.1    790.1
     1     1    15    12     8    21     0     0    -3.0   60.425 -137.410    697.1    794.1
     1     1    15    12     8    20     0     0    -4.0   60.235 -136.824    687.9    796.6
     1     1    15    12     8    19     0     0    -5.0   60.047 -136.218    684.3    798.4
     1     1    15    12     8    18     0     0    -6.0   59.858 -135.610    686.6    801.2
     1     1    15    12     8    17     0     0    -7.0   59.658 -135.051    688.8    804.9
     1     1    15    12     8    16     0     0    -8.0   59.440 -134.561    686.9    807.8
     1     1    15    12     8    15     0     0    -9.0   59.208 -134.117    682.8    810.9
     1     1    15    12     8    14     0     0   -10.0   58.964 -133.695    678.1    814.0
     1     1    15    12     8    13     0     0   -11.0   58.710 -133.274    674.2    816.7
     1     1    15    12     8    12     0     0   -12.0   58.446 -132.829    672.6    818.7
     1     1    15    12     8    11     0     0   -13.0   58.180 -132.399    670.9    818.8
     1     1    15    12     8    10     0     0   -14.0   57.923 -132.030    667.1    818.8
     1     1    15    12     8     9     0     0   -15.0   57.677 -131.725    662.5    819.0
     1     1    15    12     8     8     0     0   -16.0   57.444 -131.491    657.6    820.0
     1     1    15    12     8     7     0     0   -17.0   57.222 -131.333    652.7    823.4
     1     1    15    12     8     6     0     0   -18.0   57.012 -131.249    647.1    828.1
     1     1    15    12     8     5     0     0   -19.0   56.805 -131.208    641.4    832.8
     1     1    15    12     8     4     0     0   -20.0   56.598 -131.192    636.9    837.9
     1     1    15    12     8     3     0     0   -21.0   56.393 -131.200    634.5    843.1
     1     1    15    12     8     2     0     0   -22.0   56.193 -131.234    635.4    848.4
     1     1    15    12     8     1     0     0   -23.0   55.999 -131.296    640.8    853.6
     1     1    15    12     8     0     0     0   -24.0   55.816 -131.390    651.7    858.5
     1     1    15    12     7    23     0     0   -25.0   55.637 -131.501    662.2    862.2
     1     1    15    12     7    22     0     0   -26.0   55.457 -131.615    664.9    867.6
     1     1    15    12     7    21     0     0   -27.0   55.277 -131.736    659.3    874.2
     1     1    15    12     7    20     0     0   -28.0   55.098 -131.869    645.3    882.1
     1     1    15    12     7    19     0     0   -29.0   54.921 -132.016    623.3    890.6
     1     1    15    12     7    18     0     0   -30.0   54.748 -132.177    594.9    898.7
     1     1    15    12     7    17     0     0   -31.0   54.579 -132.351    563.9    907.0
     1     1    15    12     7    16     0     0   -32.0   54.415 -132.539    532.9    914.7
     1     1    15    12     7    15     0     0   -33.0   54.255 -132.749    502.2    921.1
     1     1    15    12     7    14     0     0   -34.0   54.098 -132.985    472.2    927.4
     1     1    15    12     7    13     0     0   -35.0   53.942 -133.248    443.6    933.6
     1     1    15    12     7    12     0     0   -36.0   53.787 -133.542    416.7    939.5
     1     1    15    12     7    11     0     0   -37.0   53.631 -133.856    393.1    944.7
     1     1    15    12     7    10     0     0   -38.0   53.474 -134.188    373.5    948.6
     1     1    15    12     7     9     0     0   -39.0   53.317 -134.548    357.4    951.7
     1     1    15    12     7     8     0     0   -40.0   53.160 -134.951    344.6    954.2
     1     1    15    12     7     7     0     0   -41.0   53.007 -135.403    334.3    953.9
     1     1    15    12     7     6     0     0   -42.0   52.862 -135.905    326.2    952.6
     1     1    15    12     7     5     0     0   -43.0   52.724 -136.434    319.6    950.4
     1     1    15    12     7     4     0     0   -44.0   52.591 -136.971    313.6    947.9
     1     1    15    12     7     3     0     0   -45.0   52.471 -137.521    307.9    945.1
     1     1    15    12     7     2     0     0   -46.0   52.372 -138.073    302.8    944.8
     1     1    15    12     7     1     0     0   -47.0   52.297 -138.620    297.8    944.7
     1     1    15    12     7     0     0     0   -48.0   52.253 -139.171    293.1    944.8
     1     1    15    12     6    23     0     0   -49.0   52.240 -139.701    288.7    944.8
     1     1    15    12     6    22     0     0   -50.0   52.252 -140.178    284.7    944.9
     1     1    15    12     6    21     0     0   -51.0   52.280 -140.593    280.3    945.7
     1     1    15    12     6    20     0     0   -52.0   52.321 -140.947    274.9    946.5
     1     1    15    12     6    19     0     0   -53.0   52.375 -141.243    268.4    947.4
     1     1    15    12     6    18     0     0   -54.0   52.445 -141.484    260.6    948.3
     1     1    15    12     6    17     0     0   -55.0   52.529 -141.682    252.4    949.7
     1     1    15    12     6    16     0     0   -56.0   52.626 -141.842    245.0    951.1
     1     1    15    12     6    15     0     0   -57.0   52.735 -141.956    238.5    952.2
     1     1    15    12     6    14     0     0   -58.0   52.856 -142.025    233.0    953.0
     1     1    15    12     6    13     0     0   -59.0   52.986 -142.047    228.4    953.6
     1     1    15    12     6    12     0     0   -60.0   53.126 -142.021    224.4    954.1
     1     1    15    12     6    11     0     0   -61.0   53.268 -141.934    221.2    954.2
     1     1    15    12     6    10     0     0   -62.0   53.407 -141.778    218.7    954.1
     1     1    15    12     6     9     0     0   -63.0   53.540 -141.554    217.0    954.0
     1     1    15    12     6     8     0     0   -64.0   53.663 -141.263    215.8    953.7
     1     1    15    12     6     7     0     0   -65.0   53.773 -140.905    215.2    953.5
     1     1    15    12     6     6     0     0   -66.0   53.868 -140.479    215.0    953.3
     1     1    15    12     6     5     0     0   -67.0   53.929 -139.998    214.6    953.4
     1     1    15    12     6     4     0     0   -68.0   53.939 -139.481    213.4    954.8
     1     1    15    12     6     3     0     0   -69.0   53.896 -138.936    211.7    956.2
     1     1    15    12     6     2     0     0   -70.0   53.804 -138.365    209.9    957.3
     1     1    15    12     6     1     0     0   -71.0   53.667 -137.768    208.7    958.2
     1     1    15    12     6     0     0     0   -72.0   53.490 -137.145    209.0    959.0
