     1     1
    CDC1    16     4     1     0     0
     1 BACKWARD OMEGA   
    16     4     7     0   60.984 -139.059   750.0
     1 PRESSURE
     1     1    16     4     7     0     0     0     0.0   60.984 -139.059    750.0    815.4
     1     1    16     4     6    23     0     0    -1.0   60.844 -139.195    735.8    818.9
     1     1    16     4     6    22     0     0    -2.0   60.683 -139.335    717.4    823.6
     1     1    16     4     6    21     0     0    -3.0   60.500 -139.481    694.6    829.3
     1     1    16     4     6    20     0     0    -4.0   60.292 -139.631    667.0    836.2
     1     1    16     4     6    19     0     0    -5.0   60.057 -139.788    634.2    844.4
     1     1    16     4     6    18     0     0    -6.0   59.798 -139.950    596.9    856.8
     1     1    16     4     6    17     0     0    -7.0   59.538 -140.093    555.4    869.9
     1     1    16     4     6    16     0     0    -8.0   59.294 -140.202    511.1    883.1
     1     1    16     4     6    15     0     0    -9.0   59.060 -140.294    465.6    896.3
     1     1    16     4     6    14     0     0   -10.0   58.835 -140.382    420.1    909.6
     1     1    16     4     6    13     0     0   -11.0   58.612 -140.476    375.4    922.9
     1     1    16     4     6    12     0     0   -12.0   58.389 -140.589    332.4    935.4
     1     1    16     4     6    11     0     0   -13.0   58.157 -140.719    292.2    948.5
     1     1    16     4     6    10     0     0   -14.0   57.908 -140.862    255.1    962.1
     1     1    16     4     6     9     0     0   -15.0   57.641 -141.017    220.8    976.5
     1     1    16     4     6     8     0     0   -16.0   57.355 -141.183    189.2    986.4
     1     1    16     4     6     7     0     0   -17.0   57.056 -141.359    161.6    990.6
     1     1    16     4     6     6     0     0   -18.0   56.745 -141.551    138.8    994.1
     1     1    16     4     6     5     0     0   -19.0   56.428 -141.767    120.6    996.7
     1     1    16     4     6     4     0     0   -20.0   56.104 -142.015    106.3    998.6
     1     1    16     4     6     3     0     0   -21.0   55.768 -142.296     95.1    999.8
     1     1    16     4     6     2     0     0   -22.0   55.414 -142.613     86.6   1000.1
     1     1    16     4     6     1     0     0   -23.0   55.038 -142.972     81.4    999.0
     1     1    16     4     6     0     0     0   -24.0   54.649 -143.363     79.8    998.2
     1     1    16     4     5    23     0     0   -25.0   54.264 -143.767     80.3    997.1
     1     1    16     4     5    22     0     0   -26.0   53.890 -144.177     81.5    996.5
     1     1    16     4     5    21     0     0   -27.0   53.519 -144.592     82.9    996.1
     1     1    16     4     5    20     0     0   -28.0   53.143 -145.018     84.0    995.9
     1     1    16     4     5    19     0     0   -29.0   52.755 -145.459     84.1    995.9
     1     1    16     4     5    18     0     0   -30.0   52.355 -145.918     82.3    996.2
     1     1    16     4     5    17     0     0   -31.0   51.963 -146.383     79.8    996.4
     1     1    16     4     5    16     0     0   -32.0   51.592 -146.851     78.1    995.9
     1     1    16     4     5    15     0     0   -33.0   51.236 -147.325     77.2    995.1
     1     1    16     4     5    14     0     0   -34.0   50.890 -147.811     77.0    994.5
     1     1    16     4     5    13     0     0   -35.0   50.545 -148.313     77.5    994.0
     1     1    16     4     5    12     0     0   -36.0   50.195 -148.833     78.0    993.5
     1     1    16     4     5    11     0     0   -37.0   49.833 -149.359     78.7    993.2
     1     1    16     4     5    10     0     0   -38.0   49.465 -149.871     80.1    992.9
     1     1    16     4     5     9     0     0   -39.0   49.098 -150.368     83.0    992.1
     1     1    16     4     5     8     0     0   -40.0   48.734 -150.854     88.0    990.9
     1     1    16     4     5     7     0     0   -41.0   48.371 -151.330     95.3    989.6
     1     1    16     4     5     6     0     0   -42.0   48.007 -151.796    104.8    988.4
     1     1    16     4     5     5     0     0   -43.0   47.649 -152.257    115.5    987.7
     1     1    16     4     5     4     0     0   -44.0   47.301 -152.726    125.6    986.8
     1     1    16     4     5     3     0     0   -45.0   46.968 -153.205    134.4    985.4
     1     1    16     4     5     2     0     0   -46.0   46.646 -153.696    141.6    984.1
     1     1    16     4     5     1     0     0   -47.0   46.333 -154.194    147.2    982.8
     1     1    16     4     5     0     0     0   -48.0   46.027 -154.699    151.4    981.4
     1     1    16     4     4    23     0     0   -49.0   45.732 -155.206    154.9    980.7
     1     1    16     4     4    22     0     0   -50.0   45.458 -155.718    158.3    980.1
     1     1    16     4     4    21     0     0   -51.0   45.202 -156.239    161.9    979.5
     1     1    16     4     4    20     0     0   -52.0   44.958 -156.764    165.7    978.9
     1     1    16     4     4    19     0     0   -53.0   44.723 -157.289    169.5    978.4
     1     1    16     4     4    18     0     0   -54.0   44.499 -157.805    173.3    977.8
     1     1    16     4     4    17     0     0   -55.0   44.285 -158.326    177.2    977.6
     1     1    16     4     4    16     0     0   -56.0   44.075 -158.862    181.1    977.5
     1     1    16     4     4    15     0     0   -57.0   43.869 -159.407    184.7    977.6
     1     1    16     4     4    14     0     0   -58.0   43.664 -159.951    187.9    977.8
     1     1    16     4     4    13     0     0   -59.0   43.465 -160.488    190.1    977.9
     1     1    16     4     4    12     0     0   -60.0   43.270 -161.014    190.9    978.2
     1     1    16     4     4    11     0     0   -61.0   43.080 -161.530    191.6    978.6
     1     1    16     4     4    10     0     0   -62.0   42.894 -162.044    194.7    978.8
     1     1    16     4     4     9     0     0   -63.0   42.707 -162.557    200.7    978.8
     1     1    16     4     4     8     0     0   -64.0   42.520 -163.070    209.6    978.0
     1     1    16     4     4     7     0     0   -65.0   42.331 -163.584    221.3    975.9
     1     1    16     4     4     6     0     0   -66.0   42.140 -164.099    235.6    973.6
     1     1    16     4     4     5     0     0   -67.0   41.950 -164.628    250.7    971.0
     1     1    16     4     4     4     0     0   -68.0   41.764 -165.181    264.7    968.8
     1     1    16     4     4     3     0     0   -69.0   41.589 -165.753    277.3    966.7
     1     1    16     4     4     2     0     0   -70.0   41.427 -166.344    288.6    965.0
     1     1    16     4     4     1     0     0   -71.0   41.273 -166.949    299.0    963.7
     1     1    16     4     4     0     0     0   -72.0   41.125 -167.561    309.0    962.7
