     1     1
    CDC1    15    11     1     0     0
     1 BACKWARD OMEGA   
    15    11    23    12   60.984 -139.059   750.0
     1 PRESSURE
     1     1    15    11    23    12     0     0     0.0   60.984 -139.059    750.0    815.5
     1     1    15    11    23    11     0     0    -1.0   61.067 -139.545    754.2    814.0
     1     1    15    11    23    10     0     0    -2.0   61.135 -140.049    762.0    812.3
     1     1    15    11    23     9     0     0    -3.0   61.188 -140.568    774.2    811.5
     1     1    15    11    23     8     0     0    -4.0   61.226 -141.102    790.9    810.4
     1     1    15    11    23     7     0     0    -5.0   61.250 -141.650    812.2    809.1
     1     1    15    11    23     6     0     0    -6.0   61.262 -142.211    838.2    807.6
     1     1    15    11    23     5     0     0    -7.0   61.267 -142.776    863.1    807.3
     1     1    15    11    23     4     0     0    -8.0   61.268 -143.331    879.5    809.4
     1     1    15    11    23     3     0     0    -9.0   61.259 -143.873    885.7    812.7
     1     1    15    11    23     2     0     0   -10.0   61.233 -144.399    879.8    817.4
     1     1    15    11    23     1     0     0   -11.0   61.184 -144.908    860.5    824.0
     1     1    15    11    23     0     0     0   -12.0   61.111 -145.395    827.5    832.7
     1     1    15    11    22    23     0     0   -13.0   61.036 -145.876    794.3    843.0
     1     1    15    11    22    22     0     0   -14.0   60.983 -146.379    774.1    850.0
     1     1    15    11    22    21     0     0   -15.0   60.948 -146.908    766.6    855.6
     1     1    15    11    22    20     0     0   -16.0   60.927 -147.465    771.9    859.6
     1     1    15    11    22    19     0     0   -17.0   60.918 -148.052    788.9    860.1
     1     1    15    11    22    18     0     0   -18.0   60.917 -148.665    817.3    859.1
     1     1    15    11    22    17     0     0   -19.0   60.908 -149.296    849.6    857.0
     1     1    15    11    22    16     0     0   -20.0   60.883 -149.931    879.0    856.8
     1     1    15    11    22    15     0     0   -21.0   60.843 -150.569    905.4    855.7
     1     1    15    11    22    14     0     0   -22.0   60.788 -151.205    928.7    854.9
     1     1    15    11    22    13     0     0   -23.0   60.715 -151.841    948.7    854.5
     1     1    15    11    22    12     0     0   -24.0   60.621 -152.477    965.4    854.6
     1     1    15    11    22    11     0     0   -25.0   60.528 -153.127    981.5    853.9
     1     1    15    11    22    10     0     0   -26.0   60.464 -153.809   1001.1    852.2
     1     1    15    11    22     9     0     0   -27.0   60.430 -154.530   1026.0    849.8
     1     1    15    11    22     8     0     0   -28.0   60.427 -155.296   1058.1    847.5
     1     1    15    11    22     7     0     0   -29.0   60.453 -156.103   1097.8    846.2
     1     1    15    11    22     6     0     0   -30.0   60.504 -156.950   1143.9    844.6
     1     1    15    11    22     5     0     0   -31.0   60.552 -157.822   1190.0    842.8
     1     1    15    11    22     4     0     0   -32.0   60.574 -158.696   1229.3    843.8
     1     1    15    11    22     3     0     0   -33.0   60.574 -159.568   1261.2    846.0
     1     1    15    11    22     2     0     0   -34.0   60.553 -160.438   1286.4    848.5
     1     1    15    11    22     1     0     0   -35.0   60.514 -161.303   1305.8    850.6
     1     1    15    11    22     0     0     0   -36.0   60.460 -162.163   1319.9    853.4
     1     1    15    11    21    23     0     0   -37.0   60.403 -163.016   1327.8    854.3
     1     1    15    11    21    22     0     0   -38.0   60.357 -163.861   1332.4    854.8
     1     1    15    11    21    21     0     0   -39.0   60.326 -164.700   1337.5    855.3
     1     1    15    11    21    20     0     0   -40.0   60.310 -165.533   1346.0    854.2
     1     1    15    11    21    19     0     0   -41.0   60.312 -166.359   1361.8    851.5
     1     1    15    11    21    18     0     0   -42.0   60.332 -167.175   1388.4    847.6
     1     1    15    11    21    17     0     0   -43.0   60.359 -167.993   1417.2    841.3
     1     1    15    11    21    16     0     0   -44.0   60.387 -168.821   1439.3    837.2
     1     1    15    11    21    15     0     0   -45.0   60.420 -169.663   1455.3    834.1
     1     1    15    11    21    14     0     0   -46.0   60.462 -170.519   1466.7    832.4
     1     1    15    11    21    13     0     0   -47.0   60.514 -171.385   1474.9    831.7
     1     1    15    11    21    12     0     0   -48.0   60.579 -172.260   1481.6    831.2
     1     1    15    11    21    11     0     0   -49.0   60.651 -173.103   1490.9    831.3
     1     1    15    11    21    10     0     0   -50.0   60.725 -173.882   1505.3    830.5
     1     1    15    11    21     9     0     0   -51.0   60.806 -174.606   1523.9    829.2
     1     1    15    11    21     8     0     0   -52.0   60.896 -175.287   1545.3    827.2
     1     1    15    11    21     7     0     0   -53.0   61.000 -175.932   1568.2    824.4
     1     1    15    11    21     6     0     0   -54.0   61.120 -176.547   1591.8    821.6
     1     1    15    11    21     5     0     0   -55.0   61.252 -177.130   1614.9    818.8
     1     1    15    11    21     4     0     0   -56.0   61.385 -177.673   1635.6    815.8
     1     1    15    11    21     3     0     0   -57.0   61.518 -178.173   1653.8    812.2
     1     1    15    11    21     2     0     0   -58.0   61.648 -178.628   1670.0    809.0
     1     1    15    11    21     1     0     0   -59.0   61.775 -179.036   1684.4    805.9
     1     1    15    11    21     0     0     0   -60.0   61.897 -179.396   1697.1    803.2
     1     1    15    11    20    23     0     0   -61.0   62.025 -179.714   1708.8    800.8
     1     1    15    11    20    22     0     0   -62.0   62.171 -179.994   1720.0    798.5
     1     1    15    11    20    21     0     0   -63.0   62.334  179.761   1730.6    796.0
     1     1    15    11    20    20     0     0   -64.0   62.514  179.553   1741.0    793.5
     1     1    15    11    20    19     0     0   -65.0   62.709  179.378   1750.3    790.5
     1     1    15    11    20    18     0     0   -66.0   62.919  179.232   1758.9    787.7
     1     1    15    11    20    17     0     0   -67.0   63.142  179.124   1766.0    785.2
     1     1    15    11    20    16     0     0   -68.0   63.377  179.066   1771.2    783.0
     1     1    15    11    20    15     0     0   -69.0   63.622  179.059   1774.6    781.2
     1     1    15    11    20    14     0     0   -70.0   63.880  179.107   1776.3    779.6
     1     1    15    11    20    13     0     0   -71.0   64.151  179.213   1776.5    778.1
     1     1    15    11    20    12     0     0   -72.0   64.435  179.381   1775.3    776.7
