     1     1
    CDC1    15    12     1     0     0
     1 BACKWARD OMEGA   
    15    12     8     6   60.984 -139.059   750.0
     1 PRESSURE
     1     1    15    12     8     6     0     0     0.0   60.984 -139.059    750.0    791.8
     1     1    15    12     8     5     0     0    -1.0   60.827 -139.047    762.5    792.9
     1     1    15    12     8     4     0     0    -2.0   60.680 -139.049    775.5    793.9
     1     1    15    12     8     3     0     0    -3.0   60.546 -139.072    789.0    794.6
     1     1    15    12     8     2     0     0    -4.0   60.426 -139.120    802.9    795.0
     1     1    15    12     8     1     0     0    -5.0   60.320 -139.196    817.6    795.3
     1     1    15    12     8     0     0     0    -6.0   60.229 -139.305    833.0    795.2
     1     1    15    12     7    23     0     0    -7.0   60.146 -139.417    848.4    795.0
     1     1    15    12     7    22     0     0    -8.0   60.063 -139.503    861.8    795.2
     1     1    15    12     7    21     0     0    -9.0   59.980 -139.563    873.6    795.7
     1     1    15    12     7    20     0     0   -10.0   59.898 -139.598    884.2    797.4
     1     1    15    12     7    19     0     0   -11.0   59.814 -139.613    893.3    799.2
     1     1    15    12     7    18     0     0   -12.0   59.730 -139.610    901.0    801.1
     1     1    15    12     7    17     0     0   -13.0   59.649 -139.606    906.6    802.8
     1     1    15    12     7    16     0     0   -14.0   59.577 -139.615    909.4    804.6
     1     1    15    12     7    15     0     0   -15.0   59.515 -139.638    909.3    806.4
     1     1    15    12     7    14     0     0   -16.0   59.464 -139.673    906.4    808.2
     1     1    15    12     7    13     0     0   -17.0   59.424 -139.723    900.7    809.8
     1     1    15    12     7    12     0     0   -18.0   59.396 -139.785    892.6    811.4
     1     1    15    12     7    11     0     0   -19.0   59.373 -139.840    883.8    812.7
     1     1    15    12     7    10     0     0   -20.0   59.346 -139.863    876.2    813.8
     1     1    15    12     7     9     0     0   -21.0   59.315 -139.856    869.6    814.9
     1     1    15    12     7     8     0     0   -22.0   59.279 -139.820    863.7    816.0
     1     1    15    12     7     7     0     0   -23.0   59.239 -139.756    858.6    817.1
     1     1    15    12     7     6     0     0   -24.0   59.192 -139.663    853.9    818.3
     1     1    15    12     7     5     0     0   -25.0   59.145 -139.549    850.0    819.9
     1     1    15    12     7     4     0     0   -26.0   59.102 -139.419    846.9    821.3
     1     1    15    12     7     3     0     0   -27.0   59.063 -139.273    844.5    822.3
     1     1    15    12     7     2     0     0   -28.0   59.028 -139.110    842.8    823.1
     1     1    15    12     7     1     0     0   -29.0   58.997 -138.930    841.8    823.7
     1     1    15    12     7     0     0     0   -30.0   58.968 -138.733    841.5    824.1
     1     1    15    12     6    23     0     0   -31.0   58.939 -138.513    843.0    824.5
     1     1    15    12     6    22     0     0   -32.0   58.905 -138.265    846.9    824.7
     1     1    15    12     6    21     0     0   -33.0   58.866 -137.988    853.5    824.7
     1     1    15    12     6    20     0     0   -34.0   58.821 -137.680    862.9    824.6
     1     1    15    12     6    19     0     0   -35.0   58.767 -137.340    875.0    823.9
     1     1    15    12     6    18     0     0   -36.0   58.701 -136.968    889.3    822.7
     1     1    15    12     6    17     0     0   -37.0   58.614 -136.564    899.7    821.7
     1     1    15    12     6    16     0     0   -38.0   58.499 -136.125    900.7    822.7
     1     1    15    12     6    15     0     0   -39.0   58.354 -135.645    891.3    825.1
     1     1    15    12     6    14     0     0   -40.0   58.174 -135.117    871.2    828.9
     1     1    15    12     6    13     0     0   -41.0   57.951 -134.542    839.2    831.2
     1     1    15    12     6    12     0     0   -42.0   57.677 -133.926    796.6    833.5
     1     1    15    12     6    11     0     0   -43.0   57.362 -133.298    749.2    836.3
     1     1    15    12     6    10     0     0   -44.0   57.029 -132.700    704.0    839.3
     1     1    15    12     6     9     0     0   -45.0   56.689 -132.147    659.6    842.9
     1     1    15    12     6     8     0     0   -46.0   56.352 -131.643    615.5    846.7
     1     1    15    12     6     7     0     0   -47.0   56.027 -131.187    570.0    850.5
     1     1    15    12     6     6     0     0   -48.0   55.721 -130.775    522.5    854.9
     1     1    15    12     6     5     0     0   -49.0   55.430 -130.390    476.8    860.8
     1     1    15    12     6     4     0     0   -50.0   55.151 -130.015    436.1    865.8
     1     1    15    12     6     3     0     0   -51.0   54.885 -129.638    401.7    870.5
     1     1    15    12     6     2     0     0   -52.0   54.627 -129.251    374.0    873.4
     1     1    15    12     6     1     0     0   -53.0   54.370 -128.848    353.3    874.4
     1     1    15    12     6     0     0     0   -54.0   54.109 -128.420    338.9    874.1
     1     1    15    12     5    23     0     0   -55.0   53.830 -127.990    322.5    873.5
     1     1    15    12     5    22     0     0   -56.0   53.525 -127.586    295.3    875.4
     1     1    15    12     5    21     0     0   -57.0   53.202 -127.206    257.6    880.2
     1     1    15    12     5    20     0     0   -58.0   52.866 -126.847    210.9    886.3
     1     1    15    12     5    19     0     0   -59.0   52.524 -126.502    158.1    891.8
     1     1    15    12     5    18     0     0   -60.0   52.192 -126.176    107.8    898.5
     1     1    15    12     5    17     0     0   -61.0   51.890 -125.859     71.5    903.5
     1     1    15    12     5    16     0     0   -62.0   51.622 -125.542     48.6    904.6
     1     1    15    12     5    15     0     0   -63.0   51.380 -125.229     32.7    905.4
     1     1    15    12     5    14     0     0   -64.0   51.162 -124.916     20.3    906.1
     1     1    15    12     5    13     0     0   -65.0   50.975 -124.601     11.1    906.8
     1     1    15    12     5    12     0     0   -66.0   50.813 -124.289      3.5    905.5
     1     1    15    12     5    11     0     0   -67.0   50.664 -124.012      0.0    904.2
     1     1    15    12     5    10     0     0   -68.0   50.522 -123.789      0.0    903.6
     1     1    15    12     5     9     0     0   -69.0   50.387 -123.617      0.0    903.5
     1     1    15    12     5     8     0     0   -70.0   50.259 -123.490      0.0    903.9
     1     1    15    12     5     7     0     0   -71.0   50.138 -123.406      0.0    904.9
     1     1    15    12     5     6     0     0   -72.0   50.023 -123.361      0.0    906.3
