     1     1
    CDC1    15    10     1     0     0
     1 BACKWARD OMEGA   
    15    10    31    12   60.984 -139.059   750.0
     1 PRESSURE
     1     1    15    10    31    12     0     0     0.0   60.984 -139.059    750.0    796.6
     1     1    15    10    31    11     0     0    -1.0   60.923 -139.013    722.5    800.3
     1     1    15    10    31    10     0     0    -2.0   60.857 -138.952    697.9    803.7
     1     1    15    10    31     9     0     0    -3.0   60.786 -138.877    676.0    806.8
     1     1    15    10    31     8     0     0    -4.0   60.711 -138.790    656.6    809.8
     1     1    15    10    31     7     0     0    -5.0   60.630 -138.693    639.2    812.7
     1     1    15    10    31     6     0     0    -6.0   60.545 -138.590    623.7    815.4
     1     1    15    10    31     5     0     0    -7.0   60.453 -138.480    607.0    817.9
     1     1    15    10    31     4     0     0    -8.0   60.355 -138.366    586.6    820.9
     1     1    15    10    31     3     0     0    -9.0   60.250 -138.248    562.2    824.4
     1     1    15    10    31     2     0     0   -10.0   60.138 -138.127    533.6    828.4
     1     1    15    10    31     1     0     0   -11.0   60.017 -138.006    500.4    833.0
     1     1    15    10    31     0     0     0   -12.0   59.890 -137.887    463.5    840.0
     1     1    15    10    30    23     0     0   -13.0   59.769 -137.779    427.9    847.7
     1     1    15    10    30    22     0     0   -14.0   59.666 -137.682    397.8    853.8
     1     1    15    10    30    21     0     0   -15.0   59.579 -137.596    373.2    858.9
     1     1    15    10    30    20     0     0   -16.0   59.511 -137.520    353.9    862.3
     1     1    15    10    30    19     0     0   -17.0   59.462 -137.454    339.9    864.6
     1     1    15    10    30    18     0     0   -18.0   59.430 -137.399    330.6    865.9
     1     1    15    10    30    17     0     0   -19.0   59.406 -137.350    323.7    866.9
     1     1    15    10    30    16     0     0   -20.0   59.379 -137.303    316.7    868.2
     1     1    15    10    30    15     0     0   -21.0   59.352 -137.258    309.7    869.5
     1     1    15    10    30    14     0     0   -22.0   59.323 -137.217    302.7    870.9
     1     1    15    10    30    13     0     0   -23.0   59.292 -137.178    295.8    872.3
     1     1    15    10    30    12     0     0   -24.0   59.261 -137.144    289.0    873.7
     1     1    15    10    30    11     0     0   -25.0   59.230 -137.105    283.9    875.4
     1     1    15    10    30    10     0     0   -26.0   59.200 -137.055    282.0    876.5
     1     1    15    10    30     9     0     0   -27.0   59.171 -136.994    283.1    877.2
     1     1    15    10    30     8     0     0   -28.0   59.142 -136.921    287.0    877.6
     1     1    15    10    30     7     0     0   -29.0   59.113 -136.837    293.8    877.6
     1     1    15    10    30     6     0     0   -30.0   59.083 -136.742    303.5    877.2
     1     1    15    10    30     5     0     0   -31.0   59.043 -136.644    309.7    877.2
     1     1    15    10    30     4     0     0   -32.0   58.985 -136.552    305.4    879.5
     1     1    15    10    30     3     0     0   -33.0   58.911 -136.465    290.8    883.3
     1     1    15    10    30     2     0     0   -34.0   58.821 -136.379    266.8    888.7
     1     1    15    10    30     1     0     0   -35.0   58.719 -136.292    234.9    895.6
     1     1    15    10    30     0     0     0   -36.0   58.604 -136.198    196.7    903.8
     1     1    15    10    29    23     0     0   -37.0   58.486 -136.094    159.7    911.4
     1     1    15    10    29    22     0     0   -38.0   58.368 -135.984    128.9    918.0
     1     1    15    10    29    21     0     0   -39.0   58.251 -135.869    104.0    924.2
     1     1    15    10    29    20     0     0   -40.0   58.133 -135.751     84.2    930.1
     1     1    15    10    29    19     0     0   -41.0   58.012 -135.637     68.6    935.3
     1     1    15    10    29    18     0     0   -42.0   57.884 -135.530     55.9    940.0
     1     1    15    10    29    17     0     0   -43.0   57.759 -135.433     45.2    943.9
     1     1    15    10    29    16     0     0   -44.0   57.649 -135.349     36.4    947.4
     1     1    15    10    29    15     0     0   -45.0   57.554 -135.282     29.4    950.4
     1     1    15    10    29    14     0     0   -46.0   57.476 -135.239     23.8    952.8
     1     1    15    10    29    13     0     0   -47.0   57.410 -135.224     19.4    954.6
     1     1    15    10    29    12     0     0   -48.0   57.356 -135.241     16.0    956.4
     1     1    15    10    29    11     0     0   -49.0   57.307 -135.268     13.3    958.0
     1     1    15    10    29    10     0     0   -50.0   57.257 -135.279     11.0    959.6
     1     1    15    10    29     9     0     0   -51.0   57.206 -135.276      8.9    960.8
     1     1    15    10    29     8     0     0   -52.0   57.154 -135.259      6.8    961.7
     1     1    15    10    29     7     0     0   -53.0   57.100 -135.227      4.5    962.5
     1     1    15    10    29     6     0     0   -54.0   57.047 -135.178      2.1    963.3
     1     1    15    10    29     5     0     0   -55.0   56.986 -135.107      0.0    963.9
     1     1    15    10    29     4     0     0   -56.0   56.913 -135.008      0.0    964.6
     1     1    15    10    29     3     0     0   -57.0   56.826 -134.884      0.0    964.5
     1     1    15    10    29     2     0     0   -58.0   56.725 -134.738      0.0    964.4
     1     1    15    10    29     1     0     0   -59.0   56.610 -134.574      0.0    964.4
     1     1    15    10    29     0     0     0   -60.0   56.483 -134.394      0.0    964.5
     1     1    15    10    28    23     0     0   -61.0   56.352 -134.203      0.0    964.7
     1     1    15    10    28    22     0     0   -62.0   56.225 -134.002      0.0    964.8
     1     1    15    10    28    21     0     0   -63.0   56.101 -133.791      0.0    964.7
     1     1    15    10    28    20     0     0   -64.0   55.977 -133.570      0.0    964.5
     1     1    15    10    28    19     0     0   -65.0   55.852 -133.340      0.0    964.4
     1     1    15    10    28    18     0     0   -66.0   55.722 -133.103      0.0    964.4
     1     1    15    10    28    17     0     0   -67.0   55.584 -132.851      0.0    964.8
     1     1    15    10    28    16     0     0   -68.0   55.434 -132.573      0.0    965.5
     1     1    15    10    28    15     0     0   -69.0   55.273 -132.263      0.0    964.5
     1     1    15    10    28    14     0     0   -70.0   55.104 -131.923      0.0    962.7
     1     1    15    10    28    13     0     0   -71.0   54.931 -131.558      0.0    959.8
     1     1    15    10    28    12     0     0   -72.0   54.761 -131.180      1.0    956.0
