     1     1
    CDC1    15    11     1     0     0
     1 BACKWARD OMEGA   
    15    11    21    18   60.984 -139.059   750.0
     1 PRESSURE
     1     1    15    11    21    18     0     0     0.0   60.984 -139.059    750.0    794.8
     1     1    15    11    21    17     0     0    -1.0   60.869 -139.733    656.1    806.3
     1     1    15    11    21    16     0     0    -2.0   60.746 -140.327    553.8    820.7
     1     1    15    11    21    15     0     0    -3.0   60.616 -140.851    449.2    836.0
     1     1    15    11    21    14     0     0    -4.0   60.476 -141.320    349.3    851.4
     1     1    15    11    21    13     0     0    -5.0   60.312 -141.755    264.1    865.2
     1     1    15    11    21    12     0     0    -6.0   60.113 -142.191    198.2    877.7
     1     1    15    11    21    11     0     0    -7.0   59.884 -142.635    148.3    892.7
     1     1    15    11    21    10     0     0    -8.0   59.643 -143.061    107.3    910.8
     1     1    15    11    21     9     0     0    -9.0   59.393 -143.463     70.8    928.6
     1     1    15    11    21     8     0     0   -10.0   59.124 -143.855     38.8    945.0
     1     1    15    11    21     7     0     0   -11.0   58.814 -144.252     14.9    963.1
     1     1    15    11    21     6     0     0   -12.0   58.441 -144.682      0.0    978.9
     1     1    15    11    21     5     0     0   -13.0   58.005 -145.195      0.0    997.4
     1     1    15    11    21     4     0     0   -14.0   57.521 -145.811      0.0   1014.7
     1     1    15    11    21     3     0     0   -15.0   57.031 -146.471      0.0   1012.6
     1     1    15    11    21     2     0     0   -16.0   56.566 -147.120      0.0   1008.8
     1     1    15    11    21     1     0     0   -17.0   56.117 -147.772      0.0   1003.6
     1     1    15    11    21     0     0     0   -18.0   55.667 -148.451      0.0    997.8
     1     1    15    11    20    23     0     0   -19.0   55.201 -149.190      0.0    992.5
     1     1    15    11    20    22     0     0   -20.0   54.719 -149.965      0.0    992.6
     1     1    15    11    20    21     0     0   -21.0   54.230 -150.702      0.0    998.5
     1     1    15    11    20    20     0     0   -22.0   53.739 -151.390      0.0   1004.1
     1     1    15    11    20    19     0     0   -23.0   53.245 -152.067      0.0   1009.3
     1     1    15    11    20    18     0     0   -24.0   52.744 -152.777      0.0   1013.7
     1     1    15    11    20    17     0     0   -25.0   52.238 -153.517      0.0   1015.2
     1     1    15    11    20    16     0     0   -26.0   51.743 -154.240      0.0   1014.1
     1     1    15    11    20    15     0     0   -27.0   51.262 -154.932      0.0   1012.6
     1     1    15    11    20    14     0     0   -28.0   50.780 -155.602      0.0   1011.5
     1     1    15    11    20    13     0     0   -29.0   50.284 -156.266      0.0   1010.5
     1     1    15    11    20    12     0     0   -30.0   49.769 -156.935      0.0   1011.1
     1     1    15    11    20    11     0     0   -31.0   49.264 -157.593      0.0   1014.2
     1     1    15    11    20    10     0     0   -32.0   48.795 -158.226      0.0   1018.2
     1     1    15    11    20     9     0     0   -33.0   48.357 -158.837      0.0   1021.4
     1     1    15    11    20     8     0     0   -34.0   47.938 -159.434      0.0   1024.1
     1     1    15    11    20     7     0     0   -35.0   47.523 -160.024      0.0   1026.0
     1     1    15    11    20     6     0     0   -36.0   47.120 -160.597      0.0   1024.8
     1     1    15    11    20     5     0     0   -37.0   46.742 -161.136      0.0   1023.8
     1     1    15    11    20     4     0     0   -38.0   46.388 -161.641      0.0   1023.0
     1     1    15    11    20     3     0     0   -39.0   46.058 -162.118      0.1   1022.3
     1     1    15    11    20     2     0     0   -40.0   45.748 -162.570      0.3   1021.9
     1     1    15    11    20     1     0     0   -41.0   45.458 -162.997      0.6   1022.1
     1     1    15    11    20     0     0     0   -42.0   45.185 -163.398      0.9   1022.5
     1     1    15    11    19    23     0     0   -43.0   44.939 -163.783      1.3   1023.6
     1     1    15    11    19    22     0     0   -44.0   44.727 -164.166      1.7   1024.8
     1     1    15    11    19    21     0     0   -45.0   44.544 -164.552      2.1   1025.9
     1     1    15    11    19    20     0     0   -46.0   44.386 -164.944      2.6   1027.1
     1     1    15    11    19    19     0     0   -47.0   44.247 -165.346      3.2   1028.1
     1     1    15    11    19    18     0     0   -48.0   44.124 -165.760      3.8   1028.8
     1     1    15    11    19    17     0     0   -49.0   44.005 -166.173      4.4   1028.9
     1     1    15    11    19    16     0     0   -50.0   43.885 -166.570      4.9   1028.9
     1     1    15    11    19    15     0     0   -51.0   43.766 -166.952      5.3   1028.9
     1     1    15    11    19    14     0     0   -52.0   43.650 -167.323      5.8   1028.8
     1     1    15    11    19    13     0     0   -53.0   43.536 -167.681      6.1   1028.6
     1     1    15    11    19    12     0     0   -54.0   43.423 -168.025      6.4   1028.4
     1     1    15    11    19    11     0     0   -55.0   43.319 -168.354      6.7   1028.0
     1     1    15    11    19    10     0     0   -56.0   43.229 -168.669      7.0   1027.6
     1     1    15    11    19     9     0     0   -57.0   43.156 -168.970      7.2   1027.1
     1     1    15    11    19     8     0     0   -58.0   43.100 -169.257      7.6   1026.6
     1     1    15    11    19     7     0     0   -59.0   43.062 -169.530      7.9   1026.1
     1     1    15    11    19     6     0     0   -60.0   43.042 -169.789      8.3   1025.6
     1     1    15    11    19     5     0     0   -61.0   43.029 -170.042      8.6   1025.4
     1     1    15    11    19     4     0     0   -62.0   43.013 -170.291      8.9   1025.6
     1     1    15    11    19     3     0     0   -63.0   42.994 -170.537      9.1   1025.7
     1     1    15    11    19     2     0     0   -64.0   42.972 -170.781      9.3   1025.9
     1     1    15    11    19     1     0     0   -65.0   42.948 -171.027      9.5   1026.1
     1     1    15    11    19     0     0     0   -66.0   42.923 -171.277      9.6   1026.2
     1     1    15    11    18    23     0     0   -67.0   42.903 -171.533      9.7   1026.5
     1     1    15    11    18    22     0     0   -68.0   42.896 -171.795     10.0   1026.8
     1     1    15    11    18    21     0     0   -69.0   42.900 -172.066     10.5   1027.1
     1     1    15    11    18    20     0     0   -70.0   42.914 -172.345     11.1   1027.5
     1     1    15    11    18    19     0     0   -71.0   42.935 -172.633     11.9   1027.7
     1     1    15    11    18    18     0     0   -72.0   42.961 -172.925     13.0   1027.6
