     1     1
    CDC1    16     3     1     0     0
     1 BACKWARD OMEGA   
    16     3    11     0   60.984 -139.059   750.0
     1 PRESSURE
     1     1    16     3    11     0     0     0     0.0   60.984 -139.059    750.0    788.5
     1     1    16     3    10    23     0     0    -1.0   60.847 -138.706    749.6    790.5
     1     1    16     3    10    22     0     0    -2.0   60.717 -138.343    752.9    791.9
     1     1    16     3    10    21     0     0    -3.0   60.598 -137.968    761.4    792.5
     1     1    16     3    10    20     0     0    -4.0   60.489 -137.579    776.3    792.2
     1     1    16     3    10    19     0     0    -5.0   60.392 -137.173    798.5    790.5
     1     1    16     3    10    18     0     0    -6.0   60.310 -136.748    828.8    787.5
     1     1    16     3    10    17     0     0    -7.0   60.234 -136.313    863.4    784.1
     1     1    16     3    10    16     0     0    -8.0   60.158 -135.880    898.5    781.0
     1     1    16     3    10    15     0     0    -9.0   60.085 -135.452    934.3    777.3
     1     1    16     3    10    14     0     0   -10.0   60.015 -135.033    971.0    773.6
     1     1    16     3    10    13     0     0   -11.0   59.951 -134.628   1007.9    769.0
     1     1    16     3    10    12     0     0   -12.0   59.892 -134.244   1044.9    764.4
     1     1    16     3    10    11     0     0   -13.0   59.825 -133.882   1080.6    760.3
     1     1    16     3    10    10     0     0   -14.0   59.737 -133.540   1112.6    757.2
     1     1    16     3    10     9     0     0   -15.0   59.628 -133.220   1141.1    754.8
     1     1    16     3    10     8     0     0   -16.0   59.497 -132.920   1166.2    753.2
     1     1    16     3    10     7     0     0   -17.0   59.342 -132.640   1188.0    752.2
     1     1    16     3    10     6     0     0   -18.0   59.164 -132.379   1206.8    751.8
     1     1    16     3    10     5     0     0   -19.0   58.964 -132.146   1219.0    751.5
     1     1    16     3    10     4     0     0   -20.0   58.747 -131.952   1219.2    752.8
     1     1    16     3    10     3     0     0   -21.0   58.509 -131.799   1207.6    755.7
     1     1    16     3    10     2     0     0   -22.0   58.247 -131.688   1183.9    760.3
     1     1    16     3    10     1     0     0   -23.0   57.960 -131.618   1147.5    766.8
     1     1    16     3    10     0     0     0   -24.0   57.644 -131.586   1097.5    775.6
     1     1    16     3     9    23     0     0   -25.0   57.306 -131.553   1043.4    787.4
     1     1    16     3     9    22     0     0   -26.0   56.959 -131.490    995.8    798.8
     1     1    16     3     9    21     0     0   -27.0   56.603 -131.412    952.7    809.7
     1     1    16     3     9    20     0     0   -28.0   56.232 -131.333    911.1    821.0
     1     1    16     3     9    19     0     0   -29.0   55.841 -131.267    868.0    832.7
     1     1    16     3     9    18     0     0   -30.0   55.427 -131.230    820.5    846.0
     1     1    16     3     9    17     0     0   -31.0   54.998 -131.209    766.5    860.8
     1     1    16     3     9    16     0     0   -32.0   54.576 -131.168    709.0    873.3
     1     1    16     3     9    15     0     0   -33.0   54.168 -131.102    652.1    885.2
     1     1    16     3     9    14     0     0   -34.0   53.772 -131.027    595.6    896.7
     1     1    16     3     9    13     0     0   -35.0   53.382 -130.958    539.3    908.0
     1     1    16     3     9    12     0     0   -36.0   52.997 -130.912    483.2    920.0
     1     1    16     3     9    11     0     0   -37.0   52.618 -130.886    430.3    932.8
     1     1    16     3     9    10     0     0   -38.0   52.247 -130.864    383.0    942.3
     1     1    16     3     9     9     0     0   -39.0   51.884 -130.845    341.3    948.9
     1     1    16     3     9     8     0     0   -40.0   51.523 -130.831    304.1    955.4
     1     1    16     3     9     7     0     0   -41.0   51.161 -130.825    270.2    961.8
     1     1    16     3     9     6     0     0   -42.0   50.796 -130.832    238.0    968.3
     1     1    16     3     9     5     0     0   -43.0   50.433 -130.860    210.3    975.3
     1     1    16     3     9     4     0     0   -44.0   50.080 -130.913    189.9    980.2
     1     1    16     3     9     3     0     0   -45.0   49.738 -130.984    177.5    982.7
     1     1    16     3     9     2     0     0   -46.0   49.410 -131.068    173.5    983.7
     1     1    16     3     9     1     0     0   -47.0   49.093 -131.169    177.6    983.8
     1     1    16     3     9     0     0     0   -48.0   48.785 -131.294    189.3    983.0
     1     1    16     3     8    23     0     0   -49.0   48.480 -131.454    202.6    981.0
     1     1    16     3     8    22     0     0   -50.0   48.176 -131.658    212.5    979.4
     1     1    16     3     8    21     0     0   -51.0   47.877 -131.912    219.9    978.0
     1     1    16     3     8    20     0     0   -52.0   47.585 -132.221    225.5    976.5
     1     1    16     3     8    19     0     0   -53.0   47.311 -132.584    229.3    974.9
     1     1    16     3     8    18     0     0   -54.0   47.052 -132.994    231.5    974.5
     1     1    16     3     8    17     0     0   -55.0   46.797 -133.440    232.1    974.2
     1     1    16     3     8    16     0     0   -56.0   46.540 -133.918    231.6    974.4
     1     1    16     3     8    15     0     0   -57.0   46.290 -134.435    230.1    975.2
     1     1    16     3     8    14     0     0   -58.0   46.053 -134.995    227.8    976.6
     1     1    16     3     8    13     0     0   -59.0   45.832 -135.597    224.3    976.8
     1     1    16     3     8    12     0     0   -60.0   45.624 -136.233    219.9    977.6
     1     1    16     3     8    11     0     0   -61.0   45.400 -136.889    215.1    978.3
     1     1    16     3     8    10     0     0   -62.0   45.135 -137.552    210.0    978.9
     1     1    16     3     8     9     0     0   -63.0   44.839 -138.221    205.3    977.4
     1     1    16     3     8     8     0     0   -64.0   44.533 -138.899    202.4    975.9
     1     1    16     3     8     7     0     0   -65.0   44.240 -139.608    202.0    974.3
     1     1    16     3     8     6     0     0   -66.0   43.971 -140.369    203.9    973.6
     1     1    16     3     8     5     0     0   -67.0   43.690 -141.139    206.0    973.7
     1     1    16     3     8     4     0     0   -68.0   43.380 -141.890    206.4    974.4
     1     1    16     3     8     3     0     0   -69.0   43.069 -142.669    205.7    975.2
     1     1    16     3     8     2     0     0   -70.0   42.777 -143.494    205.4    975.8
     1     1    16     3     8     1     0     0   -71.0   42.524 -144.370    207.4    976.0
     1     1    16     3     8     0     0     0   -72.0   42.317 -145.295    213.7    974.7
