     1     1
    CDC1    16     4     1     0     0
     1 BACKWARD OMEGA   
    16     4    12    12   60.984 -139.059   750.0
     1 PRESSURE
     1     1    16     4    12    12     0     0     0.0   60.984 -139.059    750.0    803.7
     1     1    16     4    12    11     0     0    -1.0   60.923 -138.828    767.9    802.7
     1     1    16     4    12    10     0     0    -2.0   60.853 -138.624    779.8    802.9
     1     1    16     4    12     9     0     0    -3.0   60.774 -138.449    786.0    803.8
     1     1    16     4    12     8     0     0    -4.0   60.687 -138.305    786.8    805.4
     1     1    16     4    12     7     0     0    -5.0   60.591 -138.191    782.6    807.8
     1     1    16     4    12     6     0     0    -6.0   60.483 -138.110    773.4    810.9
     1     1    16     4    12     5     0     0    -7.0   60.365 -138.041    761.4    814.2
     1     1    16     4    12     4     0     0    -8.0   60.236 -137.967    749.2    817.5
     1     1    16     4    12     3     0     0    -9.0   60.096 -137.889    736.8    821.0
     1     1    16     4    12     2     0     0   -10.0   59.945 -137.806    724.8    825.4
     1     1    16     4    12     1     0     0   -11.0   59.781 -137.715    713.6    831.6
     1     1    16     4    12     0     0     0   -12.0   59.604 -137.615    703.3    838.1
     1     1    16     4    11    23     0     0   -13.0   59.420 -137.524    695.0    844.9
     1     1    16     4    11    22     0     0   -14.0   59.233 -137.458    688.6    851.4
     1     1    16     4    11    21     0     0   -15.0   59.045 -137.415    684.6    857.7
     1     1    16     4    11    20     0     0   -16.0   58.856 -137.394    682.5    863.7
     1     1    16     4    11    19     0     0   -17.0   58.667 -137.392    682.5    869.6
     1     1    16     4    11    18     0     0   -18.0   58.479 -137.408    684.3    875.4
     1     1    16     4    11    17     0     0   -19.0   58.294 -137.427    685.5    880.7
     1     1    16     4    11    16     0     0   -20.0   58.114 -137.440    683.8    886.6
     1     1    16     4    11    15     0     0   -21.0   57.938 -137.451    679.2    892.6
     1     1    16     4    11    14     0     0   -22.0   57.770 -137.463    671.7    898.8
     1     1    16     4    11    13     0     0   -23.0   57.608 -137.479    661.3    905.2
     1     1    16     4    11    12     0     0   -24.0   57.455 -137.505    647.8    910.9
     1     1    16     4    11    11     0     0   -25.0   57.306 -137.536    633.3    915.1
     1     1    16     4    11    10     0     0   -26.0   57.157 -137.571    619.8    918.7
     1     1    16     4    11     9     0     0   -27.0   57.011 -137.609    607.5    922.0
     1     1    16     4    11     8     0     0   -28.0   56.868 -137.653    596.2    925.1
     1     1    16     4    11     7     0     0   -29.0   56.728 -137.705    585.6    928.2
     1     1    16     4    11     6     0     0   -30.0   56.593 -137.768    575.5    931.1
     1     1    16     4    11     5     0     0   -31.0   56.462 -137.833    565.4    933.7
     1     1    16     4    11     4     0     0   -32.0   56.336 -137.893    554.8    936.4
     1     1    16     4    11     3     0     0   -33.0   56.216 -137.951    544.2    939.0
     1     1    16     4    11     2     0     0   -34.0   56.102 -138.009    533.9    941.5
     1     1    16     4    11     1     0     0   -35.0   55.995 -138.070    524.4    943.8
     1     1    16     4    11     0     0     0   -36.0   55.895 -138.137    515.9    945.8
     1     1    16     4    10    23     0     0   -37.0   55.790 -138.213    508.0    947.7
     1     1    16     4    10    22     0     0   -38.0   55.670 -138.302    500.0    949.9
     1     1    16     4    10    21     0     0   -39.0   55.533 -138.406    492.1    952.1
     1     1    16     4    10    20     0     0   -40.0   55.379 -138.526    484.2    954.3
     1     1    16     4    10    19     0     0   -41.0   55.206 -138.663    476.5    956.6
     1     1    16     4    10    18     0     0   -42.0   55.011 -138.819    469.0    958.9
     1     1    16     4    10    17     0     0   -43.0   54.801 -138.978    462.7    958.9
     1     1    16     4    10    16     0     0   -44.0   54.580 -139.126    458.8    958.3
     1     1    16     4    10    15     0     0   -45.0   54.349 -139.262    457.3    957.3
     1     1    16     4    10    14     0     0   -46.0   54.107 -139.388    457.7    956.1
     1     1    16     4    10    13     0     0   -47.0   53.855 -139.503    459.7    954.7
     1     1    16     4    10    12     0     0   -48.0   53.593 -139.610    463.0    953.1
     1     1    16     4    10    11     0     0   -49.0   53.319 -139.715    466.0    951.7
     1     1    16     4    10    10     0     0   -50.0   53.031 -139.822    466.9    950.8
     1     1    16     4    10     9     0     0   -51.0   52.724 -139.933    465.6    950.0
     1     1    16     4    10     8     0     0   -52.0   52.398 -140.047    461.7    950.2
     1     1    16     4    10     7     0     0   -53.0   52.056 -140.156    454.6    951.9
     1     1    16     4    10     6     0     0   -54.0   51.701 -140.253    443.9    954.1
     1     1    16     4    10     5     0     0   -55.0   51.343 -140.326    431.0    956.9
     1     1    16     4    10     4     0     0   -56.0   50.988 -140.368    417.5    959.5
     1     1    16     4    10     3     0     0   -57.0   50.634 -140.380    403.4    962.1
     1     1    16     4    10     2     0     0   -58.0   50.279 -140.363    388.7    964.9
     1     1    16     4    10     1     0     0   -59.0   49.919 -140.320    373.7    967.3
     1     1    16     4    10     0     0     0   -60.0   49.556 -140.257    359.0    969.6
     1     1    16     4     9    23     0     0   -61.0   49.195 -140.185    344.9    972.1
     1     1    16     4     9    22     0     0   -62.0   48.838 -140.113    330.2    974.7
     1     1    16     4     9    21     0     0   -63.0   48.486 -140.036    314.8    977.6
     1     1    16     4     9    20     0     0   -64.0   48.137 -139.953    298.3    980.6
     1     1    16     4     9    19     0     0   -65.0   47.794 -139.861    280.5    983.9
     1     1    16     4     9    18     0     0   -66.0   47.457 -139.758    261.3    987.3
     1     1    16     4     9    17     0     0   -67.0   47.133 -139.648    242.5    989.9
     1     1    16     4     9    16     0     0   -68.0   46.825 -139.537    225.7    992.1
     1     1    16     4     9    15     0     0   -69.0   46.536 -139.421    210.5    994.2
     1     1    16     4     9    14     0     0   -70.0   46.268 -139.300    196.6    996.1
     1     1    16     4     9    13     0     0   -71.0   46.023 -139.172    184.0    997.5
     1     1    16     4     9    12     0     0   -72.0   45.806 -139.038    172.3    998.9
