     1     1
    CDC1    15    12     1     0     0
     1 BACKWARD OMEGA   
    15    12     7     6   60.984 -139.059   750.0
     1 PRESSURE
     1     1    15    12     7     6     0     0     0.0   60.984 -139.059    750.0    786.0
     1     1    15    12     7     5     0     0    -1.0   60.920 -138.916    744.0    787.7
     1     1    15    12     7     4     0     0    -2.0   60.859 -138.759    740.8    788.9
     1     1    15    12     7     3     0     0    -3.0   60.803 -138.587    740.1    789.7
     1     1    15    12     7     2     0     0    -4.0   60.751 -138.403    741.9    790.2
     1     1    15    12     7     1     0     0    -5.0   60.704 -138.206    746.2    790.4
     1     1    15    12     7     0     0     0    -6.0   60.661 -137.999    752.8    790.2
     1     1    15    12     6    23     0     0    -7.0   60.616 -137.776    761.2    790.0
     1     1    15    12     6    22     0     0    -8.0   60.561 -137.534    770.4    789.9
     1     1    15    12     6    21     0     0    -9.0   60.495 -137.271    780.7    789.6
     1     1    15    12     6    20     0     0   -10.0   60.416 -136.989    792.5    789.1
     1     1    15    12     6    19     0     0   -11.0   60.320 -136.684    805.9    788.6
     1     1    15    12     6    18     0     0   -12.0   60.205 -136.355    821.6    788.0
     1     1    15    12     6    17     0     0   -13.0   60.070 -135.996    834.8    787.4
     1     1    15    12     6    16     0     0   -14.0   59.920 -135.603    841.4    789.0
     1     1    15    12     6    15     0     0   -15.0   59.753 -135.172    839.5    792.4
     1     1    15    12     6    14     0     0   -16.0   59.566 -134.703    827.1    795.8
     1     1    15    12     6    13     0     0   -17.0   59.353 -134.199    804.4    799.2
     1     1    15    12     6    12     0     0   -18.0   59.109 -133.658    771.9    803.1
     1     1    15    12     6    11     0     0   -19.0   58.843 -133.104    736.1    807.5
     1     1    15    12     6    10     0     0   -20.0   58.568 -132.560    703.3    810.2
     1     1    15    12     6     9     0     0   -21.0   58.292 -132.035    673.1    811.6
     1     1    15    12     6     8     0     0   -22.0   58.022 -131.536    645.3    811.5
     1     1    15    12     6     7     0     0   -23.0   57.762 -131.059    618.4    810.1
     1     1    15    12     6     6     0     0   -24.0   57.513 -130.599    591.0    807.6
     1     1    15    12     6     5     0     0   -25.0   57.267 -130.174    564.6    808.9
     1     1    15    12     6     4     0     0   -26.0   57.019 -129.794    540.5    812.6
     1     1    15    12     6     3     0     0   -27.0   56.779 -129.446    520.4    817.1
     1     1    15    12     6     2     0     0   -28.0   56.551 -129.117    504.6    820.7
     1     1    15    12     6     1     0     0   -29.0   56.333 -128.790    493.4    823.4
     1     1    15    12     6     0     0     0   -30.0   56.119 -128.452    487.4    824.9
     1     1    15    12     5    23     0     0   -31.0   55.891 -128.114    482.0    825.2
     1     1    15    12     5    22     0     0   -32.0   55.626 -127.789    472.4    826.9
     1     1    15    12     5    21     0     0   -33.0   55.314 -127.476    458.6    829.9
     1     1    15    12     5    20     0     0   -34.0   54.951 -127.178    441.7    836.7
     1     1    15    12     5    19     0     0   -35.0   54.552 -126.910    417.3    843.4
     1     1    15    12     5    18     0     0   -36.0   54.135 -126.673    380.7    851.5
     1     1    15    12     5    17     0     0   -37.0   53.717 -126.431    336.8    859.7
     1     1    15    12     5    16     0     0   -38.0   53.314 -126.167    293.0    865.9
     1     1    15    12     5    15     0     0   -39.0   52.933 -125.884    251.4    870.8
     1     1    15    12     5    14     0     0   -40.0   52.581 -125.584    214.0    874.1
     1     1    15    12     5    13     0     0   -41.0   52.263 -125.282    182.8    877.7
     1     1    15    12     5    12     0     0   -42.0   51.976 -124.995    156.1    880.5
     1     1    15    12     5    11     0     0   -43.0   51.705 -124.761    129.6    884.5
     1     1    15    12     5    10     0     0   -44.0   51.442 -124.602    100.6    890.1
     1     1    15    12     5     9     0     0   -45.0   51.190 -124.499     69.4    897.1
     1     1    15    12     5     8     0     0   -46.0   50.963 -124.431     40.9    903.0
     1     1    15    12     5     7     0     0   -47.0   50.778 -124.387     21.6    908.8
     1     1    15    12     5     6     0     0   -48.0   50.619 -124.373      8.9    912.4
     1     1    15    12     5     5     0     0   -49.0   50.473 -124.362      1.5    914.4
     1     1    15    12     5     4     0     0   -50.0   50.318 -124.332      0.0    916.3
     1     1    15    12     5     3     0     0   -51.0   50.157 -124.286      0.0    918.1
     1     1    15    12     5     2     0     0   -52.0   49.996 -124.229      0.0    919.7
     1     1    15    12     5     1     0     0   -53.0   49.834 -124.169      0.0    923.8
     1     1    15    12     5     0     0     0   -54.0   49.668 -124.116      0.0    928.1
     1     1    15    12     4    23     0     0   -55.0   49.502 -124.076      0.0    932.4
     1     1    15    12     4    22     0     0   -56.0   49.343 -124.054      0.0    936.8
     1     1    15    12     4    21     0     0   -57.0   49.191 -124.051      0.0    941.2
     1     1    15    12     4    20     0     0   -58.0   49.045 -124.065      0.0    945.7
     1     1    15    12     4    19     0     0   -59.0   48.907 -124.097      0.0    950.1
     1     1    15    12     4    18     0     0   -60.0   48.776 -124.147      0.0    954.6
     1     1    15    12     4    17     0     0   -61.0   48.646 -124.215      0.0    958.7
     1     1    15    12     4    16     0     0   -62.0   48.510 -124.302      0.0    963.2
     1     1    15    12     4    15     0     0   -63.0   48.368 -124.407      0.0    968.1
     1     1    15    12     4    14     0     0   -64.0   48.218 -124.532      0.0    973.5
     1     1    15    12     4    13     0     0   -65.0   48.062 -124.676      0.0    979.3
     1     1    15    12     4    12     0     0   -66.0   47.899 -124.840      0.0    985.4
     1     1    15    12     4    11     0     0   -67.0   47.735 -125.024      0.0    991.7
     1     1    15    12     4    10     0     0   -68.0   47.573 -125.233      0.0    997.1
     1     1    15    12     4     9     0     0   -69.0   47.409 -125.474      0.0    999.9
     1     1    15    12     4     8     0     0   -70.0   47.242 -125.739      0.0   1001.0
     1     1    15    12     4     7     0     0   -71.0   47.070 -126.022      0.0   1002.4
     1     1    15    12     4     6     0     0   -72.0   46.894 -126.312      0.0   1003.9
