     1     1
    CDC1    15    11     1     0     0
     1 BACKWARD OMEGA   
    15    11    16    12   60.984 -139.059   750.0
     1 PRESSURE
     1     1    15    11    16    12     0     0     0.0   60.984 -139.059    750.0    793.7
     1     1    15    11    16    11     0     0    -1.0   60.873 -139.025    748.8    795.7
     1     1    15    11    16    10     0     0    -2.0   60.763 -138.998    745.8    798.0
     1     1    15    11    16     9     0     0    -3.0   60.656 -138.976    741.1    800.6
     1     1    15    11    16     8     0     0    -4.0   60.552 -138.962    734.6    803.2
     1     1    15    11    16     7     0     0    -5.0   60.451 -138.956    726.5    806.1
     1     1    15    11    16     6     0     0    -6.0   60.353 -138.959    716.8    809.1
     1     1    15    11    16     5     0     0    -7.0   60.256 -138.969    706.2    812.0
     1     1    15    11    16     4     0     0    -8.0   60.157 -138.985    695.3    814.9
     1     1    15    11    16     3     0     0    -9.0   60.056 -139.013    684.2    817.9
     1     1    15    11    16     2     0     0   -10.0   59.953 -139.052    673.4    821.7
     1     1    15    11    16     1     0     0   -11.0   59.847 -139.106    663.5    826.5
     1     1    15    11    16     0     0     0   -12.0   59.738 -139.177    654.5    831.3
     1     1    15    11    15    23     0     0   -13.0   59.632 -139.262    644.7    835.9
     1     1    15    11    15    22     0     0   -14.0   59.534 -139.354    631.9    840.9
     1     1    15    11    15    21     0     0   -15.0   59.445 -139.457    616.2    845.9
     1     1    15    11    15    20     0     0   -16.0   59.367 -139.574    597.5    850.8
     1     1    15    11    15    19     0     0   -17.0   59.301 -139.708    576.1    855.5
     1     1    15    11    15    18     0     0   -18.0   59.249 -139.862    552.1    860.2
     1     1    15    11    15    17     0     0   -19.0   59.206 -140.019    527.7    864.7
     1     1    15    11    15    16     0     0   -20.0   59.168 -140.162    504.5    869.3
     1     1    15    11    15    15     0     0   -21.0   59.133 -140.292    482.3    873.5
     1     1    15    11    15    14     0     0   -22.0   59.100 -140.411    461.1    877.7
     1     1    15    11    15    13     0     0   -23.0   59.069 -140.521    440.7    881.6
     1     1    15    11    15    12     0     0   -24.0   59.038 -140.621    421.2    885.5
     1     1    15    11    15    11     0     0   -25.0   59.010 -140.708    402.3    889.2
     1     1    15    11    15    10     0     0   -26.0   58.986 -140.779    384.2    892.7
     1     1    15    11    15     9     0     0   -27.0   58.965 -140.832    366.7    895.7
     1     1    15    11    15     8     0     0   -28.0   58.945 -140.871    349.9    898.3
     1     1    15    11    15     7     0     0   -29.0   58.927 -140.895    333.7    900.7
     1     1    15    11    15     6     0     0   -30.0   58.911 -140.905    317.9    902.9
     1     1    15    11    15     5     0     0   -31.0   58.897 -140.916    301.6    905.1
     1     1    15    11    15     4     0     0   -32.0   58.887 -140.945    284.0    907.5
     1     1    15    11    15     3     0     0   -33.0   58.881 -140.993    265.5    910.1
     1     1    15    11    15     2     0     0   -34.0   58.877 -141.061    246.5    912.7
     1     1    15    11    15     1     0     0   -35.0   58.876 -141.150    227.6    915.5
     1     1    15    11    15     0     0     0   -36.0   58.878 -141.263    208.9    918.4
     1     1    15    11    14    23     0     0   -37.0   58.885 -141.399    191.8    920.5
     1     1    15    11    14    22     0     0   -38.0   58.902 -141.557    177.2    921.6
     1     1    15    11    14    21     0     0   -39.0   58.929 -141.733    164.8    922.3
     1     1    15    11    14    20     0     0   -40.0   58.968 -141.926    154.6    922.4
     1     1    15    11    14    19     0     0   -41.0   59.021 -142.134    146.7    922.0
     1     1    15    11    14    18     0     0   -42.0   59.087 -142.354    140.9    920.9
     1     1    15    11    14    17     0     0   -43.0   59.162 -142.556    136.8    919.5
     1     1    15    11    14    16     0     0   -44.0   59.236 -142.714    133.6    918.0
     1     1    15    11    14    15     0     0   -45.0   59.310 -142.825    130.9    916.1
     1     1    15    11    14    14     0     0   -46.0   59.382 -142.887    127.9    914.0
     1     1    15    11    14    13     0     0   -47.0   59.451 -142.903    124.2    911.7
     1     1    15    11    14    12     0     0   -48.0   59.513 -142.871    119.5    909.4
     1     1    15    11    14    11     0     0   -49.0   59.575 -142.815    114.7    907.0
     1     1    15    11    14    10     0     0   -50.0   59.647 -142.760    110.7    904.0
     1     1    15    11    14     9     0     0   -51.0   59.730 -142.705    107.5    900.5
     1     1    15    11    14     8     0     0   -52.0   59.825 -142.649    105.0    896.5
     1     1    15    11    14     7     0     0   -53.0   59.934 -142.593    103.2    891.8
     1     1    15    11    14     6     0     0   -54.0   60.059 -142.541    102.2    887.3
     1     1    15    11    14     5     0     0   -55.0   60.185 -142.483    101.7    883.5
     1     1    15    11    14     4     0     0   -56.0   60.299 -142.408    100.9    880.2
     1     1    15    11    14     3     0     0   -57.0   60.399 -142.318     99.8    877.2
     1     1    15    11    14     2     0     0   -58.0   60.484 -142.213     98.2    874.6
     1     1    15    11    14     1     0     0   -59.0   60.556 -142.094     96.1    872.2
     1     1    15    11    14     0     0     0   -60.0   60.612 -141.961     93.3    870.3
     1     1    15    11    13    23     0     0   -61.0   60.660 -141.820     90.4    868.4
     1     1    15    11    13    22     0     0   -62.0   60.706 -141.672     87.7    866.4
     1     1    15    11    13    21     0     0   -63.0   60.748 -141.519     85.3    864.4
     1     1    15    11    13    20     0     0   -64.0   60.786 -141.359     83.1    862.4
     1     1    15    11    13    19     0     0   -65.0   60.819 -141.194     81.1    860.5
     1     1    15    11    13    18     0     0   -66.0   60.846 -141.020     79.2    858.6
     1     1    15    11    13    17     0     0   -67.0   60.864 -140.816     77.1    857.4
     1     1    15    11    13    16     0     0   -68.0   60.869 -140.555     74.1    856.5
     1     1    15    11    13    15     0     0   -69.0   60.859 -140.234     70.1    855.6
     1     1    15    11    13    14     0     0   -70.0   60.835 -139.849     64.8    855.2
     1     1    15    11    13    13     0     0   -71.0   60.801 -139.404     58.1    855.7
     1     1    15    11    13    12     0     0   -72.0   60.760 -138.905     50.0    856.3
