     1     1
    CDC1    15    12     1     0     0
     1 BACKWARD OMEGA   
    15    12    29     6   60.984 -139.059   750.0
     1 PRESSURE
     1     1    15    12    29     6     0     0     0.0   60.984 -139.059    750.0    804.6
     1     1    15    12    29     5     0     0    -1.0   60.660 -139.444    708.3    813.9
     1     1    15    12    29     4     0     0    -2.0   60.309 -139.686    648.9    826.4
     1     1    15    12    29     3     0     0    -3.0   59.934 -139.782    571.3    842.4
     1     1    15    12    29     2     0     0    -4.0   59.552 -139.742    487.8    864.6
     1     1    15    12    29     1     0     0    -5.0   59.172 -139.587    407.4    886.3
     1     1    15    12    29     0     0     0    -6.0   58.790 -139.318    333.7    906.7
     1     1    15    12    28    23     0     0    -7.0   58.415 -138.938    272.1    926.7
     1     1    15    12    28    22     0     0    -8.0   58.054 -138.466    223.4    944.5
     1     1    15    12    28    21     0     0    -9.0   57.708 -137.916    184.8    959.7
     1     1    15    12    28    20     0     0   -10.0   57.382 -137.320    153.0    969.7
     1     1    15    12    28    19     0     0   -11.0   57.086 -136.737    126.0    973.8
     1     1    15    12    28    18     0     0   -12.0   56.822 -136.201    103.8    978.3
     1     1    15    12    28    17     0     0   -13.0   56.596 -135.723     86.4    982.8
     1     1    15    12    28    16     0     0   -14.0   56.412 -135.311     73.3    986.7
     1     1    15    12    28    15     0     0   -15.0   56.264 -134.959     63.5    989.3
     1     1    15    12    28    14     0     0   -16.0   56.144 -134.665     56.0    988.9
     1     1    15    12    28    13     0     0   -17.0   56.048 -134.421     50.8    988.6
     1     1    15    12    28    12     0     0   -18.0   55.977 -134.223     47.6    988.3
     1     1    15    12    28    11     0     0   -19.0   55.926 -134.058     45.9    987.0
     1     1    15    12    28    10     0     0   -20.0   55.889 -133.915     45.0    985.8
     1     1    15    12    28     9     0     0   -21.0   55.864 -133.791     44.9    984.5
     1     1    15    12    28     8     0     0   -22.0   55.851 -133.684     45.5    983.0
     1     1    15    12    28     7     0     0   -23.0   55.850 -133.592     46.7    981.5
     1     1    15    12    28     6     0     0   -24.0   55.859 -133.514     48.7    979.8
     1     1    15    12    28     5     0     0   -25.0   55.876 -133.443     51.4    977.8
     1     1    15    12    28     4     0     0   -26.0   55.897 -133.374     55.1    975.7
     1     1    15    12    28     3     0     0   -27.0   55.921 -133.308     59.9    973.5
     1     1    15    12    28     2     0     0   -28.0   55.949 -133.245     66.1    971.1
     1     1    15    12    28     1     0     0   -29.0   55.979 -133.186     73.9    968.6
     1     1    15    12    28     0     0     0   -30.0   56.011 -133.132     83.6    965.3
     1     1    15    12    27    23     0     0   -31.0   56.042 -133.075     95.0    961.7
     1     1    15    12    27    22     0     0   -32.0   56.065 -133.010    108.1    958.1
     1     1    15    12    27    21     0     0   -33.0   56.082 -132.938    123.0    954.4
     1     1    15    12    27    20     0     0   -34.0   56.089 -132.856    139.5    950.7
     1     1    15    12    27    19     0     0   -35.0   56.087 -132.766    157.7    947.0
     1     1    15    12    27    18     0     0   -36.0   56.075 -132.666    177.6    943.4
     1     1    15    12    27    17     0     0   -37.0   56.057 -132.561    198.9    940.0
     1     1    15    12    27    16     0     0   -38.0   56.039 -132.458    221.3    935.6
     1     1    15    12    27    15     0     0   -39.0   56.018 -132.358    245.3    931.0
     1     1    15    12    27    14     0     0   -40.0   55.995 -132.260    271.3    926.4
     1     1    15    12    27    13     0     0   -41.0   55.971 -132.166    299.4    921.8
     1     1    15    12    27    12     0     0   -42.0   55.946 -132.076    329.9    917.2
     1     1    15    12    27    11     0     0   -43.0   55.912 -132.001    358.4    913.0
     1     1    15    12    27    10     0     0   -44.0   55.861 -131.950    380.2    910.7
     1     1    15    12    27     9     0     0   -45.0   55.792 -131.922    394.4    909.8
     1     1    15    12    27     8     0     0   -46.0   55.707 -131.914    400.8    910.7
     1     1    15    12    27     7     0     0   -47.0   55.605 -131.922    399.3    913.4
     1     1    15    12    27     6     0     0   -48.0   55.488 -131.943    390.3    917.6
     1     1    15    12    27     5     0     0   -49.0   55.369 -131.960    376.8    922.3
     1     1    15    12    27     4     0     0   -50.0   55.263 -131.964    362.2    925.9
     1     1    15    12    27     3     0     0   -51.0   55.169 -131.958    346.6    929.2
     1     1    15    12    27     2     0     0   -52.0   55.090 -131.949    330.0    932.2
     1     1    15    12    27     1     0     0   -53.0   55.026 -131.941    312.7    935.0
     1     1    15    12    27     0     0     0   -54.0   54.977 -131.935    294.8    937.4
     1     1    15    12    26    23     0     0   -55.0   54.931 -131.926    274.7    939.7
     1     1    15    12    26    22     0     0   -56.0   54.874 -131.904    251.2    942.7
     1     1    15    12    26    21     0     0   -57.0   54.805 -131.870    224.9    946.1
     1     1    15    12    26    20     0     0   -58.0   54.724 -131.820    196.2    950.1
     1     1    15    12    26    19     0     0   -59.0   54.628 -131.754    165.5    953.2
     1     1    15    12    26    18     0     0   -60.0   54.510 -131.667    133.4    956.9
     1     1    15    12    26    17     0     0   -61.0   54.361 -131.532    103.0    961.9
     1     1    15    12    26    16     0     0   -62.0   54.173 -131.320     76.7    966.2
     1     1    15    12    26    15     0     0   -63.0   53.938 -131.029     54.9    968.5
     1     1    15    12    26    14     0     0   -64.0   53.655 -130.664     38.2    971.1
     1     1    15    12    26    13     0     0   -65.0   53.328 -130.233     26.5    974.3
     1     1    15    12    26    12     0     0   -66.0   52.974 -129.758     19.0    976.9
     1     1    15    12    26    11     0     0   -67.0   52.633 -129.304     14.3    977.4
     1     1    15    12    26    10     0     0   -68.0   52.333 -128.915     11.1    976.6
     1     1    15    12    26     9     0     0   -69.0   52.077 -128.590      8.7    975.3
     1     1    15    12    26     8     0     0   -70.0   51.863 -128.325      6.5    974.6
     1     1    15    12    26     7     0     0   -71.0   51.683 -128.112      4.5    974.4
     1     1    15    12    26     6     0     0   -72.0   51.531 -127.944      2.6    974.6
