     1     1
    CDC1    16     2     1     0     0
     1 BACKWARD OMEGA   
    16     2    29    18   60.984 -139.059   750.0
     1 PRESSURE
     1     1    16     2    29    18     0     0     0.0   60.984 -139.059    750.0    808.2
     1     1    16     2    29    17     0     0    -1.0   61.001 -139.312    742.9    808.8
     1     1    16     2    29    16     0     0    -2.0   61.012 -139.588    739.5    809.0
     1     1    16     2    29    15     0     0    -3.0   61.018 -139.886    740.1    808.9
     1     1    16     2    29    14     0     0    -4.0   61.019 -140.208    745.5    809.0
     1     1    16     2    29    13     0     0    -5.0   61.012 -140.556    755.9    809.0
     1     1    16     2    29    12     0     0    -6.0   60.997 -140.931    771.7    808.7
     1     1    16     2    29    11     0     0    -7.0   60.967 -141.316    786.6    808.0
     1     1    16     2    29    10     0     0    -8.0   60.911 -141.692    793.9    809.3
     1     1    16     2    29     9     0     0    -9.0   60.827 -142.058    793.1    812.0
     1     1    16     2    29     8     0     0   -10.0   60.715 -142.417    783.0    816.3
     1     1    16     2    29     7     0     0   -11.0   60.573 -142.771    762.5    823.2
     1     1    16     2    29     6     0     0   -12.0   60.400 -143.125    730.0    832.6
     1     1    16     2    29     5     0     0   -13.0   60.203 -143.444    690.1    843.7
     1     1    16     2    29     4     0     0   -14.0   59.989 -143.692    647.6    854.7
     1     1    16     2    29     3     0     0   -15.0   59.758 -143.873    604.3    867.9
     1     1    16     2    29     2     0     0   -16.0   59.505 -143.995    563.1    880.3
     1     1    16     2    29     1     0     0   -17.0   59.235 -144.075    525.0    892.9
     1     1    16     2    29     0     0     0   -18.0   58.947 -144.131    490.7    905.6
     1     1    16     2    28    23     0     0   -19.0   58.649 -144.188    461.0    918.1
     1     1    16     2    28    22     0     0   -20.0   58.345 -144.267    436.4    930.2
     1     1    16     2    28    21     0     0   -21.0   58.032 -144.376    416.7    942.1
     1     1    16     2    28    20     0     0   -22.0   57.709 -144.525    401.7    953.9
     1     1    16     2    28    19     0     0   -23.0   57.373 -144.723    390.2    960.5
     1     1    16     2    28    18     0     0   -24.0   57.026 -144.979    381.4    958.5
     1     1    16     2    28    17     0     0   -25.0   56.662 -145.251    373.0    954.7
     1     1    16     2    28    16     0     0   -26.0   56.275 -145.512    363.6    950.8
     1     1    16     2    28    15     0     0   -27.0   55.864 -145.797    353.2    946.2
     1     1    16     2    28    14     0     0   -28.0   55.430 -146.139    342.1    940.8
     1     1    16     2    28    13     0     0   -29.0   54.974 -146.574    330.6    934.6
     1     1    16     2    28    12     0     0   -30.0   54.514 -147.083    320.5    934.9
     1     1    16     2    28    11     0     0   -31.0   54.083 -147.620    311.5    936.6
     1     1    16     2    28    10     0     0   -32.0   53.691 -148.187    303.0    939.2
     1     1    16     2    28     9     0     0   -33.0   53.337 -148.807    295.2    941.8
     1     1    16     2    28     8     0     0   -34.0   53.017 -149.501    288.5    944.5
     1     1    16     2    28     7     0     0   -35.0   52.728 -150.283    283.5    947.3
     1     1    16     2    28     6     0     0   -36.0   52.467 -151.150    280.2    949.2
     1     1    16     2    28     5     0     0   -37.0   52.240 -152.048    276.9    948.7
     1     1    16     2    28     4     0     0   -38.0   52.052 -152.933    272.3    948.0
     1     1    16     2    28     3     0     0   -39.0   51.902 -153.815    266.4    946.6
     1     1    16     2    28     2     0     0   -40.0   51.787 -154.696    259.9    945.4
     1     1    16     2    28     1     0     0   -41.0   51.702 -155.570    252.8    944.6
     1     1    16     2    28     0     0     0   -42.0   51.638 -156.426    245.1    944.3
     1     1    16     2    27    23     0     0   -43.0   51.592 -157.240    237.4    945.0
     1     1    16     2    27    22     0     0   -44.0   51.556 -157.991    230.4    946.9
     1     1    16     2    27    21     0     0   -45.0   51.519 -158.675    224.1    949.2
     1     1    16     2    27    20     0     0   -46.0   51.472 -159.296    218.6    951.3
     1     1    16     2    27    19     0     0   -47.0   51.408 -159.857    214.2    953.3
     1     1    16     2    27    18     0     0   -48.0   51.327 -160.370    210.6    954.7
     1     1    16     2    27    17     0     0   -49.0   51.236 -160.845    207.4    955.7
     1     1    16     2    27    16     0     0   -50.0   51.137 -161.291    204.4    956.7
     1     1    16     2    27    15     0     0   -51.0   51.032 -161.714    201.5    957.6
     1     1    16     2    27    14     0     0   -52.0   50.924 -162.122    198.8    958.5
     1     1    16     2    27    13     0     0   -53.0   50.812 -162.522    196.3    959.3
     1     1    16     2    27    12     0     0   -54.0   50.705 -162.919    193.7    959.4
     1     1    16     2    27    11     0     0   -55.0   50.609 -163.321    191.3    959.8
     1     1    16     2    27    10     0     0   -56.0   50.526 -163.728    189.3    960.0
     1     1    16     2    27     9     0     0   -57.0   50.455 -164.142    188.0    960.2
     1     1    16     2    27     8     0     0   -58.0   50.396 -164.565    187.4    960.3
     1     1    16     2    27     7     0     0   -59.0   50.348 -164.998    187.9    960.2
     1     1    16     2    27     6     0     0   -60.0   50.313 -165.439    189.3    959.7
     1     1    16     2    27     5     0     0   -61.0   50.286 -165.888    190.9    958.6
     1     1    16     2    27     4     0     0   -62.0   50.267 -166.348    192.2    957.4
     1     1    16     2    27     3     0     0   -63.0   50.258 -166.822    193.2    956.2
     1     1    16     2    27     2     0     0   -64.0   50.264 -167.313    193.7    955.0
     1     1    16     2    27     1     0     0   -65.0   50.289 -167.820    194.0    954.6
     1     1    16     2    27     0     0     0   -66.0   50.337 -168.338    193.9    954.6
     1     1    16     2    26    23     0     0   -67.0   50.403 -168.861    193.7    955.0
     1     1    16     2    26    22     0     0   -68.0   50.480 -169.387    193.1    955.4
     1     1    16     2    26    21     0     0   -69.0   50.565 -169.917    192.1    955.9
     1     1    16     2    26    20     0     0   -70.0   50.655 -170.446    190.5    956.8
     1     1    16     2    26    19     0     0   -71.0   50.745 -170.968    188.1    957.7
     1     1    16     2    26    18     0     0   -72.0   50.837 -171.483    185.0    958.7
