     1     1
    CDC1    15    12     1     0     0
     1 BACKWARD OMEGA   
    15    12    18     6   60.984 -139.059   750.0
     1 PRESSURE
     1     1    15    12    18     6     0     0     0.0   60.984 -139.059    750.0    793.2
     1     1    15    12    18     5     0     0    -1.0   60.791 -138.692    750.4    795.8
     1     1    15    12    18     4     0     0    -2.0   60.580 -138.274    748.4    798.8
     1     1    15    12    18     3     0     0    -3.0   60.352 -137.810    743.0    802.2
     1     1    15    12    18     2     0     0    -4.0   60.109 -137.308    733.0    805.9
     1     1    15    12    18     1     0     0    -5.0   59.853 -136.781    717.5    812.0
     1     1    15    12    18     0     0     0    -6.0   59.588 -136.242    696.0    820.3
     1     1    15    12    17    23     0     0    -7.0   59.324 -135.696    667.8    828.9
     1     1    15    12    17    22     0     0    -8.0   59.070 -135.146    633.8    837.5
     1     1    15    12    17    21     0     0    -9.0   58.825 -134.597    594.4    843.6
     1     1    15    12    17    20     0     0   -10.0   58.587 -134.053    551.0    847.8
     1     1    15    12    17    19     0     0   -11.0   58.356 -133.516    504.5    851.6
     1     1    15    12    17    18     0     0   -12.0   58.134 -132.989    455.9    854.9
     1     1    15    12    17    17     0     0   -13.0   57.920 -132.469    407.9    858.2
     1     1    15    12    17    16     0     0   -14.0   57.703 -131.951    362.4    859.5
     1     1    15    12    17    15     0     0   -15.0   57.472 -131.438    319.2    859.2
     1     1    15    12    17    14     0     0   -16.0   57.225 -130.934    278.1    861.4
     1     1    15    12    17    13     0     0   -17.0   56.960 -130.438    238.4    864.0
     1     1    15    12    17    12     0     0   -18.0   56.682 -129.949    199.0    867.9
     1     1    15    12    17    11     0     0   -19.0   56.432 -129.498    165.3    873.7
     1     1    15    12    17    10     0     0   -20.0   56.233 -129.104    140.6    876.7
     1     1    15    12    17     9     0     0   -21.0   56.075 -128.760    122.5    878.5
     1     1    15    12    17     8     0     0   -22.0   55.954 -128.464    109.6    879.4
     1     1    15    12    17     7     0     0   -23.0   55.866 -128.216    100.6    879.6
     1     1    15    12    17     6     0     0   -24.0   55.807 -128.015     94.7    879.4
     1     1    15    12    17     5     0     0   -25.0   55.769 -127.851     91.8    879.0
     1     1    15    12    17     4     0     0   -26.0   55.745 -127.711     91.5    878.3
     1     1    15    12    17     3     0     0   -27.0   55.728 -127.594     93.7    877.4
     1     1    15    12    17     2     0     0   -28.0   55.717 -127.497     98.2    876.4
     1     1    15    12    17     1     0     0   -29.0   55.708 -127.418    104.8    876.3
     1     1    15    12    17     0     0     0   -30.0   55.697 -127.354    113.5    876.0
     1     1    15    12    16    23     0     0   -31.0   55.686 -127.307    123.6    875.1
     1     1    15    12    16    22     0     0   -32.0   55.677 -127.278    134.4    874.3
     1     1    15    12    16    21     0     0   -33.0   55.671 -127.267    146.2    873.5
     1     1    15    12    16    20     0     0   -34.0   55.669 -127.273    159.1    872.5
     1     1    15    12    16    19     0     0   -35.0   55.672 -127.297    173.2    871.4
     1     1    15    12    16    18     0     0   -36.0   55.680 -127.336    188.8    870.2
     1     1    15    12    16    17     0     0   -37.0   55.700 -127.399    205.4    868.3
     1     1    15    12    16    16     0     0   -38.0   55.738 -127.493    222.2    866.1
     1     1    15    12    16    15     0     0   -39.0   55.792 -127.619    239.1    865.2
     1     1    15    12    16    14     0     0   -40.0   55.862 -127.781    255.6    864.6
     1     1    15    12    16    13     0     0   -41.0   55.949 -127.983    270.8    864.5
     1     1    15    12    16    12     0     0   -42.0   56.051 -128.228    284.0    864.8
     1     1    15    12    16    11     0     0   -43.0   56.158 -128.501    295.6    865.1
     1     1    15    12    16    10     0     0   -44.0   56.263 -128.782    306.7    865.4
     1     1    15    12    16     9     0     0   -45.0   56.366 -129.070    316.9    865.7
     1     1    15    12    16     8     0     0   -46.0   56.466 -129.365    325.8    866.2
     1     1    15    12    16     7     0     0   -47.0   56.562 -129.666    332.7    866.9
     1     1    15    12    16     6     0     0   -48.0   56.653 -129.974    337.1    867.9
     1     1    15    12    16     5     0     0   -49.0   56.740 -130.296    338.7    871.3
     1     1    15    12    16     4     0     0   -50.0   56.826 -130.637    336.6    875.7
     1     1    15    12    16     3     0     0   -51.0   56.910 -130.992    330.9    880.9
     1     1    15    12    16     2     0     0   -52.0   56.990 -131.355    321.5    886.7
     1     1    15    12    16     1     0     0   -53.0   57.068 -131.722    308.5    893.0
     1     1    15    12    16     0     0     0   -54.0   57.146 -132.088    291.8    899.8
     1     1    15    12    15    23     0     0   -55.0   57.215 -132.455    271.9    906.9
     1     1    15    12    15    22     0     0   -56.0   57.274 -132.829    251.2    913.9
     1     1    15    12    15    21     0     0   -57.0   57.324 -133.214    231.6    921.0
     1     1    15    12    15    20     0     0   -58.0   57.366 -133.606    213.6    928.5
     1     1    15    12    15    19     0     0   -59.0   57.399 -134.001    197.9    936.0
     1     1    15    12    15    18     0     0   -60.0   57.424 -134.396    184.6    942.9
     1     1    15    12    15    17     0     0   -61.0   57.436 -134.780    172.6    949.9
     1     1    15    12    15    16     0     0   -62.0   57.434 -135.154    160.7    955.7
     1     1    15    12    15    15     0     0   -63.0   57.422 -135.537    149.0    960.0
     1     1    15    12    15    14     0     0   -64.0   57.406 -135.947    137.8    964.5
     1     1    15    12    15    13     0     0   -65.0   57.387 -136.392    127.5    969.3
     1     1    15    12    15    12     0     0   -66.0   57.367 -136.882    118.4    974.4
     1     1    15    12    15    11     0     0   -67.0   57.349 -137.426    110.7    979.6
     1     1    15    12    15    10     0     0   -68.0   57.339 -138.012    101.9    983.0
     1     1    15    12    15     9     0     0   -69.0   57.334 -138.622     89.7    986.8
     1     1    15    12    15     8     0     0   -70.0   57.333 -139.256     73.6    991.4
     1     1    15    12    15     7     0     0   -71.0   57.335 -139.920     53.5    995.7
     1     1    15    12    15     6     0     0   -72.0   57.328 -140.621     34.1   1001.4
