     1     1
    CDC1    16     3     1     0     0
     1 BACKWARD OMEGA   
    16     3     7     6   60.984 -139.059   750.0
     1 PRESSURE
     1     1    16     3     7     6     0     0     0.0   60.984 -139.059    750.0    789.7
     1     1    16     3     7     5     0     0    -1.0   60.892 -138.778    757.9    789.9
     1     1    16     3     7     4     0     0    -2.0   60.819 -138.487    767.8    789.5
     1     1    16     3     7     3     0     0    -3.0   60.764 -138.188    779.6    788.5
     1     1    16     3     7     2     0     0    -4.0   60.728 -137.883    793.0    787.1
     1     1    16     3     7     1     0     0    -5.0   60.711 -137.575    808.1    785.3
     1     1    16     3     7     0     0     0    -6.0   60.714 -137.266    824.4    782.8
     1     1    16     3     6    23     0     0    -7.0   60.724 -136.957    842.9    780.1
     1     1    16     3     6    22     0     0    -8.0   60.732 -136.644    866.1    776.8
     1     1    16     3     6    21     0     0    -9.0   60.736 -136.326    893.0    773.3
     1     1    16     3     6    20     0     0   -10.0   60.734 -136.001    923.2    769.1
     1     1    16     3     6    19     0     0   -11.0   60.725 -135.669    956.2    764.7
     1     1    16     3     6    18     0     0   -12.0   60.707 -135.327    991.7    760.2
     1     1    16     3     6    17     0     0   -13.0   60.678 -134.993   1026.8    756.4
     1     1    16     3     6    16     0     0   -14.0   60.637 -134.687   1058.4    752.6
     1     1    16     3     6    15     0     0   -15.0   60.587 -134.410   1087.4    749.5
     1     1    16     3     6    14     0     0   -16.0   60.529 -134.160   1114.7    746.7
     1     1    16     3     6    13     0     0   -17.0   60.467 -133.935   1141.4    744.1
     1     1    16     3     6    12     0     0   -18.0   60.404 -133.734   1168.4    741.7
     1     1    16     3     6    11     0     0   -19.0   60.335 -133.557   1196.2    739.0
     1     1    16     3     6    10     0     0   -20.0   60.257 -133.404   1223.4    736.6
     1     1    16     3     6     9     0     0   -21.0   60.170 -133.278   1250.5    734.3
     1     1    16     3     6     8     0     0   -22.0   60.073 -133.181   1277.3    732.1
     1     1    16     3     6     7     0     0   -23.0   59.967 -133.116   1303.8    730.4
     1     1    16     3     6     6     0     0   -24.0   59.852 -133.080   1329.5    729.7
     1     1    16     3     6     5     0     0   -25.0   59.726 -133.054   1352.8    729.5
     1     1    16     3     6     4     0     0   -26.0   59.588 -133.018   1371.4    730.0
     1     1    16     3     6     3     0     0   -27.0   59.437 -132.974   1385.8    731.0
     1     1    16     3     6     2     0     0   -28.0   59.270 -132.927   1396.6    732.6
     1     1    16     3     6     1     0     0   -29.0   59.087 -132.876   1404.3    734.7
     1     1    16     3     6     0     0     0   -30.0   58.886 -132.826   1409.6    737.3
     1     1    16     3     5    23     0     0   -31.0   58.676 -132.759   1412.9    739.4
     1     1    16     3     5    22     0     0   -32.0   58.468 -132.656   1414.1    741.2
     1     1    16     3     5    21     0     0   -33.0   58.266 -132.511   1411.0    742.6
     1     1    16     3     5    20     0     0   -34.0   58.069 -132.320   1401.7    743.6
     1     1    16     3     5    19     0     0   -35.0   57.876 -132.080   1383.9    744.4
     1     1    16     3     5    18     0     0   -36.0   57.687 -131.785   1355.7    745.0
     1     1    16     3     5    17     0     0   -37.0   57.493 -131.484   1322.3    747.1
     1     1    16     3     5    16     0     0   -38.0   57.287 -131.230   1293.0    750.8
     1     1    16     3     5    15     0     0   -39.0   57.074 -131.017   1268.2    754.9
     1     1    16     3     5    14     0     0   -40.0   56.860 -130.829   1247.9    758.9
     1     1    16     3     5    13     0     0   -41.0   56.649 -130.649   1231.9    762.4
     1     1    16     3     5    12     0     0   -42.0   56.444 -130.461   1220.2    765.4
     1     1    16     3     5    11     0     0   -43.0   56.229 -130.286   1208.1    767.8
     1     1    16     3     5    10     0     0   -44.0   55.987 -130.148   1192.3    772.4
     1     1    16     3     5     9     0     0   -45.0   55.718 -130.050   1173.9    778.5
     1     1    16     3     5     8     0     0   -46.0   55.423 -129.992   1154.3    786.1
     1     1    16     3     5     7     0     0   -47.0   55.102 -129.978   1134.6    795.1
     1     1    16     3     5     6     0     0   -48.0   54.756 -130.003   1113.2    804.2
     1     1    16     3     5     5     0     0   -49.0   54.391 -130.022   1083.0    813.0
     1     1    16     3     5     4     0     0   -50.0   54.011 -130.008   1040.7    823.8
     1     1    16     3     5     3     0     0   -51.0   53.617 -129.981    989.4    836.1
     1     1    16     3     5     2     0     0   -52.0   53.209 -129.958    932.4    849.8
     1     1    16     3     5     1     0     0   -53.0   52.786 -129.961    873.7    864.0
     1     1    16     3     5     0     0     0   -54.0   52.347 -130.004    817.4    877.7
     1     1    16     3     4    23     0     0   -55.0   51.898 -130.063    761.7    887.2
     1     1    16     3     4    22     0     0   -56.0   51.442 -130.118    706.7    897.2
     1     1    16     3     4    21     0     0   -57.0   50.983 -130.188    652.8    907.5
     1     1    16     3     4    20     0     0   -58.0   50.520 -130.297    601.0    917.3
     1     1    16     3     4    19     0     0   -59.0   50.054 -130.473    551.9    926.5
     1     1    16     3     4    18     0     0   -60.0   49.590 -130.729    507.3    933.1
     1     1    16     3     4    17     0     0   -61.0   49.133 -131.017    468.8    938.7
     1     1    16     3     4    16     0     0   -62.0   48.680 -131.291    434.6    943.1
     1     1    16     3     4    15     0     0   -63.0   48.229 -131.563    403.8    946.5
     1     1    16     3     4    14     0     0   -64.0   47.780 -131.844    375.5    948.7
     1     1    16     3     4    13     0     0   -65.0   47.340 -132.148    349.6    949.6
     1     1    16     3     4    12     0     0   -66.0   46.927 -132.488    326.9    950.0
     1     1    16     3     4    11     0     0   -67.0   46.539 -132.852    309.4    951.8
     1     1    16     3     4    10     0     0   -68.0   46.163 -133.216    296.9    953.3
     1     1    16     3     4     9     0     0   -69.0   45.796 -133.575    287.8    954.8
     1     1    16     3     4     8     0     0   -70.0   45.437 -133.927    280.8    956.3
     1     1    16     3     4     7     0     0   -71.0   45.090 -134.272    274.8    957.8
     1     1    16     3     4     6     0     0   -72.0   44.755 -134.616    269.0    959.9
