     1     1
    CDC1    15    10     1     0     0
     1 BACKWARD OMEGA   
    15    10     8    12   60.984 -139.059   750.0
     1 PRESSURE
     1     1    15    10     8    12     0     0     0.0   60.984 -139.059    750.0    806.2
     1     1    15    10     8    11     0     0    -1.0   60.725 -138.608    685.3    816.9
     1     1    15    10     8    10     0     0    -2.0   60.481 -138.195    624.5    827.2
     1     1    15    10     8     9     0     0    -3.0   60.253 -137.817    569.2    836.2
     1     1    15    10     8     8     0     0    -4.0   60.043 -137.472    520.4    844.2
     1     1    15    10     8     7     0     0    -5.0   59.849 -137.162    480.0    853.1
     1     1    15    10     8     6     0     0    -6.0   59.667 -136.889    448.3    861.4
     1     1    15    10     8     5     0     0    -7.0   59.493 -136.632    422.7    868.6
     1     1    15    10     8     4     0     0    -8.0   59.322 -136.372    401.3    875.4
     1     1    15    10     8     3     0     0    -9.0   59.152 -136.107    383.9    881.6
     1     1    15    10     8     2     0     0   -10.0   58.980 -135.835    370.4    887.1
     1     1    15    10     8     1     0     0   -11.0   58.804 -135.556    360.8    891.9
     1     1    15    10     8     0     0     0   -12.0   58.622 -135.270    355.1    896.2
     1     1    15    10     7    23     0     0   -13.0   58.438 -134.990    352.3    899.8
     1     1    15    10     7    22     0     0   -14.0   58.259 -134.730    350.2    901.6
     1     1    15    10     7    21     0     0   -15.0   58.085 -134.485    348.4    903.3
     1     1    15    10     7    20     0     0   -16.0   57.919 -134.252    346.6    904.6
     1     1    15    10     7    19     0     0   -17.0   57.762 -134.030    344.4    905.7
     1     1    15    10     7    18     0     0   -18.0   57.615 -133.817    341.8    906.5
     1     1    15    10     7    17     0     0   -19.0   57.474 -133.612    341.2    906.9
     1     1    15    10     7    16     0     0   -20.0   57.333 -133.416    345.4    906.5
     1     1    15    10     7    15     0     0   -21.0   57.191 -133.232    354.2    905.9
     1     1    15    10     7    14     0     0   -22.0   57.048 -133.060    367.7    905.2
     1     1    15    10     7    13     0     0   -23.0   56.903 -132.900    385.6    904.2
     1     1    15    10     7    12     0     0   -24.0   56.755 -132.754    407.8    902.7
     1     1    15    10     7    11     0     0   -25.0   56.610 -132.630    429.4    901.0
     1     1    15    10     7    10     0     0   -26.0   56.475 -132.535    445.8    900.9
     1     1    15    10     7     9     0     0   -27.0   56.351 -132.466    457.5    901.2
     1     1    15    10     7     8     0     0   -28.0   56.239 -132.420    465.0    902.1
     1     1    15    10     7     7     0     0   -29.0   56.142 -132.395    468.6    903.4
     1     1    15    10     7     6     0     0   -30.0   56.060 -132.390    468.7    905.2
     1     1    15    10     7     5     0     0   -31.0   55.985 -132.389    466.4    907.3
     1     1    15    10     7     4     0     0   -32.0   55.909 -132.376    462.7    909.3
     1     1    15    10     7     3     0     0   -33.0   55.832 -132.350    457.6    911.2
     1     1    15    10     7     2     0     0   -34.0   55.754 -132.314    451.2    913.1
     1     1    15    10     7     1     0     0   -35.0   55.676 -132.266    443.4    915.0
     1     1    15    10     7     0     0     0   -36.0   55.595 -132.207    434.3    916.9
     1     1    15    10     6    23     0     0   -37.0   55.523 -132.138    426.6    918.4
     1     1    15    10     6    22     0     0   -38.0   55.466 -132.060    423.3    918.5
     1     1    15    10     6    21     0     0   -39.0   55.426 -131.975    424.3    917.6
     1     1    15    10     6    20     0     0   -40.0   55.401 -131.884    429.8    915.6
     1     1    15    10     6    19     0     0   -41.0   55.392 -131.788    439.8    912.7
     1     1    15    10     6    18     0     0   -42.0   55.398 -131.688    454.6    908.9
     1     1    15    10     6    17     0     0   -43.0   55.411 -131.591    472.8    904.7
     1     1    15    10     6    16     0     0   -44.0   55.427 -131.506    492.8    900.6
     1     1    15    10     6    15     0     0   -45.0   55.446 -131.432    514.8    896.5
     1     1    15    10     6    14     0     0   -46.0   55.468 -131.370    538.9    892.4
     1     1    15    10     6    13     0     0   -47.0   55.493 -131.320    565.4    888.2
     1     1    15    10     6    12     0     0   -48.0   55.521 -131.283    594.2    884.1
     1     1    15    10     6    11     0     0   -49.0   55.550 -131.257    623.0    879.7
     1     1    15    10     6    10     0     0   -50.0   55.579 -131.240    649.0    875.7
     1     1    15    10     6     9     0     0   -51.0   55.607 -131.232    672.1    872.4
     1     1    15    10     6     8     0     0   -52.0   55.635 -131.233    692.6    869.5
     1     1    15    10     6     7     0     0   -53.0   55.662 -131.241    710.5    867.0
     1     1    15    10     6     6     0     0   -54.0   55.689 -131.256    725.9    865.0
     1     1    15    10     6     5     0     0   -55.0   55.719 -131.279    739.7    863.7
     1     1    15    10     6     4     0     0   -56.0   55.755 -131.313    752.0    862.6
     1     1    15    10     6     3     0     0   -57.0   55.797 -131.357    763.1    861.6
     1     1    15    10     6     2     0     0   -58.0   55.845 -131.410    773.0    860.8
     1     1    15    10     6     1     0     0   -59.0   55.900 -131.472    781.8    860.2
     1     1    15    10     6     0     0     0   -60.0   55.962 -131.541    789.7    859.6
     1     1    15    10     5    23     0     0   -61.0   56.023 -131.605    797.9    858.9
     1     1    15    10     5    22     0     0   -62.0   56.075 -131.652    808.2    857.7
     1     1    15    10     5    21     0     0   -63.0   56.118 -131.684    820.2    856.2
     1     1    15    10     5    20     0     0   -64.0   56.150 -131.700    833.9    854.5
     1     1    15    10     5    19     0     0   -65.0   56.173 -131.703    849.3    852.6
     1     1    15    10     5    18     0     0   -66.0   56.186 -131.692    866.3    850.6
     1     1    15    10     5    17     0     0   -67.0   56.199 -131.674    884.5    848.2
     1     1    15    10     5    16     0     0   -68.0   56.225 -131.654    904.5    845.3
     1     1    15    10     5    15     0     0   -69.0   56.263 -131.633    926.1    841.9
     1     1    15    10     5    14     0     0   -70.0   56.314 -131.613    949.3    837.8
     1     1    15    10     5    13     0     0   -71.0   56.379 -131.593    974.0    833.4
     1     1    15    10     5    12     0     0   -72.0   56.457 -131.574   1000.1    828.6
