     1     1
    CDC1    15    11     1     0     0
     1 BACKWARD OMEGA   
    15    11    27    12   60.984 -139.059   750.0
     1 PRESSURE
     1     1    15    11    27    12     0     0     0.0   60.984 -139.059    750.0    814.8
     1     1    15    11    27    11     0     0    -1.0   60.512 -138.951    665.0    831.7
     1     1    15    11    27    10     0     0    -2.0   60.034 -138.831    569.4    851.4
     1     1    15    11    27     9     0     0    -3.0   59.577 -138.685    483.9    876.3
     1     1    15    11    27     8     0     0    -4.0   59.155 -138.521    416.8    897.6
     1     1    15    11    27     7     0     0    -5.0   58.762 -138.338    363.6    916.3
     1     1    15    11    27     6     0     0    -6.0   58.393 -138.136    320.6    932.6
     1     1    15    11    27     5     0     0    -7.0   58.042 -137.906    284.2    947.4
     1     1    15    11    27     4     0     0    -8.0   57.710 -137.644    253.5    961.3
     1     1    15    11    27     3     0     0    -9.0   57.395 -137.369    227.9    971.2
     1     1    15    11    27     2     0     0   -10.0   57.090 -137.100    206.3    975.9
     1     1    15    11    27     1     0     0   -11.0   56.791 -136.844    188.2    980.3
     1     1    15    11    27     0     0     0   -12.0   56.496 -136.597    173.5    984.7
     1     1    15    11    26    23     0     0   -13.0   56.204 -136.360    161.2    989.5
     1     1    15    11    26    22     0     0   -14.0   55.915 -136.136    150.7    994.7
     1     1    15    11    26    21     0     0   -15.0   55.629 -135.926    141.9   1000.2
     1     1    15    11    26    20     0     0   -16.0   55.347 -135.729    134.8   1005.9
     1     1    15    11    26    19     0     0   -17.0   55.069 -135.546    129.2   1011.8
     1     1    15    11    26    18     0     0   -18.0   54.794 -135.376    124.7   1014.1
     1     1    15    11    26    17     0     0   -19.0   54.527 -135.206    122.5   1014.8
     1     1    15    11    26    16     0     0   -20.0   54.272 -135.029    123.5   1015.2
     1     1    15    11    26    15     0     0   -21.0   54.033 -134.845    127.8   1014.0
     1     1    15    11    26    14     0     0   -22.0   53.811 -134.656    135.5   1012.4
     1     1    15    11    26    13     0     0   -23.0   53.608 -134.464    146.9   1010.7
     1     1    15    11    26    12     0     0   -24.0   53.430 -134.270    162.3   1008.8
     1     1    15    11    26    11     0     0   -25.0   53.274 -134.079    179.3   1007.0
     1     1    15    11    26    10     0     0   -26.0   53.139 -133.899    195.0   1005.8
     1     1    15    11    26     9     0     0   -27.0   53.024 -133.732    208.3   1004.5
     1     1    15    11    26     8     0     0   -28.0   52.927 -133.580    218.5   1003.6
     1     1    15    11    26     7     0     0   -29.0   52.849 -133.444    225.3   1003.3
     1     1    15    11    26     6     0     0   -30.0   52.788 -133.322    228.4   1003.4
     1     1    15    11    26     5     0     0   -31.0   52.744 -133.207    231.5   1003.8
     1     1    15    11    26     4     0     0   -32.0   52.719 -133.092    238.7   1003.0
     1     1    15    11    26     3     0     0   -33.0   52.714 -132.978    250.0   1001.4
     1     1    15    11    26     2     0     0   -34.0   52.726 -132.863    265.6    999.2
     1     1    15    11    26     1     0     0   -35.0   52.756 -132.747    286.0    996.3
     1     1    15    11    26     0     0     0   -36.0   52.800 -132.629    311.5    992.6
     1     1    15    11    25    23     0     0   -37.0   52.861 -132.506    340.3    988.4
     1     1    15    11    25    22     0     0   -38.0   52.937 -132.375    369.7    982.7
     1     1    15    11    25    21     0     0   -39.0   53.025 -132.233    399.9    976.2
     1     1    15    11    25    20     0     0   -40.0   53.124 -132.080    430.5    968.8
     1     1    15    11    25    19     0     0   -41.0   53.237 -131.914    462.0    961.1
     1     1    15    11    25    18     0     0   -42.0   53.362 -131.732    494.6    952.9
     1     1    15    11    25    17     0     0   -43.0   53.502 -131.551    529.6    944.2
     1     1    15    11    25    16     0     0   -44.0   53.658 -131.391    568.3    935.2
     1     1    15    11    25    15     0     0   -45.0   53.832 -131.260    611.0    925.9
     1     1    15    11    25    14     0     0   -46.0   54.029 -131.170    658.2    915.9
     1     1    15    11    25    13     0     0   -47.0   54.254 -131.133    710.6    905.6
     1     1    15    11    25    12     0     0   -48.0   54.512 -131.157    768.6    895.5
     1     1    15    11    25    11     0     0   -49.0   54.794 -131.224    829.9    885.5
     1     1    15    11    25    10     0     0   -50.0   55.090 -131.311    891.1    875.6
     1     1    15    11    25     9     0     0   -51.0   55.388 -131.426    949.0    864.6
     1     1    15    11    25     8     0     0   -52.0   55.678 -131.576   1000.6    855.0
     1     1    15    11    25     7     0     0   -53.0   55.954 -131.764   1043.1    847.6
     1     1    15    11    25     6     0     0   -54.0   56.211 -131.989   1074.5    842.7
     1     1    15    11    25     5     0     0   -55.0   56.457 -132.263   1104.0    839.9
     1     1    15    11    25     4     0     0   -56.0   56.702 -132.604   1143.0    835.8
     1     1    15    11    25     3     0     0   -57.0   56.944 -133.004   1191.2    831.0
     1     1    15    11    25     2     0     0   -58.0   57.178 -133.454   1249.5    826.5
     1     1    15    11    25     1     0     0   -59.0   57.401 -133.945   1318.1    821.9
     1     1    15    11    25     0     0     0   -60.0   57.610 -134.468   1397.7    816.5
     1     1    15    11    24    23     0     0   -61.0   57.797 -135.030   1475.6    810.3
     1     1    15    11    24    22     0     0   -62.0   57.955 -135.636   1533.5    804.5
     1     1    15    11    24    21     0     0   -63.0   58.085 -136.283   1572.6    801.5
     1     1    15    11    24    20     0     0   -64.0   58.189 -136.961   1592.5    801.0
     1     1    15    11    24    19     0     0   -65.0   58.269 -137.665   1593.2    802.8
     1     1    15    11    24    18     0     0   -66.0   58.324 -138.385   1575.0    805.5
     1     1    15    11    24    17     0     0   -67.0   58.353 -139.110   1545.2    810.3
     1     1    15    11    24    16     0     0   -68.0   58.359 -139.835   1509.9    816.2
     1     1    15    11    24    15     0     0   -69.0   58.344 -140.560   1473.2    823.9
     1     1    15    11    24    14     0     0   -70.0   58.312 -141.284   1438.5    832.2
     1     1    15    11    24    13     0     0   -71.0   58.268 -142.013   1408.7    840.5
     1     1    15    11    24    12     0     0   -72.0   58.213 -142.754   1386.5    848.8
