     1     1
    CDC1    16     2     1     0     0
     1 BACKWARD OMEGA   
    16     2     8    18   60.984 -139.059   750.0
     1 PRESSURE
     1     1    16     2     8    18     0     0     0.0   60.984 -139.059    750.0    810.6
     1     1    16     2     8    17     0     0    -1.0   60.834 -138.907    749.9    812.9
     1     1    16     2     8    16     0     0    -2.0   60.669 -138.784    746.7    816.0
     1     1    16     2     8    15     0     0    -3.0   60.490 -138.690    740.1    819.8
     1     1    16     2     8    14     0     0    -4.0   60.297 -138.626    729.9    824.4
     1     1    16     2     8    13     0     0    -5.0   60.087 -138.592    715.5    829.8
     1     1    16     2     8    12     0     0    -6.0   59.864 -138.585    697.5    838.0
     1     1    16     2     8    11     0     0    -7.0   59.628 -138.586    671.6    847.8
     1     1    16     2     8    10     0     0    -8.0   59.380 -138.582    635.4    860.0
     1     1    16     2     8     9     0     0    -9.0   59.123 -138.577    590.9    873.5
     1     1    16     2     8     8     0     0   -10.0   58.858 -138.575    541.9    887.5
     1     1    16     2     8     7     0     0   -11.0   58.586 -138.581    491.4    902.3
     1     1    16     2     8     6     0     0   -12.0   58.306 -138.602    441.5    917.8
     1     1    16     2     8     5     0     0   -13.0   58.019 -138.620    394.6    933.2
     1     1    16     2     8     4     0     0   -14.0   57.721 -138.623    352.9    947.6
     1     1    16     2     8     3     0     0   -15.0   57.407 -138.624    316.5    959.5
     1     1    16     2     8     2     0     0   -16.0   57.073 -138.625    284.3    965.6
     1     1    16     2     8     1     0     0   -17.0   56.724 -138.626    256.5    971.7
     1     1    16     2     8     0     0     0   -18.0   56.359 -138.631    233.2    977.7
     1     1    16     2     7    23     0     0   -19.0   55.993 -138.620    212.2    983.0
     1     1    16     2     7    22     0     0   -20.0   55.640 -138.577    190.6    988.2
     1     1    16     2     7    21     0     0   -21.0   55.295 -138.524    167.3    993.4
     1     1    16     2     7    20     0     0   -22.0   54.951 -138.482    142.1    998.4
     1     1    16     2     7    19     0     0   -23.0   54.602 -138.463    116.9   1000.2
     1     1    16     2     7    18     0     0   -24.0   54.242 -138.474     92.9   1001.8
     1     1    16     2     7    17     0     0   -25.0   53.875 -138.496     72.1   1002.9
     1     1    16     2     7    16     0     0   -26.0   53.505 -138.521     56.4   1002.3
     1     1    16     2     7    15     0     0   -27.0   53.129 -138.583     44.7   1001.4
     1     1    16     2     7    14     0     0   -28.0   52.740 -138.721     35.9   1000.2
     1     1    16     2     7    13     0     0   -29.0   52.335 -138.966     29.7    999.4
     1     1    16     2     7    12     0     0   -30.0   51.920 -139.291     26.0    999.6
     1     1    16     2     7    11     0     0   -31.0   51.507 -139.590     24.2    999.6
     1     1    16     2     7    10     0     0   -32.0   51.099 -139.807     23.6    999.6
     1     1    16     2     7     9     0     0   -33.0   50.692 -139.989     23.6    999.4
     1     1    16     2     7     8     0     0   -34.0   50.275 -140.181     24.1    999.1
     1     1    16     2     7     7     0     0   -35.0   49.839 -140.414     25.2    998.9
     1     1    16     2     7     6     0     0   -36.0   49.380 -140.672     27.9    998.9
     1     1    16     2     7     5     0     0   -37.0   48.908 -140.884     32.0    999.4
     1     1    16     2     7     4     0     0   -38.0   48.432 -141.024     36.4    999.6
     1     1    16     2     7     3     0     0   -39.0   47.948 -141.135     40.9    999.4
     1     1    16     2     7     2     0     0   -40.0   47.449 -141.252     45.4    998.8
     1     1    16     2     7     1     0     0   -41.0   46.945 -141.378     48.9    996.9
     1     1    16     2     7     0     0     0   -42.0   46.448 -141.513     50.8    995.5
     1     1    16     2     6    23     0     0   -43.0   45.969 -141.652     51.6    994.6
     1     1    16     2     6    22     0     0   -44.0   45.514 -141.785     51.8    993.4
     1     1    16     2     6    21     0     0   -45.0   45.081 -141.939     51.7    992.2
     1     1    16     2     6    20     0     0   -46.0   44.663 -142.112     51.2    992.4
     1     1    16     2     6    19     0     0   -47.0   44.250 -142.296     49.6    993.2
     1     1    16     2     6    18     0     0   -48.0   43.836 -142.505     47.2    994.2
     1     1    16     2     6    17     0     0   -49.0   43.406 -142.708     44.1    995.7
     1     1    16     2     6    16     0     0   -50.0   42.953 -142.880     39.9    997.0
     1     1    16     2     6    15     0     0   -51.0   42.481 -143.044     34.4    998.1
     1     1    16     2     6    14     0     0   -52.0   41.997 -143.203     28.2    999.8
     1     1    16     2     6    13     0     0   -53.0   41.506 -143.349     22.2   1001.5
     1     1    16     2     6    12     0     0   -54.0   41.006 -143.492     16.9   1003.0
     1     1    16     2     6    11     0     0   -55.0   40.498 -143.611     12.3   1005.6
     1     1    16     2     6    10     0     0   -56.0   39.976 -143.687      8.4   1007.5
     1     1    16     2     6     9     0     0   -57.0   39.432 -143.729      4.6   1007.4
     1     1    16     2     6     8     0     0   -58.0   38.865 -143.749      0.7   1007.3
     1     1    16     2     6     7     0     0   -59.0   38.282 -143.773      0.0   1006.9
     1     1    16     2     6     6     0     0   -60.0   37.687 -143.830      0.0   1006.4
     1     1    16     2     6     5     0     0   -61.0   37.116 -143.881      0.0   1008.0
     1     1    16     2     6     4     0     0   -62.0   36.596 -143.867      0.0   1010.0
     1     1    16     2     6     3     0     0   -63.0   36.121 -143.788      0.0   1011.7
     1     1    16     2     6     2     0     0   -64.0   35.683 -143.660      0.0   1013.3
     1     1    16     2     6     1     0     0   -65.0   35.279 -143.494      0.0   1014.6
     1     1    16     2     6     0     0     0   -66.0   34.904 -143.302      0.0   1015.6
     1     1    16     2     5    23     0     0   -67.0   34.578 -143.109      0.0   1016.7
     1     1    16     2     5    22     0     0   -68.0   34.314 -142.928      0.0   1017.6
     1     1    16     2     5    21     0     0   -69.0   34.101 -142.756      0.0   1018.4
     1     1    16     2     5    20     0     0   -70.0   33.932 -142.592      0.0   1019.0
     1     1    16     2     5    19     0     0   -71.0   33.802 -142.432      0.0   1019.5
     1     1    16     2     5    18     0     0   -72.0   33.704 -142.276      0.0   1020.0
