     1     1
    CDC1    16     1     1     0     0
     1 BACKWARD OMEGA   
    16     1    31    18   60.984 -139.059   750.0
     1 PRESSURE
     1     1    16     1    31    18     0     0     0.0   60.984 -139.059    750.0    811.4
     1     1    16     1    31    17     0     0    -1.0   61.070 -139.233    759.0    809.4
     1     1    16     1    31    16     0     0    -2.0   61.162 -139.411    771.6    806.7
     1     1    16     1    31    15     0     0    -3.0   61.261 -139.594    788.1    803.5
     1     1    16     1    31    14     0     0    -4.0   61.364 -139.779    808.7    799.9
     1     1    16     1    31    13     0     0    -5.0   61.471 -139.966    833.8    795.8
     1     1    16     1    31    12     0     0    -6.0   61.580 -140.154    864.0    791.5
     1     1    16     1    31    11     0     0    -7.0   61.685 -140.345    896.3    786.1
     1     1    16     1    31    10     0     0    -8.0   61.784 -140.544    927.7    780.9
     1     1    16     1    31     9     0     0    -9.0   61.876 -140.751    957.9    776.0
     1     1    16     1    31     8     0     0   -10.0   61.962 -140.965    986.8    771.5
     1     1    16     1    31     7     0     0   -11.0   62.041 -141.188   1014.1    767.3
     1     1    16     1    31     6     0     0   -12.0   62.113 -141.420   1039.8    763.4
     1     1    16     1    31     5     0     0   -13.0   62.180 -141.650   1067.8    760.1
     1     1    16     1    31     4     0     0   -14.0   62.241 -141.870   1101.9    755.9
     1     1    16     1    31     3     0     0   -15.0   62.296 -142.075   1142.4    751.1
     1     1    16     1    31     2     0     0   -16.0   62.347 -142.263   1189.4    745.8
     1     1    16     1    31     1     0     0   -17.0   62.394 -142.431   1243.3    739.9
     1     1    16     1    31     0     0     0   -18.0   62.439 -142.578   1304.6    733.1
     1     1    16     1    30    23     0     0   -19.0   62.486 -142.722   1366.7    725.7
     1     1    16     1    30    22     0     0   -20.0   62.540 -142.880   1421.5    721.3
     1     1    16     1    30    21     0     0   -21.0   62.603 -143.056   1468.2    718.3
     1     1    16     1    30    20     0     0   -22.0   62.673 -143.251   1505.8    716.5
     1     1    16     1    30    19     0     0   -23.0   62.752 -143.467   1534.1    715.6
     1     1    16     1    30    18     0     0   -24.0   62.840 -143.704   1552.7    715.8
     1     1    16     1    30    17     0     0   -25.0   62.925 -143.965   1566.5    716.9
     1     1    16     1    30    16     0     0   -26.0   62.993 -144.250   1581.0    717.2
     1     1    16     1    30    15     0     0   -27.0   63.045 -144.552   1596.7    717.1
     1     1    16     1    30    14     0     0   -28.0   63.081 -144.868   1614.2    716.6
     1     1    16     1    30    13     0     0   -29.0   63.102 -145.193   1634.4    716.1
     1     1    16     1    30    12     0     0   -30.0   63.106 -145.528   1657.9    715.5
     1     1    16     1    30    11     0     0   -31.0   63.097 -145.857   1683.5    714.3
     1     1    16     1    30    10     0     0   -32.0   63.080 -146.168   1710.2    712.9
     1     1    16     1    30     9     0     0   -33.0   63.054 -146.460   1737.6    711.2
     1     1    16     1    30     8     0     0   -34.0   63.019 -146.733   1765.4    709.2
     1     1    16     1    30     7     0     0   -35.0   62.975 -146.986   1793.4    707.0
     1     1    16     1    30     6     0     0   -36.0   62.920 -147.218   1821.1    704.6
     1     1    16     1    30     5     0     0   -37.0   62.847 -147.426   1847.4    702.0
     1     1    16     1    30     4     0     0   -38.0   62.748 -147.604   1870.4    699.3
     1     1    16     1    30     3     0     0   -39.0   62.622 -147.750   1890.0    696.4
     1     1    16     1    30     2     0     0   -40.0   62.471 -147.859   1906.9    694.3
     1     1    16     1    30     1     0     0   -41.0   62.301 -147.940   1924.4    696.4
     1     1    16     1    30     0     0     0   -42.0   62.117 -148.000   1938.7    698.9
     1     1    16     1    29    23     0     0   -43.0   61.926 -148.056   1950.9    701.9
     1     1    16     1    29    22     0     0   -44.0   61.733 -148.125   1962.2    705.0
     1     1    16     1    29    21     0     0   -45.0   61.534 -148.205   1972.4    708.2
     1     1    16     1    29    20     0     0   -46.0   61.327 -148.291   1981.5    711.5
     1     1    16     1    29    19     0     0   -47.0   61.111 -148.381   1989.4    715.1
     1     1    16     1    29    18     0     0   -48.0   60.882 -148.470   1995.8    719.0
     1     1    16     1    29    17     0     0   -49.0   60.651 -148.552   1998.3    722.9
     1     1    16     1    29    16     0     0   -50.0   60.429 -148.624   1995.6    727.3
     1     1    16     1    29    15     0     0   -51.0   60.215 -148.685   1987.1    732.1
     1     1    16     1    29    14     0     0   -52.0   60.009 -148.735   1973.0    737.2
     1     1    16     1    29    13     0     0   -53.0   59.811 -148.783   1953.3    742.8
     1     1    16     1    29    12     0     0   -54.0   59.622 -148.841   1928.8    748.7
     1     1    16     1    29    11     0     0   -55.0   59.442 -148.912   1902.9    754.5
     1     1    16     1    29    10     0     0   -56.0   59.271 -149.002   1879.1    759.6
     1     1    16     1    29     9     0     0   -57.0   59.109 -149.109   1857.7    764.3
     1     1    16     1    29     8     0     0   -58.0   58.955 -149.235   1839.0    768.4
     1     1    16     1    29     7     0     0   -59.0   58.809 -149.379   1823.3    771.9
     1     1    16     1    29     6     0     0   -60.0   58.671 -149.540   1811.1    774.9
     1     1    16     1    29     5     0     0   -61.0   58.540 -149.721   1801.8    777.2
     1     1    16     1    29     4     0     0   -62.0   58.415 -149.929   1793.9    779.1
     1     1    16     1    29     3     0     0   -63.0   58.298 -150.167   1787.8    780.3
     1     1    16     1    29     2     0     0   -64.0   58.184 -150.438   1784.0    780.8
     1     1    16     1    29     1     0     0   -65.0   58.074 -150.746   1783.4    780.7
     1     1    16     1    29     0     0     0   -66.0   57.968 -151.096   1786.6    779.8
     1     1    16     1    28    23     0     0   -67.0   57.862 -151.467   1793.0    777.8
     1     1    16     1    28    22     0     0   -68.0   57.753 -151.838   1803.0    775.5
     1     1    16     1    28    21     0     0   -69.0   57.644 -152.212   1815.1    772.9
     1     1    16     1    28    20     0     0   -70.0   57.539 -152.591   1828.7    770.3
     1     1    16     1    28    19     0     0   -71.0   57.438 -152.975   1841.7    767.4
     1     1    16     1    28    18     0     0   -72.0   57.339 -153.367   1852.9    764.4
