     1     1
    CDC1    15    11     1     0     0
     1 BACKWARD OMEGA   
    15    11    10    18   60.984 -139.059   750.0
     1 PRESSURE
     1     1    15    11    10    18     0     0     0.0   60.984 -139.059    750.0    789.8
     1     1    15    11    10    17     0     0    -1.0   61.036 -139.178    742.1    790.1
     1     1    15    11    10    16     0     0    -2.0   61.076 -139.268    731.0    790.9
     1     1    15    11    10    15     0     0    -3.0   61.106 -139.330    716.6    792.2
     1     1    15    11    10    14     0     0    -4.0   61.125 -139.362    698.7    794.1
     1     1    15    11    10    13     0     0    -5.0   61.135 -139.366    677.3    796.5
     1     1    15    11    10    12     0     0    -6.0   61.136 -139.341    652.2    799.4
     1     1    15    11    10    11     0     0    -7.0   61.130 -139.314    624.9    803.1
     1     1    15    11    10    10     0     0    -8.0   61.117 -139.311    597.3    806.8
     1     1    15    11    10     9     0     0    -9.0   61.098 -139.333    569.2    810.3
     1     1    15    11    10     8     0     0   -10.0   61.071 -139.380    540.4    814.1
     1     1    15    11    10     7     0     0   -11.0   61.039 -139.451    511.1    818.2
     1     1    15    11    10     6     0     0   -12.0   61.001 -139.545    481.2    822.6
     1     1    15    11    10     5     0     0   -13.0   60.959 -139.661    449.1    827.0
     1     1    15    11    10     4     0     0   -14.0   60.916 -139.795    413.8    832.2
     1     1    15    11    10     3     0     0   -15.0   60.873 -139.942    375.9    838.0
     1     1    15    11    10     2     0     0   -16.0   60.833 -140.107    336.9    843.6
     1     1    15    11    10     1     0     0   -17.0   60.797 -140.296    299.0    849.3
     1     1    15    11    10     0     0     0   -18.0   60.764 -140.511    262.7    855.2
     1     1    15    11     9    23     0     0   -19.0   60.727 -140.749    228.3    860.9
     1     1    15    11     9    22     0     0   -20.0   60.674 -141.003    195.9    867.1
     1     1    15    11     9    21     0     0   -21.0   60.607 -141.279    165.0    872.7
     1     1    15    11     9    20     0     0   -22.0   60.528 -141.584    135.3    878.8
     1     1    15    11     9    19     0     0   -23.0   60.442 -141.925    107.9    885.4
     1     1    15    11     9    18     0     0   -24.0   60.354 -142.315     83.6    892.5
     1     1    15    11     9    17     0     0   -25.0   60.261 -142.703     62.1    899.7
     1     1    15    11     9    16     0     0   -26.0   60.153 -143.028     43.1    906.9
     1     1    15    11     9    15     0     0   -27.0   60.028 -143.299     27.6    914.2
     1     1    15    11     9    14     0     0   -28.0   59.883 -143.542     16.5    922.8
     1     1    15    11     9    13     0     0   -29.0   59.718 -143.783      8.2    931.4
     1     1    15    11     9    12     0     0   -30.0   59.535 -144.051      1.4    939.9
     1     1    15    11     9    11     0     0   -31.0   59.338 -144.331      0.0    949.9
     1     1    15    11     9    10     0     0   -32.0   59.129 -144.587      0.0    959.8
     1     1    15    11     9     9     0     0   -33.0   58.897 -144.808      0.0    970.1
     1     1    15    11     9     8     0     0   -34.0   58.631 -144.989      0.0    980.9
     1     1    15    11     9     7     0     0   -35.0   58.320 -145.137      0.0    992.4
     1     1    15    11     9     6     0     0   -36.0   57.953 -145.266      0.0   1005.3
     1     1    15    11     9     5     0     0   -37.0   57.551 -145.449      0.0   1020.2
     1     1    15    11     9     4     0     0   -38.0   57.165 -145.713      0.0   1020.6
     1     1    15    11     9     3     0     0   -39.0   56.811 -146.015      0.0   1018.7
     1     1    15    11     9     2     0     0   -40.0   56.480 -146.338      0.0   1016.6
     1     1    15    11     9     1     0     0   -41.0   56.157 -146.676      0.0   1014.0
     1     1    15    11     9     0     0     0   -42.0   55.833 -147.026      0.0   1010.9
     1     1    15    11     8    23     0     0   -43.0   55.518 -147.421      0.0   1007.0
     1     1    15    11     8    22     0     0   -44.0   55.227 -147.880      0.0   1003.2
     1     1    15    11     8    21     0     0   -45.0   54.951 -148.387      0.0   1000.7
     1     1    15    11     8    20     0     0   -46.0   54.689 -148.909      0.0   1002.6
     1     1    15    11     8    19     0     0   -47.0   54.443 -149.425      0.0   1004.6
     1     1    15    11     8    18     0     0   -48.0   54.212 -149.927      0.0   1006.8
     1     1    15    11     8    17     0     0   -49.0   54.002 -150.437      0.0   1009.7
     1     1    15    11     8    16     0     0   -50.0   53.814 -150.972      0.0   1012.5
     1     1    15    11     8    15     0     0   -51.0   53.641 -151.525      0.0   1015.3
     1     1    15    11     8    14     0     0   -52.0   53.474 -152.089      0.0   1017.9
     1     1    15    11     8    13     0     0   -53.0   53.309 -152.656      0.0   1020.2
     1     1    15    11     8    12     0     0   -54.0   53.146 -153.227      0.1   1021.8
     1     1    15    11     8    11     0     0   -55.0   52.988 -153.807      0.3   1022.9
     1     1    15    11     8    10     0     0   -56.0   52.834 -154.395      0.5   1023.9
     1     1    15    11     8     9     0     0   -57.0   52.684 -154.988      0.5   1024.8
     1     1    15    11     8     8     0     0   -58.0   52.534 -155.576      0.7   1024.8
     1     1    15    11     8     7     0     0   -59.0   52.385 -156.145      0.8   1024.1
     1     1    15    11     8     6     0     0   -60.0   52.238 -156.685      1.1   1023.4
     1     1    15    11     8     5     0     0   -61.0   52.090 -157.207      1.6   1022.2
     1     1    15    11     8     4     0     0   -62.0   51.937 -157.727      2.4   1021.7
     1     1    15    11     8     3     0     0   -63.0   51.783 -158.244      3.5   1022.0
     1     1    15    11     8     2     0     0   -64.0   51.631 -158.763      4.8   1022.6
     1     1    15    11     8     1     0     0   -65.0   51.478 -159.285      6.3   1023.4
     1     1    15    11     8     0     0     0   -66.0   51.326 -159.814      8.1   1024.5
     1     1    15    11     7    23     0     0   -67.0   51.174 -160.357      9.8   1025.7
     1     1    15    11     7    22     0     0   -68.0   51.028 -160.918     11.5   1026.8
     1     1    15    11     7    21     0     0   -69.0   50.888 -161.495     13.3   1028.1
     1     1    15    11     7    20     0     0   -70.0   50.754 -162.083     15.3   1029.5
     1     1    15    11     7    19     0     0   -71.0   50.629 -162.680     17.6   1030.5
     1     1    15    11     7    18     0     0   -72.0   50.518 -163.283     20.2   1030.2
