     1     1
    CDC1    15    12     1     0     0
     1 BACKWARD OMEGA   
    15    12    13    12   60.984 -139.059   750.0
     1 PRESSURE
     1     1    15    12    13    12     0     0     0.0   60.984 -139.059    750.0    797.5
     1     1    15    12    13    11     0     0    -1.0   60.999 -139.136    738.2    798.0
     1     1    15    12    13    10     0     0    -2.0   61.000 -139.211    721.9    799.5
     1     1    15    12    13     9     0     0    -3.0   60.988 -139.284    700.9    801.7
     1     1    15    12    13     8     0     0    -4.0   60.962 -139.355    674.9    804.6
     1     1    15    12    13     7     0     0    -5.0   60.924 -139.425    643.6    808.5
     1     1    15    12    13     6     0     0    -6.0   60.873 -139.497    606.5    813.3
     1     1    15    12    13     5     0     0    -7.0   60.815 -139.572    569.0    818.6
     1     1    15    12    13     4     0     0    -8.0   60.752 -139.648    536.5    822.9
     1     1    15    12    13     3     0     0    -9.0   60.683 -139.725    508.7    826.9
     1     1    15    12    13     2     0     0   -10.0   60.608 -139.801    485.5    830.6
     1     1    15    12    13     1     0     0   -11.0   60.526 -139.875    466.8    834.0
     1     1    15    12    13     0     0     0   -12.0   60.435 -139.946    452.3    837.1
     1     1    15    12    12    23     0     0   -13.0   60.335 -140.015    436.5    840.1
     1     1    15    12    12    22     0     0   -14.0   60.228 -140.080    413.7    844.9
     1     1    15    12    12    21     0     0   -15.0   60.114 -140.141    383.8    850.8
     1     1    15    12    12    20     0     0   -16.0   59.992 -140.196    347.5    857.4
     1     1    15    12    12    19     0     0   -17.0   59.867 -140.238    309.1    866.2
     1     1    15    12    12    18     0     0   -18.0   59.742 -140.263    271.1    875.0
     1     1    15    12    12    17     0     0   -19.0   59.620 -140.278    238.1    883.8
     1     1    15    12    12    16     0     0   -20.0   59.501 -140.295    212.3    891.2
     1     1    15    12    12    15     0     0   -21.0   59.383 -140.317    191.9    898.0
     1     1    15    12    12    14     0     0   -22.0   59.264 -140.348    175.3    903.9
     1     1    15    12    12    13     0     0   -23.0   59.145 -140.392    161.4    909.7
     1     1    15    12    12    12     0     0   -24.0   59.025 -140.450    149.5    915.5
     1     1    15    12    12    11     0     0   -25.0   58.901 -140.508    137.9    921.4
     1     1    15    12    12    10     0     0   -26.0   58.772 -140.548    126.0    927.6
     1     1    15    12    12     9     0     0   -27.0   58.634 -140.573    114.3    934.1
     1     1    15    12    12     8     0     0   -28.0   58.487 -140.585    103.4    940.8
     1     1    15    12    12     7     0     0   -29.0   58.327 -140.584     93.6    947.8
     1     1    15    12    12     6     0     0   -30.0   58.153 -140.575     85.3    955.0
     1     1    15    12    12     5     0     0   -31.0   57.965 -140.564     78.5    962.8
     1     1    15    12    12     4     0     0   -32.0   57.766 -140.560     72.6    970.8
     1     1    15    12    12     3     0     0   -33.0   57.556 -140.568     67.4    979.0
     1     1    15    12    12     2     0     0   -34.0   57.340 -140.592     62.3    982.4
     1     1    15    12    12     1     0     0   -35.0   57.124 -140.636     56.9    984.2
     1     1    15    12    12     0     0     0   -36.0   56.912 -140.708     51.2    986.1
     1     1    15    12    11    23     0     0   -37.0   56.713 -140.818     45.8    987.8
     1     1    15    12    11    22     0     0   -38.0   56.538 -140.970     41.3    989.2
     1     1    15    12    11    21     0     0   -39.0   56.384 -141.165     37.7    990.5
     1     1    15    12    11    20     0     0   -40.0   56.248 -141.405     35.2    991.6
     1     1    15    12    11    19     0     0   -41.0   56.127 -141.692     33.5    992.6
     1     1    15    12    11    18     0     0   -42.0   56.017 -142.025     32.6    993.5
     1     1    15    12    11    17     0     0   -43.0   55.907 -142.403     31.8    993.9
     1     1    15    12    11    16     0     0   -44.0   55.787 -142.826     30.7    994.1
     1     1    15    12    11    15     0     0   -45.0   55.656 -143.299     29.4    993.9
     1     1    15    12    11    14     0     0   -46.0   55.509 -143.832     28.0    993.4
     1     1    15    12    11    13     0     0   -47.0   55.341 -144.440     26.3    992.3
     1     1    15    12    11    12     0     0   -48.0   55.145 -145.145     24.4    990.1
     1     1    15    12    11    11     0     0   -49.0   54.936 -145.942     22.4    986.8
     1     1    15    12    11    10     0     0   -50.0   54.737 -146.787     20.3    985.8
     1     1    15    12    11     9     0     0   -51.0   54.557 -147.655     18.1    985.4
     1     1    15    12    11     8     0     0   -52.0   54.402 -148.527     16.0    986.2
     1     1    15    12    11     7     0     0   -53.0   54.274 -149.389     14.3    986.9
     1     1    15    12    11     6     0     0   -54.0   54.169 -150.241     13.0    988.2
     1     1    15    12    11     5     0     0   -55.0   54.079 -151.066     12.0    989.9
     1     1    15    12    11     4     0     0   -56.0   54.002 -151.859     11.3    991.3
     1     1    15    12    11     3     0     0   -57.0   53.939 -152.631     10.8    992.4
     1     1    15    12    11     2     0     0   -58.0   53.888 -153.391     10.2    993.3
     1     1    15    12    11     1     0     0   -59.0   53.845 -154.141      9.4    994.2
     1     1    15    12    11     0     0     0   -60.0   53.809 -154.886      8.3    995.0
     1     1    15    12    10    23     0     0   -61.0   53.775 -155.617      7.3    995.1
     1     1    15    12    10    22     0     0   -62.0   53.737 -156.322      6.7    994.9
     1     1    15    12    10    21     0     0   -63.0   53.699 -157.010      6.4    994.5
     1     1    15    12    10    20     0     0   -64.0   53.663 -157.684      6.3    993.9
     1     1    15    12    10    19     0     0   -65.0   53.635 -158.343      6.3    993.0
     1     1    15    12    10    18     0     0   -66.0   53.619 -158.984      6.2    992.1
     1     1    15    12    10    17     0     0   -67.0   53.616 -159.602      6.2    991.4
     1     1    15    12    10    16     0     0   -68.0   53.622 -160.195      6.0    990.7
     1     1    15    12    10    15     0     0   -69.0   53.636 -160.771      5.9    990.3
     1     1    15    12    10    14     0     0   -70.0   53.657 -161.336      5.7    989.9
     1     1    15    12    10    13     0     0   -71.0   53.686 -161.899      5.5    989.6
     1     1    15    12    10    12     0     0   -72.0   53.724 -162.468      5.3    989.3
