     1     1
    CDC1    16     1     1     0     0
     1 BACKWARD OMEGA   
    16     1    25    12   60.984 -139.059   750.0
     1 PRESSURE
     1     1    16     1    25    12     0     0     0.0   60.984 -139.059    750.0    800.4
     1     1    16     1    25    11     0     0    -1.0   60.628 -138.854    688.8    812.2
     1     1    16     1    25    10     0     0    -2.0   60.270 -138.606    618.8    826.0
     1     1    16     1    25     9     0     0    -3.0   59.914 -138.325    543.2    841.3
     1     1    16     1    25     8     0     0    -4.0   59.573 -138.022    470.8    860.2
     1     1    16     1    25     7     0     0    -5.0   59.252 -137.702    405.4    877.7
     1     1    16     1    25     6     0     0    -6.0   58.957 -137.362    348.2    892.7
     1     1    16     1    25     5     0     0    -7.0   58.681 -137.006    301.0    904.8
     1     1    16     1    25     4     0     0    -8.0   58.414 -136.638    263.0    915.4
     1     1    16     1    25     3     0     0    -9.0   58.153 -136.261    231.8    924.8
     1     1    16     1    25     2     0     0   -10.0   57.899 -135.880    205.9    933.2
     1     1    16     1    25     1     0     0   -11.0   57.652 -135.497    183.6    940.2
     1     1    16     1    25     0     0     0   -12.0   57.410 -135.116    164.0    945.4
     1     1    16     1    24    23     0     0   -13.0   57.178 -134.739    145.4    946.7
     1     1    16     1    24    22     0     0   -14.0   56.961 -134.362    127.5    947.4
     1     1    16     1    24    21     0     0   -15.0   56.756 -133.985    111.1    948.2
     1     1    16     1    24    20     0     0   -16.0   56.563 -133.605     96.5    949.1
     1     1    16     1    24    19     0     0   -17.0   56.377 -133.218     83.9    949.9
     1     1    16     1    24    18     0     0   -18.0   56.198 -132.817     73.1    950.6
     1     1    16     1    24    17     0     0   -19.0   56.022 -132.409     64.2    950.0
     1     1    16     1    24    16     0     0   -20.0   55.853 -132.020     56.3    947.5
     1     1    16     1    24    15     0     0   -21.0   55.699 -131.661     49.0    945.3
     1     1    16     1    24    14     0     0   -22.0   55.562 -131.325     42.6    943.0
     1     1    16     1    24    13     0     0   -23.0   55.444 -131.010     37.1    940.4
     1     1    16     1    24    12     0     0   -24.0   55.347 -130.713     32.7    937.7
     1     1    16     1    24    11     0     0   -25.0   55.266 -130.439     28.8    934.8
     1     1    16     1    24    10     0     0   -26.0   55.198 -130.191     25.3    932.2
     1     1    16     1    24     9     0     0   -27.0   55.141 -129.967     22.2    929.7
     1     1    16     1    24     8     0     0   -28.0   55.093 -129.766     19.6    927.9
     1     1    16     1    24     7     0     0   -29.0   55.050 -129.588     17.6    926.2
     1     1    16     1    24     6     0     0   -30.0   55.007 -129.431     16.1    924.7
     1     1    16     1    24     5     0     0   -31.0   54.964 -129.290     14.6    923.2
     1     1    16     1    24     4     0     0   -32.0   54.923 -129.164     13.2    922.0
     1     1    16     1    24     3     0     0   -33.0   54.884 -129.052     11.8    921.0
     1     1    16     1    24     2     0     0   -34.0   54.847 -128.953     10.5    920.1
     1     1    16     1    24     1     0     0   -35.0   54.811 -128.866      9.4    919.3
     1     1    16     1    24     0     0     0   -36.0   54.776 -128.792      8.3    918.5
     1     1    16     1    23    23     0     0   -37.0   54.743 -128.717      7.3    918.1
     1     1    16     1    23    22     0     0   -38.0   54.713 -128.629      6.8    917.3
     1     1    16     1    23    21     0     0   -39.0   54.688 -128.528      6.7    916.3
     1     1    16     1    23    20     0     0   -40.0   54.669 -128.414      6.9    914.9
     1     1    16     1    23    19     0     0   -41.0   54.656 -128.285      7.5    913.1
     1     1    16     1    23    18     0     0   -42.0   54.651 -128.142      8.3    911.0
     1     1    16     1    23    17     0     0   -43.0   54.650 -128.000      9.2    908.6
     1     1    16     1    23    16     0     0   -44.0   54.648 -127.876     10.0    906.5
     1     1    16     1    23    15     0     0   -45.0   54.645 -127.769     10.7    904.6
     1     1    16     1    23    14     0     0   -46.0   54.640 -127.679     11.2    903.0
     1     1    16     1    23    13     0     0   -47.0   54.631 -127.605     11.5    901.9
     1     1    16     1    23    12     0     0   -48.0   54.617 -127.548     11.6    901.1
     1     1    16     1    23    11     0     0   -49.0   54.600 -127.501     11.5    900.5
     1     1    16     1    23    10     0     0   -50.0   54.582 -127.461     11.2    900.5
     1     1    16     1    23     9     0     0   -51.0   54.560 -127.428     10.9    900.5
     1     1    16     1    23     8     0     0   -52.0   54.537 -127.400     10.4    900.7
     1     1    16     1    23     7     0     0   -53.0   54.511 -127.379      9.8    900.9
     1     1    16     1    23     6     0     0   -54.0   54.482 -127.364      9.2    901.2
     1     1    16     1    23     5     0     0   -55.0   54.452 -127.350      8.6    901.0
     1     1    16     1    23     4     0     0   -56.0   54.423 -127.336      8.0    900.9
     1     1    16     1    23     3     0     0   -57.0   54.394 -127.320      7.4    900.7
     1     1    16     1    23     2     0     0   -58.0   54.366 -127.305      6.9    900.6
     1     1    16     1    23     1     0     0   -59.0   54.339 -127.290      6.4    900.4
     1     1    16     1    23     0     0     0   -60.0   54.312 -127.275      6.0    900.2
     1     1    16     1    22    23     0     0   -61.0   54.290 -127.249      5.4    899.9
     1     1    16     1    22    22     0     0   -62.0   54.276 -127.200      4.5    899.2
     1     1    16     1    22    21     0     0   -63.0   54.272 -127.128      3.4    898.1
     1     1    16     1    22    20     0     0   -64.0   54.280 -127.032      1.9    896.7
     1     1    16     1    22    19     0     0   -65.0   54.301 -126.911      0.2    894.9
     1     1    16     1    22    18     0     0   -66.0   54.336 -126.765      0.0    892.7
     1     1    16     1    22    17     0     0   -67.0   54.378 -126.596      0.0    890.7
     1     1    16     1    22    16     0     0   -68.0   54.416 -126.411      0.0    888.7
     1     1    16     1    22    15     0     0   -69.0   54.447 -126.210      0.0    886.9
     1     1    16     1    22    14     0     0   -70.0   54.469 -125.994      0.0    885.1
     1     1    16     1    22    13     0     0   -71.0   54.477 -125.766      0.0    883.5
     1     1    16     1    22    12     0     0   -72.0   54.469 -125.525      0.0    881.9
