     1     1
    CDC1    15    10     1     0     0
     1 BACKWARD OMEGA   
    15    10    30     0   60.984 -139.059   750.0
     1 PRESSURE
     1     1    15    10    30     0     0     0     0.0   60.984 -139.059    750.0    794.7
     1     1    15    10    29    23     0     0    -1.0   60.867 -139.081    726.7    799.3
     1     1    15    10    29    22     0     0    -2.0   60.737 -139.092    704.0    804.2
     1     1    15    10    29    21     0     0    -3.0   60.594 -139.092    681.7    809.3
     1     1    15    10    29    20     0     0    -4.0   60.435 -139.080    659.3    814.7
     1     1    15    10    29    19     0     0    -5.0   60.257 -139.056    636.8    820.5
     1     1    15    10    29    18     0     0    -6.0   60.058 -139.019    613.6    826.8
     1     1    15    10    29    17     0     0    -7.0   59.846 -138.979    588.6    835.1
     1     1    15    10    29    16     0     0    -8.0   59.633 -138.952    560.5    844.8
     1     1    15    10    29    15     0     0    -9.0   59.422 -138.943    530.0    854.9
     1     1    15    10    29    14     0     0   -10.0   59.213 -138.952    498.3    865.1
     1     1    15    10    29    13     0     0   -11.0   59.009 -138.982    466.3    875.4
     1     1    15    10    29    12     0     0   -12.0   58.810 -139.037    435.1    885.8
     1     1    15    10    29    11     0     0   -13.0   58.611 -139.108    404.7    896.2
     1     1    15    10    29    10     0     0   -14.0   58.407 -139.185    374.9    906.9
     1     1    15    10    29     9     0     0   -15.0   58.198 -139.270    346.7    917.1
     1     1    15    10    29     8     0     0   -16.0   57.987 -139.364    320.9    927.3
     1     1    15    10    29     7     0     0   -17.0   57.772 -139.471    297.7    937.5
     1     1    15    10    29     6     0     0   -18.0   57.555 -139.595    277.1    947.8
     1     1    15    10    29     5     0     0   -19.0   57.335 -139.721    257.7    953.2
     1     1    15    10    29     4     0     0   -20.0   57.115 -139.839    239.2    956.9
     1     1    15    10    29     3     0     0   -21.0   56.897 -139.958    221.8    960.5
     1     1    15    10    29     2     0     0   -22.0   56.682 -140.085    205.6    964.0
     1     1    15    10    29     1     0     0   -23.0   56.472 -140.228    190.5    967.0
     1     1    15    10    29     0     0     0   -24.0   56.267 -140.395    176.2    969.5
     1     1    15    10    28    23     0     0   -25.0   56.066 -140.572    162.8    972.0
     1     1    15    10    28    22     0     0   -26.0   55.864 -140.740    150.1    974.2
     1     1    15    10    28    21     0     0   -27.0   55.663 -140.901    138.1    976.0
     1     1    15    10    28    20     0     0   -28.0   55.463 -141.058    126.6    977.6
     1     1    15    10    28    19     0     0   -29.0   55.265 -141.214    115.5    979.0
     1     1    15    10    28    18     0     0   -30.0   55.071 -141.373    104.9    980.1
     1     1    15    10    28    17     0     0   -31.0   54.870 -141.547     95.2    981.0
     1     1    15    10    28    16     0     0   -32.0   54.653 -141.738     86.6    981.7
     1     1    15    10    28    15     0     0   -33.0   54.419 -141.939     79.1    982.3
     1     1    15    10    28    14     0     0   -34.0   54.164 -142.144     72.7    982.7
     1     1    15    10    28    13     0     0   -35.0   53.885 -142.349     67.0    982.8
     1     1    15    10    28    12     0     0   -36.0   53.579 -142.547     61.9    982.9
     1     1    15    10    28    11     0     0   -37.0   53.265 -142.752     57.6    983.5
     1     1    15    10    28    10     0     0   -38.0   52.964 -142.984     54.3    984.2
     1     1    15    10    28     9     0     0   -39.0   52.673 -143.253     51.7    984.7
     1     1    15    10    28     8     0     0   -40.0   52.389 -143.564     49.7    985.3
     1     1    15    10    28     7     0     0   -41.0   52.106 -143.906     48.1    985.8
     1     1    15    10    28     6     0     0   -42.0   51.817 -144.268     46.9    985.9
     1     1    15    10    28     5     0     0   -43.0   51.516 -144.636     45.9    985.8
     1     1    15    10    28     4     0     0   -44.0   51.204 -145.005     45.1    985.5
     1     1    15    10    28     3     0     0   -45.0   50.893 -145.384     44.6    985.2
     1     1    15    10    28     2     0     0   -46.0   50.593 -145.782     44.3    984.8
     1     1    15    10    28     1     0     0   -47.0   50.308 -146.212     44.3    984.3
     1     1    15    10    28     0     0     0   -48.0   50.041 -146.685     44.4    983.8
     1     1    15    10    27    23     0     0   -49.0   49.789 -147.179     44.6    982.6
     1     1    15    10    27    22     0     0   -50.0   49.545 -147.669     44.9    981.9
     1     1    15    10    27    21     0     0   -51.0   49.312 -148.165     45.3    981.9
     1     1    15    10    27    20     0     0   -52.0   49.095 -148.677     46.0    982.1
     1     1    15    10    27    19     0     0   -53.0   48.900 -149.224     46.9    982.3
     1     1    15    10    27    18     0     0   -54.0   48.734 -149.819     48.4    982.7
     1     1    15    10    27    17     0     0   -55.0   48.583 -150.434     49.9    982.3
     1     1    15    10    27    16     0     0   -56.0   48.429 -151.037     51.2    981.9
     1     1    15    10    27    15     0     0   -57.0   48.278 -151.644     52.1    981.7
     1     1    15    10    27    14     0     0   -58.0   48.136 -152.272     52.8    981.6
     1     1    15    10    27    13     0     0   -59.0   48.010 -152.935     53.2    981.5
     1     1    15    10    27    12     0     0   -60.0   47.907 -153.639     53.5    981.7
     1     1    15    10    27    11     0     0   -61.0   47.827 -154.373     53.8    981.6
     1     1    15    10    27    10     0     0   -62.0   47.769 -155.127     54.8    981.3
     1     1    15    10    27     9     0     0   -63.0   47.739 -155.891     56.4    980.8
     1     1    15    10    27     8     0     0   -64.0   47.746 -156.653     58.4    980.3
     1     1    15    10    27     7     0     0   -65.0   47.802 -157.413     61.1    979.6
     1     1    15    10    27     6     0     0   -66.0   47.907 -158.147     64.3    978.7
     1     1    15    10    27     5     0     0   -67.0   48.037 -158.823     67.4    977.8
     1     1    15    10    27     4     0     0   -68.0   48.180 -159.437     69.9    977.0
     1     1    15    10    27     3     0     0   -69.0   48.342 -159.988     71.8    976.4
     1     1    15    10    27     2     0     0   -70.0   48.519 -160.469     73.1    975.7
     1     1    15    10    27     1     0     0   -71.0   48.704 -160.879     73.8    975.2
     1     1    15    10    27     0     0     0   -72.0   48.905 -161.218     74.1    975.0
