     1     1
    CDC1    16     2     1     0     0
     1 BACKWARD OMEGA   
    16     2    18     0   60.984 -139.059   750.0
     1 PRESSURE
     1     1    16     2    18     0     0     0     0.0   60.984 -139.059    750.0    793.3
     1     1    16     2    17    23     0     0    -1.0   61.034 -139.043    763.1    791.9
     1     1    16     2    17    22     0     0    -2.0   61.078 -139.022    777.3    790.3
     1     1    16     2    17    21     0     0    -3.0   61.118 -138.998    792.5    788.7
     1     1    16     2    17    20     0     0    -4.0   61.153 -138.973    808.4    787.1
     1     1    16     2    17    19     0     0    -5.0   61.185 -138.947    824.8    785.6
     1     1    16     2    17    18     0     0    -6.0   61.212 -138.922    841.5    784.1
     1     1    16     2    17    17     0     0    -7.0   61.238 -138.900    857.0    782.5
     1     1    16     2    17    16     0     0    -8.0   61.263 -138.882    869.1    781.3
     1     1    16     2    17    15     0     0    -9.0   61.287 -138.867    878.1    780.5
     1     1    16     2    17    14     0     0   -10.0   61.309 -138.853    884.0    780.0
     1     1    16     2    17    13     0     0   -11.0   61.330 -138.838    886.9    779.8
     1     1    16     2    17    12     0     0   -12.0   61.349 -138.823    886.6    779.9
     1     1    16     2    17    11     0     0   -13.0   61.363 -138.788    883.6    780.1
     1     1    16     2    17    10     0     0   -14.0   61.368 -138.714    878.4    780.5
     1     1    16     2    17     9     0     0   -15.0   61.364 -138.603    870.5    781.4
     1     1    16     2    17     8     0     0   -16.0   61.349 -138.454    859.7    782.5
     1     1    16     2    17     7     0     0   -17.0   61.324 -138.265    846.1    784.1
     1     1    16     2    17     6     0     0   -18.0   61.288 -138.036    829.6    786.0
     1     1    16     2    17     5     0     0   -19.0   61.254 -137.785    815.2    788.3
     1     1    16     2    17     4     0     0   -20.0   61.238 -137.535    807.9    789.3
     1     1    16     2    17     3     0     0   -21.0   61.241 -137.289    808.0    789.0
     1     1    16     2    17     2     0     0   -22.0   61.266 -137.051    815.9    787.4
     1     1    16     2    17     1     0     0   -23.0   61.313 -136.825    831.6    784.8
     1     1    16     2    17     0     0     0   -24.0   61.384 -136.611    855.1    781.1
     1     1    16     2    16    23     0     0   -25.0   61.470 -136.418    882.5    775.9
     1     1    16     2    16    22     0     0   -26.0   61.565 -136.252    910.2    770.8
     1     1    16     2    16    21     0     0   -27.0   61.670 -136.114    938.0    765.7
     1     1    16     2    16    20     0     0   -28.0   61.784 -136.006    965.7    760.6
     1     1    16     2    16    19     0     0   -29.0   61.908 -135.931    993.4    755.7
     1     1    16     2    16    18     0     0   -30.0   62.041 -135.891   1020.9    750.7
     1     1    16     2    16    17     0     0   -31.0   62.180 -135.886   1048.5    746.0
     1     1    16     2    16    16     0     0   -32.0   62.318 -135.912   1077.0    741.3
     1     1    16     2    16    15     0     0   -33.0   62.454 -135.972   1107.0    736.6
     1     1    16     2    16    14     0     0   -34.0   62.589 -136.064   1140.4    734.5
     1     1    16     2    16    13     0     0   -35.0   62.721 -136.181   1176.6    733.7
     1     1    16     2    16    12     0     0   -36.0   62.851 -136.322   1215.3    732.8
     1     1    16     2    16    11     0     0   -37.0   62.980 -136.490   1252.0    731.5
     1     1    16     2    16    10     0     0   -38.0   63.109 -136.685   1281.3    731.2
     1     1    16     2    16     9     0     0   -39.0   63.239 -136.903   1302.0    731.9
     1     1    16     2    16     8     0     0   -40.0   63.368 -137.139   1313.2    733.5
     1     1    16     2    16     7     0     0   -41.0   63.498 -137.388   1313.7    736.2
     1     1    16     2    16     6     0     0   -42.0   63.627 -137.646   1302.5    739.8
     1     1    16     2    16     5     0     0   -43.0   63.750 -137.927   1284.4    744.8
     1     1    16     2    16     4     0     0   -44.0   63.864 -138.245   1263.4    749.5
     1     1    16     2    16     3     0     0   -45.0   63.968 -138.595   1239.9    754.3
     1     1    16     2    16     2     0     0   -46.0   64.062 -138.973   1213.6    759.1
     1     1    16     2    16     1     0     0   -47.0   64.147 -139.376   1184.6    764.0
     1     1    16     2    16     0     0     0   -48.0   64.224 -139.799   1152.7    769.2
     1     1    16     2    15    23     0     0   -49.0   64.288 -140.225   1119.0    774.2
     1     1    16     2    15    22     0     0   -50.0   64.332 -140.641   1086.0    778.7
     1     1    16     2    15    21     0     0   -51.0   64.357 -141.053   1053.9    782.7
     1     1    16     2    15    20     0     0   -52.0   64.361 -141.462   1023.2    786.2
     1     1    16     2    15    19     0     0   -53.0   64.345 -141.871    994.3    789.1
     1     1    16     2    15    18     0     0   -54.0   64.309 -142.284    967.5    791.4
     1     1    16     2    15    17     0     0   -55.0   64.262 -142.675    942.1    793.9
     1     1    16     2    15    16     0     0   -56.0   64.216 -143.022    916.5    796.8
     1     1    16     2    15    15     0     0   -57.0   64.169 -143.326    890.4    799.5
     1     1    16     2    15    14     0     0   -58.0   64.123 -143.587    863.4    802.1
     1     1    16     2    15    13     0     0   -59.0   64.077 -143.806    835.1    804.6
     1     1    16     2    15    12     0     0   -60.0   64.032 -143.984    805.4    807.2
     1     1    16     2    15    11     0     0   -61.0   63.982 -144.158    774.1    809.7
     1     1    16     2    15    10     0     0   -62.0   63.924 -144.365    742.0    812.2
     1     1    16     2    15     9     0     0   -63.0   63.857 -144.603    708.4    814.9
     1     1    16     2    15     8     0     0   -64.0   63.780 -144.869    673.1    817.8
     1     1    16     2    15     7     0     0   -65.0   63.694 -145.161    636.0    821.2
     1     1    16     2    15     6     0     0   -66.0   63.597 -145.476    597.1    825.2
     1     1    16     2    15     5     0     0   -67.0   63.498 -145.757    558.6    829.1
     1     1    16     2    15     4     0     0   -68.0   63.405 -145.952    523.1    832.3
     1     1    16     2    15     3     0     0   -69.0   63.318 -146.061    490.6    834.8
     1     1    16     2    15     2     0     0   -70.0   63.239 -146.084    460.9    836.7
     1     1    16     2    15     1     0     0   -71.0   63.167 -146.022    434.2    837.9
     1     1    16     2    15     0     0     0   -72.0   63.102 -145.880    410.6    838.5
