     1     1
    CDC1    16     1     1     0     0
     1 BACKWARD OMEGA   
    16     1    16    12   60.984 -139.059   750.0
     1 PRESSURE
     1     1    16     1    16    12     0     0     0.0   60.984 -139.059    750.0    795.7
     1     1    16     1    16    11     0     0    -1.0   60.849 -138.632    772.2    796.0
     1     1    16     1    16    10     0     0    -2.0   60.707 -138.210    793.3    796.6
     1     1    16     1    16     9     0     0    -3.0   60.564 -137.791    813.7    797.2
     1     1    16     1    16     8     0     0    -4.0   60.423 -137.374    833.9    797.5
     1     1    16     1    16     7     0     0    -5.0   60.289 -136.957    854.8    797.2
     1     1    16     1    16     6     0     0    -6.0   60.167 -136.545    877.8    796.5
     1     1    16     1    16     5     0     0    -7.0   60.052 -136.161    902.5    795.1
     1     1    16     1    16     4     0     0    -8.0   59.938 -135.828    926.1    794.5
     1     1    16     1    16     3     0     0    -9.0   59.825 -135.546    948.7    794.6
     1     1    16     1    16     2     0     0   -10.0   59.710 -135.312    970.0    795.1
     1     1    16     1    16     1     0     0   -11.0   59.593 -135.127    989.9    795.9
     1     1    16     1    16     0     0     0   -12.0   59.474 -134.989   1008.4    797.0
     1     1    16     1    15    23     0     0   -13.0   59.353 -134.884   1025.5    797.4
     1     1    16     1    15    22     0     0   -14.0   59.230 -134.797   1042.6    798.0
     1     1    16     1    15    21     0     0   -15.0   59.106 -134.730   1058.9    798.8
     1     1    16     1    15    20     0     0   -16.0   58.980 -134.682   1074.3    800.1
     1     1    16     1    15    19     0     0   -17.0   58.852 -134.653   1088.7    801.6
     1     1    16     1    15    18     0     0   -18.0   58.721 -134.645   1102.0    803.6
     1     1    16     1    15    17     0     0   -19.0   58.588 -134.641   1114.7    805.8
     1     1    16     1    15    16     0     0   -20.0   58.454 -134.628   1127.2    807.9
     1     1    16     1    15    15     0     0   -21.0   58.321 -134.605   1139.9    809.8
     1     1    16     1    15    14     0     0   -22.0   58.191 -134.573   1153.4    811.5
     1     1    16     1    15    13     0     0   -23.0   58.066 -134.530   1168.5    812.7
     1     1    16     1    15    12     0     0   -24.0   57.947 -134.479   1185.9    813.5
     1     1    16     1    15    11     0     0   -25.0   57.837 -134.435   1203.8    813.6
     1     1    16     1    15    10     0     0   -26.0   57.740 -134.415   1220.1    814.1
     1     1    16     1    15     9     0     0   -27.0   57.654 -134.422   1234.3    814.9
     1     1    16     1    15     8     0     0   -28.0   57.582 -134.457   1246.3    816.0
     1     1    16     1    15     7     0     0   -29.0   57.521 -134.522   1255.8    817.5
     1     1    16     1    15     6     0     0   -30.0   57.472 -134.618   1263.1    819.4
     1     1    16     1    15     5     0     0   -31.0   57.427 -134.727   1267.1    821.2
     1     1    16     1    15     4     0     0   -32.0   57.378 -134.830   1266.6    823.5
     1     1    16     1    15     3     0     0   -33.0   57.325 -134.926   1261.4    826.2
     1     1    16     1    15     2     0     0   -34.0   57.270 -135.016   1251.4    829.3
     1     1    16     1    15     1     0     0   -35.0   57.211 -135.099   1236.4    832.3
     1     1    16     1    15     0     0     0   -36.0   57.151 -135.174   1216.9    835.7
     1     1    16     1    14    23     0     0   -37.0   57.090 -135.243   1195.8    839.2
     1     1    16     1    14    22     0     0   -38.0   57.031 -135.304   1175.7    842.3
     1     1    16     1    14    21     0     0   -39.0   56.974 -135.359   1156.6    845.3
     1     1    16     1    14    20     0     0   -40.0   56.920 -135.408   1138.2    848.0
     1     1    16     1    14    19     0     0   -41.0   56.872 -135.454   1120.4    850.7
     1     1    16     1    14    18     0     0   -42.0   56.828 -135.496   1103.0    853.2
     1     1    16     1    14    17     0     0   -43.0   56.785 -135.541   1086.1    855.5
     1     1    16     1    14    16     0     0   -44.0   56.735 -135.596   1069.2    858.0
     1     1    16     1    14    15     0     0   -45.0   56.680 -135.664   1053.2    860.5
     1     1    16     1    14    14     0     0   -46.0   56.620 -135.748   1038.4    863.1
     1     1    16     1    14    13     0     0   -47.0   56.556 -135.853   1025.6    865.6
     1     1    16     1    14    12     0     0   -48.0   56.489 -135.984   1015.3    868.0
     1     1    16     1    14    11     0     0   -49.0   56.422 -136.136   1005.3    869.8
     1     1    16     1    14    10     0     0   -50.0   56.358 -136.301    993.7    871.9
     1     1    16     1    14     9     0     0   -51.0   56.299 -136.485    980.0    874.3
     1     1    16     1    14     8     0     0   -52.0   56.247 -136.689    964.3    876.9
     1     1    16     1    14     7     0     0   -53.0   56.203 -136.917    946.7    879.6
     1     1    16     1    14     6     0     0   -54.0   56.168 -137.174    927.1    882.4
     1     1    16     1    14     5     0     0   -55.0   56.136 -137.441    907.9    885.3
     1     1    16     1    14     4     0     0   -56.0   56.099 -137.703    890.1    887.2
     1     1    16     1    14     3     0     0   -57.0   56.057 -137.961    873.3    888.9
     1     1    16     1    14     2     0     0   -58.0   56.011 -138.219    857.0    890.5
     1     1    16     1    14     1     0     0   -59.0   55.964 -138.484    840.7    892.0
     1     1    16     1    14     0     0     0   -60.0   55.916 -138.760    823.9    893.4
     1     1    16     1    13    23     0     0   -61.0   55.874 -139.048    805.9    895.2
     1     1    16     1    13    22     0     0   -62.0   55.844 -139.347    785.5    897.2
     1     1    16     1    13    21     0     0   -63.0   55.827 -139.655    763.3    899.3
     1     1    16     1    13    20     0     0   -64.0   55.826 -139.970    739.5    901.7
     1     1    16     1    13    19     0     0   -65.0   55.842 -140.285    714.8    904.5
     1     1    16     1    13    18     0     0   -66.0   55.874 -140.594    689.9    907.4
     1     1    16     1    13    17     0     0   -67.0   55.917 -140.875    665.3    910.1
     1     1    16     1    13    16     0     0   -68.0   55.963 -141.109    641.0    912.8
     1     1    16     1    13    15     0     0   -69.0   56.010 -141.295    616.7    915.2
     1     1    16     1    13    14     0     0   -70.0   56.058 -141.429    592.3    917.4
     1     1    16     1    13    13     0     0   -71.0   56.105 -141.509    567.6    919.6
     1     1    16     1    13    12     0     0   -72.0   56.151 -141.533    542.7    921.8
