     1     1
    CDC1    16     4     1     0     0
     1 BACKWARD OMEGA   
    16     4    26    12   60.984 -139.059   750.0
     1 PRESSURE
     1     1    16     4    26    12     0     0     0.0   60.984 -139.059    750.0    807.9
     1     1    16     4    26    11     0     0    -1.0   60.716 -138.765    711.6    815.6
     1     1    16     4    26    10     0     0    -2.0   60.439 -138.496    665.9    824.9
     1     1    16     4    26     9     0     0    -3.0   60.156 -138.246    613.5    835.3
     1     1    16     4    26     8     0     0    -4.0   59.877 -138.003    558.2    847.2
     1     1    16     4    26     7     0     0    -5.0   59.615 -137.763    504.8    860.6
     1     1    16     4    26     6     0     0    -6.0   59.374 -137.527    454.0    873.2
     1     1    16     4    26     5     0     0    -7.0   59.138 -137.277    406.0    885.5
     1     1    16     4    26     4     0     0    -8.0   58.891 -136.996    360.3    897.3
     1     1    16     4    26     3     0     0    -9.0   58.632 -136.676    317.6    908.4
     1     1    16     4    26     2     0     0   -10.0   58.356 -136.314    277.8    919.5
     1     1    16     4    26     1     0     0   -11.0   58.062 -135.908    240.8    930.4
     1     1    16     4    26     0     0     0   -12.0   57.749 -135.458    206.4    941.2
     1     1    16     4    25    23     0     0   -13.0   57.436 -134.996    174.8    949.8
     1     1    16     4    25    22     0     0   -14.0   57.137 -134.571    145.1    952.6
     1     1    16     4    25    21     0     0   -15.0   56.848 -134.194    117.8    956.5
     1     1    16     4    25    20     0     0   -16.0   56.571 -133.856     93.7    961.2
     1     1    16     4    25    19     0     0   -17.0   56.309 -133.553     73.7    966.0
     1     1    16     4    25    18     0     0   -18.0   56.070 -133.284     58.2    969.7
     1     1    16     4    25    17     0     0   -19.0   55.855 -133.050     46.6    972.8
     1     1    16     4    25    16     0     0   -20.0   55.655 -132.844     38.0    975.9
     1     1    16     4    25    15     0     0   -21.0   55.468 -132.663     31.9    978.9
     1     1    16     4    25    14     0     0   -22.0   55.289 -132.503     27.7    981.8
     1     1    16     4    25    13     0     0   -23.0   55.115 -132.360     24.9    983.5
     1     1    16     4    25    12     0     0   -24.0   54.943 -132.234     23.1    984.8
     1     1    16     4    25    11     0     0   -25.0   54.775 -132.134     21.5    985.6
     1     1    16     4    25    10     0     0   -26.0   54.613 -132.068     20.0    987.0
     1     1    16     4    25     9     0     0   -27.0   54.457 -132.037     18.4    989.0
     1     1    16     4    25     8     0     0   -28.0   54.307 -132.038     17.0    991.5
     1     1    16     4    25     7     0     0   -29.0   54.162 -132.073     15.7    994.5
     1     1    16     4    25     6     0     0   -30.0   54.021 -132.142     14.6    997.8
     1     1    16     4    25     5     0     0   -31.0   53.878 -132.232     13.8   1001.1
     1     1    16     4    25     4     0     0   -32.0   53.728 -132.330     13.2   1004.6
     1     1    16     4    25     3     0     0   -33.0   53.570 -132.438     12.9   1008.1
     1     1    16     4    25     2     0     0   -34.0   53.405 -132.557     13.0   1011.2
     1     1    16     4    25     1     0     0   -35.0   53.232 -132.692     13.4   1013.6
     1     1    16     4    25     0     0     0   -36.0   53.051 -132.848     14.3   1015.9
     1     1    16     4    24    23     0     0   -37.0   52.865 -133.029     15.7   1018.1
     1     1    16     4    24    22     0     0   -38.0   52.672 -133.237     17.6   1020.0
     1     1    16     4    24    21     0     0   -39.0   52.471 -133.474     20.0   1021.2
     1     1    16     4    24    20     0     0   -40.0   52.267 -133.734     23.0   1020.4
     1     1    16     4    24    19     0     0   -41.0   52.059 -134.012     26.7   1019.3
     1     1    16     4    24    18     0     0   -42.0   51.846 -134.308     31.0   1017.9
     1     1    16     4    24    17     0     0   -43.0   51.630 -134.628     36.3   1016.1
     1     1    16     4    24    16     0     0   -44.0   51.416 -134.971     43.2   1013.9
     1     1    16     4    24    15     0     0   -45.0   51.205 -135.340     52.4   1010.9
     1     1    16     4    24    14     0     0   -46.0   51.002 -135.736     65.0   1007.6
     1     1    16     4    24    13     0     0   -47.0   50.807 -136.157     82.0   1003.6
     1     1    16     4    24    12     0     0   -48.0   50.619 -136.605    103.3    998.3
     1     1    16     4    24    11     0     0   -49.0   50.429 -137.086    125.8    993.4
     1     1    16     4    24    10     0     0   -50.0   50.231 -137.605    146.0    989.9
     1     1    16     4    24     9     0     0   -51.0   50.028 -138.166    162.7    989.4
     1     1    16     4    24     8     0     0   -52.0   49.823 -138.763    175.5    990.3
     1     1    16     4    24     7     0     0   -53.0   49.618 -139.385    185.1    991.4
     1     1    16     4    24     6     0     0   -54.0   49.414 -140.030    192.3    992.6
     1     1    16     4    24     5     0     0   -55.0   49.215 -140.699    199.1    993.4
     1     1    16     4    24     4     0     0   -56.0   49.021 -141.395    207.2    993.3
     1     1    16     4    24     3     0     0   -57.0   48.827 -142.122    216.7    992.6
     1     1    16     4    24     2     0     0   -58.0   48.633 -142.886    228.1    990.5
     1     1    16     4    24     1     0     0   -59.0   48.444 -143.700    241.8    987.0
     1     1    16     4    24     0     0     0   -60.0   48.265 -144.571    258.3    983.1
     1     1    16     4    23    23     0     0   -61.0   48.105 -145.501    276.8    979.0
     1     1    16     4    23    22     0     0   -62.0   47.978 -146.484    296.2    974.9
     1     1    16     4    23    21     0     0   -63.0   47.886 -147.521    316.0    970.7
     1     1    16     4    23    20     0     0   -64.0   47.827 -148.592    335.9    969.6
     1     1    16     4    23    19     0     0   -65.0   47.799 -149.683    355.1    968.7
     1     1    16     4    23    18     0     0   -66.0   47.800 -150.780    373.7    968.3
     1     1    16     4    23    17     0     0   -67.0   47.816 -151.858    391.1    967.6
     1     1    16     4    23    16     0     0   -68.0   47.839 -152.900    406.8    966.1
     1     1    16     4    23    15     0     0   -69.0   47.860 -153.899    421.3    963.8
     1     1    16     4    23    14     0     0   -70.0   47.880 -154.854    435.0    961.5
     1     1    16     4    23    13     0     0   -71.0   47.896 -155.770    448.0    959.8
     1     1    16     4    23    12     0     0   -72.0   47.903 -156.650    459.9    958.5
