     1     1
    CDC1    15    10     1     0     0
     1 BACKWARD OMEGA   
    15    10    31     6   60.984 -139.059   750.0
     1 PRESSURE
     1     1    15    10    31     6     0     0     0.0   60.984 -139.059    750.0    795.4
     1     1    15    10    31     5     0     0    -1.0   60.895 -138.960    735.1    797.7
     1     1    15    10    31     4     0     0    -2.0   60.800 -138.852    716.6    800.6
     1     1    15    10    31     3     0     0    -3.0   60.700 -138.738    694.4    804.1
     1     1    15    10    31     2     0     0    -4.0   60.593 -138.617    668.4    808.0
     1     1    15    10    31     1     0     0    -5.0   60.479 -138.492    638.4    812.5
     1     1    15    10    31     0     0     0    -6.0   60.358 -138.364    604.3    817.6
     1     1    15    10    30    23     0     0    -7.0   60.241 -138.237    570.6    822.6
     1     1    15    10    30    22     0     0    -8.0   60.138 -138.112    541.7    826.4
     1     1    15    10    30    21     0     0    -9.0   60.052 -137.989    517.9    829.6
     1     1    15    10    30    20     0     0   -10.0   59.981 -137.869    499.8    832.2
     1     1    15    10    30    19     0     0   -11.0   59.927 -137.754    487.5    834.6
     1     1    15    10    30    18     0     0   -12.0   59.890 -137.646    481.1    835.8
     1     1    15    10    30    17     0     0   -13.0   59.860 -137.541    477.5    836.7
     1     1    15    10    30    16     0     0   -14.0   59.825 -137.438    472.9    838.0
     1     1    15    10    30    15     0     0   -15.0   59.787 -137.338    467.3    839.5
     1     1    15    10    30    14     0     0   -16.0   59.744 -137.242    460.7    841.2
     1     1    15    10    30    13     0     0   -17.0   59.697 -137.151    453.3    843.0
     1     1    15    10    30    12     0     0   -18.0   59.647 -137.065    445.0    845.1
     1     1    15    10    30    11     0     0   -19.0   59.596 -136.978    438.8    847.5
     1     1    15    10    30    10     0     0   -20.0   59.546 -136.884    436.8    849.0
     1     1    15    10    30     9     0     0   -21.0   59.499 -136.783    439.1    850.0
     1     1    15    10    30     8     0     0   -22.0   59.454 -136.675    445.2    850.4
     1     1    15    10    30     7     0     0   -23.0   59.410 -136.558    454.9    850.4
     1     1    15    10    30     6     0     0   -24.0   59.368 -136.432    467.9    850.0
     1     1    15    10    30     5     0     0   -25.0   59.317 -136.307    476.5    849.7
     1     1    15    10    30     4     0     0   -26.0   59.246 -136.197    472.5    852.1
     1     1    15    10    30     3     0     0   -27.0   59.158 -136.100    456.0    856.5
     1     1    15    10    30     2     0     0   -28.0   59.050 -136.014    427.1    862.9
     1     1    15    10    30     1     0     0   -29.0   58.926 -135.934    385.9    871.3
     1     1    15    10    30     0     0     0   -30.0   58.786 -135.855    334.2    880.8
     1     1    15    10    29    23     0     0   -31.0   58.638 -135.781    280.9    891.4
     1     1    15    10    29    22     0     0   -32.0   58.484 -135.711    232.8    901.4
     1     1    15    10    29    21     0     0   -33.0   58.326 -135.639    190.0    911.2
     1     1    15    10    29    20     0     0   -34.0   58.169 -135.557    153.4    919.5
     1     1    15    10    29    19     0     0   -35.0   58.014 -135.464    123.6    927.2
     1     1    15    10    29    18     0     0   -36.0   57.859 -135.366     99.9    934.7
     1     1    15    10    29    17     0     0   -37.0   57.715 -135.270     81.4    940.6
     1     1    15    10    29    16     0     0   -38.0   57.590 -135.186     66.8    944.9
     1     1    15    10    29    15     0     0   -39.0   57.483 -135.120     54.9    948.2
     1     1    15    10    29    14     0     0   -40.0   57.390 -135.081     44.9    950.7
     1     1    15    10    29    13     0     0   -41.0   57.310 -135.072     36.6    953.1
     1     1    15    10    29    12     0     0   -42.0   57.242 -135.097     30.0    955.5
     1     1    15    10    29    11     0     0   -43.0   57.180 -135.132     24.5    957.7
     1     1    15    10    29    10     0     0   -44.0   57.118 -135.155     19.7    959.8
     1     1    15    10    29     9     0     0   -45.0   57.058 -135.165     15.6    961.8
     1     1    15    10    29     8     0     0   -46.0   57.000 -135.161     12.1    963.5
     1     1    15    10    29     7     0     0   -47.0   56.943 -135.142      9.1    964.9
     1     1    15    10    29     6     0     0   -48.0   56.887 -135.108      6.1    965.8
     1     1    15    10    29     5     0     0   -49.0   56.825 -135.052      3.0    966.6
     1     1    15    10    29     4     0     0   -50.0   56.749 -134.971      0.0    967.2
     1     1    15    10    29     3     0     0   -51.0   56.660 -134.866      0.0    967.4
     1     1    15    10    29     2     0     0   -52.0   56.557 -134.741      0.0    967.7
     1     1    15    10    29     1     0     0   -53.0   56.440 -134.598      0.0    968.1
     1     1    15    10    29     0     0     0   -54.0   56.310 -134.439      0.0    968.6
     1     1    15    10    28    23     0     0   -55.0   56.175 -134.267      0.0    969.2
     1     1    15    10    28    22     0     0   -56.0   56.043 -134.083      0.0    969.6
     1     1    15    10    28    21     0     0   -57.0   55.911 -133.887      0.0    969.9
     1     1    15    10    28    20     0     0   -58.0   55.777 -133.678      0.0    970.2
     1     1    15    10    28    19     0     0   -59.0   55.637 -133.458      0.0    970.5
     1     1    15    10    28    18     0     0   -60.0   55.491 -133.227      0.0    971.0
     1     1    15    10    28    17     0     0   -61.0   55.333 -132.979      0.0    972.0
     1     1    15    10    28    16     0     0   -62.0   55.162 -132.701      0.0    973.3
     1     1    15    10    28    15     0     0   -63.0   54.978 -132.387      0.0    973.6
     1     1    15    10    28    14     0     0   -64.0   54.785 -132.052      0.0    970.5
     1     1    15    10    28    13     0     0   -65.0   54.591 -131.712      0.2    967.6
     1     1    15    10    28    12     0     0   -66.0   54.397 -131.366      1.3    965.0
     1     1    15    10    28    11     0     0   -67.0   54.208 -131.025      2.8    962.6
     1     1    15    10    28    10     0     0   -68.0   54.026 -130.697      4.1    960.7
     1     1    15    10    28     9     0     0   -69.0   53.846 -130.375      5.0    959.1
     1     1    15    10    28     8     0     0   -70.0   53.667 -130.057      5.3    957.9
     1     1    15    10    28     7     0     0   -71.0   53.486 -129.741      5.1    956.4
     1     1    15    10    28     6     0     0   -72.0   53.302 -129.431      4.5    954.7
