     1     1
    CDC1    15    11     1     0     0
     1 BACKWARD OMEGA   
    15    11    18    18   60.984 -139.059   750.0
     1 PRESSURE
     1     1    15    11    18    18     0     0     0.0   60.984 -139.059    750.0    799.0
     1     1    15    11    18    17     0     0    -1.0   60.979 -139.287    765.4    797.2
     1     1    15    11    18    16     0     0    -2.0   60.976 -139.495    773.2    796.3
     1     1    15    11    18    15     0     0    -3.0   60.974 -139.677    772.7    796.3
     1     1    15    11    18    14     0     0    -4.0   60.972 -139.831    763.3    797.2
     1     1    15    11    18    13     0     0    -5.0   60.971 -139.953    744.3    799.2
     1     1    15    11    18    12     0     0    -6.0   60.969 -140.041    715.7    802.3
     1     1    15    11    18    11     0     0    -7.0   60.970 -140.099    684.8    806.1
     1     1    15    11    18    10     0     0    -8.0   60.974 -140.135    659.1    808.4
     1     1    15    11    18     9     0     0    -9.0   60.979 -140.151    638.2    810.1
     1     1    15    11    18     8     0     0   -10.0   60.984 -140.146    621.9    811.2
     1     1    15    11    18     7     0     0   -11.0   60.989 -140.121    609.9    811.7
     1     1    15    11    18     6     0     0   -12.0   60.993 -140.079    602.0    811.6
     1     1    15    11    18     5     0     0   -13.0   60.997 -140.026    594.7    811.2
     1     1    15    11    18     4     0     0   -14.0   61.002 -139.970    585.3    811.3
     1     1    15    11    18     3     0     0   -15.0   61.008 -139.911    574.0    811.7
     1     1    15    11    18     2     0     0   -16.0   61.017 -139.848    561.1    812.3
     1     1    15    11    18     1     0     0   -17.0   61.026 -139.782    546.5    813.0
     1     1    15    11    18     0     0     0   -18.0   61.038 -139.712    530.6    813.8
     1     1    15    11    17    23     0     0   -19.0   61.048 -139.638    514.2    814.9
     1     1    15    11    17    22     0     0   -20.0   61.051 -139.561    498.1    815.9
     1     1    15    11    17    21     0     0   -21.0   61.049 -139.484    482.3    817.1
     1     1    15    11    17    20     0     0   -22.0   61.041 -139.405    466.5    818.3
     1     1    15    11    17    19     0     0   -23.0   61.026 -139.328    450.7    819.7
     1     1    15    11    17    18     0     0   -24.0   61.004 -139.253    434.7    821.2
     1     1    15    11    17    17     0     0   -25.0   60.980 -139.185    416.9    823.3
     1     1    15    11    17    16     0     0   -26.0   60.959 -139.126    395.8    826.1
     1     1    15    11    17    15     0     0   -27.0   60.944 -139.075    371.7    829.2
     1     1    15    11    17    14     0     0   -28.0   60.933 -139.029    345.2    832.0
     1     1    15    11    17    13     0     0   -29.0   60.928 -138.987    317.4    834.9
     1     1    15    11    17    12     0     0   -30.0   60.928 -138.949    289.1    837.8
     1     1    15    11    17    11     0     0   -31.0   60.936 -138.898    263.7    840.5
     1     1    15    11    17    10     0     0   -32.0   60.951 -138.823    244.2    842.0
     1     1    15    11    17     9     0     0   -33.0   60.973 -138.720    229.4    842.8
     1     1    15    11    17     8     0     0   -34.0   61.003 -138.590    218.6    843.1
     1     1    15    11    17     7     0     0   -35.0   61.039 -138.430    211.2    842.7
     1     1    15    11    17     6     0     0   -36.0   61.081 -138.237    206.6    841.8
     1     1    15    11    17     5     0     0   -37.0   61.129 -138.028    204.1    841.2
     1     1    15    11    17     4     0     0   -38.0   61.184 -137.820    203.1    840.3
     1     1    15    11    17     3     0     0   -39.0   61.245 -137.615    203.6    839.2
     1     1    15    11    17     2     0     0   -40.0   61.311 -137.414    205.7    837.6
     1     1    15    11    17     1     0     0   -41.0   61.382 -137.219    209.1    835.8
     1     1    15    11    17     0     0     0   -42.0   61.455 -137.031    213.9    833.8
     1     1    15    11    16    23     0     0   -43.0   61.520 -136.838    219.6    831.9
     1     1    15    11    16    22     0     0   -44.0   61.567 -136.626    225.6    830.4
     1     1    15    11    16    21     0     0   -45.0   61.595 -136.397    232.0    829.1
     1     1    15    11    16    20     0     0   -46.0   61.605 -136.151    239.2    828.0
     1     1    15    11    16    19     0     0   -47.0   61.596 -135.889    247.3    827.0
     1     1    15    11    16    18     0     0   -48.0   61.567 -135.609    256.6    826.2
     1     1    15    11    16    17     0     0   -49.0   61.514 -135.336    266.0    826.0
     1     1    15    11    16    16     0     0   -50.0   61.436 -135.096    274.2    826.4
     1     1    15    11    16    15     0     0   -51.0   61.333 -134.891    281.1    827.3
     1     1    15    11    16    14     0     0   -52.0   61.207 -134.720    286.8    828.6
     1     1    15    11    16    13     0     0   -53.0   61.060 -134.582    291.2    830.6
     1     1    15    11    16    12     0     0   -54.0   60.892 -134.474    294.1    833.1
     1     1    15    11    16    11     0     0   -55.0   60.720 -134.386    295.3    835.3
     1     1    15    11    16    10     0     0   -56.0   60.557 -134.312    294.6    837.7
     1     1    15    11    16     9     0     0   -57.0   60.405 -134.254    291.7    840.2
     1     1    15    11    16     8     0     0   -58.0   60.264 -134.215    286.3    842.9
     1     1    15    11    16     7     0     0   -59.0   60.135 -134.195    278.2    845.9
     1     1    15    11    16     6     0     0   -60.0   60.019 -134.197    267.5    849.1
     1     1    15    11    16     5     0     0   -61.0   59.904 -134.206    254.3    853.2
     1     1    15    11    16     4     0     0   -62.0   59.781 -134.211    238.9    858.0
     1     1    15    11    16     3     0     0   -63.0   59.649 -134.214    221.7    863.4
     1     1    15    11    16     2     0     0   -64.0   59.510 -134.219    203.3    869.4
     1     1    15    11    16     1     0     0   -65.0   59.364 -134.229    184.1    875.5
     1     1    15    11    16     0     0     0   -66.0   59.212 -134.246    164.9    881.6
     1     1    15    11    15    23     0     0   -67.0   59.062 -134.262    145.9    887.5
     1     1    15    11    15    22     0     0   -68.0   58.923 -134.270    127.2    893.3
     1     1    15    11    15    21     0     0   -69.0   58.794 -134.272    109.3    898.7
     1     1    15    11    15    20     0     0   -70.0   58.677 -134.271     92.7    903.8
     1     1    15    11    15    19     0     0   -71.0   58.572 -134.271     77.9    908.5
     1     1    15    11    15    18     0     0   -72.0   58.480 -134.276     64.7    912.2
