     1     1
    CDC1    16     3     1     0     0
     1 BACKWARD OMEGA   
    16     3     3     0   60.984 -139.059   750.0
     1 PRESSURE
     1     1    16     3     3     0     0     0     0.0   60.984 -139.059    750.0    804.3
     1     1    16     3     2    23     0     0    -1.0   60.975 -138.796    776.7    801.8
     1     1    16     3     2    22     0     0    -2.0   60.952 -138.550    805.4    799.3
     1     1    16     3     2    21     0     0    -3.0   60.913 -138.316    836.4    796.8
     1     1    16     3     2    20     0     0    -4.0   60.858 -138.091    870.1    794.4
     1     1    16     3     2    19     0     0    -5.0   60.788 -137.872    906.8    791.9
     1     1    16     3     2    18     0     0    -6.0   60.700 -137.655    947.1    788.9
     1     1    16     3     2    17     0     0    -7.0   60.605 -137.431    988.9    785.2
     1     1    16     3     2    16     0     0    -8.0   60.514 -137.190   1030.5    781.5
     1     1    16     3     2    15     0     0    -9.0   60.428 -136.931   1071.4    777.8
     1     1    16     3     2    14     0     0   -10.0   60.351 -136.656   1111.7    774.0
     1     1    16     3     2    13     0     0   -11.0   60.287 -136.364   1151.4    770.1
     1     1    16     3     2    12     0     0   -12.0   60.237 -136.058   1190.5    766.1
     1     1    16     3     2    11     0     0   -13.0   60.208 -135.749   1229.5    762.1
     1     1    16     3     2    10     0     0   -14.0   60.200 -135.446   1267.4    757.7
     1     1    16     3     2     9     0     0   -15.0   60.214 -135.153   1303.5    753.1
     1     1    16     3     2     8     0     0   -16.0   60.247 -134.872   1336.6    748.2
     1     1    16     3     2     7     0     0   -17.0   60.298 -134.609   1365.6    743.2
     1     1    16     3     2     6     0     0   -18.0   60.366 -134.366   1390.0    738.7
     1     1    16     3     2     5     0     0   -19.0   60.441 -134.154   1416.7    734.8
     1     1    16     3     2     4     0     0   -20.0   60.514 -133.981   1451.0    729.8
     1     1    16     3     2     3     0     0   -21.0   60.583 -133.842   1493.8    724.3
     1     1    16     3     2     2     0     0   -22.0   60.649 -133.733   1545.4    718.3
     1     1    16     3     2     1     0     0   -23.0   60.710 -133.649   1606.5    711.7
     1     1    16     3     2     0     0     0   -24.0   60.766 -133.586   1677.3    704.2
     1     1    16     3     1    23     0     0   -25.0   60.828 -133.531   1751.0    695.7
     1     1    16     3     1    22     0     0   -26.0   60.904 -133.479   1819.3    688.5
     1     1    16     3     1    21     0     0   -27.0   60.995 -133.436   1882.1    681.7
     1     1    16     3     1    20     0     0   -28.0   61.100 -133.407   1939.3    675.6
     1     1    16     3     1    19     0     0   -29.0   61.218 -133.398   1990.6    670.0
     1     1    16     3     1    18     0     0   -30.0   61.348 -133.414   2035.9    665.0
     1     1    16     3     1    17     0     0   -31.0   61.482 -133.472   2074.7    660.8
     1     1    16     3     1    16     0     0   -32.0   61.609 -133.579   2110.2    657.0
     1     1    16     3     1    15     0     0   -33.0   61.727 -133.730   2142.7    653.6
     1     1    16     3     1    14     0     0   -34.0   61.831 -133.916   2173.5    650.6
     1     1    16     3     1    13     0     0   -35.0   61.920 -134.130   2203.9    647.8
     1     1    16     3     1    12     0     0   -36.0   61.990 -134.364   2235.2    645.1
     1     1    16     3     1    11     0     0   -37.0   62.046 -134.601   2264.9    642.2
     1     1    16     3     1    10     0     0   -38.0   62.094 -134.825   2288.3    640.0
     1     1    16     3     1     9     0     0   -39.0   62.139 -135.035   2305.2    638.4
     1     1    16     3     1     8     0     0   -40.0   62.181 -135.226   2315.0    637.2
     1     1    16     3     1     7     0     0   -41.0   62.223 -135.398   2317.9    636.6
     1     1    16     3     1     6     0     0   -42.0   62.266 -135.548   2313.9    636.5
     1     1    16     3     1     5     0     0   -43.0   62.312 -135.692   2311.3    637.0
     1     1    16     3     1     4     0     0   -44.0   62.358 -135.844   2320.8    635.8
     1     1    16     3     1     3     0     0   -45.0   62.406 -136.003   2342.1    633.5
     1     1    16     3     1     2     0     0   -46.0   62.456 -136.166   2376.0    630.2
     1     1    16     3     1     1     0     0   -47.0   62.508 -136.331   2423.5    626.0
     1     1    16     3     1     0     0     0   -48.0   62.561 -136.495   2486.3    621.7
