     1     1
    CDC1    16     3     1     0     0
     1 BACKWARD OMEGA   
    16     3    21    18   60.984 -139.059   750.0
     1 PRESSURE
     1     1    16     3    21    18     0     0     0.0   60.984 -139.059    750.0    803.9
     1     1    16     3    21    17     0     0    -1.0   60.897 -138.784    748.7    805.4
     1     1    16     3    21    16     0     0    -2.0   60.816 -138.503    752.1    805.9
     1     1    16     3    21    15     0     0    -3.0   60.740 -138.217    759.1    805.9
     1     1    16     3    21    14     0     0    -4.0   60.670 -137.928    769.0    805.5
     1     1    16     3    21    13     0     0    -5.0   60.605 -137.638    780.9    804.8
     1     1    16     3    21    12     0     0    -6.0   60.543 -137.347    793.7    803.7
     1     1    16     3    21    11     0     0    -7.0   60.482 -137.045    807.3    802.6
     1     1    16     3    21    10     0     0    -8.0   60.420 -136.722    821.2    801.5
     1     1    16     3    21     9     0     0    -9.0   60.355 -136.378    836.4    800.2
     1     1    16     3    21     8     0     0   -10.0   60.287 -136.011    853.4    798.7
     1     1    16     3    21     7     0     0   -11.0   60.213 -135.622    872.7    796.9
     1     1    16     3    21     6     0     0   -12.0   60.133 -135.209    895.0    795.0
     1     1    16     3    21     5     0     0   -13.0   60.047 -134.800    917.2    792.1
     1     1    16     3    21     4     0     0   -14.0   59.956 -134.423    934.5    790.0
     1     1    16     3    21     3     0     0   -15.0   59.858 -134.079    946.8    789.0
     1     1    16     3    21     2     0     0   -16.0   59.756 -133.766    954.3    788.7
     1     1    16     3    21     1     0     0   -17.0   59.649 -133.481    957.3    788.9
     1     1    16     3    21     0     0     0   -18.0   59.540 -133.221    956.2    789.7
     1     1    16     3    20    23     0     0   -19.0   59.423 -132.981    952.1    790.5
     1     1    16     3    20    22     0     0   -20.0   59.294 -132.755    946.1    791.6
     1     1    16     3    20    21     0     0   -21.0   59.155 -132.541    938.2    793.2
     1     1    16     3    20    20     0     0   -22.0   59.008 -132.339    928.7    794.8
     1     1    16     3    20    19     0     0   -23.0   58.853 -132.148    917.5    796.6
     1     1    16     3    20    18     0     0   -24.0   58.692 -131.965    905.0    798.5
     1     1    16     3    20    17     0     0   -25.0   58.529 -131.793    891.0    800.2
     1     1    16     3    20    16     0     0   -26.0   58.366 -131.631    875.2    801.9
     1     1    16     3    20    15     0     0   -27.0   58.205 -131.480    857.0    803.7
     1     1    16     3    20    14     0     0   -28.0   58.043 -131.340    835.9    805.8
     1     1    16     3    20    13     0     0   -29.0   57.881 -131.212    811.4    808.3
     1     1    16     3    20    12     0     0   -30.0   57.719 -131.094    783.1    811.3
     1     1    16     3    20    11     0     0   -31.0   57.549 -130.986    752.8    814.8
     1     1    16     3    20    10     0     0   -32.0   57.368 -130.885    722.8    819.9
     1     1    16     3    20     9     0     0   -33.0   57.174 -130.793    693.6    825.9
     1     1    16     3    20     8     0     0   -34.0   56.970 -130.707    664.9    832.3
     1     1    16     3    20     7     0     0   -35.0   56.756 -130.626    636.2    839.1
     1     1    16     3    20     6     0     0   -36.0   56.534 -130.548    606.9    846.3
     1     1    16     3    20     5     0     0   -37.0   56.308 -130.468    577.8    852.9
     1     1    16     3    20     4     0     0   -38.0   56.081 -130.378    549.7    859.3
     1     1    16     3    20     3     0     0   -39.0   55.853 -130.284    523.1    865.6
     1     1    16     3    20     2     0     0   -40.0   55.622 -130.186    498.3    871.9
     1     1    16     3    20     1     0     0   -41.0   55.387 -130.087    475.7    878.2
     1     1    16     3    20     0     0     0   -42.0   55.148 -129.991    455.8    884.5
     1     1    16     3    19    23     0     0   -43.0   54.907 -129.891    437.4    889.9
     1     1    16     3    19    22     0     0   -44.0   54.667 -129.784    419.0    894.6
     1     1    16     3    19    21     0     0   -45.0   54.426 -129.673    400.6    899.4
     1     1    16     3    19    20     0     0   -46.0   54.184 -129.560    381.8    904.2
     1     1    16     3    19    19     0     0   -47.0   53.939 -129.446    362.6    908.8
     1     1    16     3    19    18     0     0   -48.0   53.690 -129.335    342.7    913.4
     1     1    16     3    19    17     0     0   -49.0   53.440 -129.217    324.2    918.0
     1     1    16     3    19    16     0     0   -50.0   53.191 -129.086    308.6    921.8
     1     1    16     3    19    15     0     0   -51.0   52.945 -128.942    295.5    925.0
     1     1    16     3    19    14     0     0   -52.0   52.701 -128.787    284.3    927.8
     1     1    16     3    19    13     0     0   -53.0   52.459 -128.620    274.8    929.9
     1     1    16     3    19    12     0     0   -54.0   52.221 -128.443    266.5    930.6
     1     1    16     3    19    11     0     0   -55.0   51.997 -128.274    258.6    931.5
     1     1    16     3    19    10     0     0   -56.0   51.794 -128.128    250.8    932.8
     1     1    16     3    19     9     0     0   -57.0   51.611 -128.001    243.1    934.3
     1     1    16     3    19     8     0     0   -58.0   51.448 -127.892    235.8    935.8
     1     1    16     3    19     7     0     0   -59.0   51.303 -127.797    229.0    937.3
     1     1    16     3    19     6     0     0   -60.0   51.175 -127.716    222.7    938.8
     1     1    16     3    19     5     0     0   -61.0   51.059 -127.634    216.7    940.2
     1     1    16     3    19     4     0     0   -62.0   50.948 -127.536    211.0    941.2
     1     1    16     3    19     3     0     0   -63.0   50.843 -127.424    205.3    941.8
     1     1    16     3    19     2     0     0   -64.0   50.745 -127.295    199.4    942.0
     1     1    16     3    19     1     0     0   -65.0   50.653 -127.153    193.1    941.8
     1     1    16     3    19     0     0     0   -66.0   50.566 -126.996    186.5    941.2
     1     1    16     3    18    23     0     0   -67.0   50.482 -126.817    180.4    940.2
     1     1    16     3    18    22     0     0   -68.0   50.394 -126.611    175.8    938.6
     1     1    16     3    18    21     0     0   -69.0   50.302 -126.375    173.1    936.4
     1     1    16     3    18    20     0     0   -70.0   50.201 -126.109    172.9    933.5
     1     1    16     3    18    19     0     0   -71.0   50.089 -125.808    175.7    929.8
     1     1    16     3    18    18     0     0   -72.0   49.961 -125.468    182.9    925.8
