     1     1
    CDC1    15    12     1     0     0
     1 BACKWARD OMEGA   
    15    12    17    18   60.984 -139.059   750.0
     1 PRESSURE
     1     1    15    12    17    18     0     0     0.0   60.984 -139.059    750.0    795.1
     1     1    15    12    17    17     0     0    -1.0   60.723 -138.405    703.9    803.5
     1     1    15    12    17    16     0     0    -2.0   60.444 -137.734    654.6    813.0
     1     1    15    12    17    15     0     0    -3.0   60.153 -137.043    602.9    822.5
     1     1    15    12    17    14     0     0    -4.0   59.853 -136.339    551.9    832.7
     1     1    15    12    17    13     0     0    -5.0   59.553 -135.643    503.5    844.3
     1     1    15    12    17    12     0     0    -6.0   59.260 -134.960    458.0    854.9
     1     1    15    12    17    11     0     0    -7.0   58.982 -134.300    417.1    861.8
     1     1    15    12    17    10     0     0    -8.0   58.729 -133.677    383.0    866.2
     1     1    15    12    17     9     0     0    -9.0   58.504 -133.103    355.5    868.3
     1     1    15    12    17     8     0     0   -10.0   58.310 -132.591    333.8    868.8
     1     1    15    12    17     7     0     0   -11.0   58.141 -132.137    316.7    867.9
     1     1    15    12    17     6     0     0   -12.0   57.984 -131.730    303.5    866.2
     1     1    15    12    17     5     0     0   -13.0   57.828 -131.360    293.1    864.1
     1     1    15    12    17     4     0     0   -14.0   57.665 -131.020    285.1    861.8
     1     1    15    12    17     3     0     0   -15.0   57.497 -130.714    279.2    859.5
     1     1    15    12    17     2     0     0   -16.0   57.330 -130.446    277.0    859.6
     1     1    15    12    17     1     0     0   -17.0   57.166 -130.216    279.5    859.7
     1     1    15    12    17     0     0     0   -18.0   57.008 -130.022    287.0    859.8
     1     1    15    12    16    23     0     0   -19.0   56.860 -129.861    298.7    860.6
     1     1    15    12    16    22     0     0   -20.0   56.727 -129.729    313.4    861.2
     1     1    15    12    16    21     0     0   -21.0   56.609 -129.625    331.1    861.5
     1     1    15    12    16    20     0     0   -22.0   56.507 -129.547    351.7    861.3
     1     1    15    12    16    19     0     0   -23.0   56.420 -129.495    375.4    860.7
     1     1    15    12    16    18     0     0   -24.0   56.350 -129.466    402.3    859.2
     1     1    15    12    16    17     0     0   -25.0   56.300 -129.472    429.6    857.4
     1     1    15    12    16    16     0     0   -26.0   56.272 -129.525    454.3    856.4
     1     1    15    12    16    15     0     0   -27.0   56.267 -129.623    476.6    855.8
     1     1    15    12    16    14     0     0   -28.0   56.283 -129.769    496.4    855.7
     1     1    15    12    16    13     0     0   -29.0   56.319 -129.963    513.3    856.0
     1     1    15    12    16    12     0     0   -30.0   56.374 -130.207    526.6    858.2
     1     1    15    12    16    11     0     0   -31.0   56.435 -130.475    536.1    860.8
     1     1    15    12    16    10     0     0   -32.0   56.493 -130.744    543.2    863.7
     1     1    15    12    16     9     0     0   -33.0   56.547 -131.018    547.5    867.0
     1     1    15    12    16     8     0     0   -34.0   56.595 -131.298    549.0    871.0
     1     1    15    12    16     7     0     0   -35.0   56.635 -131.587    547.3    875.7
     1     1    15    12    16     6     0     0   -36.0   56.665 -131.888    542.4    881.2
     1     1    15    12    16     5     0     0   -37.0   56.690 -132.201    534.4    887.3
     1     1    15    12    16     4     0     0   -38.0   56.716 -132.524    524.0    893.6
     1     1    15    12    16     3     0     0   -39.0   56.747 -132.856    511.6    899.0
     1     1    15    12    16     2     0     0   -40.0   56.786 -133.199    498.0    904.5
     1     1    15    12    16     1     0     0   -41.0   56.834 -133.552    483.0    910.3
     1     1    15    12    16     0     0     0   -42.0   56.890 -133.914    466.1    916.5
     1     1    15    12    15    23     0     0   -43.0   56.947 -134.286    447.6    922.8
     1     1    15    12    15    22     0     0   -44.0   56.999 -134.667    428.2    929.6
     1     1    15    12    15    21     0     0   -45.0   57.050 -135.056    408.1    936.2
     1     1    15    12    15    20     0     0   -46.0   57.101 -135.459    387.9    940.4
     1     1    15    12    15    19     0     0   -47.0   57.155 -135.883    369.4    944.3
     1     1    15    12    15    18     0     0   -48.0   57.210 -136.330    353.1    948.0
     1     1    15    12    15    17     0     0   -49.0   57.262 -136.801    338.3    951.9
     1     1    15    12    15    16     0     0   -50.0   57.307 -137.300    324.0    956.3
     1     1    15    12    15    15     0     0   -51.0   57.343 -137.827    310.0    960.0
     1     1    15    12    15    14     0     0   -52.0   57.371 -138.384    295.5    963.2
     1     1    15    12    15    13     0     0   -53.0   57.396 -138.971    280.0    966.8
     1     1    15    12    15    12     0     0   -54.0   57.426 -139.593    263.7    970.6
     1     1    15    12    15    11     0     0   -55.0   57.459 -140.248    246.0    975.2
     1     1    15    12    15    10     0     0   -56.0   57.483 -140.925    227.7    981.2
     1     1    15    12    15     9     0     0   -57.0   57.496 -141.622    211.1    986.9
     1     1    15    12    15     8     0     0   -58.0   57.505 -142.342    198.2    991.9
     1     1    15    12    15     7     0     0   -59.0   57.510 -143.080    189.9    996.2
     1     1    15    12    15     6     0     0   -60.0   57.513 -143.831    186.3   1000.3
     1     1    15    12    15     5     0     0   -61.0   57.506 -144.587    185.4   1004.5
     1     1    15    12    15     4     0     0   -62.0   57.480 -145.340    184.2   1007.1
     1     1    15    12    15     3     0     0   -63.0   57.437 -146.084    182.2   1007.0
     1     1    15    12    15     2     0     0   -64.0   57.384 -146.816    179.7   1006.7
     1     1    15    12    15     1     0     0   -65.0   57.323 -147.540    177.2   1005.8
     1     1    15    12    15     0     0     0   -66.0   57.255 -148.257    174.5   1001.2
     1     1    15    12    14    23     0     0   -67.0   57.177 -148.963    174.1    997.1
     1     1    15    12    14    22     0     0   -68.0   57.087 -149.652    179.1    992.3
     1     1    15    12    14    21     0     0   -69.0   56.981 -150.328    188.9    986.7
     1     1    15    12    14    20     0     0   -70.0   56.855 -150.999    202.0    981.0
     1     1    15    12    14    19     0     0   -71.0   56.708 -151.678    216.6    975.0
     1     1    15    12    14    18     0     0   -72.0   56.540 -152.370    232.0    969.6
