     1     1
    CDC1    15    10     1     0     0
     1 BACKWARD OMEGA   
    15    10    30     6   60.984 -139.059   750.0
     1 PRESSURE
     1     1    15    10    30     6     0     0     0.0   60.984 -139.059    750.0    792.2
     1     1    15    10    30     5     0     0    -1.0   60.954 -138.935    772.5    790.4
     1     1    15    10    30     4     0     0    -2.0   60.908 -138.835    786.7    790.1
     1     1    15    10    30     3     0     0    -3.0   60.847 -138.758    791.9    790.9
     1     1    15    10    30     2     0     0    -4.0   60.769 -138.700    787.7    792.9
     1     1    15    10    30     1     0     0    -5.0   60.674 -138.657    773.6    796.3
     1     1    15    10    30     0     0     0    -6.0   60.562 -138.624    748.6    801.1
     1     1    15    10    29    23     0     0    -7.0   60.435 -138.589    718.0    807.1
     1     1    15    10    29    22     0     0    -8.0   60.292 -138.544    687.7    812.9
     1     1    15    10    29    21     0     0    -9.0   60.133 -138.489    657.2    819.1
     1     1    15    10    29    20     0     0   -10.0   59.956 -138.426    626.3    826.4
     1     1    15    10    29    19     0     0   -11.0   59.760 -138.367    595.4    836.0
     1     1    15    10    29    18     0     0   -12.0   59.549 -138.317    563.9    846.0
     1     1    15    10    29    17     0     0   -13.0   59.331 -138.277    530.8    856.2
     1     1    15    10    29    16     0     0   -14.0   59.114 -138.253    495.8    866.8
     1     1    15    10    29    15     0     0   -15.0   58.902 -138.245    460.2    877.7
     1     1    15    10    29    14     0     0   -16.0   58.694 -138.256    425.0    888.5
     1     1    15    10    29    13     0     0   -17.0   58.493 -138.289    391.2    899.3
     1     1    15    10    29    12     0     0   -18.0   58.301 -138.349    360.2    909.1
     1     1    15    10    29    11     0     0   -19.0   58.113 -138.425    331.8    918.4
     1     1    15    10    29    10     0     0   -20.0   57.924 -138.506    305.6    927.8
     1     1    15    10    29     9     0     0   -21.0   57.734 -138.594    281.7    937.1
     1     1    15    10    29     8     0     0   -22.0   57.545 -138.691    260.1    946.4
     1     1    15    10    29     7     0     0   -23.0   57.353 -138.804    240.5    952.2
     1     1    15    10    29     6     0     0   -24.0   57.158 -138.944    223.0    956.8
     1     1    15    10    29     5     0     0   -25.0   56.960 -139.094    206.8    960.7
     1     1    15    10    29     4     0     0   -26.0   56.761 -139.237    191.6    964.1
     1     1    15    10    29     3     0     0   -27.0   56.561 -139.381    177.1    967.1
     1     1    15    10    29     2     0     0   -28.0   56.362 -139.534    163.3    969.8
     1     1    15    10    29     1     0     0   -29.0   56.167 -139.708    150.3    972.4
     1     1    15    10    29     0     0     0   -30.0   55.978 -139.914    138.4    974.6
     1     1    15    10    28    23     0     0   -31.0   55.790 -140.135    127.6    976.9
     1     1    15    10    28    22     0     0   -32.0   55.601 -140.344    117.5    979.0
     1     1    15    10    28    21     0     0   -33.0   55.411 -140.542    107.9    980.7
     1     1    15    10    28    20     0     0   -34.0   55.219 -140.732     98.9    982.1
     1     1    15    10    28    19     0     0   -35.0   55.027 -140.920     90.2    983.3
     1     1    15    10    28    18     0     0   -36.0   54.839 -141.100     82.2    983.8
     1     1    15    10    28    17     0     0   -37.0   54.645 -141.278     75.0    984.3
     1     1    15    10    28    16     0     0   -38.0   54.435 -141.471     68.7    984.2
     1     1    15    10    28    15     0     0   -39.0   54.207 -141.674     63.0    984.2
     1     1    15    10    28    14     0     0   -40.0   53.958 -141.885     57.8    984.2
     1     1    15    10    28    13     0     0   -41.0   53.685 -142.096     53.2    984.2
     1     1    15    10    28    12     0     0   -42.0   53.385 -142.304     49.2    984.3
     1     1    15    10    28    11     0     0   -43.0   53.075 -142.519     45.8    985.1
     1     1    15    10    28    10     0     0   -44.0   52.776 -142.763     43.2    985.6
     1     1    15    10    28     9     0     0   -45.0   52.489 -143.048     41.1    986.2
     1     1    15    10    28     8     0     0   -46.0   52.208 -143.369     39.6    986.9
     1     1    15    10    28     7     0     0   -47.0   51.926 -143.715     38.4    987.4
     1     1    15    10    28     6     0     0   -48.0   51.639 -144.079     37.4    987.5
     1     1    15    10    28     5     0     0   -49.0   51.340 -144.448     36.7    987.3
     1     1    15    10    28     4     0     0   -50.0   51.031 -144.819     36.1    987.0
     1     1    15    10    28     3     0     0   -51.0   50.721 -145.199     35.8    986.6
     1     1    15    10    28     2     0     0   -52.0   50.419 -145.600     35.6    986.1
     1     1    15    10    28     1     0     0   -53.0   50.135 -146.032     35.7    985.6
     1     1    15    10    28     0     0     0   -54.0   49.871 -146.507     35.9    985.1
     1     1    15    10    27    23     0     0   -55.0   49.622 -147.002     36.2    984.0
     1     1    15    10    27    22     0     0   -56.0   49.381 -147.497     36.5    982.8
     1     1    15    10    27    21     0     0   -57.0   49.153 -147.999     36.9    982.9
     1     1    15    10    27    20     0     0   -58.0   48.940 -148.520     37.6    983.0
     1     1    15    10    27    19     0     0   -59.0   48.749 -149.075     38.5    983.3
     1     1    15    10    27    18     0     0   -60.0   48.588 -149.680     39.9    983.6
     1     1    15    10    27    17     0     0   -61.0   48.441 -150.307     41.3    983.3
     1     1    15    10    27    16     0     0   -62.0   48.290 -150.925     42.5    982.9
     1     1    15    10    27    15     0     0   -63.0   48.141 -151.547     43.5    982.7
     1     1    15    10    27    14     0     0   -64.0   48.001 -152.193     44.2    982.6
     1     1    15    10    27    13     0     0   -65.0   47.876 -152.877     44.7    982.7
     1     1    15    10    27    12     0     0   -66.0   47.775 -153.606     45.0    982.9
     1     1    15    10    27    11     0     0   -67.0   47.695 -154.368     45.5    983.0
     1     1    15    10    27    10     0     0   -68.0   47.638 -155.152     46.5    982.8
     1     1    15    10    27     9     0     0   -69.0   47.609 -155.948     47.9    982.4
     1     1    15    10    27     8     0     0   -70.0   47.616 -156.744     49.9    982.0
     1     1    15    10    27     7     0     0   -71.0   47.673 -157.539     52.3    981.4
     1     1    15    10    27     6     0     0   -72.0   47.780 -158.306     55.3    980.4
