     1     1
    CDC1    16     2     1     0     0
     1 BACKWARD OMEGA   
    16     2    19     0   60.984 -139.059   750.0
     1 PRESSURE
     1     1    16     2    19     0     0     0     0.0   60.984 -139.059    750.0    789.0
     1     1    16     2    18    23     0     0    -1.0   61.046 -138.976    782.2    784.0
     1     1    16     2    18    22     0     0    -2.0   61.107 -138.885    809.9    779.7
     1     1    16     2    18    21     0     0    -3.0   61.168 -138.787    833.0    775.8
     1     1    16     2    18    20     0     0    -4.0   61.230 -138.683    851.3    772.4
     1     1    16     2    18    19     0     0    -5.0   61.290 -138.573    864.8    769.5
     1     1    16     2    18    18     0     0    -6.0   61.351 -138.458    873.4    767.1
     1     1    16     2    18    17     0     0    -7.0   61.407 -138.347    880.9    765.8
     1     1    16     2    18    16     0     0    -8.0   61.458 -138.249    890.2    764.2
     1     1    16     2    18    15     0     0    -9.0   61.503 -138.164    901.8    762.4
     1     1    16     2    18    14     0     0   -10.0   61.542 -138.091    916.0    760.3
     1     1    16     2    18    13     0     0   -11.0   61.576 -138.029    933.1    758.1
     1     1    16     2    18    12     0     0   -12.0   61.604 -137.978    953.2    755.7
     1     1    16     2    18    11     0     0   -13.0   61.631 -137.938    975.5    753.3
     1     1    16     2    18    10     0     0   -14.0   61.662 -137.909    998.6    750.8
     1     1    16     2    18     9     0     0   -15.0   61.697 -137.894   1022.4    748.3
     1     1    16     2    18     8     0     0   -16.0   61.737 -137.895   1046.8    745.7
     1     1    16     2    18     7     0     0   -17.0   61.780 -137.914   1071.3    743.1
     1     1    16     2    18     6     0     0   -18.0   61.828 -137.954   1095.6    740.4
     1     1    16     2    18     5     0     0   -19.0   61.879 -138.004   1120.7    738.1
     1     1    16     2    18     4     0     0   -20.0   61.931 -138.054   1147.9    735.4
     1     1    16     2    18     3     0     0   -21.0   61.985 -138.102   1177.7    732.5
     1     1    16     2    18     2     0     0   -22.0   62.039 -138.145   1211.0    729.3
     1     1    16     2    18     1     0     0   -23.0   62.093 -138.182   1248.3    725.6
     1     1    16     2    18     0     0     0   -24.0   62.147 -138.210   1290.2    721.3
     1     1    16     2    17    23     0     0   -25.0   62.202 -138.243   1334.3    716.5
     1     1    16     2    17    22     0     0   -26.0   62.259 -138.296   1375.6    712.2
     1     1    16     2    17    21     0     0   -27.0   62.319 -138.371   1414.5    708.3
     1     1    16     2    17    20     0     0   -28.0   62.383 -138.469   1450.6    704.6
     1     1    16     2    17    19     0     0   -29.0   62.450 -138.590   1483.4    701.2
     1     1    16     2    17    18     0     0   -30.0   62.521 -138.736   1513.4    698.8
     1     1    16     2    17    17     0     0   -31.0   62.591 -138.878   1543.5    697.8
     1     1    16     2    17    16     0     0   -32.0   62.655 -138.995   1575.7    696.4
     1     1    16     2    17    15     0     0   -33.0   62.713 -139.086   1610.1    694.7
     1     1    16     2    17    14     0     0   -34.0   62.766 -139.155   1646.9    692.7
     1     1    16     2    17    13     0     0   -35.0   62.815 -139.200   1686.0    690.1
     1     1    16     2    17    12     0     0   -36.0   62.861 -139.224   1726.9    687.3
     1     1    16     2    17    11     0     0   -37.0   62.906 -139.229   1765.6    684.3
     1     1    16     2    17    10     0     0   -38.0   62.949 -139.215   1797.0    682.4
     1     1    16     2    17     9     0     0   -39.0   62.991 -139.181   1821.3    681.1
     1     1    16     2    17     8     0     0   -40.0   63.030 -139.129   1838.1    680.4
     1     1    16     2    17     7     0     0   -41.0   63.066 -139.060   1847.4    680.4
     1     1    16     2    17     6     0     0   -42.0   63.098 -138.972   1848.8    681.0
     1     1    16     2    17     5     0     0   -43.0   63.133 -138.879   1849.0    682.4
     1     1    16     2    17     4     0     0   -44.0   63.179 -138.792   1855.1    682.8
     1     1    16     2    17     3     0     0   -45.0   63.236 -138.713   1867.5    682.9
     1     1    16     2    17     2     0     0   -46.0   63.305 -138.644   1886.3    682.6
     1     1    16     2    17     1     0     0   -47.0   63.387 -138.588   1911.5    681.9
     1     1    16     2    17     0     0     0   -48.0   63.483 -138.546   1943.1    681.0
     1     1    16     2    16    23     0     0   -49.0   63.593 -138.536   1977.8    679.2
     1     1    16     2    16    22     0     0   -50.0   63.717 -138.569   2013.9    677.9
     1     1    16     2    16    21     0     0   -51.0   63.855 -138.644   2050.5    676.8
     1     1    16     2    16    20     0     0   -52.0   64.007 -138.762   2087.3    676.1
     1     1    16     2    16    19     0     0   -53.0   64.172 -138.922   2124.1    675.8
     1     1    16     2    16    18     0     0   -54.0   64.349 -139.127   2160.6    675.5
     1     1    16     2    16    17     0     0   -55.0   64.530 -139.368   2197.1    675.6
     1     1    16     2    16    16     0     0   -56.0   64.710 -139.634   2237.3    675.2
     1     1    16     2    16    15     0     0   -57.0   64.891 -139.924   2280.7    674.6
     1     1    16     2    16    14     0     0   -58.0   65.074 -140.230   2326.5    673.0
     1     1    16     2    16    13     0     0   -59.0   65.258 -140.535   2373.4    670.1
     1     1    16     2    16    12     0     0   -60.0   65.446 -140.828   2421.8    667.0
     1     1    16     2    16    11     0     0   -61.0   65.637 -141.095   2465.1    663.8
     1     1    16     2    16    10     0     0   -62.0   65.831 -141.325   2496.7    662.1
     1     1    16     2    16     9     0     0   -63.0   66.025 -141.512   2517.8    661.3
     1     1    16     2    16     8     0     0   -64.0   66.218 -141.652   2529.2    661.2
     1     1    16     2    16     7     0     0   -65.0   66.409 -141.740   2531.6    661.8
     1     1    16     2    16     6     0     0   -66.0   66.597 -141.775   2525.0    663.3
     1     1    16     2    16     5     0     0   -67.0   66.775 -141.785   2512.7    665.4
     1     1    16     2    16     4     0     0   -68.0   66.940 -141.802   2497.8    667.5
     1     1    16     2    16     3     0     0   -69.0   67.093 -141.824   2481.2    669.5
     1     1    16     2    16     2     0     0   -70.0   67.235 -141.850   2463.4    671.6
     1     1    16     2    16     1     0     0   -71.0   67.366 -141.878   2445.0    673.7
     1     1    16     2    16     0     0     0   -72.0   67.488 -141.908   2426.5    675.6
