     1     1
    CDC1    16     1     1     0     0
     1 BACKWARD OMEGA   
    16     1    18    18   60.984 -139.059   750.0
     1 PRESSURE
     1     1    16     1    18    18     0     0     0.0   60.984 -139.059    750.0    796.7
     1     1    16     1    18    17     0     0    -1.0   60.652 -138.862    708.9    805.3
     1     1    16     1    18    16     0     0    -2.0   60.319 -138.603    660.4    815.2
     1     1    16     1    18    15     0     0    -3.0   59.984 -138.282    603.8    826.2
     1     1    16     1    18    14     0     0    -4.0   59.656 -137.914    543.3    841.6
     1     1    16     1    18    13     0     0    -5.0   59.344 -137.524    481.8    856.5
     1     1    16     1    18    12     0     0    -6.0   59.048 -137.134    420.7    870.5
     1     1    16     1    18    11     0     0    -7.0   58.772 -136.736    366.8    883.3
     1     1    16     1    18    10     0     0    -8.0   58.515 -136.310    324.0    892.3
     1     1    16     1    18     9     0     0    -9.0   58.271 -135.859    290.3    899.5
     1     1    16     1    18     8     0     0   -10.0   58.031 -135.394    262.6    905.4
     1     1    16     1    18     7     0     0   -11.0   57.789 -134.927    238.9    909.9
     1     1    16     1    18     6     0     0   -12.0   57.545 -134.452    218.1    910.6
     1     1    16     1    18     5     0     0   -13.0   57.298 -133.942    200.0    910.7
     1     1    16     1    18     4     0     0   -14.0   57.042 -133.382    183.2    909.7
     1     1    16     1    18     3     0     0   -15.0   56.772 -132.779    166.4    908.8
     1     1    16     1    18     2     0     0   -16.0   56.483 -132.152    148.2    907.2
     1     1    16     1    18     1     0     0   -17.0   56.170 -131.506    128.6    904.9
     1     1    16     1    18     0     0     0   -18.0   55.844 -130.833    108.8    902.8
     1     1    16     1    17    23     0     0   -19.0   55.540 -130.166     92.1    900.6
     1     1    16     1    17    22     0     0   -20.0   55.281 -129.558     80.1    898.7
     1     1    16     1    17    21     0     0   -21.0   55.061 -129.013     71.2    896.4
     1     1    16     1    17    20     0     0   -22.0   54.861 -128.532     64.1    893.6
     1     1    16     1    17    19     0     0   -23.0   54.667 -128.106     58.4    891.3
     1     1    16     1    17    18     0     0   -24.0   54.476 -127.714     54.7    889.1
     1     1    16     1    17    17     0     0   -25.0   54.285 -127.346     52.2    888.8
     1     1    16     1    17    16     0     0   -26.0   54.091 -126.994     49.6    889.8
     1     1    16     1    17    15     0     0   -27.0   53.892 -126.654     46.9    890.3
     1     1    16     1    17    14     0     0   -28.0   53.691 -126.326     43.9    890.3
     1     1    16     1    17    13     0     0   -29.0   53.488 -126.017     40.7    889.9
     1     1    16     1    17    12     0     0   -30.0   53.291 -125.735     37.3    889.3
     1     1    16     1    17    11     0     0   -31.0   53.110 -125.488     33.9    888.0
     1     1    16     1    17    10     0     0   -32.0   52.959 -125.275     30.8    886.5
     1     1    16     1    17     9     0     0   -33.0   52.834 -125.095     27.8    884.8
     1     1    16     1    17     8     0     0   -34.0   52.732 -124.939     24.8    883.4
     1     1    16     1    17     7     0     0   -35.0   52.645 -124.803     21.7    882.4
     1     1    16     1    17     6     0     0   -36.0   52.570 -124.682     18.2    881.4
     1     1    16     1    17     5     0     0   -37.0   52.491 -124.560     14.8    880.4
     1     1    16     1    17     4     0     0   -38.0   52.394 -124.424     11.2    880.5
     1     1    16     1    17     3     0     0   -39.0   52.278 -124.274      7.1    880.4
     1     1    16     1    17     2     0     0   -40.0   52.146 -124.116      2.1    880.0
     1     1    16     1    17     1     0     0   -41.0   51.998 -123.952      0.0    879.6
     1     1    16     1    17     0     0     0   -42.0   51.838 -123.783      0.0    879.3
     1     1    16     1    16    23     0     0   -43.0   51.678 -123.594      0.0    878.6
     1     1    16     1    16    22     0     0   -44.0   51.528 -123.365      0.0    877.1
     1     1    16     1    16    21     0     0   -45.0   51.387 -123.094      0.0    874.9
     1     1    16     1    16    20     0     0   -46.0   51.255 -122.779      0.0    871.9
     1     1    16     1    16    19     0     0   -47.0   51.132 -122.419      0.0    868.3
     1     1    16     1    16    18     0     0   -48.0   51.020 -122.028      0.0    865.2
     1     1    16     1    16    17     0     0   -49.0   50.921 -121.641      0.0    862.5
     1     1    16     1    16    16     0     0   -50.0   50.837 -121.283      0.0    859.9
     1     1    16     1    16    15     0     0   -51.0   50.764 -120.961      0.0    857.6
     1     1    16     1    16    14     0     0   -52.0   50.701 -120.679      0.0    855.6
     1     1    16     1    16    13     0     0   -53.0   50.645 -120.440      0.0    854.1
     1     1    16     1    16    12     0     0   -54.0   50.594 -120.247      0.0    852.9
     1     1    16     1    16    11     0     0   -55.0   50.541 -120.093      0.0    852.0
     1     1    16     1    16    10     0     0   -56.0   50.477 -119.968      0.0    851.5
     1     1    16     1    16     9     0     0   -57.0   50.402 -119.866      0.0    851.6
     1     1    16     1    16     8     0     0   -58.0   50.318 -119.786      0.0    851.9
     1     1    16     1    16     7     0     0   -59.0   50.223 -119.726      0.0    852.4
     1     1    16     1    16     6     0     0   -60.0   50.120 -119.687      0.0    853.1
     1     1    16     1    16     5     0     0   -61.0   50.020 -119.664      0.0    854.0
     1     1    16     1    16     4     0     0   -62.0   49.934 -119.644      0.0    856.5
     1     1    16     1    16     3     0     0   -63.0   49.863 -119.625      0.0    859.0
     1     1    16     1    16     2     0     0   -64.0   49.805 -119.606      0.0    861.0
     1     1    16     1    16     1     0     0   -65.0   49.759 -119.586      0.0    862.6
     1     1    16     1    16     0     0     0   -66.0   49.727 -119.566      0.0    863.8
     1     1    16     1    15    23     0     0   -67.0   49.701 -119.556      0.0    864.3
     1     1    16     1    15    22     0     0   -68.0   49.672 -119.566      0.0    865.2
     1     1    16     1    15    21     0     0   -69.0   49.640 -119.596      0.0    866.3
     1     1    16     1    15    20     0     0   -70.0   49.606 -119.644      0.0    867.6
     1     1    16     1    15    19     0     0   -71.0   49.570 -119.710      0.0    869.2
     1     1    16     1    15    18     0     0   -72.0   49.534 -119.793      0.0    870.9
