     1     1
    CDC1    16     4     1     0     0
     1 BACKWARD OMEGA   
    16     4    26     0   60.984 -139.059   750.0
     1 PRESSURE
     1     1    16     4    26     0     0     0     0.0   60.984 -139.059    750.0    810.5
     1     1    16     4    25    23     0     0    -1.0   60.648 -138.833    717.8    818.7
     1     1    16     4    25    22     0     0    -2.0   60.304 -138.609    676.2    828.9
     1     1    16     4    25    21     0     0    -3.0   59.949 -138.393    626.4    841.2
     1     1    16     4    25    20     0     0    -4.0   59.593 -138.181    574.2    857.9
     1     1    16     4    25    19     0     0    -5.0   59.241 -137.965    523.8    874.0
     1     1    16     4    25    18     0     0    -6.0   58.894 -137.733    475.8    889.8
     1     1    16     4    25    17     0     0    -7.0   58.557 -137.470    430.2    905.1
     1     1    16     4    25    16     0     0    -8.0   58.233 -137.170    387.3    919.0
     1     1    16     4    25    15     0     0    -9.0   57.922 -136.842    347.8    930.9
     1     1    16     4    25    14     0     0   -10.0   57.626 -136.499    312.2    941.6
     1     1    16     4    25    13     0     0   -11.0   57.346 -136.161    280.4    949.1
     1     1    16     4    25    12     0     0   -12.0   57.082 -135.846    252.5    954.9
     1     1    16     4    25    11     0     0   -13.0   56.837 -135.565    227.8    960.4
     1     1    16     4    25    10     0     0   -14.0   56.614 -135.328    205.9    965.9
     1     1    16     4    25     9     0     0   -15.0   56.412 -135.137    186.2    970.8
     1     1    16     4    25     8     0     0   -16.0   56.228 -134.997    168.6    975.2
     1     1    16     4    25     7     0     0   -17.0   56.060 -134.908    152.9    978.7
     1     1    16     4    25     6     0     0   -18.0   55.905 -134.866    139.2    982.6
     1     1    16     4    25     5     0     0   -19.0   55.751 -134.849    128.1    986.6
     1     1    16     4    25     4     0     0   -20.0   55.587 -134.836    120.2    990.5
     1     1    16     4    25     3     0     0   -21.0   55.413 -134.826    115.5    994.2
     1     1    16     4    25     2     0     0   -22.0   55.228 -134.821    114.1    997.8
     1     1    16     4    25     1     0     0   -23.0   55.032 -134.823    116.4   1001.2
     1     1    16     4    25     0     0     0   -24.0   54.827 -134.843    122.6   1001.6
     1     1    16     4    24    23     0     0   -25.0   54.615 -134.888    131.5   1001.4
     1     1    16     4    24    22     0     0   -26.0   54.399 -134.957    141.3   1001.4
     1     1    16     4    24    21     0     0   -27.0   54.176 -135.047    152.0   1000.8
     1     1    16     4    24    20     0     0   -28.0   53.949 -135.159    163.6    999.6
     1     1    16     4    24    19     0     0   -29.0   53.716 -135.295    175.8    998.1
     1     1    16     4    24    18     0     0   -30.0   53.477 -135.457    188.3    996.3
     1     1    16     4    24    17     0     0   -31.0   53.236 -135.656    202.4    994.3
     1     1    16     4    24    16     0     0   -32.0   52.996 -135.901    219.6    990.6
     1     1    16     4    24    15     0     0   -33.0   52.753 -136.194    239.4    986.2
     1     1    16     4    24    14     0     0   -34.0   52.504 -136.539    261.9    981.1
     1     1    16     4    24    13     0     0   -35.0   52.251 -136.928    286.7    975.6
     1     1    16     4    24    12     0     0   -36.0   51.997 -137.350    313.6    970.0
     1     1    16     4    24    11     0     0   -37.0   51.742 -137.808    338.9    966.0
     1     1    16     4    24    10     0     0   -38.0   51.487 -138.304    358.7    964.0
     1     1    16     4    24     9     0     0   -39.0   51.235 -138.838    373.4    963.0
     1     1    16     4    24     8     0     0   -40.0   50.985 -139.414    383.7    962.8
     1     1    16     4    24     7     0     0   -41.0   50.737 -140.034    390.2    963.1
     1     1    16     4    24     6     0     0   -42.0   50.501 -140.706    394.0    964.5
     1     1    16     4    24     5     0     0   -43.0   50.277 -141.434    397.3    966.1
     1     1    16     4    24     4     0     0   -44.0   50.055 -142.221    401.6    967.7
     1     1    16     4    24     3     0     0   -45.0   49.838 -143.065    407.1    966.6
     1     1    16     4    24     2     0     0   -46.0   49.634 -143.964    414.1    963.6
     1     1    16     4    24     1     0     0   -47.0   49.445 -144.923    422.5    960.1
     1     1    16     4    24     0     0     0   -48.0   49.280 -145.944    432.6    957.4
     1     1    16     4    23    23     0     0   -49.0   49.155 -147.024    443.2    954.4
     1     1    16     4    23    22     0     0   -50.0   49.078 -148.153    453.4    953.0
     1     1    16     4    23    21     0     0   -51.0   49.045 -149.312    463.3    953.2
     1     1    16     4    23    20     0     0   -52.0   49.055 -150.487    472.7    953.4
     1     1    16     4    23    19     0     0   -53.0   49.101 -151.661    482.2    953.1
     1     1    16     4    23    18     0     0   -54.0   49.177 -152.820    492.5    951.9
     1     1    16     4    23    17     0     0   -55.0   49.267 -153.944    502.9    949.0
     1     1    16     4    23    16     0     0   -56.0   49.359 -155.016    512.7    946.1
     1     1    16     4    23    15     0     0   -57.0   49.443 -156.035    521.9    943.6
     1     1    16     4    23    14     0     0   -58.0   49.508 -157.001    530.3    941.5
     1     1    16     4    23    13     0     0   -59.0   49.557 -157.920    537.9    940.6
     1     1    16     4    23    12     0     0   -60.0   49.585 -158.797    544.5    941.4
     1     1    16     4    23    11     0     0   -61.0   49.586 -159.628    551.4    942.0
     1     1    16     4    23    10     0     0   -62.0   49.559 -160.415    560.5    941.7
     1     1    16     4    23     9     0     0   -63.0   49.508 -161.164    570.9    940.8
     1     1    16     4    23     8     0     0   -64.0   49.440 -161.884    582.3    939.8
     1     1    16     4    23     7     0     0   -65.0   49.362 -162.583    594.7    938.4
     1     1    16     4    23     6     0     0   -66.0   49.277 -163.268    607.2    935.7
     1     1    16     4    23     5     0     0   -67.0   49.182 -163.945    620.4    933.4
     1     1    16     4    23     4     0     0   -68.0   49.081 -164.620    635.3    930.8
     1     1    16     4    23     3     0     0   -69.0   48.985 -165.297    652.6    927.7
     1     1    16     4    23     2     0     0   -70.0   48.899 -165.978    671.5    924.8
     1     1    16     4    23     1     0     0   -71.0   48.829 -166.661    691.6    922.1
     1     1    16     4    23     0     0     0   -72.0   48.783 -167.350    712.9    919.6
