     1     1
    CDC1    16     4     1     0     0
     1 BACKWARD OMEGA   
    16     4    30    12   60.984 -139.059   750.0
     1 PRESSURE
     1     1    16     4    30    12     0     0     0.0   60.984 -139.059    750.0    812.6
     1     1    16     4    30    11     0     0    -1.0   60.673 -138.807    701.9    822.9
     1     1    16     4    30    10     0     0    -2.0   60.360 -138.594    652.7    833.8
     1     1    16     4    30     9     0     0    -3.0   60.050 -138.422    602.6    845.0
     1     1    16     4    30     8     0     0    -4.0   59.752 -138.279    556.1    858.9
     1     1    16     4    30     7     0     0    -5.0   59.471 -138.154    515.6    872.3
     1     1    16     4    30     6     0     0    -6.0   59.205 -138.046    480.4    885.0
     1     1    16     4    30     5     0     0    -7.0   58.948 -137.947    447.6    896.7
     1     1    16     4    30     4     0     0    -8.0   58.697 -137.848    415.0    908.7
     1     1    16     4    30     3     0     0    -9.0   58.455 -137.756    383.4    920.6
     1     1    16     4    30     2     0     0   -10.0   58.222 -137.680    353.4    931.3
     1     1    16     4    30     1     0     0   -11.0   58.000 -137.624    325.4    941.7
     1     1    16     4    30     0     0     0   -12.0   57.788 -137.593    299.6    951.7
     1     1    16     4    29    23     0     0   -13.0   57.584 -137.577    276.3    961.1
     1     1    16     4    29    22     0     0   -14.0   57.385 -137.561    255.2    967.6
     1     1    16     4    29    21     0     0   -15.0   57.188 -137.551    236.1    972.1
     1     1    16     4    29    20     0     0   -16.0   56.993 -137.554    218.9    976.5
     1     1    16     4    29    19     0     0   -17.0   56.800 -137.576    203.2    980.8
     1     1    16     4    29    18     0     0   -18.0   56.611 -137.625    188.6    984.5
     1     1    16     4    29    17     0     0   -19.0   56.426 -137.697    175.0    987.5
     1     1    16     4    29    16     0     0   -20.0   56.246 -137.784    162.4    990.4
     1     1    16     4    29    15     0     0   -21.0   56.072 -137.891    150.9    993.1
     1     1    16     4    29    14     0     0   -22.0   55.903 -138.020    140.6    995.6
     1     1    16     4    29    13     0     0   -23.0   55.738 -138.176    131.7    997.9
     1     1    16     4    29    12     0     0   -24.0   55.578 -138.362    124.0    999.8
     1     1    16     4    29    11     0     0   -25.0   55.414 -138.571    116.4   1001.7
     1     1    16     4    29    10     0     0   -26.0   55.239 -138.793    107.4   1003.8
     1     1    16     4    29     9     0     0   -27.0   55.052 -139.024     97.5   1006.0
     1     1    16     4    29     8     0     0   -28.0   54.853 -139.262     86.9   1006.7
     1     1    16     4    29     7     0     0   -29.0   54.642 -139.503     75.7   1007.1
     1     1    16     4    29     6     0     0   -30.0   54.416 -139.745     63.9   1006.9
     1     1    16     4    29     5     0     0   -31.0   54.183 -140.006     53.4   1006.7
     1     1    16     4    29     4     0     0   -32.0   53.948 -140.306     45.7   1006.7
     1     1    16     4    29     3     0     0   -33.0   53.713 -140.643     40.6   1006.6
     1     1    16     4    29     2     0     0   -34.0   53.475 -141.011     37.9   1006.4
     1     1    16     4    29     1     0     0   -35.0   53.233 -141.404     37.2   1006.2
     1     1    16     4    29     0     0     0   -36.0   52.985 -141.817     38.6   1005.8
     1     1    16     4    28    23     0     0   -37.0   52.728 -142.252     41.3   1005.7
     1     1    16     4    28    22     0     0   -38.0   52.462 -142.714     44.5   1005.9
     1     1    16     4    28    21     0     0   -39.0   52.188 -143.210     47.6   1006.0
     1     1    16     4    28    20     0     0   -40.0   51.903 -143.735     50.0   1005.8
     1     1    16     4    28    19     0     0   -41.0   51.606 -144.282     51.3   1005.4
     1     1    16     4    28    18     0     0   -42.0   51.295 -144.843     51.3   1004.7
     1     1    16     4    28    17     0     0   -43.0   50.985 -145.419     49.0   1004.2
     1     1    16     4    28    16     0     0   -44.0   50.690 -146.007     43.7   1003.9
     1     1    16     4    28    15     0     0   -45.0   50.406 -146.598     36.0   1003.7
     1     1    16     4    28    14     0     0   -46.0   50.127 -147.179     27.1   1003.6
     1     1    16     4    28    13     0     0   -47.0   49.850 -147.735     19.0   1004.5
     1     1    16     4    28    12     0     0   -48.0   49.574 -148.263     13.0   1006.3
     1     1    16     4    28    11     0     0   -49.0   49.302 -148.788      9.2   1007.1
     1     1    16     4    28    10     0     0   -50.0   49.029 -149.325      7.0   1007.6
     1     1    16     4    28     9     0     0   -51.0   48.751 -149.872      5.7   1008.2
     1     1    16     4    28     8     0     0   -52.0   48.464 -150.423      4.9   1008.7
     1     1    16     4    28     7     0     0   -53.0   48.171 -150.971      4.7   1009.5
     1     1    16     4    28     6     0     0   -54.0   47.871 -151.514      4.9   1010.4
     1     1    16     4    28     5     0     0   -55.0   47.567 -152.046      5.3   1010.8
     1     1    16     4    28     4     0     0   -56.0   47.265 -152.561      5.8   1011.3
     1     1    16     4    28     3     0     0   -57.0   46.971 -153.059      6.3   1011.2
     1     1    16     4    28     2     0     0   -58.0   46.690 -153.546      6.9   1011.0
     1     1    16     4    28     1     0     0   -59.0   46.421 -154.028      7.8   1010.5
     1     1    16     4    28     0     0     0   -60.0   46.165 -154.512      8.8   1009.9
     1     1    16     4    27    23     0     0   -61.0   45.923 -155.003     10.0   1009.2
     1     1    16     4    27    22     0     0   -62.0   45.693 -155.500     11.3   1008.7
     1     1    16     4    27    21     0     0   -63.0   45.474 -156.000     12.8   1008.1
     1     1    16     4    27    20     0     0   -64.0   45.258 -156.502     14.3   1007.5
     1     1    16     4    27    19     0     0   -65.0   45.042 -157.007     15.8   1007.0
     1     1    16     4    27    18     0     0   -66.0   44.823 -157.514     17.1   1006.8
     1     1    16     4    27    17     0     0   -67.0   44.613 -158.030     18.4   1006.5
     1     1    16     4    27    16     0     0   -68.0   44.420 -158.557     20.2   1006.3
     1     1    16     4    27    15     0     0   -69.0   44.235 -159.088     22.6   1006.2
     1     1    16     4    27    14     0     0   -70.0   44.054 -159.619     25.9   1006.3
     1     1    16     4    27    13     0     0   -71.0   43.874 -160.144     30.3   1006.1
     1     1    16     4    27    12     0     0   -72.0   43.691 -160.661     36.0   1005.0
