     1     1
    CDC1    16     3     1     0     0
     1 BACKWARD OMEGA   
    16     3    21    12   60.984 -139.059   750.0
     1 PRESSURE
     1     1    16     3    21    12     0     0     0.0   60.984 -139.059    750.0    803.6
     1     1    16     3    21    11     0     0    -1.0   60.916 -138.758    768.0    802.7
     1     1    16     3    21    10     0     0    -2.0   60.846 -138.439    785.1    801.9
     1     1    16     3    21     9     0     0    -3.0   60.776 -138.102    801.9    801.2
     1     1    16     3    21     8     0     0    -4.0   60.704 -137.743    819.4    800.3
     1     1    16     3    21     7     0     0    -5.0   60.632 -137.363    838.0    799.2
     1     1    16     3    21     6     0     0    -6.0   60.556 -136.960    858.0    797.5
     1     1    16     3    21     5     0     0    -7.0   60.477 -136.555    877.7    795.8
     1     1    16     3    21     4     0     0    -8.0   60.396 -136.172    895.2    794.7
     1     1    16     3    21     3     0     0    -9.0   60.312 -135.812    909.7    793.9
     1     1    16     3    21     2     0     0   -10.0   60.227 -135.479    920.8    793.5
     1     1    16     3    21     1     0     0   -11.0   60.138 -135.176    928.0    793.8
     1     1    16     3    21     0     0     0   -12.0   60.046 -134.902    930.5    794.3
     1     1    16     3    20    23     0     0   -13.0   59.945 -134.655    928.2    794.8
     1     1    16     3    20    22     0     0   -14.0   59.827 -134.425    923.4    796.5
     1     1    16     3    20    21     0     0   -15.0   59.693 -134.209    915.5    798.9
     1     1    16     3    20    20     0     0   -16.0   59.546 -134.007    904.8    801.8
     1     1    16     3    20    19     0     0   -17.0   59.387 -133.816    891.5    805.2
     1     1    16     3    20    18     0     0   -18.0   59.217 -133.636    875.7    808.8
     1     1    16     3    20    17     0     0   -19.0   59.044 -133.463    858.2    812.7
     1     1    16     3    20    16     0     0   -20.0   58.871 -133.294    839.3    816.5
     1     1    16     3    20    15     0     0   -21.0   58.698 -133.129    818.6    820.3
     1     1    16     3    20    14     0     0   -22.0   58.526 -132.970    795.6    824.3
     1     1    16     3    20    13     0     0   -23.0   58.353 -132.818    770.2    828.4
     1     1    16     3    20    12     0     0   -24.0   58.179 -132.672    741.7    832.9
     1     1    16     3    20    11     0     0   -25.0   58.000 -132.531    712.1    837.8
     1     1    16     3    20    10     0     0   -26.0   57.809 -132.395    682.1    842.5
     1     1    16     3    20     9     0     0   -27.0   57.605 -132.262    652.0    847.4
     1     1    16     3    20     8     0     0   -28.0   57.388 -132.133    622.0    853.1
     1     1    16     3    20     7     0     0   -29.0   57.162 -132.007    592.9    859.3
     1     1    16     3    20     6     0     0   -30.0   56.927 -131.884    564.6    865.5
     1     1    16     3    20     5     0     0   -31.0   56.689 -131.758    537.3    871.4
     1     1    16     3    20     4     0     0   -32.0   56.452 -131.624    511.5    877.1
     1     1    16     3    20     3     0     0   -33.0   56.216 -131.483    487.5    882.6
     1     1    16     3    20     2     0     0   -34.0   55.979 -131.340    465.4    887.9
     1     1    16     3    20     1     0     0   -35.0   55.742 -131.195    445.5    893.1
     1     1    16     3    20     0     0     0   -36.0   55.502 -131.051    428.2    898.2
     1     1    16     3    19    23     0     0   -37.0   55.262 -130.906    412.0    902.7
     1     1    16     3    19    22     0     0   -38.0   55.027 -130.756    395.9    907.2
     1     1    16     3    19    21     0     0   -39.0   54.792 -130.603    379.2    910.5
     1     1    16     3    19    20     0     0   -40.0   54.556 -130.452    361.8    913.7
     1     1    16     3    19    19     0     0   -41.0   54.316 -130.302    343.5    917.4
     1     1    16     3    19    18     0     0   -42.0   54.070 -130.154    324.6    921.6
     1     1    16     3    19    17     0     0   -43.0   53.821 -130.000    307.1    926.0
     1     1    16     3    19    16     0     0   -44.0   53.574 -129.835    293.2    929.3
     1     1    16     3    19    15     0     0   -45.0   53.330 -129.662    281.9    932.0
     1     1    16     3    19    14     0     0   -46.0   53.092 -129.479    272.8    934.2
     1     1    16     3    19    13     0     0   -47.0   52.858 -129.289    265.3    935.9
     1     1    16     3    19    12     0     0   -48.0   52.628 -129.089    259.1    937.2
     1     1    16     3    19    11     0     0   -49.0   52.407 -128.898    253.2    937.8
     1     1    16     3    19    10     0     0   -50.0   52.203 -128.732    246.8    938.2
     1     1    16     3    19     9     0     0   -51.0   52.016 -128.589    240.1    939.0
     1     1    16     3    19     8     0     0   -52.0   51.847 -128.467    233.5    940.0
     1     1    16     3    19     7     0     0   -53.0   51.696 -128.363    226.9    941.2
     1     1    16     3    19     6     0     0   -54.0   51.562 -128.275    220.5    942.4
     1     1    16     3    19     5     0     0   -55.0   51.437 -128.189    214.5    943.7
     1     1    16     3    19     4     0     0   -56.0   51.318 -128.091    208.7    944.7
     1     1    16     3    19     3     0     0   -57.0   51.203 -127.980    203.3    945.5
     1     1    16     3    19     2     0     0   -58.0   51.095 -127.855    198.1    945.9
     1     1    16     3    19     1     0     0   -59.0   50.995 -127.717    193.0    945.9
     1     1    16     3    19     0     0     0   -60.0   50.905 -127.564    188.0    945.6
     1     1    16     3    18    23     0     0   -61.0   50.820 -127.389    183.6    944.7
     1     1    16     3    18    22     0     0   -62.0   50.737 -127.187    180.4    942.9
     1     1    16     3    18    21     0     0   -63.0   50.651 -126.959    178.6    940.6
     1     1    16     3    18    20     0     0   -64.0   50.561 -126.703    178.4    937.8
     1     1    16     3    18    19     0     0   -65.0   50.464 -126.418    180.5    934.3
     1     1    16     3    18    18     0     0   -66.0   50.355 -126.101    185.6    930.1
     1     1    16     3    18    17     0     0   -67.0   50.237 -125.766    195.9    925.4
     1     1    16     3    18    16     0     0   -68.0   50.114 -125.432    213.8    919.4
     1     1    16     3    18    15     0     0   -69.0   49.987 -125.101    240.3    912.6
     1     1    16     3    18    14     0     0   -70.0   49.860 -124.783    274.5    906.9
     1     1    16     3    18    13     0     0   -71.0   49.741 -124.483    313.9    901.6
     1     1    16     3    18    12     0     0   -72.0   49.627 -124.200    358.6    896.2
