     1     1
    CDC1    15    11     1     0     0
     1 BACKWARD OMEGA   
    15    11    27    18   60.984 -139.059   750.0
     1 PRESSURE
     1     1    15    11    27    18     0     0     0.0   60.984 -139.059    750.0    812.3
     1     1    15    11    27    17     0     0    -1.0   60.499 -138.944    645.0    831.3
     1     1    15    11    27    16     0     0    -2.0   60.025 -138.738    530.3    853.2
     1     1    15    11    27    15     0     0    -3.0   59.591 -138.443    432.8    879.8
     1     1    15    11    27    14     0     0    -4.0   59.201 -138.088    359.9    900.5
     1     1    15    11    27    13     0     0    -5.0   58.846 -137.688    305.8    917.4
     1     1    15    11    27    12     0     0    -6.0   58.523 -137.256    265.8    931.3
     1     1    15    11    27    11     0     0    -7.0   58.230 -136.836    235.2    941.9
     1     1    15    11    27    10     0     0    -8.0   57.964 -136.453    210.3    951.2
     1     1    15    11    27     9     0     0    -9.0   57.724 -136.102    189.2    958.8
     1     1    15    11    27     8     0     0   -10.0   57.509 -135.777    170.6    965.1
     1     1    15    11    27     7     0     0   -11.0   57.313 -135.491    153.8    968.5
     1     1    15    11    27     6     0     0   -12.0   57.128 -135.249    139.1    972.1
     1     1    15    11    27     5     0     0   -13.0   56.949 -135.031    126.5    975.5
     1     1    15    11    27     4     0     0   -14.0   56.767 -134.824    115.8    977.3
     1     1    15    11    27     3     0     0   -15.0   56.578 -134.627    106.9    979.1
     1     1    15    11    27     2     0     0   -16.0   56.384 -134.438    100.2    981.1
     1     1    15    11    27     1     0     0   -17.0   56.184 -134.255     96.1    983.2
     1     1    15    11    27     0     0     0   -18.0   55.981 -134.077     94.9    985.3
     1     1    15    11    26    23     0     0   -19.0   55.779 -133.907     96.2    987.4
     1     1    15    11    26    22     0     0   -20.0   55.581 -133.748     98.9    989.7
     1     1    15    11    26    21     0     0   -21.0   55.390 -133.597    103.2    991.8
     1     1    15    11    26    20     0     0   -22.0   55.209 -133.453    109.0    993.7
     1     1    15    11    26    19     0     0   -23.0   55.038 -133.314    116.2    995.3
     1     1    15    11    26    18     0     0   -24.0   54.879 -133.183    124.0    995.0
     1     1    15    11    26    17     0     0   -25.0   54.734 -133.050    133.0    994.0
     1     1    15    11    26    16     0     0   -26.0   54.610 -132.908    144.5    992.5
     1     1    15    11    26    15     0     0   -27.0   54.510 -132.759    158.5    990.6
     1     1    15    11    26    14     0     0   -28.0   54.436 -132.605    175.2    988.3
     1     1    15    11    26    13     0     0   -29.0   54.389 -132.448    194.4    985.1
     1     1    15    11    26    12     0     0   -30.0   54.367 -132.290    215.5    979.8
     1     1    15    11    26    11     0     0   -31.0   54.357 -132.141    235.0    974.6
     1     1    15    11    26    10     0     0   -32.0   54.350 -132.004    250.0    970.5
     1     1    15    11    26     9     0     0   -33.0   54.346 -131.876    260.7    967.2
     1     1    15    11    26     8     0     0   -34.0   54.344 -131.757    267.2    964.5
     1     1    15    11    26     7     0     0   -35.0   54.343 -131.643    269.7    962.3
     1     1    15    11    26     6     0     0   -36.0   54.345 -131.534    268.1    960.6
     1     1    15    11    26     5     0     0   -37.0   54.351 -131.427    267.4    959.3
     1     1    15    11    26     4     0     0   -38.0   54.365 -131.328    272.3    956.7
     1     1    15    11    26     3     0     0   -39.0   54.387 -131.237    282.7    953.5
     1     1    15    11    26     2     0     0   -40.0   54.416 -131.156    299.0    949.7
     1     1    15    11    26     1     0     0   -41.0   54.453 -131.090    321.4    945.4
     1     1    15    11    26     0     0     0   -42.0   54.499 -131.039    350.4    940.6
     1     1    15    11    25    23     0     0   -43.0   54.555 -130.994    383.4    935.2
     1     1    15    11    25    22     0     0   -44.0   54.626 -130.945    417.5    929.0
     1     1    15    11    25    21     0     0   -45.0   54.711 -130.891    452.8    922.5
     1     1    15    11    25    20     0     0   -46.0   54.814 -130.833    489.8    915.6
     1     1    15    11    25    19     0     0   -47.0   54.935 -130.773    528.8    908.3
     1     1    15    11    25    18     0     0   -48.0   55.074 -130.714    570.1    900.2
     1     1    15    11    25    17     0     0   -49.0   55.236 -130.687    615.0    891.3
     1     1    15    11    25    16     0     0   -50.0   55.426 -130.722    665.3    881.6
     1     1    15    11    25    15     0     0   -51.0   55.644 -130.825    720.6    872.2
     1     1    15    11    25    14     0     0   -52.0   55.888 -130.998    780.7    863.2
     1     1    15    11    25    13     0     0   -53.0   56.155 -131.240    845.2    854.8
     1     1    15    11    25    12     0     0   -54.0   56.442 -131.553    914.0    847.0
     1     1    15    11    25    11     0     0   -55.0   56.728 -131.920    980.9    839.1
     1     1    15    11    25    10     0     0   -56.0   56.990 -132.319   1038.6    834.1
     1     1    15    11    25     9     0     0   -57.0   57.221 -132.752   1084.1    831.2
     1     1    15    11    25     8     0     0   -58.0   57.411 -133.212   1114.3    831.2
     1     1    15    11    25     7     0     0   -59.0   57.555 -133.690   1128.0    834.4
     1     1    15    11    25     6     0     0   -60.0   57.650 -134.180   1125.1    840.4
     1     1    15    11    25     5     0     0   -61.0   57.714 -134.663   1117.9    847.8
     1     1    15    11    25     4     0     0   -62.0   57.768 -135.137   1119.0    851.9
     1     1    15    11    25     3     0     0   -63.0   57.813 -135.598   1126.4    853.0
     1     1    15    11    25     2     0     0   -64.0   57.851 -136.047   1140.0    853.4
     1     1    15    11    25     1     0     0   -65.0   57.882 -136.481   1158.5    853.3
     1     1    15    11    25     0     0     0   -66.0   57.905 -136.898   1181.2    852.9
     1     1    15    11    24    23     0     0   -67.0   57.920 -137.312   1199.2    852.8
     1     1    15    11    24    22     0     0   -68.0   57.925 -137.739   1202.6    854.7
     1     1    15    11    24    21     0     0   -69.0   57.923 -138.173   1192.6    857.6
     1     1    15    11    24    20     0     0   -70.0   57.915 -138.609   1170.6    862.0
     1     1    15    11    24    19     0     0   -71.0   57.904 -139.039   1137.7    867.7
     1     1    15    11    24    18     0     0   -72.0   57.892 -139.455   1095.3    874.5
