     1     1
    CDC1    16     4     1     0     0
     1 BACKWARD OMEGA   
    16     4     9    18   60.984 -139.059   750.0
     1 PRESSURE
     1     1    16     4     9    18     0     0     0.0   60.984 -139.059    750.0    813.8
     1     1    16     4     9    17     0     0    -1.0   60.855 -139.276    736.1    817.2
     1     1    16     4     9    16     0     0    -2.0   60.715 -139.456    718.9    821.4
     1     1    16     4     9    15     0     0    -3.0   60.568 -139.598    698.4    826.1
     1     1    16     4     9    14     0     0    -4.0   60.414 -139.706    674.3    831.3
     1     1    16     4     9    13     0     0    -5.0   60.257 -139.780    646.7    837.1
     1     1    16     4     9    12     0     0    -6.0   60.097 -139.823    615.2    843.4
     1     1    16     4     9    11     0     0    -7.0   59.942 -139.862    581.5    851.0
     1     1    16     4     9    10     0     0    -8.0   59.793 -139.928    546.4    860.0
     1     1    16     4     9     9     0     0    -9.0   59.650 -140.024    511.5    869.0
     1     1    16     4     9     8     0     0   -10.0   59.511 -140.148    476.4    878.4
     1     1    16     4     9     7     0     0   -11.0   59.376 -140.298    441.0    888.0
     1     1    16     4     9     6     0     0   -12.0   59.243 -140.472    405.0    897.8
     1     1    16     4     9     5     0     0   -13.0   59.109 -140.648    370.9    907.3
     1     1    16     4     9     4     0     0   -14.0   58.970 -140.811    341.4    915.6
     1     1    16     4     9     3     0     0   -15.0   58.826 -140.963    316.1    923.7
     1     1    16     4     9     2     0     0   -16.0   58.676 -141.107    295.1    931.7
     1     1    16     4     9     1     0     0   -17.0   58.520 -141.244    278.2    939.6
     1     1    16     4     9     0     0     0   -18.0   58.358 -141.375    265.4    947.2
     1     1    16     4     8    23     0     0   -19.0   58.193 -141.514    255.0    954.2
     1     1    16     4     8    22     0     0   -20.0   58.034 -141.675    245.2    961.3
     1     1    16     4     8    21     0     0   -21.0   57.883 -141.860    235.6    968.4
     1     1    16     4     8    20     0     0   -22.0   57.740 -142.068    225.9    975.4
     1     1    16     4     8    19     0     0   -23.0   57.607 -142.298    215.3    982.4
     1     1    16     4     8    18     0     0   -24.0   57.486 -142.548    203.3    988.9
     1     1    16     4     8    17     0     0   -25.0   57.372 -142.822    189.8    990.8
     1     1    16     4     8    16     0     0   -26.0   57.258 -143.127    175.9    992.6
     1     1    16     4     8    15     0     0   -27.0   57.148 -143.469    162.3    994.5
     1     1    16     4     8    14     0     0   -28.0   57.044 -143.853    149.7    996.4
     1     1    16     4     8    13     0     0   -29.0   56.947 -144.287    139.1    998.3
     1     1    16     4     8    12     0     0   -30.0   56.860 -144.779    131.1   1000.1
     1     1    16     4     8    11     0     0   -31.0   56.779 -145.294    124.7   1000.4
     1     1    16     4     8    10     0     0   -32.0   56.701 -145.796    118.0   1000.1
     1     1    16     4     8     9     0     0   -33.0   56.631 -146.284    111.6    999.8
     1     1    16     4     8     8     0     0   -34.0   56.576 -146.768    105.7    999.7
     1     1    16     4     8     7     0     0   -35.0   56.539 -147.255    101.1    999.6
     1     1    16     4     8     6     0     0   -36.0   56.524 -147.746     97.9    998.9
     1     1    16     4     8     5     0     0   -37.0   56.523 -148.218     96.2    997.4
     1     1    16     4     8     4     0     0   -38.0   56.531 -148.654     96.5    996.0
     1     1    16     4     8     3     0     0   -39.0   56.548 -149.059     99.0    994.4
     1     1    16     4     8     2     0     0   -40.0   56.577 -149.436    103.9    992.9
     1     1    16     4     8     1     0     0   -41.0   56.620 -149.791    111.8    991.2
     1     1    16     4     8     0     0     0   -42.0   56.677 -150.128    122.7    989.3
     1     1    16     4     7    23     0     0   -43.0   56.747 -150.418    134.8    987.4
     1     1    16     4     7    22     0     0   -44.0   56.830 -150.635    146.2    986.1
     1     1    16     4     7    21     0     0   -45.0   56.925 -150.781    157.2    985.2
     1     1    16     4     7    20     0     0   -46.0   57.031 -150.859    167.7    984.7
     1     1    16     4     7    19     0     0   -47.0   57.148 -150.864    177.7    984.6
     1     1    16     4     7    18     0     0   -48.0   57.276 -150.794    187.5    985.1
     1     1    16     4     7    17     0     0   -49.0   57.410 -150.663    197.3    986.5
     1     1    16     4     7    16     0     0   -50.0   57.547 -150.491    207.8    986.8
     1     1    16     4     7    15     0     0   -51.0   57.689 -150.286    218.6    984.6
     1     1    16     4     7    14     0     0   -52.0   57.835 -150.050    229.4    982.5
     1     1    16     4     7    13     0     0   -53.0   57.982 -149.780    239.9    980.0
     1     1    16     4     7    12     0     0   -54.0   58.130 -149.472    249.7    977.5
     1     1    16     4     7    11     0     0   -55.0   58.260 -149.140    256.3    974.9
     1     1    16     4     7    10     0     0   -56.0   58.358 -148.799    257.4    973.9
     1     1    16     4     7     9     0     0   -57.0   58.422 -148.450    253.1    974.4
     1     1    16     4     7     8     0     0   -58.0   58.454 -148.095    243.8    976.3
     1     1    16     4     7     7     0     0   -59.0   58.453 -147.736    230.0    979.7
     1     1    16     4     7     6     0     0   -60.0   58.420 -147.370    212.2    983.9
     1     1    16     4     7     5     0     0   -61.0   58.360 -147.003    192.8    987.1
     1     1    16     4     7     4     0     0   -62.0   58.279 -146.639    174.2    990.3
     1     1    16     4     7     3     0     0   -63.0   58.176 -146.285    156.6    994.5
     1     1    16     4     7     2     0     0   -64.0   58.045 -145.948    140.3    999.8
     1     1    16     4     7     1     0     0   -65.0   57.885 -145.636    125.6   1006.3
     1     1    16     4     7     0     0     0   -66.0   57.689 -145.360    113.0   1014.2
     1     1    16     4     6    23     0     0   -67.0   57.459 -145.122    101.9   1020.9
     1     1    16     4     6    22     0     0   -68.0   57.210 -144.910     90.2   1019.2
     1     1    16     4     6    21     0     0   -69.0   56.953 -144.723     77.1   1017.9
     1     1    16     4     6    20     0     0   -70.0   56.686 -144.562     62.8   1016.5
     1     1    16     4     6    19     0     0   -71.0   56.407 -144.435     48.4   1015.4
     1     1    16     4     6    18     0     0   -72.0   56.113 -144.349     34.9   1014.9
