     1     1
    CDC1    16     2     1     0     0
     1 BACKWARD OMEGA   
    16     2     4    18   60.984 -139.059   750.0
     1 PRESSURE
     1     1    16     2     4    18     0     0     0.0   60.984 -139.059    750.0    792.3
     1     1    16     2     4    17     0     0    -1.0   60.547 -138.714    681.1    806.3
     1     1    16     2     4    16     0     0    -2.0   60.111 -138.303    611.5    821.6
     1     1    16     2     4    15     0     0    -3.0   59.675 -137.839    548.8    840.4
     1     1    16     2     4    14     0     0    -4.0   59.238 -137.342    498.4    859.0
     1     1    16     2     4    13     0     0    -5.0   58.795 -136.811    459.9    874.9
     1     1    16     2     4    12     0     0    -6.0   58.343 -136.243    431.0    889.5
     1     1    16     2     4    11     0     0    -7.0   57.890 -135.688    402.9    902.3
     1     1    16     2     4    10     0     0    -8.0   57.456 -135.197    370.8    915.3
     1     1    16     2     4     9     0     0    -9.0   57.053 -134.782    337.5    922.0
     1     1    16     2     4     8     0     0   -10.0   56.686 -134.443    307.1    927.8
     1     1    16     2     4     7     0     0   -11.0   56.351 -134.163    280.6    934.0
     1     1    16     2     4     6     0     0   -12.0   56.046 -133.930    258.3    940.3
     1     1    16     2     4     5     0     0   -13.0   55.763 -133.727    240.5    945.7
     1     1    16     2     4     4     0     0   -14.0   55.492 -133.544    227.5    950.7
     1     1    16     2     4     3     0     0   -15.0   55.234 -133.389    218.8    955.5
     1     1    16     2     4     2     0     0   -16.0   54.984 -133.271    214.0    959.9
     1     1    16     2     4     1     0     0   -17.0   54.745 -133.193    212.4    961.2
     1     1    16     2     4     0     0     0   -18.0   54.515 -133.160    213.6    962.6
     1     1    16     2     3    23     0     0   -19.0   54.289 -133.134    215.4    963.7
     1     1    16     2     3    22     0     0   -20.0   54.059 -133.078    215.4    965.3
     1     1    16     2     3    21     0     0   -21.0   53.823 -132.995    213.0    967.2
     1     1    16     2     3    20     0     0   -22.0   53.580 -132.887    208.0    969.5
     1     1    16     2     3    19     0     0   -23.0   53.326 -132.759    200.1    972.5
     1     1    16     2     3    18     0     0   -24.0   53.058 -132.613    189.2    975.8
     1     1    16     2     3    17     0     0   -25.0   52.774 -132.451    178.2    980.1
     1     1    16     2     3    16     0     0   -26.0   52.475 -132.271    169.9    982.7
     1     1    16     2     3    15     0     0   -27.0   52.162 -132.068    163.0    982.4
     1     1    16     2     3    14     0     0   -28.0   51.837 -131.839    156.2    982.3
     1     1    16     2     3    13     0     0   -29.0   51.497 -131.588    148.7    982.7
     1     1    16     2     3    12     0     0   -30.0   51.142 -131.318    140.1    983.8
     1     1    16     2     3    11     0     0   -31.0   50.773 -131.030    128.6    986.4
     1     1    16     2     3    10     0     0   -32.0   50.393 -130.717    113.7    990.4
     1     1    16     2     3     9     0     0   -33.0   50.000 -130.369     96.3    995.8
     1     1    16     2     3     8     0     0   -34.0   49.595 -129.980     78.0    999.9
     1     1    16     2     3     7     0     0   -35.0   49.182 -129.552     61.6   1000.4
     1     1    16     2     3     6     0     0   -36.0   48.761 -129.100     48.4   1002.3
     1     1    16     2     3     5     0     0   -37.0   48.356 -128.664     38.4   1005.8
     1     1    16     2     3     4     0     0   -38.0   47.988 -128.276     31.0   1010.7
     1     1    16     2     3     3     0     0   -39.0   47.657 -127.933     25.3   1016.5
     1     1    16     2     3     2     0     0   -40.0   47.362 -127.641     20.7   1020.7
     1     1    16     2     3     1     0     0   -41.0   47.104 -127.409     17.1   1021.7
     1     1    16     2     3     0     0     0   -42.0   46.878 -127.243     14.1   1021.7
     1     1    16     2     2    23     0     0   -43.0   46.675 -127.118     11.7   1021.9
     1     1    16     2     2    22     0     0   -44.0   46.483 -127.011     10.0   1021.9
     1     1    16     2     2    21     0     0   -45.0   46.301 -126.920      8.5   1021.6
     1     1    16     2     2    20     0     0   -46.0   46.128 -126.844      7.2   1021.4
     1     1    16     2     2    19     0     0   -47.0   45.964 -126.782      6.1   1021.3
     1     1    16     2     2    18     0     0   -48.0   45.807 -126.732      5.1   1021.2
     1     1    16     2     2    17     0     0   -49.0   45.656 -126.697      4.4   1020.6
     1     1    16     2     2    16     0     0   -50.0   45.508 -126.677      4.2   1020.2
     1     1    16     2     2    15     0     0   -51.0   45.364 -126.672      4.4   1019.8
     1     1    16     2     2    14     0     0   -52.0   45.228 -126.684      5.1   1019.6
     1     1    16     2     2    13     0     0   -53.0   45.100 -126.711      6.3   1019.5
     1     1    16     2     2    12     0     0   -54.0   44.982 -126.754      7.9   1019.6
     1     1    16     2     2    11     0     0   -55.0   44.869 -126.810      9.5   1019.8
     1     1    16     2     2    10     0     0   -56.0   44.753 -126.877     10.9   1019.9
     1     1    16     2     2     9     0     0   -57.0   44.633 -126.955     12.0   1020.2
     1     1    16     2     2     8     0     0   -58.0   44.506 -127.046     13.0   1020.7
     1     1    16     2     2     7     0     0   -59.0   44.370 -127.151     13.6   1021.5
     1     1    16     2     2     6     0     0   -60.0   44.223 -127.272     14.0   1022.6
     1     1    16     2     2     5     0     0   -61.0   44.059 -127.415     14.1   1024.7
     1     1    16     2     2     4     0     0   -62.0   43.877 -127.585     14.1   1025.9
     1     1    16     2     2     3     0     0   -63.0   43.686 -127.783     14.1   1025.5
     1     1    16     2     2     2     0     0   -64.0   43.491 -128.011     14.0   1025.1
     1     1    16     2     2     1     0     0   -65.0   43.293 -128.272     14.0   1024.4
     1     1    16     2     2     0     0     0   -66.0   43.092 -128.569     14.0   1023.6
     1     1    16     2     1    23     0     0   -67.0   42.902 -128.893     14.1   1023.6
     1     1    16     2     1    22     0     0   -68.0   42.728 -129.225     14.2   1023.5
     1     1    16     2     1    21     0     0   -69.0   42.555 -129.561     14.2   1023.6
     1     1    16     2     1    20     0     0   -70.0   42.367 -129.892     14.2   1023.2
     1     1    16     2     1    19     0     0   -71.0   42.156 -130.207     14.0   1023.1
     1     1    16     2     1    18     0     0   -72.0   41.919 -130.498     13.8   1023.2
