     1     1
    CDC1    15    11     1     0     0
     1 BACKWARD OMEGA   
    15    11    30    18   60.984 -139.059   750.0
     1 PRESSURE
     1     1    15    11    30    18     0     0     0.0   60.984 -139.059    750.0    800.0
     1     1    15    11    30    17     0     0    -1.0   60.854 -139.002    752.0    801.8
     1     1    15    11    30    16     0     0    -2.0   60.724 -138.968    750.5    804.2
     1     1    15    11    30    15     0     0    -3.0   60.594 -138.958    746.0    807.0
     1     1    15    11    30    14     0     0    -4.0   60.466 -138.971    739.1    810.2
     1     1    15    11    30    13     0     0    -5.0   60.340 -139.008    730.3    813.5
     1     1    15    11    30    12     0     0    -6.0   60.217 -139.070    720.2    817.0
     1     1    15    11    30    11     0     0    -7.0   60.089 -139.141    707.3    820.1
     1     1    15    11    30    10     0     0    -8.0   59.948 -139.206    690.3    824.9
     1     1    15    11    30     9     0     0    -9.0   59.799 -139.267    669.1    831.8
     1     1    15    11    30     8     0     0   -10.0   59.646 -139.327    643.6    839.6
     1     1    15    11    30     7     0     0   -11.0   59.492 -139.387    614.6    847.9
     1     1    15    11    30     6     0     0   -12.0   59.342 -139.453    583.1    856.0
     1     1    15    11    30     5     0     0   -13.0   59.200 -139.516    550.0    864.8
     1     1    15    11    30     4     0     0   -14.0   59.072 -139.567    515.8    873.3
     1     1    15    11    30     3     0     0   -15.0   58.958 -139.613    481.4    881.4
     1     1    15    11    30     2     0     0   -16.0   58.860 -139.660    447.2    889.2
     1     1    15    11    30     1     0     0   -17.0   58.778 -139.711    414.0    896.5
     1     1    15    11    30     0     0     0   -18.0   58.714 -139.770    382.1    903.2
     1     1    15    11    29    23     0     0   -19.0   58.654 -139.839    350.2    908.8
     1     1    15    11    29    22     0     0   -20.0   58.583 -139.919    318.2    915.0
     1     1    15    11    29    21     0     0   -21.0   58.504 -140.004    286.5    921.6
     1     1    15    11    29    20     0     0   -22.0   58.415 -140.089    256.0    928.9
     1     1    15    11    29    19     0     0   -23.0   58.317 -140.167    227.1    936.4
     1     1    15    11    29    18     0     0   -24.0   58.210 -140.234    200.0    944.2
     1     1    15    11    29    17     0     0   -25.0   58.097 -140.282    175.7    951.2
     1     1    15    11    29    16     0     0   -26.0   57.983 -140.302    154.2    957.8
     1     1    15    11    29    15     0     0   -27.0   57.867 -140.298    135.3    964.1
     1     1    15    11    29    14     0     0   -28.0   57.746 -140.271    118.8    970.4
     1     1    15    11    29    13     0     0   -29.0   57.619 -140.221    104.4    976.5
     1     1    15    11    29    12     0     0   -30.0   57.487 -140.152     92.2    982.2
     1     1    15    11    29    11     0     0   -31.0   57.353 -140.061     81.4    984.3
     1     1    15    11    29    10     0     0   -32.0   57.224 -139.948     71.4    986.2
     1     1    15    11    29     9     0     0   -33.0   57.097 -139.809     61.6    987.7
     1     1    15    11    29     8     0     0   -34.0   56.974 -139.645     52.0    989.2
     1     1    15    11    29     7     0     0   -35.0   56.854 -139.455     42.7    990.7
     1     1    15    11    29     6     0     0   -36.0   56.737 -139.242     34.2    992.2
     1     1    15    11    29     5     0     0   -37.0   56.614 -139.010     27.0    993.4
     1     1    15    11    29     4     0     0   -38.0   56.474 -138.767     21.3    994.8
     1     1    15    11    29     3     0     0   -39.0   56.317 -138.513     16.8    996.6
     1     1    15    11    29     2     0     0   -40.0   56.140 -138.248     13.5    998.6
     1     1    15    11    29     1     0     0   -41.0   55.942 -137.973     11.1   1001.0
     1     1    15    11    29     0     0     0   -42.0   55.718 -137.687      9.3   1003.7
     1     1    15    11    28    23     0     0   -43.0   55.475 -137.397      7.6   1006.8
     1     1    15    11    28    22     0     0   -44.0   55.221 -137.114      5.9   1010.1
     1     1    15    11    28    21     0     0   -45.0   54.952 -136.838      4.0   1013.3
     1     1    15    11    28    20     0     0   -46.0   54.668 -136.561      2.0   1013.3
     1     1    15    11    28    19     0     0   -47.0   54.366 -136.281      0.0   1013.7
     1     1    15    11    28    18     0     0   -48.0   54.045 -135.999      0.0   1014.5
     1     1    15    11    28    17     0     0   -49.0   53.699 -135.722      0.0   1015.8
     1     1    15    11    28    16     0     0   -50.0   53.317 -135.458      0.0   1017.4
     1     1    15    11    28    15     0     0   -51.0   52.898 -135.214      0.0   1019.4
     1     1    15    11    28    14     0     0   -52.0   52.441 -134.995      0.0   1021.4
     1     1    15    11    28    13     0     0   -53.0   51.974 -134.801      0.0   1020.5
     1     1    15    11    28    12     0     0   -54.0   51.522 -134.629      0.0   1019.8
     1     1    15    11    28    11     0     0   -55.0   51.084 -134.481      0.0   1019.3
     1     1    15    11    28    10     0     0   -56.0   50.656 -134.358      0.0   1018.8
     1     1    15    11    28     9     0     0   -57.0   50.236 -134.259      0.0   1018.5
     1     1    15    11    28     8     0     0   -58.0   49.825 -134.182      0.0   1018.7
     1     1    15    11    28     7     0     0   -59.0   49.423 -134.123      0.0   1019.5
     1     1    15    11    28     6     0     0   -60.0   49.034 -134.078      0.0   1020.2
     1     1    15    11    28     5     0     0   -61.0   48.664 -134.037      0.0   1020.6
     1     1    15    11    28     4     0     0   -62.0   48.323 -133.993      0.0   1021.0
     1     1    15    11    28     3     0     0   -63.0   48.013 -133.951      0.2   1021.3
     1     1    15    11    28     2     0     0   -64.0   47.733 -133.911      0.6   1021.5
     1     1    15    11    28     1     0     0   -65.0   47.485 -133.875      1.3   1021.6
     1     1    15    11    28     0     0     0   -66.0   47.270 -133.845      2.2   1021.6
     1     1    15    11    27    23     0     0   -67.0   47.074 -133.817      3.2   1021.4
     1     1    15    11    27    22     0     0   -68.0   46.884 -133.788      4.2   1021.2
     1     1    15    11    27    21     0     0   -69.0   46.698 -133.756      5.1   1021.0
     1     1    15    11    27    20     0     0   -70.0   46.516 -133.719      6.0   1020.9
     1     1    15    11    27    19     0     0   -71.0   46.335 -133.678      6.9   1020.7
     1     1    15    11    27    18     0     0   -72.0   46.154 -133.629      7.7   1020.5
