     1     1
    CDC1    16     4     1     0     0
     1 BACKWARD OMEGA   
    16     4     5     6   60.984 -139.059   750.0
     1 PRESSURE
     1     1    16     4     5     6     0     0     0.0   60.984 -139.059    750.0    802.7
     1     1    16     4     5     5     0     0    -1.0   60.691 -138.927    697.6    813.2
     1     1    16     4     5     4     0     0    -2.0   60.415 -138.764    644.9    823.9
     1     1    16     4     5     3     0     0    -3.0   60.157 -138.570    592.0    834.3
     1     1    16     4     5     2     0     0    -4.0   59.920 -138.348    541.7    844.7
     1     1    16     4     5     1     0     0    -5.0   59.704 -138.103    497.4    856.3
     1     1    16     4     5     0     0     0    -6.0   59.505 -137.839    460.2    866.5
     1     1    16     4     4    23     0     0    -7.0   59.319 -137.583    429.1    875.0
     1     1    16     4     4    22     0     0    -8.0   59.143 -137.359    403.3    882.3
     1     1    16     4     4    21     0     0    -9.0   58.980 -137.168    381.2    888.8
     1     1    16     4     4    20     0     0   -10.0   58.832 -137.008    362.3    894.2
     1     1    16     4     4    19     0     0   -11.0   58.702 -136.878    346.1    898.8
     1     1    16     4     4    18     0     0   -12.0   58.594 -136.778    332.3    902.7
     1     1    16     4     4    17     0     0   -13.0   58.503 -136.681    321.3    906.0
     1     1    16     4     4    16     0     0   -14.0   58.426 -136.564    313.7    908.4
     1     1    16     4     4    15     0     0   -15.0   58.361 -136.424    309.4    909.9
     1     1    16     4     4    14     0     0   -16.0   58.307 -136.259    308.7    910.5
     1     1    16     4     4    13     0     0   -17.0   58.263 -136.066    311.6    910.2
     1     1    16     4     4    12     0     0   -18.0   58.228 -135.844    318.6    909.0
     1     1    16     4     4    11     0     0   -19.0   58.195 -135.598    326.6    907.6
     1     1    16     4     4    10     0     0   -20.0   58.156 -135.339    331.8    906.9
     1     1    16     4     4     9     0     0   -21.0   58.110 -135.066    333.9    906.6
     1     1    16     4     4     8     0     0   -22.0   58.058 -134.783    332.2    905.1
     1     1    16     4     4     7     0     0   -23.0   58.002 -134.493    326.3    903.6
     1     1    16     4     4     6     0     0   -24.0   57.944 -134.203    316.6    902.3
     1     1    16     4     4     5     0     0   -25.0   57.889 -133.917    305.2    901.4
     1     1    16     4     4     4     0     0   -26.0   57.837 -133.634    294.1    900.2
     1     1    16     4     4     3     0     0   -27.0   57.785 -133.352    283.3    898.9
     1     1    16     4     4     2     0     0   -28.0   57.731 -133.065    273.2    897.6
     1     1    16     4     4     1     0     0   -29.0   57.672 -132.770    263.7    896.1
     1     1    16     4     4     0     0     0   -30.0   57.604 -132.460    255.0    894.3
     1     1    16     4     3    23     0     0   -31.0   57.531 -132.153    246.3    891.0
     1     1    16     4     3    22     0     0   -32.0   57.460 -131.873    237.3    888.5
     1     1    16     4     3    21     0     0   -33.0   57.392 -131.625    228.0    886.9
     1     1    16     4     3    20     0     0   -34.0   57.328 -131.410    218.5    885.8
     1     1    16     4     3    19     0     0   -35.0   57.269 -131.226    208.7    885.4
     1     1    16     4     3    18     0     0   -36.0   57.213 -131.072    198.7    885.6
     1     1    16     4     3    17     0     0   -37.0   57.162 -130.942    190.1    885.8
     1     1    16     4     3    16     0     0   -38.0   57.115 -130.829    184.7    885.6
     1     1    16     4     3    15     0     0   -39.0   57.071 -130.731    182.2    885.3
     1     1    16     4     3    14     0     0   -40.0   57.028 -130.647    182.3    885.0
     1     1    16     4     3    13     0     0   -41.0   56.986 -130.577    185.1    884.7
     1     1    16     4     3    12     0     0   -42.0   56.944 -130.521    190.4    884.4
     1     1    16     4     3    11     0     0   -43.0   56.907 -130.486    195.3    883.9
     1     1    16     4     3    10     0     0   -44.0   56.884 -130.481    196.7    884.4
     1     1    16     4     3     9     0     0   -45.0   56.873 -130.505    194.8    885.5
     1     1    16     4     3     8     0     0   -46.0   56.875 -130.559    189.6    887.3
     1     1    16     4     3     7     0     0   -47.0   56.891 -130.640    181.6    889.4
     1     1    16     4     3     6     0     0   -48.0   56.919 -130.749    170.9    892.0
     1     1    16     4     3     5     0     0   -49.0   56.952 -130.884    160.3    894.9
     1     1    16     4     3     4     0     0   -50.0   56.982 -131.041    152.1    897.8
     1     1    16     4     3     3     0     0   -51.0   57.009 -131.221    146.0    901.1
     1     1    16     4     3     2     0     0   -52.0   57.034 -131.423    141.6    904.6
     1     1    16     4     3     1     0     0   -53.0   57.056 -131.647    138.6    908.5
     1     1    16     4     3     0     0     0   -54.0   57.076 -131.892    136.9    912.8
     1     1    16     4     2    23     0     0   -55.0   57.092 -132.154    133.2    917.6
     1     1    16     4     2    22     0     0   -56.0   57.101 -132.430    123.6    924.0
     1     1    16     4     2    21     0     0   -57.0   57.103 -132.711    108.5    930.8
     1     1    16     4     2    20     0     0   -58.0   57.098 -132.987     89.4    938.2
     1     1    16     4     2    19     0     0   -59.0   57.085 -133.248     68.4    945.8
     1     1    16     4     2    18     0     0   -60.0   57.063 -133.477     49.1    952.1
     1     1    16     4     2    17     0     0   -61.0   57.036 -133.663     35.1    956.9
     1     1    16     4     2    16     0     0   -62.0   57.011 -133.814     26.2    960.4
     1     1    16     4     2    15     0     0   -63.0   56.989 -133.942     20.6    963.2
     1     1    16     4     2    14     0     0   -64.0   56.972 -134.057     16.8    965.4
     1     1    16     4     2    13     0     0   -65.0   56.960 -134.165     14.4    967.3
     1     1    16     4     2    12     0     0   -66.0   56.953 -134.269     12.8    968.9
     1     1    16     4     2    11     0     0   -67.0   56.946 -134.370     11.4    970.8
     1     1    16     4     2    10     0     0   -68.0   56.931 -134.467     10.0    972.9
     1     1    16     4     2     9     0     0   -69.0   56.907 -134.561      8.6    974.8
     1     1    16     4     2     8     0     0   -70.0   56.876 -134.654      7.1    976.8
     1     1    16     4     2     7     0     0   -71.0   56.836 -134.747      5.6    979.0
     1     1    16     4     2     6     0     0   -72.0   56.787 -134.838      4.3    981.3
