     1     1
    CDC1    16     3     1     0     0
     1 BACKWARD OMEGA   
    16     3    31     0   60.984 -139.059   750.0
     1 PRESSURE
     1     1    16     3    31     0     0     0     0.0   60.984 -139.059    750.0    821.2
     1     1    16     3    30    23     0     0    -1.0   60.899 -139.698    788.7    819.7
     1     1    16     3    30    22     0     0    -2.0   60.785 -140.328    816.7    821.1
     1     1    16     3    30    21     0     0    -3.0   60.635 -140.928    832.3    825.2
     1     1    16     3    30    20     0     0    -4.0   60.446 -141.478    835.0    831.4
     1     1    16     3    30    19     0     0    -5.0   60.216 -141.968    824.9    839.7
     1     1    16     3    30    18     0     0    -6.0   59.944 -142.389    802.3    850.7
     1     1    16     3    30    17     0     0    -7.0   59.648 -142.705    769.5    866.4
     1     1    16     3    30    16     0     0    -8.0   59.347 -142.906    729.0    882.6
     1     1    16     3    30    15     0     0    -9.0   59.043 -143.017    684.5    898.7
     1     1    16     3    30    14     0     0   -10.0   58.736 -143.061    639.2    914.8
     1     1    16     3    30    13     0     0   -11.0   58.422 -143.060    595.6    930.1
     1     1    16     3    30    12     0     0   -12.0   58.100 -143.031    555.8    945.0
     1     1    16     3    30    11     0     0   -13.0   57.773 -142.996    520.4    959.7
     1     1    16     3    30    10     0     0   -14.0   57.446 -142.960    488.8    972.3
     1     1    16     3    30     9     0     0   -15.0   57.113 -142.926    458.7    974.7
     1     1    16     3    30     8     0     0   -16.0   56.770 -142.898    431.1    977.0
     1     1    16     3    30     7     0     0   -17.0   56.415 -142.878    406.0    979.2
     1     1    16     3    30     6     0     0   -18.0   56.044 -142.868    383.2    981.0
     1     1    16     3    30     5     0     0   -19.0   55.655 -142.868    364.5    982.2
     1     1    16     3    30     4     0     0   -20.0   55.247 -142.881    351.7    982.4
     1     1    16     3    30     3     0     0   -21.0   54.820 -142.910    344.4    982.6
     1     1    16     3    30     2     0     0   -22.0   54.373 -142.944    342.5    983.1
     1     1    16     3    30     1     0     0   -23.0   53.906 -142.978    345.9    983.2
     1     1    16     3    30     0     0     0   -24.0   53.413 -143.019    354.7    982.8
     1     1    16     3    29    23     0     0   -25.0   52.886 -143.075    366.8    981.7
     1     1    16     3    29    22     0     0   -26.0   52.321 -143.138    380.0    980.7
     1     1    16     3    29    21     0     0   -27.0   51.725 -143.174    393.1    979.4
     1     1    16     3    29    20     0     0   -28.0   51.105 -143.161    405.3    978.5
     1     1    16     3    29    19     0     0   -29.0   50.463 -143.099    417.0    978.0
     1     1    16     3    29    18     0     0   -30.0   49.804 -142.986    428.4    977.4
     1     1    16     3    29    17     0     0   -31.0   49.144 -142.810    438.7    975.8
     1     1    16     3    29    16     0     0   -32.0   48.498 -142.562    447.7    974.6
     1     1    16     3    29    15     0     0   -33.0   47.879 -142.249    455.6    973.3
     1     1    16     3    29    14     0     0   -34.0   47.298 -141.885    462.2    972.3
     1     1    16     3    29    13     0     0   -35.0   46.764 -141.495    467.4    971.0
     1     1    16     3    29    12     0     0   -36.0   46.277 -141.095    471.3    970.0
     1     1    16     3    29    11     0     0   -37.0   45.844 -140.684    476.0    969.0
     1     1    16     3    29    10     0     0   -38.0   45.470 -140.262    483.9    967.3
     1     1    16     3    29     9     0     0   -39.0   45.152 -139.831    495.0    965.6
     1     1    16     3    29     8     0     0   -40.0   44.886 -139.399    508.7    965.2
     1     1    16     3    29     7     0     0   -41.0   44.669 -138.974    524.0    965.0
     1     1    16     3    29     6     0     0   -42.0   44.498 -138.557    540.4    964.7
     1     1    16     3    29     5     0     0   -43.0   44.372 -138.160    557.8    964.4
     1     1    16     3    29     4     0     0   -44.0   44.286 -137.792    575.5    963.9
     1     1    16     3    29     3     0     0   -45.0   44.236 -137.455    594.2    963.1
     1     1    16     3    29     2     0     0   -46.0   44.215 -137.150    614.1    961.4
     1     1    16     3    29     1     0     0   -47.0   44.217 -136.878    635.7    959.4
     1     1    16     3    29     0     0     0   -48.0   44.240 -136.638    659.6    956.8
     1     1    16     3    28    23     0     0   -49.0   44.281 -136.417    684.7    953.7
     1     1    16     3    28    22     0     0   -50.0   44.340 -136.201    710.0    950.7
     1     1    16     3    28    21     0     0   -51.0   44.416 -135.986    735.3    947.8
     1     1    16     3    28    20     0     0   -52.0   44.510 -135.769    760.3    944.9
     1     1    16     3    28    19     0     0   -53.0   44.621 -135.546    785.2    942.1
     1     1    16     3    28    18     0     0   -54.0   44.749 -135.314    809.7    939.3
     1     1    16     3    28    17     0     0   -55.0   44.905 -135.085    834.3    936.2
     1     1    16     3    28    16     0     0   -56.0   45.096 -134.875    860.2    932.2
     1     1    16     3    28    15     0     0   -57.0   45.318 -134.691    888.0    927.8
     1     1    16     3    28    14     0     0   -58.0   45.569 -134.536    917.7    923.5
     1     1    16     3    28    13     0     0   -59.0   45.850 -134.412    948.7    919.2
     1     1    16     3    28    12     0     0   -60.0   46.160 -134.321    980.3    914.8
     1     1    16     3    28    11     0     0   -61.0   46.489 -134.256   1012.0    910.9
     1     1    16     3    28    10     0     0   -62.0   46.826 -134.212   1044.2    907.1
     1     1    16     3    28     9     0     0   -63.0   47.170 -134.186   1076.8    903.2
     1     1    16     3    28     8     0     0   -64.0   47.520 -134.175   1110.0    899.3
     1     1    16     3    28     7     0     0   -65.0   47.870 -134.187   1143.2    895.3
     1     1    16     3    28     6     0     0   -66.0   48.217 -134.228   1176.2    891.4
     1     1    16     3    28     5     0     0   -67.0   48.564 -134.303   1212.0    887.1
     1     1    16     3    28     4     0     0   -68.0   48.914 -134.416   1252.4    882.0
     1     1    16     3    28     3     0     0   -69.0   49.268 -134.568   1298.6    876.1
     1     1    16     3    28     2     0     0   -70.0   49.628 -134.763   1351.2    868.9
     1     1    16     3    28     1     0     0   -71.0   49.994 -135.002   1410.7    860.6
     1     1    16     3    28     0     0     0   -72.0   50.359 -135.292   1476.1    853.0
