     1     1
    CDC1    15    12     1     0     0
     1 BACKWARD OMEGA   
    15    12    21     6   60.984 -139.059   750.0
     1 PRESSURE
     1     1    15    12    21     6     0     0     0.0   60.984 -139.059    750.0    785.2
     1     1    15    12    21     5     0     0    -1.0   60.885 -138.663    751.6    786.2
     1     1    15    12    21     4     0     0    -2.0   60.778 -138.300    747.9    788.1
     1     1    15    12    21     3     0     0    -3.0   60.665 -137.966    739.2    790.6
     1     1    15    12    21     2     0     0    -4.0   60.543 -137.662    725.5    793.6
     1     1    15    12    21     1     0     0    -5.0   60.412 -137.389    707.0    797.1
     1     1    15    12    21     0     0     0    -6.0   60.273 -137.147    684.0    800.8
     1     1    15    12    20    23     0     0    -7.0   60.120 -136.923    658.9    805.2
     1     1    15    12    20    22     0     0    -8.0   59.952 -136.700    633.3    810.5
     1     1    15    12    20    21     0     0    -9.0   59.770 -136.491    606.8    817.8
     1     1    15    12    20    20     0     0   -10.0   59.581 -136.301    578.5    825.2
     1     1    15    12    20    19     0     0   -11.0   59.384 -136.128    548.1    833.0
     1     1    15    12    20    18     0     0   -12.0   59.182 -135.970    515.3    841.3
     1     1    15    12    20    17     0     0   -13.0   58.978 -135.825    481.2    849.7
     1     1    15    12    20    16     0     0   -14.0   58.775 -135.697    448.3    858.0
     1     1    15    12    20    15     0     0   -15.0   58.573 -135.584    417.4    866.1
     1     1    15    12    20    14     0     0   -16.0   58.374 -135.485    389.6    874.0
     1     1    15    12    20    13     0     0   -17.0   58.176 -135.401    365.6    881.2
     1     1    15    12    20    12     0     0   -18.0   57.981 -135.332    346.1    887.7
     1     1    15    12    20    11     0     0   -19.0   57.787 -135.261    327.8    893.8
     1     1    15    12    20    10     0     0   -20.0   57.595 -135.175    307.3    900.2
     1     1    15    12    20     9     0     0   -21.0   57.407 -135.082    285.1    906.1
     1     1    15    12    20     8     0     0   -22.0   57.225 -134.998    261.8    911.6
     1     1    15    12    20     7     0     0   -23.0   57.050 -134.934    238.2    916.7
     1     1    15    12    20     6     0     0   -24.0   56.885 -134.897    214.8    922.2
     1     1    15    12    20     5     0     0   -25.0   56.725 -134.869    194.9    927.8
     1     1    15    12    20     4     0     0   -26.0   56.563 -134.824    180.8    931.5
     1     1    15    12    20     3     0     0   -27.0   56.399 -134.755    171.3    934.5
     1     1    15    12    20     2     0     0   -28.0   56.232 -134.656    165.5    936.8
     1     1    15    12    20     1     0     0   -29.0   56.062 -134.522    162.9    938.5
     1     1    15    12    20     0     0     0   -30.0   55.886 -134.344    162.8    939.5
     1     1    15    12    19    23     0     0   -31.0   55.702 -134.132    162.1    941.1
     1     1    15    12    19    22     0     0   -32.0   55.508 -133.898    158.0    943.6
     1     1    15    12    19    21     0     0   -33.0   55.301 -133.635    151.2    946.5
     1     1    15    12    19    20     0     0   -34.0   55.076 -133.337    142.1    950.0
     1     1    15    12    19    19     0     0   -35.0   54.830 -133.011    131.0    952.3
     1     1    15    12    19    18     0     0   -36.0   54.562 -132.679    118.0    954.9
     1     1    15    12    19    17     0     0   -37.0   54.278 -132.365    106.6    958.2
     1     1    15    12    19    16     0     0   -38.0   53.992 -132.089     98.8    960.2
     1     1    15    12    19    15     0     0   -39.0   53.707 -131.845     93.8    962.5
     1     1    15    12    19    14     0     0   -40.0   53.428 -131.624     91.1    965.0
     1     1    15    12    19    13     0     0   -41.0   53.157 -131.413     90.2    967.5
     1     1    15    12    19    12     0     0   -42.0   52.897 -131.202     90.8    969.8
     1     1    15    12    19    11     0     0   -43.0   52.649 -130.993     92.3    971.6
     1     1    15    12    19    10     0     0   -44.0   52.411 -130.796     94.1    972.6
     1     1    15    12    19     9     0     0   -45.0   52.182 -130.616     95.5    972.6
     1     1    15    12    19     8     0     0   -46.0   51.961 -130.458     96.5    973.0
     1     1    15    12    19     7     0     0   -47.0   51.743 -130.321     97.1    973.8
     1     1    15    12    19     6     0     0   -48.0   51.525 -130.206     97.5    974.8
     1     1    15    12    19     5     0     0   -49.0   51.296 -130.115     97.1    975.9
     1     1    15    12    19     4     0     0   -50.0   51.050 -130.060     95.7    977.9
     1     1    15    12    19     3     0     0   -51.0   50.788 -130.045     93.4    980.4
     1     1    15    12    19     2     0     0   -52.0   50.512 -130.081     90.6    983.4
     1     1    15    12    19     1     0     0   -53.0   50.224 -130.171     87.3    986.8
     1     1    15    12    19     0     0     0   -54.0   49.929 -130.319     83.2    989.8
     1     1    15    12    18    23     0     0   -55.0   49.648 -130.522     77.2    991.6
     1     1    15    12    18    22     0     0   -56.0   49.395 -130.779     68.9    993.3
     1     1    15    12    18    21     0     0   -57.0   49.164 -131.089     59.3    994.6
     1     1    15    12    18    20     0     0   -58.0   48.947 -131.450     48.9    995.9
     1     1    15    12    18    19     0     0   -59.0   48.739 -131.860     38.4    997.1
     1     1    15    12    18    18     0     0   -60.0   48.534 -132.313     28.0    998.2
     1     1    15    12    18    17     0     0   -61.0   48.340 -132.802     19.2    998.7
     1     1    15    12    18    16     0     0   -62.0   48.169 -133.318     13.3    998.8
     1     1    15    12    18    15     0     0   -63.0   48.018 -133.863      9.9    998.3
     1     1    15    12    18    14     0     0   -64.0   47.886 -134.438      8.3    997.7
     1     1    15    12    18    13     0     0   -65.0   47.770 -135.041      7.8    997.5
     1     1    15    12    18    12     0     0   -66.0   47.672 -135.674      7.2    998.2
     1     1    15    12    18    11     0     0   -67.0   47.592 -136.327      4.9    999.1
     1     1    15    12    18    10     0     0   -68.0   47.528 -136.988      0.0   1000.0
     1     1    15    12    18     9     0     0   -69.0   47.478 -137.659      0.0   1000.8
     1     1    15    12    18     8     0     0   -70.0   47.444 -138.346      0.0   1001.6
     1     1    15    12    18     7     0     0   -71.0   47.428 -139.055      0.0   1002.1
     1     1    15    12    18     6     0     0   -72.0   47.425 -139.793      0.0   1002.5
