     1     1
    CDC1    16     3     1     0     0
     1 BACKWARD OMEGA   
    16     3    14     0   60.984 -139.059   750.0
     1 PRESSURE
     1     1    16     3    14     0     0     0     0.0   60.984 -139.059    750.0    793.1
     1     1    16     3    13    23     0     0    -1.0   60.994 -139.017    779.9    790.0
     1     1    16     3    13    22     0     0    -2.0   60.993 -138.966    808.5    787.2
     1     1    16     3    13    21     0     0    -3.0   60.983 -138.903    836.1    784.7
     1     1    16     3    13    20     0     0    -4.0   60.963 -138.826    863.0    782.4
     1     1    16     3    13    19     0     0    -5.0   60.932 -138.734    889.3    780.4
     1     1    16     3    13    18     0     0    -6.0   60.893 -138.622    915.5    778.3
     1     1    16     3    13    17     0     0    -7.0   60.843 -138.498    940.2    776.3
     1     1    16     3    13    16     0     0    -8.0   60.784 -138.365    961.8    774.9
     1     1    16     3    13    15     0     0    -9.0   60.715 -138.226    980.0    774.0
     1     1    16     3    13    14     0     0   -10.0   60.635 -138.078    994.7    773.6
     1     1    16     3    13    13     0     0   -11.0   60.543 -137.924   1005.8    773.8
     1     1    16     3    13    12     0     0   -12.0   60.439 -137.762   1013.2    774.6
     1     1    16     3    13    11     0     0   -13.0   60.316 -137.586   1019.3    775.6
     1     1    16     3    13    10     0     0   -14.0   60.168 -137.386   1027.3    776.3
     1     1    16     3    13     9     0     0   -15.0   59.994 -137.165   1036.7    777.1
     1     1    16     3    13     8     0     0   -16.0   59.794 -136.916   1047.9    780.6
     1     1    16     3    13     7     0     0   -17.0   59.567 -136.634   1059.0    784.5
     1     1    16     3    13     6     0     0   -18.0   59.314 -136.320   1070.1    788.8
     1     1    16     3    13     5     0     0   -19.0   59.055 -135.966   1080.4    792.8
     1     1    16     3    13     4     0     0   -20.0   58.809 -135.572   1086.9    796.4
     1     1    16     3    13     3     0     0   -21.0   58.571 -135.145   1088.3    799.7
     1     1    16     3    13     2     0     0   -22.0   58.337 -134.696   1081.9    801.4
     1     1    16     3    13     1     0     0   -23.0   58.106 -134.230   1066.1    802.1
     1     1    16     3    13     0     0     0   -24.0   57.872 -133.756   1039.4    803.2
     1     1    16     3    12    23     0     0   -25.0   57.639 -133.269   1008.5    804.8
     1     1    16     3    12    22     0     0   -26.0   57.408 -132.765    981.2    804.7
     1     1    16     3    12    21     0     0   -27.0   57.177 -132.256    958.5    804.0
     1     1    16     3    12    20     0     0   -28.0   56.946 -131.758    940.0    802.2
     1     1    16     3    12    19     0     0   -29.0   56.716 -131.278    924.4    800.3
     1     1    16     3    12    18     0     0   -30.0   56.486 -130.822    910.4    798.6
     1     1    16     3    12    17     0     0   -31.0   56.252 -130.396    894.6    797.8
     1     1    16     3    12    16     0     0   -32.0   56.006 -129.997    875.3    798.2
     1     1    16     3    12    15     0     0   -33.0   55.752 -129.614    854.0    801.2
     1     1    16     3    12    14     0     0   -34.0   55.492 -129.235    831.0    804.1
     1     1    16     3    12    13     0     0   -35.0   55.223 -128.845    807.6    806.7
     1     1    16     3    12    12     0     0   -36.0   54.943 -128.429    785.0    808.6
     1     1    16     3    12    11     0     0   -37.0   54.651 -128.005    762.4    810.0
     1     1    16     3    12    10     0     0   -38.0   54.351 -127.596    737.0    811.6
     1     1    16     3    12     9     0     0   -39.0   54.045 -127.197    708.8    815.5
     1     1    16     3    12     8     0     0   -40.0   53.734 -126.810    676.8    819.6
     1     1    16     3    12     7     0     0   -41.0   53.419 -126.430    639.9    823.2
     1     1    16     3    12     6     0     0   -42.0   53.100 -126.056    597.5    826.4
     1     1    16     3    12     5     0     0   -43.0   52.783 -125.698    552.7    828.9
     1     1    16     3    12     4     0     0   -44.0   52.473 -125.366    508.7    830.7
     1     1    16     3    12     3     0     0   -45.0   52.172 -125.061    466.7    835.4
     1     1    16     3    12     2     0     0   -46.0   51.889 -124.788    428.4    840.9
     1     1    16     3    12     1     0     0   -47.0   51.629 -124.543    394.3    846.0
     1     1    16     3    12     0     0     0   -48.0   51.392 -124.316    363.6    850.3
     1     1    16     3    11    23     0     0   -49.0   51.178 -124.094    336.1    853.6
     1     1    16     3    11    22     0     0   -50.0   50.982 -123.866    311.1    856.1
     1     1    16     3    11    21     0     0   -51.0   50.802 -123.626    287.5    858.0
     1     1    16     3    11    20     0     0   -52.0   50.639 -123.373    264.2    859.4
     1     1    16     3    11    19     0     0   -53.0   50.493 -123.102    240.8    860.3
     1     1    16     3    11    18     0     0   -54.0   50.367 -122.811    217.0    860.8
     1     1    16     3    11    17     0     0   -55.0   50.259 -122.520    195.1    861.3
     1     1    16     3    11    16     0     0   -56.0   50.155 -122.250    176.3    861.9
     1     1    16     3    11    15     0     0   -57.0   50.046 -122.004    160.6    862.5
     1     1    16     3    11    14     0     0   -58.0   49.928 -121.784    148.9    864.6
     1     1    16     3    11    13     0     0   -59.0   49.801 -121.597    142.2    867.9
     1     1    16     3    11    12     0     0   -60.0   49.664 -121.444    140.9    871.2
     1     1    16     3    11    11     0     0   -61.0   49.522 -121.330    143.0    874.1
     1     1    16     3    11    10     0     0   -62.0   49.387 -121.259    146.5    877.4
     1     1    16     3    11     9     0     0   -63.0   49.260 -121.225    151.0    881.0
     1     1    16     3    11     8     0     0   -64.0   49.144 -121.222    156.1    884.6
     1     1    16     3    11     7     0     0   -65.0   49.038 -121.247    161.3    888.3
     1     1    16     3    11     6     0     0   -66.0   48.942 -121.296    166.2    892.1
     1     1    16     3    11     5     0     0   -67.0   48.845 -121.370    164.5    895.1
     1     1    16     3    11     4     0     0   -68.0   48.736 -121.467    151.6    900.6
     1     1    16     3    11     3     0     0   -69.0   48.615 -121.584    129.7    908.0
     1     1    16     3    11     2     0     0   -70.0   48.484 -121.720    103.0    916.9
     1     1    16     3    11     1     0     0   -71.0   48.340 -121.876     76.3    927.2
     1     1    16     3    11     0     0     0   -72.0   48.183 -122.057     53.0    936.5
