     1     1
    CDC1    16     1     1     0     0
     1 BACKWARD OMEGA   
    16     1    17     6   60.984 -139.059   750.0
     1 PRESSURE
     1     1    16     1    17     6     0     0     0.0   60.984 -139.059    750.0    797.4
     1     1    16     1    17     5     0     0    -1.0   60.750 -138.778    737.5    801.7
     1     1    16     1    17     4     0     0    -2.0   60.509 -138.471    721.1    806.8
     1     1    16     1    17     3     0     0    -3.0   60.258 -138.143    700.9    812.3
     1     1    16     1    17     2     0     0    -4.0   59.999 -137.800    677.0    818.4
     1     1    16     1    17     1     0     0    -5.0   59.733 -137.452    651.8    828.8
     1     1    16     1    17     0     0     0    -6.0   59.464 -137.103    625.6    838.6
     1     1    16     1    16    23     0     0    -7.0   59.200 -136.750    599.2    847.9
     1     1    16     1    16    22     0     0    -8.0   58.948 -136.388    573.6    855.8
     1     1    16     1    16    21     0     0    -9.0   58.707 -136.014    548.7    863.0
     1     1    16     1    16    20     0     0   -10.0   58.478 -135.628    524.1    869.5
     1     1    16     1    16    19     0     0   -11.0   58.263 -135.226    499.7    875.2
     1     1    16     1    16    18     0     0   -12.0   58.062 -134.806    474.9    878.8
     1     1    16     1    16    17     0     0   -13.0   57.873 -134.362    452.3    880.0
     1     1    16     1    16    16     0     0   -14.0   57.694 -133.889    434.2    879.3
     1     1    16     1    16    15     0     0   -15.0   57.522 -133.393    419.4    877.3
     1     1    16     1    16    14     0     0   -16.0   57.353 -132.882    407.3    874.6
     1     1    16     1    16    13     0     0   -17.0   57.180 -132.366    398.6    871.6
     1     1    16     1    16    12     0     0   -18.0   56.989 -131.833    394.3    867.2
     1     1    16     1    16    11     0     0   -19.0   56.775 -131.276    393.3    862.7
     1     1    16     1    16    10     0     0   -20.0   56.547 -130.701    393.3    858.1
     1     1    16     1    16     9     0     0   -21.0   56.304 -130.106    393.0    853.5
     1     1    16     1    16     8     0     0   -22.0   56.053 -129.514    392.2    852.3
     1     1    16     1    16     7     0     0   -23.0   55.798 -128.945    390.3    851.5
     1     1    16     1    16     6     0     0   -24.0   55.527 -128.392    387.6    850.6
     1     1    16     1    16     5     0     0   -25.0   55.243 -127.868    386.5    849.5
     1     1    16     1    16     4     0     0   -26.0   54.957 -127.390    390.6    848.4
     1     1    16     1    16     3     0     0   -27.0   54.690 -126.979    399.4    849.4
     1     1    16     1    16     2     0     0   -28.0   54.454 -126.642    411.6    849.2
     1     1    16     1    16     1     0     0   -29.0   54.247 -126.371    427.1    848.2
     1     1    16     1    16     0     0     0   -30.0   54.067 -126.159    446.5    846.5
     1     1    16     1    15    23     0     0   -31.0   53.908 -125.989    466.9    844.0
     1     1    16     1    15    22     0     0   -32.0   53.764 -125.844    485.4    842.1
     1     1    16     1    15    21     0     0   -33.0   53.635 -125.723    502.9    840.1
     1     1    16     1    15    20     0     0   -34.0   53.523 -125.625    520.1    838.2
     1     1    16     1    15    19     0     0   -35.0   53.427 -125.548    537.5    836.3
     1     1    16     1    15    18     0     0   -36.0   53.349 -125.491    555.7    834.4
     1     1    16     1    15    17     0     0   -37.0   53.291 -125.453    575.8    832.3
     1     1    16     1    15    16     0     0   -38.0   53.257 -125.431    599.0    830.0
     1     1    16     1    15    15     0     0   -39.0   53.248 -125.424    625.0    827.0
     1     1    16     1    15    14     0     0   -40.0   53.263 -125.431    653.8    823.8
     1     1    16     1    15    13     0     0   -41.0   53.304 -125.451    685.6    820.3
     1     1    16     1    15    12     0     0   -42.0   53.369 -125.484    720.9    816.6
     1     1    16     1    15    11     0     0   -43.0   53.449 -125.520    756.4    812.5
     1     1    16     1    15    10     0     0   -44.0   53.531 -125.549    787.8    809.1
     1     1    16     1    15     9     0     0   -45.0   53.618 -125.573    814.7    806.2
     1     1    16     1    15     8     0     0   -46.0   53.708 -125.591    836.5    803.7
     1     1    16     1    15     7     0     0   -47.0   53.802 -125.604    852.5    801.7
     1     1    16     1    15     6     0     0   -48.0   53.900 -125.611    862.4    800.3
     1     1    16     1    15     5     0     0   -49.0   54.002 -125.626    866.5    799.3
     1     1    16     1    15     4     0     0   -50.0   54.105 -125.662    866.8    798.8
     1     1    16     1    15     3     0     0   -51.0   54.212 -125.719    863.1    798.8
     1     1    16     1    15     2     0     0   -52.0   54.320 -125.797    855.6    799.2
     1     1    16     1    15     1     0     0   -53.0   54.431 -125.896    844.2    800.0
     1     1    16     1    15     0     0     0   -54.0   54.546 -126.015    829.0    801.3
     1     1    16     1    14    23     0     0   -55.0   54.653 -126.158    808.8    803.3
     1     1    16     1    14    22     0     0   -56.0   54.741 -126.326    781.8    806.3
     1     1    16     1    14    21     0     0   -57.0   54.810 -126.518    747.9    810.3
     1     1    16     1    14    20     0     0   -58.0   54.856 -126.732    707.1    815.2
     1     1    16     1    14    19     0     0   -59.0   54.878 -126.968    659.7    821.4
     1     1    16     1    14    18     0     0   -60.0   54.873 -127.222    606.3    828.8
     1     1    16     1    14    17     0     0   -61.0   54.848 -127.485    551.5    836.3
     1     1    16     1    14    16     0     0   -62.0   54.810 -127.746    500.5    846.0
     1     1    16     1    14    15     0     0   -63.0   54.762 -128.005    453.3    855.8
     1     1    16     1    14    14     0     0   -64.0   54.706 -128.264    409.8    865.7
     1     1    16     1    14    13     0     0   -65.0   54.644 -128.523    370.1    875.4
     1     1    16     1    14    12     0     0   -66.0   54.578 -128.781    334.9    884.1
     1     1    16     1    14    11     0     0   -67.0   54.508 -129.028    302.4    892.2
     1     1    16     1    14    10     0     0   -68.0   54.432 -129.257    269.9    900.5
     1     1    16     1    14     9     0     0   -69.0   54.351 -129.474    237.6    908.9
     1     1    16     1    14     8     0     0   -70.0   54.267 -129.683    205.5    917.6
     1     1    16     1    14     7     0     0   -71.0   54.180 -129.890    173.4    925.7
     1     1    16     1    14     6     0     0   -72.0   54.089 -130.099    141.8    933.9
