     1     1
    CDC1    16     3     1     0     0
     1 BACKWARD OMEGA   
    16     3    17     0   60.984 -139.059   750.0
     1 PRESSURE
     1     1    16     3    17     0     0     0     0.0   60.984 -139.059    750.0    818.4
     1     1    16     3    16    23     0     0    -1.0   60.807 -139.267    696.7    827.1
     1     1    16     3    16    22     0     0    -2.0   60.622 -139.470    644.4    836.1
     1     1    16     3    16    21     0     0    -3.0   60.428 -139.673    593.8    845.0
     1     1    16     3    16    20     0     0    -4.0   60.230 -139.870    546.7    853.2
     1     1    16     3    16    19     0     0    -5.0   60.029 -140.053    504.5    861.1
     1     1    16     3    16    18     0     0    -6.0   59.829 -140.230    468.3    871.9
     1     1    16     3    16    17     0     0    -7.0   59.642 -140.384    434.8    882.3
     1     1    16     3    16    16     0     0    -8.0   59.472 -140.498    401.6    892.3
     1     1    16     3    16    15     0     0    -9.0   59.316 -140.580    368.7    901.6
     1     1    16     3    16    14     0     0   -10.0   59.170 -140.637    336.2    909.7
     1     1    16     3    16    13     0     0   -11.0   59.033 -140.675    304.5    917.6
     1     1    16     3    16    12     0     0   -12.0   58.901 -140.700    274.0    925.2
     1     1    16     3    16    11     0     0   -13.0   58.773 -140.735    246.8    932.9
     1     1    16     3    16    10     0     0   -14.0   58.648 -140.808    224.2    940.0
     1     1    16     3    16     9     0     0   -15.0   58.524 -140.921    205.8    946.9
     1     1    16     3    16     8     0     0   -16.0   58.403 -141.076    191.0    953.1
     1     1    16     3    16     7     0     0   -17.0   58.286 -141.273    179.8    958.8
     1     1    16     3    16     6     0     0   -18.0   58.173 -141.511    172.2    964.2
     1     1    16     3    16     5     0     0   -19.0   58.070 -141.763    168.2    969.2
     1     1    16     3    16     4     0     0   -20.0   57.977 -142.003    167.3    973.5
     1     1    16     3    16     3     0     0   -21.0   57.895 -142.230    169.8    976.9
     1     1    16     3    16     2     0     0   -22.0   57.821 -142.444    176.2    979.5
     1     1    16     3    16     1     0     0   -23.0   57.756 -142.641    186.2    981.4
     1     1    16     3    16     0     0     0   -24.0   57.699 -142.819    199.2    982.6
     1     1    16     3    15    23     0     0   -25.0   57.642 -142.985    212.8    982.8
     1     1    16     3    15    22     0     0   -26.0   57.578 -143.147    224.8    983.7
     1     1    16     3    15    21     0     0   -27.0   57.506 -143.307    235.4    985.1
     1     1    16     3    15    20     0     0   -28.0   57.427 -143.468    244.5    984.0
     1     1    16     3    15    19     0     0   -29.0   57.341 -143.633    252.1    982.8
     1     1    16     3    15    18     0     0   -30.0   57.249 -143.804    258.4    981.8
     1     1    16     3    15    17     0     0   -31.0   57.162 -143.991    263.7    981.2
     1     1    16     3    15    16     0     0   -32.0   57.087 -144.196    268.2    980.7
     1     1    16     3    15    15     0     0   -33.0   57.025 -144.416    271.8    980.4
     1     1    16     3    15    14     0     0   -34.0   56.974 -144.648    274.4    980.3
     1     1    16     3    15    13     0     0   -35.0   56.934 -144.886    275.9    980.3
     1     1    16     3    15    12     0     0   -36.0   56.904 -145.128    275.8    980.1
     1     1    16     3    15    11     0     0   -37.0   56.880 -145.360    275.0    980.1
     1     1    16     3    15    10     0     0   -38.0   56.861 -145.571    273.8    980.1
     1     1    16     3    15     9     0     0   -39.0   56.843 -145.761    272.7    980.0
     1     1    16     3    15     8     0     0   -40.0   56.827 -145.931    271.8    979.8
     1     1    16     3    15     7     0     0   -41.0   56.812 -146.080    271.1    979.6
     1     1    16     3    15     6     0     0   -42.0   56.797 -146.209    270.8    979.3
     1     1    16     3    15     5     0     0   -43.0   56.783 -146.328    270.5    978.7
     1     1    16     3    15     4     0     0   -44.0   56.772 -146.443    269.8    978.4
     1     1    16     3    15     3     0     0   -45.0   56.764 -146.557    268.8    978.1
     1     1    16     3    15     2     0     0   -46.0   56.758 -146.668    267.3    977.9
     1     1    16     3    15     1     0     0   -47.0   56.754 -146.776    265.2    977.8
     1     1    16     3    15     0     0     0   -48.0   56.752 -146.881    262.5    977.9
     1     1    16     3    14    23     0     0   -49.0   56.753 -146.983    260.7    977.9
     1     1    16     3    14    22     0     0   -50.0   56.756 -147.082    261.4    977.4
     1     1    16     3    14    21     0     0   -51.0   56.761 -147.176    264.6    976.6
     1     1    16     3    14    20     0     0   -52.0   56.768 -147.266    270.3    975.5
     1     1    16     3    14    19     0     0   -53.0   56.778 -147.351    278.8    974.1
     1     1    16     3    14    18     0     0   -54.0   56.789 -147.430    290.1    972.4
     1     1    16     3    14    17     0     0   -55.0   56.808 -147.505    302.4    970.6
     1     1    16     3    14    16     0     0   -56.0   56.839 -147.573    313.2    969.3
     1     1    16     3    14    15     0     0   -57.0   56.882 -147.634    322.8    968.2
     1     1    16     3    14    14     0     0   -58.0   56.938 -147.688    331.1    967.5
     1     1    16     3    14    13     0     0   -59.0   57.006 -147.731    338.0    967.1
     1     1    16     3    14    12     0     0   -60.0   57.087 -147.765    343.5    967.1
     1     1    16     3    14    11     0     0   -61.0   57.174 -147.777    348.2    967.6
     1     1    16     3    14    10     0     0   -62.0   57.257 -147.759    352.5    968.1
     1     1    16     3    14     9     0     0   -63.0   57.336 -147.710    356.4    968.8
     1     1    16     3    14     8     0     0   -64.0   57.412 -147.630    360.0    969.7
     1     1    16     3    14     7     0     0   -65.0   57.483 -147.521    363.1    970.8
     1     1    16     3    14     6     0     0   -66.0   57.550 -147.382    365.4    969.3
     1     1    16     3    14     5     0     0   -67.0   57.616 -147.214    366.9    967.1
     1     1    16     3    14     4     0     0   -68.0   57.687 -147.016    367.4    964.8
     1     1    16     3    14     3     0     0   -69.0   57.761 -146.789    367.5    962.3
     1     1    16     3    14     2     0     0   -70.0   57.838 -146.535    367.6    959.7
     1     1    16     3    14     1     0     0   -71.0   57.918 -146.256    368.3    956.8
     1     1    16     3    14     0     0     0   -72.0   58.000 -145.954    370.1    953.5
