     1     1
    CDC1    16     2     1     0     0
     1 BACKWARD OMEGA   
    16     2    19    12   60.984 -139.059   750.0
     1 PRESSURE
     1     1    16     2    19    12     0     0     0.0   60.984 -139.059    750.0    792.7
     1     1    16     2    19    11     0     0    -1.0   60.908 -138.802    776.9    790.5
     1     1    16     2    19    10     0     0    -2.0   60.847 -138.549    801.5    788.3
     1     1    16     2    19     9     0     0    -3.0   60.802 -138.302    824.1    786.0
     1     1    16     2    19     8     0     0    -4.0   60.772 -138.062    844.9    783.8
     1     1    16     2    19     7     0     0    -5.0   60.758 -137.827    864.3    781.4
     1     1    16     2    19     6     0     0    -6.0   60.760 -137.597    882.3    779.0
     1     1    16     2    19     5     0     0    -7.0   60.777 -137.388    902.0    776.4
     1     1    16     2    19     4     0     0    -8.0   60.808 -137.214    925.0    772.8
     1     1    16     2    19     3     0     0    -9.0   60.854 -137.073    951.1    768.7
     1     1    16     2    19     2     0     0   -10.0   60.912 -136.964    980.3    764.2
     1     1    16     2    19     1     0     0   -11.0   60.984 -136.883   1012.2    759.4
     1     1    16     2    19     0     0     0   -12.0   61.069 -136.828   1047.0    754.2
     1     1    16     2    18    23     0     0   -13.0   61.159 -136.784   1080.6    748.5
     1     1    16     2    18    22     0     0   -14.0   61.248 -136.739   1109.6    743.8
     1     1    16     2    18    21     0     0   -15.0   61.335 -136.693   1133.5    739.6
     1     1    16     2    18    20     0     0   -16.0   61.421 -136.649   1151.9    736.0
     1     1    16     2    18    19     0     0   -17.0   61.505 -136.604   1164.7    733.0
     1     1    16     2    18    18     0     0   -18.0   61.587 -136.561   1171.7    730.6
     1     1    16     2    18    17     0     0   -19.0   61.664 -136.517   1178.0    729.4
     1     1    16     2    18    16     0     0   -20.0   61.737 -136.476   1187.7    727.6
     1     1    16     2    18    15     0     0   -21.0   61.804 -136.435   1201.3    725.4
     1     1    16     2    18    14     0     0   -22.0   61.865 -136.395   1219.0    723.0
     1     1    16     2    18    13     0     0   -23.0   61.921 -136.354   1241.2    720.3
     1     1    16     2    18    12     0     0   -24.0   61.971 -136.312   1268.0    717.0
     1     1    16     2    18    11     0     0   -25.0   62.021 -136.282   1297.3    713.6
     1     1    16     2    18    10     0     0   -26.0   62.079 -136.279   1327.1    710.3
     1     1    16     2    18     9     0     0   -27.0   62.143 -136.304   1357.5    707.0
     1     1    16     2    18     8     0     0   -28.0   62.213 -136.359   1388.1    703.6
     1     1    16     2    18     7     0     0   -29.0   62.291 -136.446   1418.9    700.3
     1     1    16     2    18     6     0     0   -30.0   62.376 -136.566   1449.3    696.9
     1     1    16     2    18     5     0     0   -31.0   62.462 -136.698   1481.0    693.8
     1     1    16     2    18     4     0     0   -32.0   62.547 -136.819   1516.8    691.6
     1     1    16     2    18     3     0     0   -33.0   62.627 -136.922   1557.2    690.1
     1     1    16     2    18     2     0     0   -34.0   62.706 -137.006   1601.7    688.2
     1     1    16     2    18     1     0     0   -35.0   62.782 -137.069   1650.8    685.8
     1     1    16     2    18     0     0     0   -36.0   62.857 -137.114   1704.1    682.6
     1     1    16     2    17    23     0     0   -37.0   62.935 -137.162   1758.2    679.1
     1     1    16     2    17    22     0     0   -38.0   63.019 -137.235   1807.6    676.6
     1     1    16     2    17    21     0     0   -39.0   63.108 -137.331   1853.5    674.7
     1     1    16     2    17    20     0     0   -40.0   63.202 -137.446   1895.9    673.2
     1     1    16     2    17    19     0     0   -41.0   63.301 -137.580   1935.0    672.0
     1     1    16     2    17    18     0     0   -42.0   63.403 -137.730   1970.7    671.0
     1     1    16     2    17    17     0     0   -43.0   63.503 -137.875   2005.7    670.2
     1     1    16     2    17    16     0     0   -44.0   63.598 -137.998   2043.6    668.8
     1     1    16     2    17    15     0     0   -45.0   63.688 -138.103   2084.2    667.1
     1     1    16     2    17    14     0     0   -46.0   63.775 -138.194   2128.1    665.0
     1     1    16     2    17    13     0     0   -47.0   63.859 -138.273   2175.0    662.4
     1     1    16     2    17    12     0     0   -48.0   63.944 -138.344   2225.0    659.6
     1     1    16     2    17    11     0     0   -49.0   64.030 -138.410   2273.0    656.5
     1     1    16     2    17    10     0     0   -50.0   64.119 -138.471   2313.6    654.7
     1     1    16     2    17     9     0     0   -51.0   64.209 -138.526   2346.9    653.5
     1     1    16     2    17     8     0     0   -52.0   64.299 -138.578   2372.5    653.1
     1     1    16     2    17     7     0     0   -53.0   64.387 -138.624   2390.3    653.3
     1     1    16     2    17     6     0     0   -54.0   64.473 -138.666   2399.7    654.2
     1     1    16     2    17     5     0     0   -55.0   64.562 -138.711   2408.1    656.0
     1     1    16     2    17     4     0     0   -56.0   64.664 -138.769   2420.9    656.9
     1     1    16     2    17     3     0     0   -57.0   64.779 -138.843   2438.7    657.6
     1     1    16     2    17     2     0     0   -58.0   64.909 -138.932   2461.3    658.2
     1     1    16     2    17     1     0     0   -59.0   65.055 -139.037   2488.0    658.4
     1     1    16     2    17     0     0     0   -60.0   65.218 -139.157   2518.0    657.7
     1     1    16     2    16    23     0     0   -61.0   65.394 -139.303   2549.5    656.2
     1     1    16     2    16    22     0     0   -62.0   65.578 -139.483   2580.5    654.9
     1     1    16     2    16    21     0     0   -63.0   65.770 -139.696   2610.7    653.7
     1     1    16     2    16    20     0     0   -64.0   65.969 -139.939   2639.8    652.5
     1     1    16     2    16    19     0     0   -65.0   66.174 -140.213   2667.7    651.2
     1     1    16     2    16    18     0     0   -66.0   66.384 -140.513   2694.2    649.8
     1     1    16     2    16    17     0     0   -67.0   66.599 -140.816   2720.3    648.3
     1     1    16     2    16    16     0     0   -68.0   66.819 -141.091   2750.2    646.3
     1     1    16     2    16    15     0     0   -69.0   67.047 -141.334   2782.3    644.0
     1     1    16     2    16    14     0     0   -70.0   67.284 -141.535   2816.3    641.6
     1     1    16     2    16    13     0     0   -71.0   67.531 -141.686   2852.3    639.3
     1     1    16     2    16    12     0     0   -72.0   67.788 -141.778   2892.1    638.5
