     1     1
    CDC1    15    12     1     0     0
     1 BACKWARD OMEGA   
    15    12    15    12   60.984 -139.059   750.0
     1 PRESSURE
     1     1    15    12    15    12     0     0     0.0   60.984 -139.059    750.0    805.9
     1     1    15    12    15    11     0     0    -1.0   60.970 -139.599    711.1    810.4
     1     1    15    12    15    10     0     0    -2.0   60.952 -140.127    673.5    815.3
     1     1    15    12    15     9     0     0    -3.0   60.931 -140.642    636.8    821.5
     1     1    15    12    15     8     0     0    -4.0   60.911 -141.142    600.8    827.5
     1     1    15    12    15     7     0     0    -5.0   60.894 -141.627    565.6    832.7
     1     1    15    12    15     6     0     0    -6.0   60.883 -142.094    531.6    837.5
     1     1    15    12    15     5     0     0    -7.0   60.874 -142.547    497.6    842.5
     1     1    15    12    15     4     0     0    -8.0   60.864 -142.995    462.2    849.3
     1     1    15    12    15     3     0     0    -9.0   60.850 -143.442    424.8    856.5
     1     1    15    12    15     2     0     0   -10.0   60.832 -143.890    384.7    864.5
     1     1    15    12    15     1     0     0   -11.0   60.808 -144.338    340.6    872.6
     1     1    15    12    15     0     0     0   -12.0   60.774 -144.786    291.2    881.4
     1     1    15    12    14    23     0     0   -13.0   60.739 -145.223    240.7    891.6
     1     1    15    12    14    22     0     0   -14.0   60.710 -145.625    195.8    900.8
     1     1    15    12    14    21     0     0   -15.0   60.689 -145.976    159.2    907.1
     1     1    15    12    14    20     0     0   -16.0   60.675 -146.269    130.7    911.9
     1     1    15    12    14    19     0     0   -17.0   60.670 -146.505    108.4    915.6
     1     1    15    12    14    18     0     0   -18.0   60.672 -146.688     90.9    918.3
     1     1    15    12    14    17     0     0   -19.0   60.677 -146.812     76.5    920.6
     1     1    15    12    14    16     0     0   -20.0   60.680 -146.878     64.0    921.7
     1     1    15    12    14    15     0     0   -21.0   60.680 -146.896     53.0    922.4
     1     1    15    12    14    14     0     0   -22.0   60.677 -146.870     43.0    922.9
     1     1    15    12    14    13     0     0   -23.0   60.672 -146.803     34.0    923.2
     1     1    15    12    14    12     0     0   -24.0   60.664 -146.696     26.0    923.3
     1     1    15    12    14    11     0     0   -25.0   60.651 -146.532     18.6    924.0
     1     1    15    12    14    10     0     0   -26.0   60.629 -146.289     12.5    924.6
     1     1    15    12    14     9     0     0   -27.0   60.593 -145.965      7.0    924.2
     1     1    15    12    14     8     0     0   -28.0   60.535 -145.558      1.2    923.5
     1     1    15    12    14     7     0     0   -29.0   60.445 -145.064      0.0    923.0
     1     1    15    12    14     6     0     0   -30.0   60.315 -144.479      0.0    922.7
     1     1    15    12    14     5     0     0   -31.0   60.155 -143.871      0.0    922.7
     1     1    15    12    14     4     0     0   -32.0   59.990 -143.314      0.0    922.9
     1     1    15    12    14     3     0     0   -33.0   59.833 -142.843      0.0    925.2
     1     1    15    12    14     2     0     0   -34.0   59.696 -142.473      0.0    927.8
     1     1    15    12    14     1     0     0   -35.0   59.589 -142.194      0.0    930.9
     1     1    15    12    14     0     0     0   -36.0   59.517 -141.993      0.0    933.0
     1     1    15    12    13    23     0     0   -37.0   59.470 -141.842      0.0    933.6
     1     1    15    12    13    22     0     0   -38.0   59.438 -141.715      0.0    933.8
     1     1    15    12    13    21     0     0   -39.0   59.422 -141.611      0.0    933.4
     1     1    15    12    13    20     0     0   -40.0   59.421 -141.530      0.1    932.6
     1     1    15    12    13    19     0     0   -41.0   59.435 -141.467      0.2    931.3
     1     1    15    12    13    18     0     0   -42.0   59.464 -141.419      0.5    929.5
     1     1    15    12    13    17     0     0   -43.0   59.501 -141.380      0.8    927.6
     1     1    15    12    13    16     0     0   -44.0   59.539 -141.347      1.1    925.7
     1     1    15    12    13    15     0     0   -45.0   59.578 -141.319      1.3    923.8
     1     1    15    12    13    14     0     0   -46.0   59.617 -141.297      1.6    922.0
     1     1    15    12    13    13     0     0   -47.0   59.656 -141.281      1.7    920.1
     1     1    15    12    13    12     0     0   -48.0   59.695 -141.272      1.9    918.3
     1     1    15    12    13    11     0     0   -49.0   59.731 -141.263      1.8    916.5
     1     1    15    12    13    10     0     0   -50.0   59.761 -141.249      1.5    914.8
     1     1    15    12    13     9     0     0   -51.0   59.785 -141.232      1.0    913.4
     1     1    15    12    13     8     0     0   -52.0   59.804 -141.211      0.3    912.1
     1     1    15    12    13     7     0     0   -53.0   59.817 -141.188      0.0    911.1
     1     1    15    12    13     6     0     0   -54.0   59.825 -141.162      0.0    910.2
     1     1    15    12    13     5     0     0   -55.0   59.823 -141.141      0.0    909.9
     1     1    15    12    13     4     0     0   -56.0   59.807 -141.130      0.0    910.1
     1     1    15    12    13     3     0     0   -57.0   59.777 -141.132      0.0    911.0
     1     1    15    12    13     2     0     0   -58.0   59.733 -141.150      0.0    912.4
     1     1    15    12    13     1     0     0   -59.0   59.677 -141.185      0.0    914.4
     1     1    15    12    13     0     0     0   -60.0   59.608 -141.240      0.0    917.0
     1     1    15    12    12    23     0     0   -61.0   59.533 -141.306      0.0    920.0
     1     1    15    12    12    22     0     0   -62.0   59.455 -141.371      0.0    923.2
     1     1    15    12    12    21     0     0   -63.0   59.372 -141.434      0.0    926.5
     1     1    15    12    12    20     0     0   -64.0   59.287 -141.497      0.0    929.9
     1     1    15    12    12    19     0     0   -65.0   59.198 -141.560      0.0    933.5
     1     1    15    12    12    18     0     0   -66.0   59.106 -141.621      0.0    937.2
     1     1    15    12    12    17     0     0   -67.0   59.012 -141.690      0.0    940.8
     1     1    15    12    12    16     0     0   -68.0   58.916 -141.776      0.0    944.6
     1     1    15    12    12    15     0     0   -69.0   58.817 -141.880      0.0    948.6
     1     1    15    12    12    14     0     0   -70.0   58.717 -142.000      0.0    952.7
     1     1    15    12    12    13     0     0   -71.0   58.617 -142.137      0.0    956.9
     1     1    15    12    12    12     0     0   -72.0   58.517 -142.288      0.0    961.1
