     1     1
    CDC1    16     4     1     0     0
     1 BACKWARD OMEGA   
    16     4    18     0   60.984 -139.059   750.0
     1 PRESSURE
     1     1    16     4    18     0     0     0     0.0   60.984 -139.059    750.0    811.0
     1     1    16     4    17    23     0     0    -1.0   60.808 -138.760    688.4    820.4
     1     1    16     4    17    22     0     0    -2.0   60.629 -138.445    632.8    829.2
     1     1    16     4    17    21     0     0    -3.0   60.447 -138.110    584.0    836.9
     1     1    16     4    17    20     0     0    -4.0   60.263 -137.757    542.8    843.4
     1     1    16     4    17    19     0     0    -5.0   60.079 -137.384    508.8    848.9
     1     1    16     4    17    18     0     0    -6.0   59.897 -137.000    482.0    854.9
     1     1    16     4    17    17     0     0    -7.0   59.723 -136.629    460.5    861.4
     1     1    16     4    17    16     0     0    -8.0   59.564 -136.287    441.6    867.3
     1     1    16     4    17    15     0     0    -9.0   59.419 -135.968    424.9    872.5
     1     1    16     4    17    14     0     0   -10.0   59.288 -135.668    410.2    876.9
     1     1    16     4    17    13     0     0   -11.0   59.172 -135.381    397.5    880.6
     1     1    16     4    17    12     0     0   -12.0   59.071 -135.104    386.7    883.6
     1     1    16     4    17    11     0     0   -13.0   58.977 -134.849    376.6    885.6
     1     1    16     4    17    10     0     0   -14.0   58.885 -134.631    365.5    887.2
     1     1    16     4    17     9     0     0   -15.0   58.797 -134.449    353.9    889.0
     1     1    16     4    17     8     0     0   -16.0   58.712 -134.299    342.1    891.1
     1     1    16     4    17     7     0     0   -17.0   58.631 -134.180    330.4    893.2
     1     1    16     4    17     6     0     0   -18.0   58.556 -134.089    319.0    895.6
     1     1    16     4    17     5     0     0   -19.0   58.479 -134.014    307.3    897.5
     1     1    16     4    17     4     0     0   -20.0   58.394 -133.941    295.0    899.7
     1     1    16     4    17     3     0     0   -21.0   58.300 -133.870    282.0    902.3
     1     1    16     4    17     2     0     0   -22.0   58.198 -133.802    268.5    905.2
     1     1    16     4    17     1     0     0   -23.0   58.089 -133.736    254.7    908.2
     1     1    16     4    17     0     0     0   -24.0   57.973 -133.671    240.7    911.5
     1     1    16     4    16    23     0     0   -25.0   57.853 -133.604    226.2    914.7
     1     1    16     4    16    22     0     0   -26.0   57.734 -133.528    210.5    917.9
     1     1    16     4    16    21     0     0   -27.0   57.614 -133.445    193.8    921.2
     1     1    16     4    16    20     0     0   -28.0   57.493 -133.357    175.9    923.8
     1     1    16     4    16    19     0     0   -29.0   57.369 -133.264    157.2    926.8
     1     1    16     4    16    18     0     0   -30.0   57.245 -133.170    138.2    930.0
     1     1    16     4    16    17     0     0   -31.0   57.119 -133.074    118.7    933.5
     1     1    16     4    16    16     0     0   -32.0   56.993 -132.975     98.7    937.3
     1     1    16     4    16    15     0     0   -33.0   56.868 -132.874     78.5    941.4
     1     1    16     4    16    14     0     0   -34.0   56.748 -132.766     59.3    944.5
     1     1    16     4    16    13     0     0   -35.0   56.638 -132.649     42.4    947.0
     1     1    16     4    16    12     0     0   -36.0   56.537 -132.519     28.4    949.2
     1     1    16     4    16    11     0     0   -37.0   56.442 -132.384     18.4    950.6
     1     1    16     4    16    10     0     0   -38.0   56.348 -132.252     12.0    951.3
     1     1    16     4    16     9     0     0   -39.0   56.251 -132.128      7.6    951.3
     1     1    16     4    16     8     0     0   -40.0   56.150 -132.013      4.1    951.5
     1     1    16     4    16     7     0     0   -41.0   56.043 -131.910      1.2    952.1
     1     1    16     4    16     6     0     0   -42.0   55.931 -131.819      0.0    953.0
     1     1    16     4    16     5     0     0   -43.0   55.813 -131.741      0.0    954.2
     1     1    16     4    16     4     0     0   -44.0   55.690 -131.677      0.0    955.8
     1     1    16     4    16     3     0     0   -45.0   55.560 -131.629      0.0    957.9
     1     1    16     4    16     2     0     0   -46.0   55.420 -131.598      0.0    960.6
     1     1    16     4    16     1     0     0   -47.0   55.270 -131.586      0.0    963.9
     1     1    16     4    16     0     0     0   -48.0   55.108 -131.597      0.0    968.0
     1     1    16     4    15    23     0     0   -49.0   54.935 -131.611      0.0    971.3
     1     1    16     4    15    22     0     0   -50.0   54.756 -131.609      0.0    973.5
     1     1    16     4    15    21     0     0   -51.0   54.566 -131.591      0.0    975.6
     1     1    16     4    15    20     0     0   -52.0   54.365 -131.562      0.0    977.7
     1     1    16     4    15    19     0     0   -53.0   54.147 -131.524      0.0    980.0
     1     1    16     4    15    18     0     0   -54.0   53.911 -131.480      0.0    982.5
     1     1    16     4    15    17     0     0   -55.0   53.656 -131.447      0.0    986.2
     1     1    16     4    15    16     0     0   -56.0   53.384 -131.436      0.0    990.4
     1     1    16     4    15    15     0     0   -57.0   53.097 -131.446      0.0    995.2
     1     1    16     4    15    14     0     0   -58.0   52.795 -131.477      0.0   1000.5
     1     1    16     4    15    13     0     0   -59.0   52.479 -131.528      0.0   1006.0
     1     1    16     4    15    12     0     0   -60.0   52.160 -131.596      0.0   1008.2
     1     1    16     4    15    11     0     0   -61.0   51.850 -131.690      0.0   1010.4
     1     1    16     4    15    10     0     0   -62.0   51.555 -131.818      0.0   1012.7
     1     1    16     4    15     9     0     0   -63.0   51.272 -131.978      0.0   1015.0
     1     1    16     4    15     8     0     0   -64.0   51.002 -132.165      0.0   1017.2
     1     1    16     4    15     7     0     0   -65.0   50.742 -132.376      0.0   1019.2
     1     1    16     4    15     6     0     0   -66.0   50.491 -132.603      0.0   1020.1
     1     1    16     4    15     5     0     0   -67.0   50.254 -132.846      0.0   1019.3
     1     1    16     4    15     4     0     0   -68.0   50.036 -133.109      0.0   1018.2
     1     1    16     4    15     3     0     0   -69.0   49.834 -133.394      0.0   1016.7
     1     1    16     4    15     2     0     0   -70.0   49.647 -133.699      0.0   1015.3
     1     1    16     4    15     1     0     0   -71.0   49.473 -134.022      0.0   1014.0
     1     1    16     4    15     0     0     0   -72.0   49.310 -134.361      0.0   1013.0
