     1     1
    CDC1    16     4     1     0     0
     1 BACKWARD OMEGA   
    16     4    20    12   60.984 -139.059   750.0
     1 PRESSURE
     1     1    16     4    20    12     0     0     0.0   60.984 -139.059    750.0    815.5
     1     1    16     4    20    11     0     0    -1.0   60.899 -138.967    761.6    815.8
     1     1    16     4    20    10     0     0    -2.0   60.821 -138.885    770.4    816.5
     1     1    16     4    20     9     0     0    -3.0   60.751 -138.811    777.1    817.3
     1     1    16     4    20     8     0     0    -4.0   60.689 -138.745    782.1    818.2
     1     1    16     4    20     7     0     0    -5.0   60.637 -138.685    785.6    819.2
     1     1    16     4    20     6     0     0    -6.0   60.594 -138.630    788.1    820.1
     1     1    16     4    20     5     0     0    -7.0   60.556 -138.583    789.9    820.7
     1     1    16     4    20     4     0     0    -8.0   60.519 -138.546    792.1    821.2
     1     1    16     4    20     3     0     0    -9.0   60.483 -138.520    794.2    821.7
     1     1    16     4    20     2     0     0   -10.0   60.448 -138.508    796.1    822.3
     1     1    16     4    20     1     0     0   -11.0   60.413 -138.508    797.7    822.9
     1     1    16     4    20     0     0     0   -12.0   60.380 -138.521    798.8    823.6
     1     1    16     4    19    23     0     0   -13.0   60.342 -138.557    798.7    824.4
     1     1    16     4    19    22     0     0   -14.0   60.296 -138.623    796.5    825.7
     1     1    16     4    19    21     0     0   -15.0   60.241 -138.716    792.0    827.4
     1     1    16     4    19    20     0     0   -16.0   60.174 -138.833    785.0    829.7
     1     1    16     4    19    19     0     0   -17.0   60.094 -138.971    775.2    832.7
     1     1    16     4    19    18     0     0   -18.0   59.997 -139.125    762.6    836.3
     1     1    16     4    19    17     0     0   -19.0   59.889 -139.275    745.1    841.3
     1     1    16     4    19    16     0     0   -20.0   59.776 -139.408    721.5    847.4
     1     1    16     4    19    15     0     0   -21.0   59.657 -139.524    691.4    854.5
     1     1    16     4    19    14     0     0   -22.0   59.536 -139.624    654.9    862.6
     1     1    16     4    19    13     0     0   -23.0   59.411 -139.711    612.0    871.7
     1     1    16     4    19    12     0     0   -24.0   59.285 -139.787    564.4    880.9
     1     1    16     4    19    11     0     0   -25.0   59.160 -139.872    516.6    890.6
     1     1    16     4    19    10     0     0   -26.0   59.034 -139.985    470.8    900.1
     1     1    16     4    19     9     0     0   -27.0   58.907 -140.121    426.9    910.2
     1     1    16     4    19     8     0     0   -28.0   58.779 -140.276    384.6    920.6
     1     1    16     4    19     7     0     0   -29.0   58.649 -140.447    343.6    930.2
     1     1    16     4    19     6     0     0   -30.0   58.517 -140.635    303.8    940.1
     1     1    16     4    19     5     0     0   -31.0   58.383 -140.822    266.8    949.9
     1     1    16     4    19     4     0     0   -32.0   58.250 -140.998    234.3    959.3
     1     1    16     4    19     3     0     0   -33.0   58.117 -141.168    206.5    968.3
     1     1    16     4    19     2     0     0   -34.0   57.984 -141.341    184.0    976.1
     1     1    16     4    19     1     0     0   -35.0   57.852 -141.524    167.0    983.2
     1     1    16     4    19     0     0     0   -36.0   57.719 -141.722    155.6    990.0
     1     1    16     4    18    23     0     0   -37.0   57.598 -141.933    147.7    995.3
     1     1    16     4    18    22     0     0   -38.0   57.497 -142.156    141.0    999.9
     1     1    16     4    18    21     0     0   -39.0   57.417 -142.393    135.1   1000.8
     1     1    16     4    18    20     0     0   -40.0   57.357 -142.643    129.7   1001.7
     1     1    16     4    18    19     0     0   -41.0   57.317 -142.905    123.9   1002.6
     1     1    16     4    18    18     0     0   -42.0   57.298 -143.179    117.4   1003.9
     1     1    16     4    18    17     0     0   -43.0   57.285 -143.440    111.7   1006.1
     1     1    16     4    18    16     0     0   -44.0   57.264 -143.664    107.8   1007.6
     1     1    16     4    18    15     0     0   -45.0   57.237 -143.854    105.5   1008.6
     1     1    16     4    18    14     0     0   -46.0   57.203 -144.014    104.6   1009.2
     1     1    16     4    18    13     0     0   -47.0   57.166 -144.147    104.9   1009.4
     1     1    16     4    18    12     0     0   -48.0   57.125 -144.256    106.3   1009.2
     1     1    16     4    18    11     0     0   -49.0   57.080 -144.360    108.3   1009.2
     1     1    16     4    18    10     0     0   -50.0   57.030 -144.478    109.9   1009.4
     1     1    16     4    18     9     0     0   -51.0   56.975 -144.609    111.4   1009.6
     1     1    16     4    18     8     0     0   -52.0   56.917 -144.753    112.7   1009.7
     1     1    16     4    18     7     0     0   -53.0   56.856 -144.911    114.1   1009.9
     1     1    16     4    18     6     0     0   -54.0   56.794 -145.081    115.7   1009.7
     1     1    16     4    18     5     0     0   -55.0   56.733 -145.256    118.1   1009.0
     1     1    16     4    18     4     0     0   -56.0   56.675 -145.427    122.0   1008.0
     1     1    16     4    18     3     0     0   -57.0   56.620 -145.595    127.5   1006.8
     1     1    16     4    18     2     0     0   -58.0   56.570 -145.760    134.7   1005.4
     1     1    16     4    18     1     0     0   -59.0   56.523 -145.921    143.9   1003.8
     1     1    16     4    18     0     0     0   -60.0   56.481 -146.079    155.1   1002.0
     1     1    16     4    17    23     0     0   -61.0   56.452 -146.219    166.7   1000.1
     1     1    16     4    17    22     0     0   -62.0   56.446 -146.325    176.6    998.9
     1     1    16     4    17    21     0     0   -63.0   56.463 -146.398    184.8    998.2
     1     1    16     4    17    20     0     0   -64.0   56.501 -146.435    191.1    998.0
     1     1    16     4    17    19     0     0   -65.0   56.562 -146.437    195.6    998.3
     1     1    16     4    17    18     0     0   -66.0   56.646 -146.404    198.6    999.0
     1     1    16     4    17    17     0     0   -67.0   56.736 -146.340    199.9   1000.0
     1     1    16     4    17    16     0     0   -68.0   56.818 -146.253    199.2   1001.2
     1     1    16     4    17    15     0     0   -69.0   56.891 -146.144    196.4   1002.4
     1     1    16     4    17    14     0     0   -70.0   56.954 -146.011    191.4   1003.7
     1     1    16     4    17    13     0     0   -71.0   57.007 -145.856    184.5   1005.1
     1     1    16     4    17    12     0     0   -72.0   57.046 -145.678    175.6   1006.6
