     1     1
    CDC1    16     4     1     0     0
     1 BACKWARD OMEGA   
    16     4    29     6   60.984 -139.059   750.0
     1 PRESSURE
     1     1    16     4    29     6     0     0     0.0   60.984 -139.059    750.0    806.7
     1     1    16     4    29     5     0     0    -1.0   60.771 -139.076    737.4    810.7
     1     1    16     4    29     4     0     0    -2.0   60.542 -139.054    708.8    817.5
     1     1    16     4    29     3     0     0    -3.0   60.297 -138.994    663.9    826.4
     1     1    16     4    29     2     0     0    -4.0   60.033 -138.893    602.4    837.8
     1     1    16     4    29     1     0     0    -5.0   59.756 -138.749    532.7    853.9
     1     1    16     4    29     0     0     0    -6.0   59.475 -138.561    463.6    870.5
     1     1    16     4    28    23     0     0    -7.0   59.205 -138.355    402.1    886.6
     1     1    16     4    28    22     0     0    -8.0   58.954 -138.146    352.0    899.3
     1     1    16     4    28    21     0     0    -9.0   58.722 -137.930    311.2    910.2
     1     1    16     4    28    20     0     0   -10.0   58.508 -137.703    277.5    919.8
     1     1    16     4    28    19     0     0   -11.0   58.311 -137.458    249.3    928.1
     1     1    16     4    28    18     0     0   -12.0   58.128 -137.192    225.1    934.6
     1     1    16     4    28    17     0     0   -13.0   57.949 -136.905    203.5    941.1
     1     1    16     4    28    16     0     0   -14.0   57.767 -136.597    183.1    946.9
     1     1    16     4    28    15     0     0   -15.0   57.582 -136.266    163.5    952.3
     1     1    16     4    28    14     0     0   -16.0   57.396 -135.918    145.2    956.2
     1     1    16     4    28    13     0     0   -17.0   57.212 -135.565    128.8    959.2
     1     1    16     4    28    12     0     0   -18.0   57.028 -135.213    114.7    962.4
     1     1    16     4    28    11     0     0   -19.0   56.843 -134.887    102.3    964.9
     1     1    16     4    28    10     0     0   -20.0   56.655 -134.607     90.9    966.5
     1     1    16     4    28     9     0     0   -21.0   56.461 -134.370     80.0    969.2
     1     1    16     4    28     8     0     0   -22.0   56.264 -134.169     69.6    972.3
     1     1    16     4    28     7     0     0   -23.0   56.069 -134.001     59.9    975.6
     1     1    16     4    28     6     0     0   -24.0   55.877 -133.863     51.1    979.5
     1     1    16     4    28     5     0     0   -25.0   55.691 -133.746     43.6    983.3
     1     1    16     4    28     4     0     0   -26.0   55.510 -133.644     37.5    987.1
     1     1    16     4    28     3     0     0   -27.0   55.334 -133.558     32.8    991.0
     1     1    16     4    28     2     0     0   -28.0   55.163 -133.489     29.3    995.0
     1     1    16     4    28     1     0     0   -29.0   54.997 -133.438     26.9    998.9
     1     1    16     4    28     0     0     0   -30.0   54.837 -133.406     25.2   1000.6
     1     1    16     4    27    23     0     0   -31.0   54.678 -133.384     23.8   1001.7
     1     1    16     4    27    22     0     0   -32.0   54.519 -133.365     22.4   1002.9
     1     1    16     4    27    21     0     0   -33.0   54.361 -133.348     20.9   1004.2
     1     1    16     4    27    20     0     0   -34.0   54.203 -133.336     19.4   1005.6
     1     1    16     4    27    19     0     0   -35.0   54.048 -133.329     17.8   1007.1
     1     1    16     4    27    18     0     0   -36.0   53.896 -133.327     16.1   1008.7
     1     1    16     4    27    17     0     0   -37.0   53.748 -133.337     14.7   1010.4
     1     1    16     4    27    16     0     0   -38.0   53.605 -133.360     13.6   1011.9
     1     1    16     4    27    15     0     0   -39.0   53.466 -133.398     12.9   1013.4
     1     1    16     4    27    14     0     0   -40.0   53.329 -133.451     12.4   1014.7
     1     1    16     4    27    13     0     0   -41.0   53.192 -133.517     12.1   1015.9
     1     1    16     4    27    12     0     0   -42.0   53.054 -133.598     12.1   1017.0
     1     1    16     4    27    11     0     0   -43.0   52.914 -133.693     12.3   1018.1
     1     1    16     4    27    10     0     0   -44.0   52.772 -133.802     12.7   1019.2
     1     1    16     4    27     9     0     0   -45.0   52.628 -133.922     13.1   1020.1
     1     1    16     4    27     8     0     0   -46.0   52.480 -134.053     13.8   1020.6
     1     1    16     4    27     7     0     0   -47.0   52.330 -134.190     14.6   1020.0
     1     1    16     4    27     6     0     0   -48.0   52.179 -134.327     15.6   1019.2
     1     1    16     4    27     5     0     0   -49.0   52.029 -134.472     17.0   1018.2
     1     1    16     4    27     4     0     0   -50.0   51.884 -134.633     19.1   1017.0
     1     1    16     4    27     3     0     0   -51.0   51.743 -134.809     22.2   1015.7
     1     1    16     4    27     2     0     0   -52.0   51.605 -135.001     26.9   1014.2
     1     1    16     4    27     1     0     0   -53.0   51.468 -135.201     34.3   1011.8
     1     1    16     4    27     0     0     0   -54.0   51.330 -135.400     46.3   1009.2
     1     1    16     4    26    23     0     0   -55.0   51.184 -135.589     60.7   1005.8
     1     1    16     4    26    22     0     0   -56.0   51.029 -135.767     72.3   1003.3
     1     1    16     4    26    21     0     0   -57.0   50.865 -135.944     78.4   1000.9
     1     1    16     4    26    20     0     0   -58.0   50.691 -136.127     77.5    999.7
     1     1    16     4    26    19     0     0   -59.0   50.509 -136.320     69.2    999.7
     1     1    16     4    26    18     0     0   -60.0   50.321 -136.529     54.9   1000.1
     1     1    16     4    26    17     0     0   -61.0   50.136 -136.761     40.6   1000.6
     1     1    16     4    26    16     0     0   -62.0   49.959 -137.017     29.9   1000.7
     1     1    16     4    26    15     0     0   -63.0   49.792 -137.294     21.9   1001.5
     1     1    16     4    26    14     0     0   -64.0   49.641 -137.588     15.5   1002.5
     1     1    16     4    26    13     0     0   -65.0   49.501 -137.898     10.6   1004.2
     1     1    16     4    26    12     0     0   -66.0   49.367 -138.221      6.7   1005.0
     1     1    16     4    26    11     0     0   -67.0   49.237 -138.559      3.7   1006.2
     1     1    16     4    26    10     0     0   -68.0   49.109 -138.909      1.8   1007.4
     1     1    16     4    26     9     0     0   -69.0   48.982 -139.266      0.7   1008.6
     1     1    16     4    26     8     0     0   -70.0   48.857 -139.626      0.3   1009.8
     1     1    16     4    26     7     0     0   -71.0   48.735 -139.986      0.3   1010.9
     1     1    16     4    26     6     0     0   -72.0   48.614 -140.340      0.6   1011.3
