     1     1
    CDC1    16     3     1     0     0
     1 BACKWARD OMEGA   
    16     3    17    12   60.984 -139.059   750.0
     1 PRESSURE
     1     1    16     3    17    12     0     0     0.0   60.984 -139.059    750.0    821.1
     1     1    16     3    17    11     0     0    -1.0   60.831 -139.237    744.1    824.4
     1     1    16     3    17    10     0     0    -2.0   60.671 -139.415    732.3    828.8
     1     1    16     3    17     9     0     0    -3.0   60.504 -139.594    714.3    834.1
     1     1    16     3    17     8     0     0    -4.0   60.330 -139.779    690.0    840.3
     1     1    16     3    17     7     0     0    -5.0   60.151 -139.973    659.2    847.5
     1     1    16     3    17     6     0     0    -6.0   59.966 -140.180    622.1    856.8
     1     1    16     3    17     5     0     0    -7.0   59.783 -140.372    580.9    868.2
     1     1    16     3    17     4     0     0    -8.0   59.610 -140.521    537.1    879.3
     1     1    16     3    17     3     0     0    -9.0   59.445 -140.635    492.4    890.2
     1     1    16     3    17     2     0     0   -10.0   59.286 -140.721    447.6    901.1
     1     1    16     3    17     1     0     0   -11.0   59.134 -140.787    403.4    912.0
     1     1    16     3    17     0     0     0   -12.0   58.986 -140.841    360.1    922.3
     1     1    16     3    16    23     0     0   -13.0   58.840 -140.898    319.7    931.7
     1     1    16     3    16    22     0     0   -14.0   58.695 -140.973    283.6    940.7
     1     1    16     3    16    21     0     0   -15.0   58.552 -141.071    251.3    949.7
     1     1    16     3    16    20     0     0   -16.0   58.412 -141.197    222.2    958.6
     1     1    16     3    16    19     0     0   -17.0   58.276 -141.354    196.2    967.3
     1     1    16     3    16    18     0     0   -18.0   58.146 -141.546    173.5    974.9
     1     1    16     3    16    17     0     0   -19.0   58.021 -141.760    153.3    982.0
     1     1    16     3    16    16     0     0   -20.0   57.899 -141.980    134.9    989.2
     1     1    16     3    16    15     0     0   -21.0   57.782 -142.209    118.6    996.2
     1     1    16     3    16    14     0     0   -22.0   57.671 -142.448    104.8   1002.9
     1     1    16     3    16    13     0     0   -23.0   57.568 -142.701     93.7   1009.1
     1     1    16     3    16    12     0     0   -24.0   57.473 -142.971     85.0   1013.6
     1     1    16     3    16    11     0     0   -25.0   57.387 -143.269     78.4   1015.2
     1     1    16     3    16    10     0     0   -26.0   57.308 -143.601     73.9   1016.3
     1     1    16     3    16     9     0     0   -27.0   57.234 -143.966     71.2   1017.3
     1     1    16     3    16     8     0     0   -28.0   57.166 -144.361     70.1   1018.3
     1     1    16     3    16     7     0     0   -29.0   57.103 -144.784     70.5   1019.2
     1     1    16     3    16     6     0     0   -30.0   57.045 -145.232     72.3   1019.1
     1     1    16     3    16     5     0     0   -31.0   56.993 -145.675     75.3   1018.0
     1     1    16     3    16     4     0     0   -32.0   56.951 -146.091     79.1   1016.5
     1     1    16     3    16     3     0     0   -33.0   56.919 -146.480     83.1   1014.8
     1     1    16     3    16     2     0     0   -34.0   56.899 -146.845     87.1   1013.2
     1     1    16     3    16     1     0     0   -35.0   56.892 -147.186     90.5   1011.7
     1     1    16     3    16     0     0     0   -36.0   56.897 -147.502     92.8   1010.5
     1     1    16     3    15    23     0     0   -37.0   56.908 -147.795     94.7   1008.8
     1     1    16     3    15    22     0     0   -38.0   56.913 -148.071     96.9   1006.9
     1     1    16     3    15    21     0     0   -39.0   56.916 -148.333     99.9   1005.0
     1     1    16     3    15    20     0     0   -40.0   56.916 -148.581    103.9   1003.0
     1     1    16     3    15    19     0     0   -41.0   56.917 -148.817    109.3   1001.0
     1     1    16     3    15    18     0     0   -42.0   56.918 -149.043    116.4    998.8
     1     1    16     3    15    17     0     0   -43.0   56.924 -149.263    123.5    996.3
     1     1    16     3    15    16     0     0   -44.0   56.938 -149.480    128.4    994.4
     1     1    16     3    15    15     0     0   -45.0   56.960 -149.692    130.7    992.9
     1     1    16     3    15    14     0     0   -46.0   56.990 -149.898    130.1    991.8
     1     1    16     3    15    13     0     0   -47.0   57.028 -150.093    126.4    991.1
     1     1    16     3    15    12     0     0   -48.0   57.072 -150.275    120.0    990.8
     1     1    16     3    15    11     0     0   -49.0   57.114 -150.437    113.3    991.2
     1     1    16     3    15    10     0     0   -50.0   57.151 -150.579    108.3    991.1
     1     1    16     3    15     9     0     0   -51.0   57.183 -150.703    104.9    990.8
     1     1    16     3    15     8     0     0   -52.0   57.209 -150.808    102.9    990.3
     1     1    16     3    15     7     0     0   -53.0   57.229 -150.897    102.2    989.8
     1     1    16     3    15     6     0     0   -54.0   57.245 -150.970    102.8    989.0
     1     1    16     3    15     5     0     0   -55.0   57.257 -151.032    103.5    988.0
     1     1    16     3    15     4     0     0   -56.0   57.268 -151.089    103.4    987.2
     1     1    16     3    15     3     0     0   -57.0   57.278 -151.141    102.6    986.6
     1     1    16     3    15     2     0     0   -58.0   57.287 -151.186    101.0    986.1
     1     1    16     3    15     1     0     0   -59.0   57.295 -151.227     98.8    985.6
     1     1    16     3    15     0     0     0   -60.0   57.301 -151.263     95.9    985.3
     1     1    16     3    14    23     0     0   -61.0   57.305 -151.294     93.9    985.5
     1     1    16     3    14    22     0     0   -62.0   57.302 -151.325     93.8    985.1
     1     1    16     3    14    21     0     0   -63.0   57.294 -151.355     95.7    984.4
     1     1    16     3    14    20     0     0   -64.0   57.281 -151.385     99.4    983.5
     1     1    16     3    14    19     0     0   -65.0   57.262 -151.417    105.0    982.3
     1     1    16     3    14    18     0     0   -66.0   57.237 -151.452    112.4    980.8
     1     1    16     3    14    17     0     0   -67.0   57.218 -151.488    120.2    979.2
     1     1    16     3    14    16     0     0   -68.0   57.214 -151.524    126.8    978.1
     1     1    16     3    14    15     0     0   -69.0   57.226 -151.558    132.3    977.2
     1     1    16     3    14    14     0     0   -70.0   57.254 -151.588    136.7    976.5
     1     1    16     3    14    13     0     0   -71.0   57.297 -151.611    140.0    976.1
     1     1    16     3    14    12     0     0   -72.0   57.356 -151.625    142.3    975.9
