     1     1
    CDC1    15    10     1     0     0
     1 BACKWARD OMEGA   
    15    10    21    12   60.984 -139.059   750.0
     1 PRESSURE
     1     1    15    10    21    12     0     0     0.0   60.984 -139.059    750.0    798.3
     1     1    15    10    21    11     0     0    -1.0   60.759 -138.692    724.5    803.6
     1     1    15    10    21    10     0     0    -2.0   60.521 -138.348    687.3    811.1
     1     1    15    10    21     9     0     0    -3.0   60.274 -138.020    637.8    820.3
     1     1    15    10    21     8     0     0    -4.0   60.021 -137.703    576.1    830.7
     1     1    15    10    21     7     0     0    -5.0   59.771 -137.399    507.0    845.1
     1     1    15    10    21     6     0     0    -6.0   59.531 -137.108    434.9    859.5
     1     1    15    10    21     5     0     0    -7.0   59.300 -136.823    364.8    874.1
     1     1    15    10    21     4     0     0    -8.0   59.082 -136.536    302.6    886.3
     1     1    15    10    21     3     0     0    -9.0   58.882 -136.245    249.9    897.0
     1     1    15    10    21     2     0     0   -10.0   58.700 -135.951    205.5    906.7
     1     1    15    10    21     1     0     0   -11.0   58.533 -135.652    168.1    914.0
     1     1    15    10    21     0     0     0   -12.0   58.383 -135.347    136.5    920.3
     1     1    15    10    20    23     0     0   -13.0   58.258 -135.032    110.6    925.6
     1     1    15    10    20    22     0     0   -14.0   58.162 -134.706     90.5    927.4
     1     1    15    10    20    21     0     0   -15.0   58.093 -134.372     75.6    927.4
     1     1    15    10    20    20     0     0   -16.0   58.047 -134.035     64.1    925.4
     1     1    15    10    20    19     0     0   -17.0   58.023 -133.701     54.8    922.7
     1     1    15    10    20    18     0     0   -18.0   58.021 -133.370     47.3    919.5
     1     1    15    10    20    17     0     0   -19.0   58.020 -133.047     40.1    916.4
     1     1    15    10    20    16     0     0   -20.0   57.997 -132.729     32.0    914.1
     1     1    15    10    20    15     0     0   -21.0   57.952 -132.414     23.4    912.5
     1     1    15    10    20    14     0     0   -22.0   57.893 -132.105     15.5    910.8
     1     1    15    10    20    13     0     0   -23.0   57.825 -131.804      9.1    908.7
     1     1    15    10    20    12     0     0   -24.0   57.751 -131.522      3.6    905.9
     1     1    15    10    20    11     0     0   -25.0   57.683 -131.291      0.0    903.1
     1     1    15    10    20    10     0     0   -26.0   57.633 -131.136      0.0    901.1
     1     1    15    10    20     9     0     0   -27.0   57.598 -131.048      0.0    900.2
     1     1    15    10    20     8     0     0   -28.0   57.574 -131.022      0.0    900.1
     1     1    15    10    20     7     0     0   -29.0   57.558 -131.052      0.0    901.1
     1     1    15    10    20     6     0     0   -30.0   57.549 -131.133      0.0    902.9
     1     1    15    10    20     5     0     0   -31.0   57.537 -131.231      0.0    904.9
     1     1    15    10    20     4     0     0   -32.0   57.518 -131.317      0.0    906.8
     1     1    15    10    20     3     0     0   -33.0   57.492 -131.393      0.0    908.7
     1     1    15    10    20     2     0     0   -34.0   57.461 -131.464      0.0    910.8
     1     1    15    10    20     1     0     0   -35.0   57.423 -131.531      0.0    913.0
     1     1    15    10    20     0     0     0   -36.0   57.381 -131.598      0.3    915.4
     1     1    15    10    19    23     0     0   -37.0   57.337 -131.667      0.7    917.5
     1     1    15    10    19    22     0     0   -38.0   57.291 -131.738      0.3    919.6
     1     1    15    10    19    21     0     0   -39.0   57.247 -131.811      0.0    921.8
     1     1    15    10    19    20     0     0   -40.0   57.203 -131.887      0.0    924.1
     1     1    15    10    19    19     0     0   -41.0   57.161 -131.965      0.0    926.3
     1     1    15    10    19    18     0     0   -42.0   57.123 -132.045      0.0    928.5
     1     1    15    10    19    17     0     0   -43.0   57.087 -132.135      0.0    930.7
     1     1    15    10    19    16     0     0   -44.0   57.056 -132.241      0.0    933.2
     1     1    15    10    19    15     0     0   -45.0   57.029 -132.368      0.0    935.9
     1     1    15    10    19    14     0     0   -46.0   57.007 -132.520      0.0    938.9
     1     1    15    10    19    13     0     0   -47.0   56.989 -132.695      0.0    941.8
     1     1    15    10    19    12     0     0   -48.0   56.975 -132.893      0.0    945.1
     1     1    15    10    19    11     0     0   -49.0   56.957 -133.100      0.0    948.6
     1     1    15    10    19    10     0     0   -50.0   56.932 -133.303      0.0    952.2
     1     1    15    10    19     9     0     0   -51.0   56.901 -133.507      0.0    955.8
     1     1    15    10    19     8     0     0   -52.0   56.866 -133.717      0.0    959.6
     1     1    15    10    19     7     0     0   -53.0   56.828 -133.938      0.0    963.6
     1     1    15    10    19     6     0     0   -54.0   56.790 -134.175      0.0    967.8
     1     1    15    10    19     5     0     0   -55.0   56.755 -134.426      0.0    971.3
     1     1    15    10    19     4     0     0   -56.0   56.730 -134.684      0.0    974.8
     1     1    15    10    19     3     0     0   -57.0   56.714 -134.957      0.0    978.2
     1     1    15    10    19     2     0     0   -58.0   56.705 -135.250      0.0    979.4
     1     1    15    10    19     1     0     0   -59.0   56.698 -135.566      0.0    980.3
     1     1    15    10    19     0     0     0   -60.0   56.693 -135.910      0.0    981.3
     1     1    15    10    18    23     0     0   -61.0   56.684 -136.242      0.0    982.8
     1     1    15    10    18    22     0     0   -62.0   56.666 -136.514      0.0    984.0
     1     1    15    10    18    21     0     0   -63.0   56.642 -136.722      0.0    984.9
     1     1    15    10    18    20     0     0   -64.0   56.612 -136.864      0.0    985.5
     1     1    15    10    18    19     0     0   -65.0   56.578 -136.934      0.0    985.7
     1     1    15    10    18    18     0     0   -66.0   56.540 -136.929      0.0    985.5
     1     1    15    10    18    17     0     0   -67.0   56.487 -136.869      0.0    985.9
     1     1    15    10    18    16     0     0   -68.0   56.411 -136.779      0.0    986.5
     1     1    15    10    18    15     0     0   -69.0   56.310 -136.661      0.0    987.4
     1     1    15    10    18    14     0     0   -70.0   56.182 -136.513      0.0    988.6
     1     1    15    10    18    13     0     0   -71.0   56.024 -136.333      0.0    990.3
     1     1    15    10    18    12     0     0   -72.0   55.832 -136.112      0.0    992.7
