     1     1
    CDC1    16     2     1     0     0
     1 BACKWARD OMEGA   
    16     2    26    18   60.984 -139.059   750.0
     1 PRESSURE
     1     1    16     2    26    18     0     0     0.0   60.984 -139.059    750.0    799.1
     1     1    16     2    26    17     0     0    -1.0   60.587 -138.661    701.2    809.5
     1     1    16     2    26    16     0     0    -2.0   60.190 -138.222    644.9    821.3
     1     1    16     2    26    15     0     0    -3.0   59.792 -137.750    584.6    837.1
     1     1    16     2    26    14     0     0    -4.0   59.391 -137.267    525.8    854.7
     1     1    16     2    26    13     0     0    -5.0   58.992 -136.787    470.6    870.7
     1     1    16     2    26    12     0     0    -6.0   58.596 -136.306    419.3    885.8
     1     1    16     2    26    11     0     0    -7.0   58.212 -135.836    372.1    899.9
     1     1    16     2    26    10     0     0    -8.0   57.849 -135.385    329.1    911.6
     1     1    16     2    26     9     0     0    -9.0   57.501 -134.941    289.1    921.8
     1     1    16     2    26     8     0     0   -10.0   57.166 -134.507    252.4    926.4
     1     1    16     2    26     7     0     0   -11.0   56.842 -134.087    220.2    931.1
     1     1    16     2    26     6     0     0   -12.0   56.522 -133.682    191.7    935.8
     1     1    16     2    26     5     0     0   -13.0   56.202 -133.281    166.9    940.7
     1     1    16     2    26     4     0     0   -14.0   55.876 -132.869    146.0    945.7
     1     1    16     2    26     3     0     0   -15.0   55.528 -132.431    128.1    950.7
     1     1    16     2    26     2     0     0   -16.0   55.148 -131.966    110.0    953.7
     1     1    16     2    26     1     0     0   -17.0   54.742 -131.483     91.0    955.6
     1     1    16     2    26     0     0     0   -18.0   54.325 -130.997     74.2    957.3
     1     1    16     2    25    23     0     0   -19.0   53.912 -130.528     60.1    959.3
     1     1    16     2    25    22     0     0   -20.0   53.510 -130.078     48.3    962.4
     1     1    16     2    25    21     0     0   -21.0   53.128 -129.643     39.3    964.2
     1     1    16     2    25    20     0     0   -22.0   52.770 -129.226     32.3    964.9
     1     1    16     2    25    19     0     0   -23.0   52.439 -128.834     25.9    964.8
     1     1    16     2    25    18     0     0   -24.0   52.134 -128.470     19.8    963.8
     1     1    16     2    25    17     0     0   -25.0   51.863 -128.130     14.9    963.4
     1     1    16     2    25    16     0     0   -26.0   51.631 -127.804     11.7    962.6
     1     1    16     2    25    15     0     0   -27.0   51.438 -127.492      9.6    961.3
     1     1    16     2    25    14     0     0   -28.0   51.280 -127.193      8.1    959.0
     1     1    16     2    25    13     0     0   -29.0   51.147 -126.905      6.9    956.5
     1     1    16     2    25    12     0     0   -30.0   51.037 -126.628      6.1    953.7
     1     1    16     2    25    11     0     0   -31.0   50.941 -126.368      5.3    950.9
     1     1    16     2    25    10     0     0   -32.0   50.854 -126.133      4.6    948.2
     1     1    16     2    25     9     0     0   -33.0   50.778 -125.922      3.9    945.8
     1     1    16     2    25     8     0     0   -34.0   50.715 -125.734      3.1    943.5
     1     1    16     2    25     7     0     0   -35.0   50.663 -125.566      2.3    941.3
     1     1    16     2    25     6     0     0   -36.0   50.625 -125.419      1.3    939.2
     1     1    16     2    25     5     0     0   -37.0   50.594 -125.278      0.2    937.3
     1     1    16     2    25     4     0     0   -38.0   50.563 -125.133      0.0    935.2
     1     1    16     2    25     3     0     0   -39.0   50.532 -124.983      0.0    933.2
     1     1    16     2    25     2     0     0   -40.0   50.495 -124.827      0.0    931.3
     1     1    16     2    25     1     0     0   -41.0   50.449 -124.663      0.0    929.4
     1     1    16     2    25     0     0     0   -42.0   50.396 -124.491      0.0    927.4
     1     1    16     2    24    23     0     0   -43.0   50.343 -124.320      0.0    925.2
     1     1    16     2    24    22     0     0   -44.0   50.303 -124.155      0.0    922.9
     1     1    16     2    24    21     0     0   -45.0   50.275 -123.998      0.0    920.7
     1     1    16     2    24    20     0     0   -46.0   50.260 -123.845      0.0    918.3
     1     1    16     2    24    19     0     0   -47.0   50.258 -123.698      0.0    915.9
     1     1    16     2    24    18     0     0   -48.0   50.270 -123.554      0.0    913.4
     1     1    16     2    24    17     0     0   -49.0   50.288 -123.417      0.0    910.7
     1     1    16     2    24    16     0     0   -50.0   50.307 -123.289      0.0    908.1
     1     1    16     2    24    15     0     0   -51.0   50.325 -123.172      0.0    905.7
     1     1    16     2    24    14     0     0   -52.0   50.345 -123.065      0.0    903.4
     1     1    16     2    24    13     0     0   -53.0   50.364 -122.969      0.0    901.3
     1     1    16     2    24    12     0     0   -54.0   50.385 -122.885      0.0    899.5
     1     1    16     2    24    11     0     0   -55.0   50.407 -122.813      0.0    897.9
     1     1    16     2    24    10     0     0   -56.0   50.433 -122.753      0.0    896.5
     1     1    16     2    24     9     0     0   -57.0   50.460 -122.705      0.0    895.3
     1     1    16     2    24     8     0     0   -58.0   50.488 -122.666      0.0    894.1
     1     1    16     2    24     7     0     0   -59.0   50.516 -122.636      0.0    893.2
     1     1    16     2    24     6     0     0   -60.0   50.544 -122.615      0.1    892.3
     1     1    16     2    24     5     0     0   -61.0   50.572 -122.584      0.3    891.6
     1     1    16     2    24     4     0     0   -62.0   50.600 -122.525      0.7    890.5
     1     1    16     2    24     3     0     0   -63.0   50.628 -122.440      1.1    889.1
     1     1    16     2    24     2     0     0   -64.0   50.655 -122.327      1.7    887.5
     1     1    16     2    24     1     0     0   -65.0   50.682 -122.189      2.4    885.7
     1     1    16     2    24     0     0     0   -66.0   50.709 -122.030      3.2    883.6
     1     1    16     2    23    23     0     0   -67.0   50.740 -121.869      4.1    882.1
     1     1    16     2    23    22     0     0   -68.0   50.779 -121.724      5.2    880.7
     1     1    16     2    23    21     0     0   -69.0   50.825 -121.597      6.4    879.4
     1     1    16     2    23    20     0     0   -70.0   50.877 -121.488      7.8    878.3
     1     1    16     2    23    19     0     0   -71.0   50.936 -121.395      9.2    877.3
     1     1    16     2    23    18     0     0   -72.0   50.999 -121.318     10.9    876.2
