     1     1
    CDC1    15    12     1     0     0
     1 BACKWARD OMEGA   
    15    12    10    12   60.984 -139.059   750.0
     1 PRESSURE
     1     1    15    12    10    12     0     0     0.0   60.984 -139.059    750.0    791.7
     1     1    15    12    10    11     0     0    -1.0   60.768 -139.085    713.5    799.0
     1     1    15    12    10    10     0     0    -2.0   60.519 -139.067    675.7    807.1
     1     1    15    12    10     9     0     0    -3.0   60.238 -139.000    636.2    816.1
     1     1    15    12    10     8     0     0    -4.0   59.926 -138.880    595.1    826.8
     1     1    15    12    10     7     0     0    -5.0   59.597 -138.720    555.3    841.1
     1     1    15    12    10     6     0     0    -6.0   59.258 -138.534    517.4    855.4
     1     1    15    12    10     5     0     0    -7.0   58.917 -138.343    476.5    869.3
     1     1    15    12    10     4     0     0    -8.0   58.575 -138.162    428.5    884.9
     1     1    15    12    10     3     0     0    -9.0   58.231 -137.995    375.6    901.7
     1     1    15    12    10     2     0     0   -10.0   57.887 -137.842    322.4    917.7
     1     1    15    12    10     1     0     0   -11.0   57.546 -137.704    272.8    933.5
     1     1    15    12    10     0     0     0   -12.0   57.213 -137.592    228.6    943.2
     1     1    15    12     9    23     0     0   -13.0   56.894 -137.512    192.7    950.7
     1     1    15    12     9    22     0     0   -14.0   56.589 -137.461    164.6    956.1
     1     1    15    12     9    21     0     0   -15.0   56.289 -137.445    142.3    961.3
     1     1    15    12     9    20     0     0   -16.0   55.993 -137.465    125.0    966.3
     1     1    15    12     9    19     0     0   -17.0   55.696 -137.525    111.9    970.8
     1     1    15    12     9    18     0     0   -18.0   55.395 -137.629    102.3    974.7
     1     1    15    12     9    17     0     0   -19.0   55.081 -137.788     95.1    978.1
     1     1    15    12     9    16     0     0   -20.0   54.752 -138.008     89.5    977.8
     1     1    15    12     9    15     0     0   -21.0   54.412 -138.276     84.8    976.2
     1     1    15    12     9    14     0     0   -22.0   54.067 -138.587     80.8    974.6
     1     1    15    12     9    13     0     0   -23.0   53.722 -138.939     77.3    973.0
     1     1    15    12     9    12     0     0   -24.0   53.381 -139.330     74.3    971.5
     1     1    15    12     9    11     0     0   -25.0   53.045 -139.774     71.6    970.1
     1     1    15    12     9    10     0     0   -26.0   52.715 -140.292     69.1    969.7
     1     1    15    12     9     9     0     0   -27.0   52.390 -140.899     66.9    970.6
     1     1    15    12     9     8     0     0   -28.0   52.063 -141.589     65.2    972.3
     1     1    15    12     9     7     0     0   -29.0   51.725 -142.343     64.1    974.4
     1     1    15    12     9     6     0     0   -30.0   51.384 -143.140     63.5    975.0
     1     1    15    12     9     5     0     0   -31.0   51.053 -143.962     63.4    974.4
     1     1    15    12     9     4     0     0   -32.0   50.741 -144.797     63.7    973.4
     1     1    15    12     9     3     0     0   -33.0   50.451 -145.632     64.2    972.6
     1     1    15    12     9     2     0     0   -34.0   50.181 -146.453     64.8    971.7
     1     1    15    12     9     1     0     0   -35.0   49.926 -147.258     65.3    970.5
     1     1    15    12     9     0     0     0   -36.0   49.685 -148.055     65.5    970.2
     1     1    15    12     8    23     0     0   -37.0   49.464 -148.861     65.8    970.5
     1     1    15    12     8    22     0     0   -38.0   49.265 -149.679     66.5    971.0
     1     1    15    12     8    21     0     0   -39.0   49.081 -150.500     67.5    971.6
     1     1    15    12     8    20     0     0   -40.0   48.906 -151.311     69.0    972.2
     1     1    15    12     8    19     0     0   -41.0   48.732 -152.100     70.8    972.8
     1     1    15    12     8    18     0     0   -42.0   48.558 -152.861     72.8    973.0
     1     1    15    12     8    17     0     0   -43.0   48.394 -153.608     74.7    972.6
     1     1    15    12     8    16     0     0   -44.0   48.249 -154.350     76.3    972.6
     1     1    15    12     8    15     0     0   -45.0   48.115 -155.080     77.6    972.8
     1     1    15    12     8    14     0     0   -46.0   47.982 -155.800     78.5    972.9
     1     1    15    12     8    13     0     0   -47.0   47.844 -156.513     79.0    973.3
     1     1    15    12     8    12     0     0   -48.0   47.697 -157.219     79.0    973.9
     1     1    15    12     8    11     0     0   -49.0   47.549 -157.923     78.5    974.8
     1     1    15    12     8    10     0     0   -50.0   47.411 -158.625     77.4    975.1
     1     1    15    12     8     9     0     0   -51.0   47.278 -159.321     75.6    975.0
     1     1    15    12     8     8     0     0   -52.0   47.145 -160.001     73.5    974.8
     1     1    15    12     8     7     0     0   -53.0   47.007 -160.664     71.0    974.0
     1     1    15    12     8     6     0     0   -54.0   46.863 -161.311     68.2    973.2
     1     1    15    12     8     5     0     0   -55.0   46.725 -161.965     65.4    972.2
     1     1    15    12     8     4     0     0   -56.0   46.608 -162.648     62.8    971.4
     1     1    15    12     8     3     0     0   -57.0   46.519 -163.362     60.6    971.2
     1     1    15    12     8     2     0     0   -58.0   46.459 -164.106     58.7    971.0
     1     1    15    12     8     1     0     0   -59.0   46.425 -164.876     57.2    970.8
     1     1    15    12     8     0     0     0   -60.0   46.413 -165.672     56.2    971.8
     1     1    15    12     7    23     0     0   -61.0   46.423 -166.483     55.3    972.6
     1     1    15    12     7    22     0     0   -62.0   46.462 -167.293     54.7    973.5
     1     1    15    12     7    21     0     0   -63.0   46.534 -168.096     54.1    973.7
     1     1    15    12     7    20     0     0   -64.0   46.638 -168.890     53.6    973.7
     1     1    15    12     7    19     0     0   -65.0   46.770 -169.670     53.2    973.8
     1     1    15    12     7    18     0     0   -66.0   46.922 -170.436     52.9    973.4
     1     1    15    12     7    17     0     0   -67.0   47.092 -171.188     52.8    972.2
     1     1    15    12     7    16     0     0   -68.0   47.277 -171.919     52.8    971.0
     1     1    15    12     7    15     0     0   -69.0   47.478 -172.618     53.0    970.0
     1     1    15    12     7    14     0     0   -70.0   47.695 -173.283     53.3    970.2
     1     1    15    12     7    13     0     0   -71.0   47.919 -173.913     53.6    970.5
     1     1    15    12     7    12     0     0   -72.0   48.142 -174.508     53.9    970.7
