     1     1
    CDC1    15    10     1     0     0
     1 BACKWARD OMEGA   
    15    10    16    18   60.984 -139.059   750.0
     1 PRESSURE
     1     1    15    10    16    18     0     0     0.0   60.984 -139.059    750.0    805.9
     1     1    15    10    16    17     0     0    -1.0   60.637 -138.746    716.2    814.9
     1     1    15    10    16    16     0     0    -2.0   60.273 -138.412    678.3    824.9
     1     1    15    10    16    15     0     0    -3.0   59.896 -138.057    636.3    837.2
     1     1    15    10    16    14     0     0    -4.0   59.517 -137.681    593.5    853.2
     1     1    15    10    16    13     0     0    -5.0   59.149 -137.287    551.6    867.7
     1     1    15    10    16    12     0     0    -6.0   58.797 -136.880    511.2    880.8
     1     1    15    10    16    11     0     0    -7.0   58.477 -136.466    474.7    892.5
     1     1    15    10    16    10     0     0    -8.0   58.198 -136.051    443.8    901.9
     1     1    15    10    16     9     0     0    -9.0   57.958 -135.642    417.2    909.5
     1     1    15    10    16     8     0     0   -10.0   57.753 -135.245    394.0    915.5
     1     1    15    10    16     7     0     0   -11.0   57.582 -134.867    373.7    919.1
     1     1    15    10    16     6     0     0   -12.0   57.436 -134.511    355.3    919.3
     1     1    15    10    16     5     0     0   -13.0   57.296 -134.170    338.7    919.3
     1     1    15    10    16     4     0     0   -14.0   57.152 -133.837    323.5    919.5
     1     1    15    10    16     3     0     0   -15.0   57.002 -133.511    310.1    919.9
     1     1    15    10    16     2     0     0   -16.0   56.846 -133.193    299.0    920.4
     1     1    15    10    16     1     0     0   -17.0   56.685 -132.880    290.0    921.0
     1     1    15    10    16     0     0     0   -18.0   56.520 -132.573    283.5    921.7
     1     1    15    10    15    23     0     0   -19.0   56.353 -132.283    277.1    921.3
     1     1    15    10    15    22     0     0   -20.0   56.189 -132.018    269.1    921.5
     1     1    15    10    15    21     0     0   -21.0   56.029 -131.774    260.3    922.0
     1     1    15    10    15    20     0     0   -22.0   55.876 -131.547    250.9    922.8
     1     1    15    10    15    19     0     0   -23.0   55.731 -131.335    241.1    923.7
     1     1    15    10    15    18     0     0   -24.0   55.596 -131.135    231.0    924.6
     1     1    15    10    15    17     0     0   -25.0   55.470 -130.937    221.6    925.5
     1     1    15    10    15    16     0     0   -26.0   55.349 -130.732    213.8    925.9
     1     1    15    10    15    15     0     0   -27.0   55.232 -130.519    207.1    926.0
     1     1    15    10    15    14     0     0   -28.0   55.115 -130.296    200.9    925.8
     1     1    15    10    15    13     0     0   -29.0   54.999 -130.060    194.9    925.5
     1     1    15    10    15    12     0     0   -30.0   54.888 -129.812    188.9    924.9
     1     1    15    10    15    11     0     0   -31.0   54.798 -129.560    184.6    923.4
     1     1    15    10    15    10     0     0   -32.0   54.733 -129.308    183.4    920.9
     1     1    15    10    15     9     0     0   -33.0   54.689 -129.058    185.0    917.7
     1     1    15    10    15     8     0     0   -34.0   54.665 -128.811    189.1    913.9
     1     1    15    10    15     7     0     0   -35.0   54.657 -128.566    195.8    909.5
     1     1    15    10    15     6     0     0   -36.0   54.665 -128.326    205.1    904.4
     1     1    15    10    15     5     0     0   -37.0   54.684 -128.109    217.5    899.4
     1     1    15    10    15     4     0     0   -38.0   54.707 -127.931    233.7    894.6
     1     1    15    10    15     3     0     0   -39.0   54.732 -127.793    253.7    890.0
     1     1    15    10    15     2     0     0   -40.0   54.756 -127.693    277.8    885.6
     1     1    15    10    15     1     0     0   -41.0   54.779 -127.630    306.5    881.6
     1     1    15    10    15     0     0     0   -42.0   54.800 -127.600    340.6    877.7
     1     1    15    10    14    23     0     0   -43.0   54.824 -127.592    377.5    873.2
     1     1    15    10    14    22     0     0   -44.0   54.859 -127.598    414.5    868.4
     1     1    15    10    14    21     0     0   -45.0   54.906 -127.624    450.9    863.8
     1     1    15    10    14    20     0     0   -46.0   54.969 -127.671    486.3    859.7
     1     1    15    10    14    19     0     0   -47.0   55.049 -127.746    520.3    855.9
     1     1    15    10    14    18     0     0   -48.0   55.148 -127.853    552.5    852.5
     1     1    15    10    14    17     0     0   -49.0   55.250 -128.012    581.0    849.9
     1     1    15    10    14    16     0     0   -50.0   55.339 -128.234    604.0    849.0
     1     1    15    10    14    15     0     0   -51.0   55.414 -128.509    620.8    849.5
     1     1    15    10    14    14     0     0   -52.0   55.472 -128.828    630.7    851.6
     1     1    15    10    14    13     0     0   -53.0   55.514 -129.181    632.9    855.3
     1     1    15    10    14    12     0     0   -54.0   55.541 -129.560    626.5    860.7
     1     1    15    10    14    11     0     0   -55.0   55.550 -129.943    613.9    867.3
     1     1    15    10    14    10     0     0   -56.0   55.541 -130.319    598.9    875.2
     1     1    15    10    14     9     0     0   -57.0   55.515 -130.689    581.0    883.9
     1     1    15    10    14     8     0     0   -58.0   55.475 -131.051    559.6    893.2
     1     1    15    10    14     7     0     0   -59.0   55.423 -131.404    534.6    903.1
     1     1    15    10    14     6     0     0   -60.0   55.361 -131.744    506.2    913.5
     1     1    15    10    14     5     0     0   -61.0   55.289 -132.061    475.9    924.2
     1     1    15    10    14     4     0     0   -62.0   55.208 -132.352    445.4    934.8
     1     1    15    10    14     3     0     0   -63.0   55.117 -132.630    416.0    944.4
     1     1    15    10    14     2     0     0   -64.0   55.019 -132.911    388.3    952.9
     1     1    15    10    14     1     0     0   -65.0   54.914 -133.210    362.5    959.8
     1     1    15    10    14     0     0     0   -66.0   54.805 -133.534    338.9    966.2
     1     1    15    10    13    23     0     0   -67.0   54.688 -133.876    315.8    972.3
     1     1    15    10    13    22     0     0   -68.0   54.562 -134.227    291.6    978.8
     1     1    15    10    13    21     0     0   -69.0   54.429 -134.593    266.7    985.2
     1     1    15    10    13    20     0     0   -70.0   54.289 -134.981    241.5    991.6
     1     1    15    10    13    19     0     0   -71.0   54.142 -135.395    216.7    994.7
     1     1    15    10    13    18     0     0   -72.0   53.986 -135.842    194.1    996.8
