     1     1
    CDC1    15    11     1     0     0
     1 BACKWARD OMEGA   
    15    11    11    18   60.984 -139.059   750.0
     1 PRESSURE
     1     1    15    11    11    18     0     0     0.0   60.984 -139.059    750.0    796.7
     1     1    15    11    11    17     0     0    -1.0   60.923 -139.346    749.3    797.5
     1     1    15    11    11    16     0     0    -2.0   60.870 -139.636    743.4    799.2
     1     1    15    11    11    15     0     0    -3.0   60.828 -139.929    732.8    801.2
     1     1    15    11    11    14     0     0    -4.0   60.798 -140.229    718.8    804.1
     1     1    15    11    11    13     0     0    -5.0   60.780 -140.544    702.1    807.6
     1     1    15    11    11    12     0     0    -6.0   60.777 -140.878    683.4    811.2
     1     1    15    11    11    11     0     0    -7.0   60.787 -141.217    665.2    814.6
     1     1    15    11    11    10     0     0    -8.0   60.807 -141.540    649.8    817.1
     1     1    15    11    11     9     0     0    -9.0   60.836 -141.845    637.2    818.9
     1     1    15    11    11     8     0     0   -10.0   60.875 -142.130    627.5    820.0
     1     1    15    11    11     7     0     0   -11.0   60.924 -142.393    620.7    820.4
     1     1    15    11    11     6     0     0   -12.0   60.981 -142.631    617.1    820.5
     1     1    15    11    11     5     0     0   -13.0   61.040 -142.858    614.0    820.5
     1     1    15    11    11     4     0     0   -14.0   61.093 -143.089    609.3    821.1
     1     1    15    11    11     3     0     0   -15.0   61.138 -143.325    602.7    821.9
     1     1    15    11    11     2     0     0   -16.0   61.177 -143.564    594.3    823.1
     1     1    15    11    11     1     0     0   -17.0   61.207 -143.808    584.1    824.5
     1     1    15    11    11     0     0     0   -18.0   61.229 -144.057    572.0    826.4
     1     1    15    11    10    23     0     0   -19.0   61.247 -144.304    561.3    828.9
     1     1    15    11    10    22     0     0   -20.0   61.265 -144.540    554.9    830.6
     1     1    15    11    10    21     0     0   -21.0   61.285 -144.768    553.0    831.8
     1     1    15    11    10    20     0     0   -22.0   61.306 -144.987    555.6    832.4
     1     1    15    11    10    19     0     0   -23.0   61.328 -145.196    562.6    832.5
     1     1    15    11    10    18     0     0   -24.0   61.350 -145.396    573.8    832.1
     1     1    15    11    10    17     0     0   -25.0   61.366 -145.578    585.3    831.5
     1     1    15    11    10    16     0     0   -26.0   61.371 -145.738    593.2    831.8
     1     1    15    11    10    15     0     0   -27.0   61.364 -145.877    597.7    832.6
     1     1    15    11    10    14     0     0   -28.0   61.347 -145.993    598.9    833.8
     1     1    15    11    10    13     0     0   -29.0   61.321 -146.086    597.1    835.4
     1     1    15    11    10    12     0     0   -30.0   61.285 -146.156    592.2    837.4
     1     1    15    11    10    11     0     0   -31.0   61.248 -146.221    587.9    839.8
     1     1    15    11    10    10     0     0   -32.0   61.217 -146.297    587.8    841.3
     1     1    15    11    10     9     0     0   -33.0   61.191 -146.385    591.8    842.4
     1     1    15    11    10     8     0     0   -34.0   61.170 -146.483    599.9    843.1
     1     1    15    11    10     7     0     0   -35.0   61.153 -146.593    612.1    843.3
     1     1    15    11    10     6     0     0   -36.0   61.141 -146.713    628.5    842.8
     1     1    15    11    10     5     0     0   -37.0   61.127 -146.859    644.7    842.2
     1     1    15    11    10     4     0     0   -38.0   61.108 -147.046    656.4    843.2
     1     1    15    11    10     3     0     0   -39.0   61.084 -147.271    663.9    845.0
     1     1    15    11    10     2     0     0   -40.0   61.055 -147.534    667.8    847.6
     1     1    15    11    10     1     0     0   -41.0   61.017 -147.833    667.5    850.2
     1     1    15    11    10     0     0     0   -42.0   60.966 -148.166    662.8    853.7
     1     1    15    11     9    23     0     0   -43.0   60.907 -148.528    654.0    857.2
     1     1    15    11     9    22     0     0   -44.0   60.847 -148.921    641.9    861.3
     1     1    15    11     9    21     0     0   -45.0   60.787 -149.349    627.6    865.6
     1     1    15    11     9    20     0     0   -46.0   60.732 -149.820    612.2    869.9
     1     1    15    11     9    19     0     0   -47.0   60.680 -150.341    596.5    873.2
     1     1    15    11     9    18     0     0   -48.0   60.627 -150.919    581.2    876.0
     1     1    15    11     9    17     0     0   -49.0   60.554 -151.532    566.8    879.0
     1     1    15    11     9    16     0     0   -50.0   60.450 -152.150    553.3    882.1
     1     1    15    11     9    15     0     0   -51.0   60.318 -152.777    540.9    885.1
     1     1    15    11     9    14     0     0   -52.0   60.160 -153.421    529.0    887.8
     1     1    15    11     9    13     0     0   -53.0   59.978 -154.091    517.8    890.1
     1     1    15    11     9    12     0     0   -54.0   59.778 -154.800    509.1    892.9
     1     1    15    11     9    11     0     0   -55.0   59.564 -155.529    498.7    897.6
     1     1    15    11     9    10     0     0   -56.0   59.344 -156.259    480.9    904.7
     1     1    15    11     9     9     0     0   -57.0   59.122 -156.993    457.9    912.2
     1     1    15    11     9     8     0     0   -58.0   58.899 -157.740    432.0    920.2
     1     1    15    11     9     7     0     0   -59.0   58.674 -158.510    405.6    928.6
     1     1    15    11     9     6     0     0   -60.0   58.441 -159.316    381.2    936.2
     1     1    15    11     9     5     0     0   -61.0   58.189 -160.183    361.2    942.0
     1     1    15    11     9     4     0     0   -62.0   57.913 -161.140    346.3    947.2
     1     1    15    11     9     3     0     0   -63.0   57.612 -162.202    337.3    951.6
     1     1    15    11     9     2     0     0   -64.0   57.289 -163.351    334.3    954.2
     1     1    15    11     9     1     0     0   -65.0   56.953 -164.542    337.4    955.3
     1     1    15    11     9     0     0     0   -66.0   56.620 -165.754    347.2    955.1
     1     1    15    11     8    23     0     0   -67.0   56.309 -166.966    362.4    954.8
     1     1    15    11     8    22     0     0   -68.0   56.024 -168.171    380.8    953.9
     1     1    15    11     8    21     0     0   -69.0   55.760 -169.386    403.3    951.9
     1     1    15    11     8    20     0     0   -70.0   55.513 -170.628    430.4    948.3
     1     1    15    11     8    19     0     0   -71.0   55.275 -171.916    461.8    943.3
     1     1    15    11     8    18     0     0   -72.0   55.052 -173.259    497.4    937.2
