     1     1
    CDC1    15    12     1     0     0
     1 BACKWARD OMEGA   
    15    12     5    18   60.984 -139.059   750.0
     1 PRESSURE
     1     1    15    12     5    18     0     0     0.0   60.984 -139.059    750.0    796.7
     1     1    15    12     5    17     0     0    -1.0   60.944 -138.941    772.8    795.1
     1     1    15    12     5    16     0     0    -2.0   60.889 -138.831    796.2    793.6
     1     1    15    12     5    15     0     0    -3.0   60.819 -138.726    820.6    792.4
     1     1    15    12     5    14     0     0    -4.0   60.735 -138.622    846.5    791.2
     1     1    15    12     5    13     0     0    -5.0   60.637 -138.516    874.5    790.2
     1     1    15    12     5    12     0     0    -6.0   60.526 -138.405    905.3    789.0
     1     1    15    12     5    11     0     0    -7.0   60.409 -138.310    936.5    787.0
     1     1    15    12     5    10     0     0    -8.0   60.293 -138.255    965.7    785.7
     1     1    15    12     5     9     0     0    -9.0   60.178 -138.243    992.9    784.7
     1     1    15    12     5     8     0     0   -10.0   60.063 -138.276   1018.0    783.9
     1     1    15    12     5     7     0     0   -11.0   59.950 -138.351   1040.8    784.1
     1     1    15    12     5     6     0     0   -12.0   59.836 -138.457   1060.4    785.7
     1     1    15    12     5     5     0     0   -13.0   59.717 -138.569   1079.6    787.8
     1     1    15    12     5     4     0     0   -14.0   59.593 -138.674   1100.9    789.6
     1     1    15    12     5     3     0     0   -15.0   59.463 -138.778   1125.8    791.2
     1     1    15    12     5     2     0     0   -16.0   59.329 -138.889   1155.5    792.6
     1     1    15    12     5     1     0     0   -17.0   59.193 -139.016   1190.9    793.5
     1     1    15    12     5     0     0     0   -18.0   59.056 -139.168   1233.5    794.0
     1     1    15    12     4    23     0     0   -19.0   58.921 -139.331   1278.7    793.4
     1     1    15    12     4    22     0     0   -20.0   58.793 -139.493   1320.3    793.1
     1     1    15    12     4    21     0     0   -21.0   58.672 -139.661   1358.0    793.1
     1     1    15    12     4    20     0     0   -22.0   58.559 -139.841   1391.4    793.4
     1     1    15    12     4    19     0     0   -23.0   58.453 -140.040   1420.2    794.2
     1     1    15    12     4    18     0     0   -24.0   58.355 -140.261   1443.6    795.6
     1     1    15    12     4    17     0     0   -25.0   58.259 -140.489   1463.0    797.7
     1     1    15    12     4    16     0     0   -26.0   58.162 -140.705   1480.6    799.6
     1     1    15    12     4    15     0     0   -27.0   58.064 -140.915   1496.2    801.8
     1     1    15    12     4    14     0     0   -28.0   57.966 -141.122   1509.9    804.2
     1     1    15    12     4    13     0     0   -29.0   57.869 -141.333   1521.5    806.7
     1     1    15    12     4    12     0     0   -30.0   57.774 -141.551   1531.1    809.5
     1     1    15    12     4    11     0     0   -31.0   57.684 -141.780   1538.2    812.3
     1     1    15    12     4    10     0     0   -32.0   57.601 -142.023   1542.2    815.3
     1     1    15    12     4     9     0     0   -33.0   57.527 -142.280   1542.9    818.4
     1     1    15    12     4     8     0     0   -34.0   57.459 -142.553   1538.9    820.6
     1     1    15    12     4     7     0     0   -35.0   57.399 -142.840   1530.8    822.6
     1     1    15    12     4     6     0     0   -36.0   57.345 -143.139   1519.2    824.9
     1     1    15    12     4     5     0     0   -37.0   57.298 -143.430   1507.1    827.9
     1     1    15    12     4     4     0     0   -38.0   57.258 -143.690   1496.4    830.3
     1     1    15    12     4     3     0     0   -39.0   57.227 -143.922   1488.3    832.2
     1     1    15    12     4     2     0     0   -40.0   57.205 -144.126   1483.5    833.6
     1     1    15    12     4     1     0     0   -41.0   57.194 -144.303   1482.3    834.6
     1     1    15    12     4     0     0     0   -42.0   57.195 -144.453   1485.2    835.0
     1     1    15    12     3    23     0     0   -43.0   57.209 -144.580   1488.0    834.6
     1     1    15    12     3    22     0     0   -44.0   57.234 -144.689   1487.9    835.0
     1     1    15    12     3    21     0     0   -45.0   57.272 -144.777   1484.5    835.7
     1     1    15    12     3    20     0     0   -46.0   57.322 -144.842   1478.0    836.8
     1     1    15    12     3    19     0     0   -47.0   57.384 -144.885   1468.3    838.2
     1     1    15    12     3    18     0     0   -48.0   57.457 -144.903   1455.1    839.9
     1     1    15    12     3    17     0     0   -49.0   57.528 -144.874   1439.0    841.1
     1     1    15    12     3    16     0     0   -50.0   57.586 -144.776   1419.4    841.0
     1     1    15    12     3    15     0     0   -51.0   57.628 -144.606   1397.4    841.2
     1     1    15    12     3    14     0     0   -52.0   57.652 -144.360   1372.9    841.8
     1     1    15    12     3    13     0     0   -53.0   57.654 -144.034   1346.3    842.8
     1     1    15    12     3    12     0     0   -54.0   57.629 -143.624   1318.2    844.3
     1     1    15    12     3    11     0     0   -55.0   57.578 -143.148   1290.0    846.4
     1     1    15    12     3    10     0     0   -56.0   57.507 -142.629   1262.7    848.4
     1     1    15    12     3     9     0     0   -57.0   57.416 -142.082   1234.5    848.5
     1     1    15    12     3     8     0     0   -58.0   57.304 -141.528   1205.8    848.4
     1     1    15    12     3     7     0     0   -59.0   57.167 -140.979   1175.4    848.7
     1     1    15    12     3     6     0     0   -60.0   57.005 -140.440   1141.9    849.9
     1     1    15    12     3     5     0     0   -61.0   56.816 -139.912   1105.8    852.7
     1     1    15    12     3     4     0     0   -62.0   56.601 -139.396   1066.9    857.4
     1     1    15    12     3     3     0     0   -63.0   56.363 -138.894   1025.6    863.1
     1     1    15    12     3     2     0     0   -64.0   56.103 -138.401    982.2    869.6
     1     1    15    12     3     1     0     0   -65.0   55.820 -137.911    937.1    877.2
     1     1    15    12     3     0     0     0   -66.0   55.516 -137.419    890.6    884.8
     1     1    15    12     2    23     0     0   -67.0   55.191 -136.927    841.9    893.2
     1     1    15    12     2    22     0     0   -68.0   54.844 -136.438    789.7    901.6
     1     1    15    12     2    21     0     0   -69.0   54.469 -135.971    736.3    908.2
     1     1    15    12     2    20     0     0   -70.0   54.058 -135.535    683.9    915.2
     1     1    15    12     2    19     0     0   -71.0   53.605 -135.123    633.0    922.7
     1     1    15    12     2    18     0     0   -72.0   53.108 -134.731    584.1    928.2
