     1     1
    CDC1    15    10     1     0     0
     1 BACKWARD OMEGA   
    15    10     4    12   60.984 -139.059   750.0
     1 PRESSURE
     1     1    15    10     4    12     0     0     0.0   60.984 -139.059    750.0    819.7
     1     1    15    10     4    11     0     0    -1.0   61.079 -139.499    769.7    816.8
     1     1    15    10     4    10     0     0    -2.0   61.184 -139.951    790.0    813.6
     1     1    15    10     4     9     0     0    -3.0   61.297 -140.413    810.6    811.0
     1     1    15    10     4     8     0     0    -4.0   61.417 -140.883    830.1    808.4
     1     1    15    10     4     7     0     0    -5.0   61.544 -141.360    847.8    805.7
     1     1    15    10     4     6     0     0    -6.0   61.678 -141.845    863.3    802.8
     1     1    15    10     4     5     0     0    -7.0   61.800 -142.338    874.0    800.2
     1     1    15    10     4     4     0     0    -8.0   61.888 -142.830    878.1    800.2
     1     1    15    10     4     3     0     0    -9.0   61.940 -143.313    875.5    802.2
     1     1    15    10     4     2     0     0   -10.0   61.956 -143.781    866.9    805.4
     1     1    15    10     4     1     0     0   -11.0   61.940 -144.225    853.3    809.8
     1     1    15    10     4     0     0     0   -12.0   61.890 -144.640    835.9    815.2
     1     1    15    10     3    23     0     0   -13.0   61.812 -145.014    813.0    821.9
     1     1    15    10     3    22     0     0   -14.0   61.710 -145.335    782.2    830.1
     1     1    15    10     3    21     0     0   -15.0   61.587 -145.601    743.6    839.5
     1     1    15    10     3    20     0     0   -16.0   61.447 -145.809    697.2    850.0
     1     1    15    10     3    19     0     0   -17.0   61.293 -145.956    643.3    861.4
     1     1    15    10     3    18     0     0   -18.0   61.133 -146.034    582.8    873.2
     1     1    15    10     3    17     0     0   -19.0   60.976 -146.052    521.2    884.8
     1     1    15    10     3    16     0     0   -20.0   60.830 -146.027    463.2    895.3
     1     1    15    10     3    15     0     0   -21.0   60.694 -145.966    408.9    905.3
     1     1    15    10     3    14     0     0   -22.0   60.569 -145.876    358.5    914.4
     1     1    15    10     3    13     0     0   -23.0   60.454 -145.769    313.1    922.0
     1     1    15    10     3    12     0     0   -24.0   60.349 -145.659    273.3    929.1
     1     1    15    10     3    11     0     0   -25.0   60.256 -145.548    239.1    935.4
     1     1    15    10     3    10     0     0   -26.0   60.174 -145.429    210.7    940.8
     1     1    15    10     3     9     0     0   -27.0   60.102 -145.306    186.8    945.0
     1     1    15    10     3     8     0     0   -28.0   60.036 -145.180    166.4    948.2
     1     1    15    10     3     7     0     0   -29.0   59.976 -145.052    149.0    951.2
     1     1    15    10     3     6     0     0   -30.0   59.919 -144.928    134.4    954.1
     1     1    15    10     3     5     0     0   -31.0   59.866 -144.821    122.4    956.7
     1     1    15    10     3     4     0     0   -32.0   59.818 -144.740    112.8    959.0
     1     1    15    10     3     3     0     0   -33.0   59.777 -144.683    105.1    961.2
     1     1    15    10     3     2     0     0   -34.0   59.742 -144.649     99.1    963.1
     1     1    15    10     3     1     0     0   -35.0   59.713 -144.636     94.6    964.8
     1     1    15    10     3     0     0     0   -36.0   59.690 -144.642     91.3    966.4
     1     1    15    10     2    23     0     0   -37.0   59.668 -144.650     88.1    967.3
     1     1    15    10     2    22     0     0   -38.0   59.640 -144.646     84.4    968.7
     1     1    15    10     2    21     0     0   -39.0   59.605 -144.632     80.2    970.2
     1     1    15    10     2    20     0     0   -40.0   59.565 -144.608     75.6    972.0
     1     1    15    10     2    19     0     0   -41.0   59.518 -144.575     70.9    973.8
     1     1    15    10     2    18     0     0   -42.0   59.466 -144.534     65.8    975.6
     1     1    15    10     2    17     0     0   -43.0   59.413 -144.497     61.1    977.5
     1     1    15    10     2    16     0     0   -44.0   59.364 -144.475     57.1    979.2
     1     1    15    10     2    15     0     0   -45.0   59.320 -144.468     53.8    980.8
     1     1    15    10     2    14     0     0   -46.0   59.281 -144.476     51.0    982.4
     1     1    15    10     2    13     0     0   -47.0   59.246 -144.498     48.7    983.8
     1     1    15    10     2    12     0     0   -48.0   59.216 -144.535     46.8    985.2
     1     1    15    10     2    11     0     0   -49.0   59.194 -144.578     45.2    986.4
     1     1    15    10     2    10     0     0   -50.0   59.182 -144.619     44.1    987.2
     1     1    15    10     2     9     0     0   -51.0   59.182 -144.657     43.4    987.4
     1     1    15    10     2     8     0     0   -52.0   59.193 -144.690     43.1    987.3
     1     1    15    10     2     7     0     0   -53.0   59.215 -144.719     43.2    986.6
     1     1    15    10     2     6     0     0   -54.0   59.248 -144.743     43.7    985.5
     1     1    15    10     2     5     0     0   -55.0   59.294 -144.764     45.2    983.5
     1     1    15    10     2     4     0     0   -56.0   59.356 -144.785     48.0    980.7
     1     1    15    10     2     3     0     0   -57.0   59.432 -144.804     52.4    977.3
     1     1    15    10     2     2     0     0   -58.0   59.522 -144.817     58.7    973.3
     1     1    15    10     2     1     0     0   -59.0   59.625 -144.822     67.3    968.5
     1     1    15    10     2     0     0     0   -60.0   59.740 -144.815     79.2    962.8
     1     1    15    10     1    23     0     0   -61.0   59.870 -144.801     94.9    955.4
     1     1    15    10     1    22     0     0   -62.0   60.014 -144.787    115.0    947.4
     1     1    15    10     1    21     0     0   -63.0   60.169 -144.778    140.1    939.8
     1     1    15    10     1    20     0     0   -64.0   60.329 -144.777    170.5    932.0
     1     1    15    10     1    19     0     0   -65.0   60.492 -144.780    206.7    923.4
     1     1    15    10     1    18     0     0   -66.0   60.660 -144.788    249.9    913.2
     1     1    15    10     1    17     0     0   -67.0   60.822 -144.826    299.5    902.4
     1     1    15    10     1    16     0     0   -68.0   60.975 -144.923    354.2    892.4
     1     1    15    10     1    15     0     0   -69.0   61.124 -145.091    411.4    882.0
     1     1    15    10     1    14     0     0   -70.0   61.272 -145.332    467.3    872.4
     1     1    15    10     1    13     0     0   -71.0   61.418 -145.644    520.7    864.3
     1     1    15    10     1    12     0     0   -72.0   61.564 -146.027    571.8    857.4
