     1     1
    CDC1    15    11     1     0     0
     1 BACKWARD OMEGA   
    15    11     3    18   60.984 -139.059   750.0
     1 PRESSURE
     1     1    15    11     3    18     0     0     0.0   60.984 -139.059    750.0    802.6
     1     1    15    11     3    17     0     0    -1.0   60.640 -138.885    642.4    820.2
     1     1    15    11     3    16     0     0    -2.0   60.314 -138.730    537.8    837.6
     1     1    15    11     3    15     0     0    -3.0   60.020 -138.575    441.8    854.3
     1     1    15    11     3    14     0     0    -4.0   59.775 -138.428    363.7    872.9
     1     1    15    11     3    13     0     0    -5.0   59.584 -138.305    305.9    886.2
     1     1    15    11     3    12     0     0    -6.0   59.441 -138.201    265.3    896.3
     1     1    15    11     3    11     0     0    -7.0   59.332 -138.109    236.3    903.2
     1     1    15    11     3    10     0     0    -8.0   59.245 -138.022    215.4    908.7
     1     1    15    11     3     9     0     0    -9.0   59.178 -137.944    200.6    912.9
     1     1    15    11     3     8     0     0   -10.0   59.130 -137.876    190.7    915.5
     1     1    15    11     3     7     0     0   -11.0   59.099 -137.817    184.6    917.2
     1     1    15    11     3     6     0     0   -12.0   59.084 -137.769    182.1    917.9
     1     1    15    11     3     5     0     0   -13.0   59.083 -137.742    181.6    917.7
     1     1    15    11     3     4     0     0   -14.0   59.090 -137.749    181.9    917.3
     1     1    15    11     3     3     0     0   -15.0   59.106 -137.790    182.8    916.7
     1     1    15    11     3     2     0     0   -16.0   59.131 -137.865    184.7    915.8
     1     1    15    11     3     1     0     0   -17.0   59.165 -137.973    187.6    914.6
     1     1    15    11     3     0     0     0   -18.0   59.210 -138.114    191.9    913.0
     1     1    15    11     2    23     0     0   -19.0   59.259 -138.258    196.2    910.7
     1     1    15    11     2    22     0     0   -20.0   59.305 -138.369    199.2    908.6
     1     1    15    11     2    21     0     0   -21.0   59.348 -138.450    200.3    906.7
     1     1    15    11     2    20     0     0   -22.0   59.387 -138.497    199.3    905.2
     1     1    15    11     2    19     0     0   -23.0   59.422 -138.511    196.4    903.9
     1     1    15    11     2    18     0     0   -24.0   59.452 -138.489    191.4    903.0
     1     1    15    11     2    17     0     0   -25.0   59.470 -138.442    185.0    902.8
     1     1    15    11     2    16     0     0   -26.0   59.471 -138.384    177.3    903.2
     1     1    15    11     2    15     0     0   -27.0   59.456 -138.315    168.7    904.4
     1     1    15    11     2    14     0     0   -28.0   59.424 -138.236    159.3    906.1
     1     1    15    11     2    13     0     0   -29.0   59.376 -138.148    149.4    908.5
     1     1    15    11     2    12     0     0   -30.0   59.313 -138.050    139.1    911.4
     1     1    15    11     2    11     0     0   -31.0   59.247 -137.948    129.3    914.7
     1     1    15    11     2    10     0     0   -32.0   59.188 -137.841    120.7    917.4
     1     1    15    11     2     9     0     0   -33.0   59.138 -137.728    113.0    919.8
     1     1    15    11     2     8     0     0   -34.0   59.097 -137.608    106.2    921.8
     1     1    15    11     2     7     0     0   -35.0   59.065 -137.480    100.1    923.2
     1     1    15    11     2     6     0     0   -36.0   59.045 -137.346     94.8    923.9
     1     1    15    11     2     5     0     0   -37.0   59.041 -137.214     90.5    924.1
     1     1    15    11     2     4     0     0   -38.0   59.054 -137.092     87.2    923.4
     1     1    15    11     2     3     0     0   -39.0   59.084 -136.978     84.8    922.2
     1     1    15    11     2     2     0     0   -40.0   59.129 -136.872     83.3    920.5
     1     1    15    11     2     1     0     0   -41.0   59.191 -136.775     82.5    918.2
     1     1    15    11     2     0     0     0   -42.0   59.267 -136.686     82.3    915.4
     1     1    15    11     1    23     0     0   -43.0   59.349 -136.589     82.7    911.6
     1     1    15    11     1    22     0     0   -44.0   59.426 -136.472     83.6    907.8
     1     1    15    11     1    21     0     0   -45.0   59.500 -136.334     85.0    903.9
     1     1    15    11     1    20     0     0   -46.0   59.570 -136.177     86.8    900.1
     1     1    15    11     1    19     0     0   -47.0   59.639 -136.002     89.1    896.3
     1     1    15    11     1    18     0     0   -48.0   59.705 -135.810     91.7    892.4
     1     1    15    11     1    17     0     0   -49.0   59.782 -135.626     94.6    888.3
     1     1    15    11     1    16     0     0   -50.0   59.885 -135.476     97.8    883.6
     1     1    15    11     1    15     0     0   -51.0   60.013 -135.356    101.5    878.4
     1     1    15    11     1    14     0     0   -52.0   60.163 -135.268    105.4    874.6
     1     1    15    11     1    13     0     0   -53.0   60.328 -135.211    109.3    870.8
     1     1    15    11     1    12     0     0   -54.0   60.507 -135.181    113.0    867.0
     1     1    15    11     1    11     0     0   -55.0   60.677 -135.150    116.2    863.6
     1     1    15    11     1    10     0     0   -56.0   60.820 -135.092    119.1    860.5
     1     1    15    11     1     9     0     0   -57.0   60.937 -135.008    122.0    857.6
     1     1    15    11     1     8     0     0   -58.0   61.032 -134.898    125.0    854.7
     1     1    15    11     1     7     0     0   -59.0   61.104 -134.758    128.3    852.0
     1     1    15    11     1     6     0     0   -60.0   61.154 -134.586    132.2    849.4
     1     1    15    11     1     5     0     0   -61.0   61.204 -134.399    136.1    847.2
     1     1    15    11     1     4     0     0   -62.0   61.276 -134.216    139.5    844.9
     1     1    15    11     1     3     0     0   -63.0   61.368 -134.038    142.2    842.5
     1     1    15    11     1     2     0     0   -64.0   61.482 -133.865    144.2    839.9
     1     1    15    11     1     1     0     0   -65.0   61.620 -133.695    145.5    837.3
     1     1    15    11     1     0     0     0   -66.0   61.782 -133.530    146.0    834.5
