     1     1
    CDC1    16     4     1     0     0
     1 BACKWARD OMEGA   
    16     4     9     6   60.984 -139.059   750.0
     1 PRESSURE
     1     1    16     4     9     6     0     0     0.0   60.984 -139.059    750.0    810.9
     1     1    16     4     9     5     0     0    -1.0   60.946 -139.436    715.2    815.6
     1     1    16     4     9     4     0     0    -2.0   60.901 -139.797    684.7    819.8
     1     1    16     4     9     3     0     0    -3.0   60.851 -140.140    658.8    824.0
     1     1    16     4     9     2     0     0    -4.0   60.795 -140.463    637.5    828.3
     1     1    16     4     9     1     0     0    -5.0   60.734 -140.766    620.6    832.2
     1     1    16     4     9     0     0     0    -6.0   60.668 -141.049    608.2    835.8
     1     1    16     4     8    23     0     0    -7.0   60.599 -141.325    598.1    838.1
     1     1    16     4     8    22     0     0    -8.0   60.531 -141.607    589.1    840.7
     1     1    16     4     8    21     0     0    -9.0   60.465 -141.900    581.5    843.2
     1     1    16     4     8    20     0     0   -10.0   60.402 -142.206    575.7    845.5
     1     1    16     4     8    19     0     0   -11.0   60.343 -142.528    572.3    847.8
     1     1    16     4     8    18     0     0   -12.0   60.287 -142.867    571.7    850.9
     1     1    16     4     8    17     0     0   -13.0   60.227 -143.198    570.5    853.9
     1     1    16     4     8    16     0     0   -14.0   60.160 -143.504    565.3    857.7
     1     1    16     4     8    15     0     0   -15.0   60.091 -143.795    557.2    861.7
     1     1    16     4     8    14     0     0   -16.0   60.024 -144.078    547.2    865.9
     1     1    16     4     8    13     0     0   -17.0   59.963 -144.363    536.1    870.3
     1     1    16     4     8    12     0     0   -18.0   59.913 -144.656    524.5    874.7
     1     1    16     4     8    11     0     0   -19.0   59.867 -144.933    512.1    879.4
     1     1    16     4     8    10     0     0   -20.0   59.817 -145.169    497.8    884.0
     1     1    16     4     8     9     0     0   -21.0   59.765 -145.365    481.9    888.4
     1     1    16     4     8     8     0     0   -22.0   59.715 -145.525    464.7    892.7
     1     1    16     4     8     7     0     0   -23.0   59.669 -145.653    446.4    896.8
     1     1    16     4     8     6     0     0   -24.0   59.627 -145.750    427.2    900.7
     1     1    16     4     8     5     0     0   -25.0   59.590 -145.817    406.1    904.7
     1     1    16     4     8     4     0     0   -26.0   59.558 -145.851    382.6    908.8
     1     1    16     4     8     3     0     0   -27.0   59.529 -145.851    356.7    912.3
     1     1    16     4     8     2     0     0   -28.0   59.502 -145.817    328.4    915.8
     1     1    16     4     8     1     0     0   -29.0   59.475 -145.746    297.8    919.4
     1     1    16     4     8     0     0     0   -30.0   59.446 -145.636    264.7    923.2
     1     1    16     4     7    23     0     0   -31.0   59.412 -145.486    233.3    928.4
     1     1    16     4     7    22     0     0   -32.0   59.373 -145.294    206.8    932.5
     1     1    16     4     7    21     0     0   -33.0   59.327 -145.061    184.5    935.6
     1     1    16     4     7    20     0     0   -34.0   59.275 -144.783    166.7    937.8
     1     1    16     4     7    19     0     0   -35.0   59.212 -144.452    153.5    939.3
     1     1    16     4     7    18     0     0   -36.0   59.137 -144.063    144.0    940.3
     1     1    16     4     7    17     0     0   -37.0   59.056 -143.623    135.9    941.7
     1     1    16     4     7    16     0     0   -38.0   58.982 -143.147    127.4    942.8
     1     1    16     4     7    15     0     0   -39.0   58.916 -142.641    118.4    943.5
     1     1    16     4     7    14     0     0   -40.0   58.865 -142.117    109.1    944.9
     1     1    16     4     7    13     0     0   -41.0   58.834 -141.583     99.9    945.9
     1     1    16     4     7    12     0     0   -42.0   58.829 -141.040     90.9    945.7
     1     1    16     4     7    11     0     0   -43.0   58.828 -140.498     81.6    945.1
     1     1    16     4     7    10     0     0   -44.0   58.805 -139.967     71.5    945.6
     1     1    16     4     7     9     0     0   -45.0   58.769 -139.465     61.5    947.3
     1     1    16     4     7     8     0     0   -46.0   58.727 -139.004     52.4    949.2
     1     1    16     4     7     7     0     0   -47.0   58.685 -138.578     44.7    951.0
     1     1    16     4     7     6     0     0   -48.0   58.647 -138.184     38.7    952.6
     1     1    16     4     7     5     0     0   -49.0   58.607 -137.824     34.7    953.8
     1     1    16     4     7     4     0     0   -50.0   58.556 -137.500     32.4    955.3
     1     1    16     4     7     3     0     0   -51.0   58.494 -137.215     31.0    956.2
     1     1    16     4     7     2     0     0   -52.0   58.421 -136.969     29.9    957.7
     1     1    16     4     7     1     0     0   -53.0   58.338 -136.758     29.1    959.6
     1     1    16     4     7     0     0     0   -54.0   58.245 -136.579     28.6    962.1
     1     1    16     4     6    23     0     0   -55.0   58.143 -136.425     28.2    964.4
     1     1    16     4     6    22     0     0   -56.0   58.035 -136.289     27.5    967.2
     1     1    16     4     6    21     0     0   -57.0   57.919 -136.169     26.5    970.3
     1     1    16     4     6    20     0     0   -58.0   57.794 -136.061     25.3    973.7
     1     1    16     4     6    19     0     0   -59.0   57.661 -135.961     23.8    977.5
     1     1    16     4     6    18     0     0   -60.0   57.518 -135.867     22.1    981.7
     1     1    16     4     6    17     0     0   -61.0   57.372 -135.774     20.1    983.6
     1     1    16     4     6    16     0     0   -62.0   57.229 -135.686     18.0    985.4
     1     1    16     4     6    15     0     0   -63.0   57.087 -135.607     15.9    987.4
     1     1    16     4     6    14     0     0   -64.0   56.945 -135.545     13.9    989.6
     1     1    16     4     6    13     0     0   -65.0   56.803 -135.505     12.1    992.0
     1     1    16     4     6    12     0     0   -66.0   56.659 -135.494     10.6    994.7
     1     1    16     4     6    11     0     0   -67.0   56.512 -135.510      9.2    996.9
     1     1    16     4     6    10     0     0   -68.0   56.364 -135.547      8.0    999.2
     1     1    16     4     6     9     0     0   -69.0   56.212 -135.607      6.8   1001.7
     1     1    16     4     6     8     0     0   -70.0   56.058 -135.691      5.6   1004.2
     1     1    16     4     6     7     0     0   -71.0   55.900 -135.798      4.5   1007.0
     1     1    16     4     6     6     0     0   -72.0   55.738 -135.932      3.4   1009.8
