     1     1
    CDC1    16     3     1     0     0
     1 BACKWARD OMEGA   
    16     3    28     6   60.984 -139.059   750.0
     1 PRESSURE
     1     1    16     3    28     6     0     0     0.0   60.984 -139.059    750.0    809.9
     1     1    16     3    28     5     0     0    -1.0   60.642 -139.549    669.0    824.3
     1     1    16     3    28     4     0     0    -2.0   60.307 -139.917    580.7    840.8
     1     1    16     3    28     3     0     0    -3.0   59.997 -140.168    495.6    857.2
     1     1    16     3    28     2     0     0    -4.0   59.721 -140.341    423.7    876.4
     1     1    16     3    28     1     0     0    -5.0   59.479 -140.480    365.1    892.2
     1     1    16     3    28     0     0     0    -6.0   59.269 -140.598    316.0    905.2
     1     1    16     3    27    23     0     0    -7.0   59.081 -140.729    274.8    916.8
     1     1    16     3    27    22     0     0    -8.0   58.906 -140.898    240.3    927.6
     1     1    16     3    27    21     0     0    -9.0   58.744 -141.107    210.7    937.9
     1     1    16     3    27    20     0     0   -10.0   58.594 -141.357    185.0    947.3
     1     1    16     3    27    19     0     0   -11.0   58.456 -141.656    162.8    956.0
     1     1    16     3    27    18     0     0   -12.0   58.328 -142.014    144.1    964.5
     1     1    16     3    27    17     0     0   -13.0   58.210 -142.409    130.0    972.1
     1     1    16     3    27    16     0     0   -14.0   58.099 -142.810    121.3    978.9
     1     1    16     3    27    15     0     0   -15.0   57.999 -143.215    117.4    984.8
     1     1    16     3    27    14     0     0   -16.0   57.914 -143.632    118.3    989.7
     1     1    16     3    27    13     0     0   -17.0   57.848 -144.067    124.0    993.5
     1     1    16     3    27    12     0     0   -18.0   57.804 -144.526    135.1    996.2
     1     1    16     3    27    11     0     0   -19.0   57.778 -144.989    148.8    997.9
     1     1    16     3    27    10     0     0   -20.0   57.762 -145.431    160.3    997.3
     1     1    16     3    27     9     0     0   -21.0   57.759 -145.847    169.0    996.6
     1     1    16     3    27     8     0     0   -22.0   57.771 -146.242    174.8    995.9
     1     1    16     3    27     7     0     0   -23.0   57.799 -146.622    177.8    995.0
     1     1    16     3    27     6     0     0   -24.0   57.845 -146.992    178.2    994.1
     1     1    16     3    27     5     0     0   -25.0   57.902 -147.350    181.0    993.3
     1     1    16     3    27     4     0     0   -26.0   57.964 -147.687    190.7    990.2
     1     1    16     3    27     3     0     0   -27.0   58.031 -147.998    207.6    985.4
     1     1    16     3    27     2     0     0   -28.0   58.104 -148.284    231.7    979.2
     1     1    16     3    27     1     0     0   -29.0   58.183 -148.546    262.8    972.3
     1     1    16     3    27     0     0     0   -30.0   58.268 -148.783    300.9    964.8
     1     1    16     3    26    23     0     0   -31.0   58.358 -148.992    340.6    957.0
     1     1    16     3    26    22     0     0   -32.0   58.452 -149.173    377.1    950.5
     1     1    16     3    26    21     0     0   -33.0   58.549 -149.328    410.1    943.7
     1     1    16     3    26    20     0     0   -34.0   58.650 -149.460    439.8    937.4
     1     1    16     3    26    19     0     0   -35.0   58.755 -149.569    466.4    931.7
     1     1    16     3    26    18     0     0   -36.0   58.864 -149.657    490.3    926.3
     1     1    16     3    26    17     0     0   -37.0   58.968 -149.724    509.8    921.7
     1     1    16     3    26    16     0     0   -38.0   59.058 -149.772    522.1    918.4
     1     1    16     3    26    15     0     0   -39.0   59.133 -149.803    526.6    916.3
     1     1    16     3    26    14     0     0   -40.0   59.196 -149.818    523.0    915.5
     1     1    16     3    26    13     0     0   -41.0   59.245 -149.818    510.9    915.8
     1     1    16     3    26    12     0     0   -42.0   59.282 -149.804    490.3    917.4
     1     1    16     3    26    11     0     0   -43.0   59.311 -149.776    468.1    920.2
     1     1    16     3    26    10     0     0   -44.0   59.335 -149.736    450.6    921.7
     1     1    16     3    26     9     0     0   -45.0   59.353 -149.683    438.0    922.8
     1     1    16     3    26     8     0     0   -46.0   59.364 -149.618    430.0    923.5
     1     1    16     3    26     7     0     0   -47.0   59.369 -149.542    426.7    923.8
     1     1    16     3    26     6     0     0   -48.0   59.366 -149.454    427.8    923.6
     1     1    16     3    26     5     0     0   -49.0   59.352 -149.353    428.8    923.3
     1     1    16     3    26     4     0     0   -50.0   59.326 -149.237    424.9    924.5
     1     1    16     3    26     3     0     0   -51.0   59.287 -149.106    416.2    926.5
     1     1    16     3    26     2     0     0   -52.0   59.237 -148.961    403.0    929.4
     1     1    16     3    26     1     0     0   -53.0   59.176 -148.801    385.5    933.2
     1     1    16     3    26     0     0     0   -54.0   59.104 -148.626    364.2    937.4
     1     1    16     3    25    23     0     0   -55.0   59.024 -148.439    342.7    942.3
     1     1    16     3    25    22     0     0   -56.0   58.937 -148.244    324.2    947.0
     1     1    16     3    25    21     0     0   -57.0   58.843 -148.043    308.6    951.6
     1     1    16     3    25    20     0     0   -58.0   58.741 -147.837    295.9    956.2
     1     1    16     3    25    19     0     0   -59.0   58.630 -147.628    286.2    960.9
     1     1    16     3    25    18     0     0   -60.0   58.510 -147.420    279.5    965.2
     1     1    16     3    25    17     0     0   -61.0   58.377 -147.215    272.3    969.3
     1     1    16     3    25    16     0     0   -62.0   58.232 -147.018    261.5    974.7
     1     1    16     3    25    15     0     0   -63.0   58.076 -146.830    247.7    981.1
     1     1    16     3    25    14     0     0   -64.0   57.910 -146.651    231.4    988.3
     1     1    16     3    25    13     0     0   -65.0   57.734 -146.483    213.3    996.3
     1     1    16     3    25    12     0     0   -66.0   57.549 -146.329    194.0   1004.8
     1     1    16     3    25    11     0     0   -67.0   57.350 -146.204    176.9   1007.0
     1     1    16     3    25    10     0     0   -68.0   57.140 -146.118    164.7   1006.4
     1     1    16     3    25     9     0     0   -69.0   56.920 -146.063    156.7   1005.3
     1     1    16     3    25     8     0     0   -70.0   56.695 -146.036    152.4   1004.0
     1     1    16     3    25     7     0     0   -71.0   56.467 -146.033    151.8   1002.2
     1     1    16     3    25     6     0     0   -72.0   56.239 -146.053    155.0   1000.1
