     1     1
    CDC1    15    10     1     0     0
     1 BACKWARD OMEGA   
    15    10    19     6   60.984 -139.059   750.0
     1 PRESSURE
     1     1    15    10    19     6     0     0     0.0   60.984 -139.059    750.0    804.8
     1     1    15    10    19     5     0     0    -1.0   60.809 -139.210    685.5    814.2
     1     1    15    10    19     4     0     0    -2.0   60.629 -139.341    619.3    824.3
     1     1    15    10    19     3     0     0    -3.0   60.447 -139.445    552.2    834.0
     1     1    15    10    19     2     0     0    -4.0   60.261 -139.508    485.9    843.6
     1     1    15    10    19     1     0     0    -5.0   60.073 -139.523    421.0    853.5
     1     1    15    10    19     0     0     0    -6.0   59.882 -139.490    359.9    865.4
     1     1    15    10    18    23     0     0    -7.0   59.692 -139.417    306.7    877.5
     1     1    15    10    18    22     0     0    -8.0   59.508 -139.308    262.4    888.4
     1     1    15    10    18    21     0     0    -9.0   59.334 -139.162    225.7    898.2
     1     1    15    10    18    20     0     0   -10.0   59.172 -138.974    195.3    906.8
     1     1    15    10    18    19     0     0   -11.0   59.022 -138.740    169.6    913.4
     1     1    15    10    18    18     0     0   -12.0   58.884 -138.454    147.1    919.2
     1     1    15    10    18    17     0     0   -13.0   58.755 -138.138    126.7    924.8
     1     1    15    10    18    16     0     0   -14.0   58.627 -137.816    107.9    930.4
     1     1    15    10    18    15     0     0   -15.0   58.500 -137.485     90.8    935.9
     1     1    15    10    18    14     0     0   -16.0   58.369 -137.146     75.7    940.3
     1     1    15    10    18    13     0     0   -17.0   58.232 -136.807     61.8    943.8
     1     1    15    10    18    12     0     0   -18.0   58.085 -136.467     48.7    947.4
     1     1    15    10    18    11     0     0   -19.0   57.934 -136.142     37.5    951.4
     1     1    15    10    18    10     0     0   -20.0   57.784 -135.847     28.6    955.3
     1     1    15    10    18     9     0     0   -21.0   57.635 -135.580     21.8    959.1
     1     1    15    10    18     8     0     0   -22.0   57.487 -135.338     16.8    962.7
     1     1    15    10    18     7     0     0   -23.0   57.337 -135.129     13.1    965.1
     1     1    15    10    18     6     0     0   -24.0   57.181 -134.958     10.4    967.6
     1     1    15    10    18     5     0     0   -25.0   57.014 -134.824      8.2    968.2
     1     1    15    10    18     4     0     0   -26.0   56.834 -134.726      6.1    969.9
     1     1    15    10    18     3     0     0   -27.0   56.642 -134.665      3.9    972.5
     1     1    15    10    18     2     0     0   -28.0   56.443 -134.645      1.6    975.9
     1     1    15    10    18     1     0     0   -29.0   56.240 -134.670      0.0    980.1
     1     1    15    10    18     0     0     0   -30.0   56.037 -134.749      0.0    985.0
     1     1    15    10    17    23     0     0   -31.0   55.835 -134.861      0.0    989.7
     1     1    15    10    17    22     0     0   -32.0   55.630 -134.981      0.0    994.5
     1     1    15    10    17    21     0     0   -33.0   55.418 -135.117      0.0    998.3
     1     1    15    10    17    20     0     0   -34.0   55.198 -135.278      0.0   1001.9
     1     1    15    10    17    19     0     0   -35.0   54.968 -135.475      0.0   1004.9
     1     1    15    10    17    18     0     0   -36.0   54.734 -135.718      0.0   1004.7
     1     1    15    10    17    17     0     0   -37.0   54.503 -135.982      0.0   1004.6
     1     1    15    10    17    16     0     0   -38.0   54.274 -136.245      0.0   1004.1
     1     1    15    10    17    15     0     0   -39.0   54.040 -136.516      0.2   1003.2
     1     1    15    10    17    14     0     0   -40.0   53.796 -136.807      1.6   1001.9
     1     1    15    10    17    13     0     0   -41.0   53.536 -137.137      3.6   1000.0
     1     1    15    10    17    12     0     0   -42.0   53.255 -137.531      5.6    997.5
     1     1    15    10    17    11     0     0   -43.0   52.962 -137.964      6.7    995.9
     1     1    15    10    17    10     0     0   -44.0   52.667 -138.386      7.0    994.2
     1     1    15    10    17     9     0     0   -45.0   52.376 -138.785      6.9    993.0
     1     1    15    10    17     8     0     0   -46.0   52.096 -139.150      6.9    992.7
     1     1    15    10    17     7     0     0   -47.0   51.824 -139.489      6.9    992.5
     1     1    15    10    17     6     0     0   -48.0   51.554 -139.821      6.9    992.6
     1     1    15    10    17     5     0     0   -49.0   51.292 -140.173      6.9    993.4
     1     1    15    10    17     4     0     0   -50.0   51.049 -140.553      7.3    994.4
     1     1    15    10    17     3     0     0   -51.0   50.824 -140.951      8.0    995.1
     1     1    15    10    17     2     0     0   -52.0   50.612 -141.356      9.0    995.8
     1     1    15    10    17     1     0     0   -53.0   50.410 -141.765      9.8    996.3
     1     1    15    10    17     0     0     0   -54.0   50.214 -142.175     10.2    996.6
     1     1    15    10    16    23     0     0   -55.0   50.022 -142.586     10.3    997.1
     1     1    15    10    16    22     0     0   -56.0   49.839 -142.999     10.6    996.1
     1     1    15    10    16    21     0     0   -57.0   49.674 -143.415     11.0    994.9
     1     1    15    10    16    20     0     0   -58.0   49.528 -143.830     11.4    993.5
     1     1    15    10    16    19     0     0   -59.0   49.401 -144.243     11.8    992.0
     1     1    15    10    16    18     0     0   -60.0   49.296 -144.654     12.1    990.4
     1     1    15    10    16    17     0     0   -61.0   49.205 -145.052     12.3    989.4
     1     1    15    10    16    16     0     0   -62.0   49.120 -145.430     12.4    988.8
     1     1    15    10    16    15     0     0   -63.0   49.038 -145.791     12.4    988.0
     1     1    15    10    16    14     0     0   -64.0   48.961 -146.135     12.3    987.2
     1     1    15    10    16    13     0     0   -65.0   48.892 -146.466     12.1    986.2
     1     1    15    10    16    12     0     0   -66.0   48.832 -146.784     11.8    985.1
     1     1    15    10    16    11     0     0   -67.0   48.774 -147.095     11.5    984.6
     1     1    15    10    16    10     0     0   -68.0   48.711 -147.404     11.2    984.0
     1     1    15    10    16     9     0     0   -69.0   48.646 -147.711     11.1    984.1
     1     1    15    10    16     8     0     0   -70.0   48.583 -148.022     10.9    984.4
     1     1    15    10    16     7     0     0   -71.0   48.529 -148.340     10.8    984.8
     1     1    15    10    16     6     0     0   -72.0   48.490 -148.667     10.8    985.0
