     1     1
    CDC1    16     4     1     0     0
     1 BACKWARD OMEGA   
    16     4    25     0   60.984 -139.059   750.0
     1 PRESSURE
     1     1    16     4    25     0     0     0     0.0   60.984 -139.059    750.0    812.3
     1     1    16     4    24    23     0     0    -1.0   60.875 -138.784    713.4    818.1
     1     1    16     4    24    22     0     0    -2.0   60.766 -138.499    684.8    822.7
     1     1    16     4    24    21     0     0    -3.0   60.657 -138.204    664.2    826.5
     1     1    16     4    24    20     0     0    -4.0   60.548 -137.898    651.8    829.4
     1     1    16     4    24    19     0     0    -5.0   60.438 -137.582    647.9    831.3
     1     1    16     4    24    18     0     0    -6.0   60.328 -137.257    652.8    831.6
     1     1    16     4    24    17     0     0    -7.0   60.222 -136.941    660.8    830.2
     1     1    16     4    24    16     0     0    -8.0   60.117 -136.651    667.0    829.7
     1     1    16     4    24    15     0     0    -9.0   60.015 -136.383    670.6    829.6
     1     1    16     4    24    14     0     0   -10.0   59.916 -136.141    671.7    830.9
     1     1    16     4    24    13     0     0   -11.0   59.823 -135.927    670.0    832.7
     1     1    16     4    24    12     0     0   -12.0   59.734 -135.741    665.3    834.7
     1     1    16     4    24    11     0     0   -13.0   59.641 -135.577    659.6    837.5
     1     1    16     4    24    10     0     0   -14.0   59.538 -135.432    654.5    840.4
     1     1    16     4    24     9     0     0   -15.0   59.422 -135.301    649.9    843.5
     1     1    16     4    24     8     0     0   -16.0   59.295 -135.182    645.6    846.9
     1     1    16     4    24     7     0     0   -17.0   59.157 -135.073    641.2    850.5
     1     1    16     4    24     6     0     0   -18.0   59.008 -134.970    636.5    854.4
     1     1    16     4    24     5     0     0   -19.0   58.846 -134.870    630.8    858.0
     1     1    16     4    24     4     0     0   -20.0   58.673 -134.771    624.0    862.1
     1     1    16     4    24     3     0     0   -21.0   58.487 -134.675    616.4    866.5
     1     1    16     4    24     2     0     0   -22.0   58.291 -134.582    608.3    871.0
     1     1    16     4    24     1     0     0   -23.0   58.086 -134.493    600.0    875.7
     1     1    16     4    24     0     0     0   -24.0   57.871 -134.409    591.9    880.5
     1     1    16     4    23    23     0     0   -25.0   57.652 -134.332    582.5    884.9
     1     1    16     4    23    22     0     0   -26.0   57.435 -134.264    570.3    889.6
     1     1    16     4    23    21     0     0   -27.0   57.223 -134.219    555.2    894.2
     1     1    16     4    23    20     0     0   -28.0   57.017 -134.204    537.5    899.6
     1     1    16     4    23    19     0     0   -29.0   56.815 -134.218    517.0    905.6
     1     1    16     4    23    18     0     0   -30.0   56.617 -134.262    493.8    912.4
     1     1    16     4    23    17     0     0   -31.0   56.416 -134.319    470.3    919.6
     1     1    16     4    23    16     0     0   -32.0   56.206 -134.375    448.6    926.4
     1     1    16     4    23    15     0     0   -33.0   55.984 -134.432    429.5    933.2
     1     1    16     4    23    14     0     0   -34.0   55.751 -134.491    413.4    939.8
     1     1    16     4    23    13     0     0   -35.0   55.504 -134.553    400.9    946.2
     1     1    16     4    23    12     0     0   -36.0   55.240 -134.621    392.6    952.4
     1     1    16     4    23    11     0     0   -37.0   54.967 -134.697    388.0    958.2
     1     1    16     4    23    10     0     0   -38.0   54.693 -134.780    385.2    960.0
     1     1    16     4    23     9     0     0   -39.0   54.418 -134.872    383.8    961.4
     1     1    16     4    23     8     0     0   -40.0   54.138 -134.971    383.1    962.7
     1     1    16     4    23     7     0     0   -41.0   53.848 -135.079    382.1    963.1
     1     1    16     4    23     6     0     0   -42.0   53.544 -135.196    380.1    963.3
     1     1    16     4    23     5     0     0   -43.0   53.239 -135.317    375.4    963.7
     1     1    16     4    23     4     0     0   -44.0   52.947 -135.429    366.7    964.4
     1     1    16     4    23     3     0     0   -45.0   52.667 -135.526    353.7    965.4
     1     1    16     4    23     2     0     0   -46.0   52.403 -135.599    336.7    966.6
     1     1    16     4    23     1     0     0   -47.0   52.159 -135.647    316.7    967.9
     1     1    16     4    23     0     0     0   -48.0   51.938 -135.670    294.6    969.5
     1     1    16     4    22    23     0     0   -49.0   51.738 -135.676    273.5    971.9
     1     1    16     4    22    22     0     0   -50.0   51.558 -135.676    256.2    973.6
     1     1    16     4    22    21     0     0   -51.0   51.398 -135.665    242.2    975.0
     1     1    16     4    22    20     0     0   -52.0   51.256 -135.641    231.1    976.2
     1     1    16     4    22    19     0     0   -53.0   51.134 -135.598    222.5    977.2
     1     1    16     4    22    18     0     0   -54.0   51.032 -135.535    216.5    977.9
     1     1    16     4    22    17     0     0   -55.0   50.950 -135.459    211.7    978.3
     1     1    16     4    22    16     0     0   -56.0   50.887 -135.375    207.2    978.8
     1     1    16     4    22    15     0     0   -57.0   50.845 -135.283    203.1    979.4
     1     1    16     4    22    14     0     0   -58.0   50.824 -135.182    199.4    979.8
     1     1    16     4    22    13     0     0   -59.0   50.823 -135.070    196.3    980.2
     1     1    16     4    22    12     0     0   -60.0   50.844 -134.947    193.8    980.6
     1     1    16     4    22    11     0     0   -61.0   50.873 -134.797    192.1    981.4
     1     1    16     4    22    10     0     0   -62.0   50.901 -134.608    191.5    982.1
     1     1    16     4    22     9     0     0   -63.0   50.926 -134.381    192.2    982.8
     1     1    16     4    22     8     0     0   -64.0   50.946 -134.121    194.1    983.4
     1     1    16     4    22     7     0     0   -65.0   50.960 -133.828    197.4    984.0
     1     1    16     4    22     6     0     0   -66.0   50.966 -133.507    202.0    984.5
     1     1    16     4    22     5     0     0   -67.0   50.962 -133.173    207.9    984.3
     1     1    16     4    22     4     0     0   -68.0   50.946 -132.841    215.4    984.0
     1     1    16     4    22     3     0     0   -69.0   50.919 -132.510    224.7    983.5
     1     1    16     4    22     2     0     0   -70.0   50.878 -132.185    235.4    980.2
     1     1    16     4    22     1     0     0   -71.0   50.825 -131.867    247.1    976.9
     1     1    16     4    22     0     0     0   -72.0   50.760 -131.555    259.8    973.9
