     1     1
    CDC1    16     3     1     0     0
     1 BACKWARD OMEGA   
    16     3    26    18   60.984 -139.059   750.0
     1 PRESSURE
     1     1    16     3    26    18     0     0     0.0   60.984 -139.059    750.0    800.5
     1     1    16     3    26    17     0     0    -1.0   60.753 -138.858    670.4    812.5
     1     1    16     3    26    16     0     0    -2.0   60.513 -138.638    591.2    825.2
     1     1    16     3    26    15     0     0    -3.0   60.265 -138.387    513.5    837.3
     1     1    16     3    26    14     0     0    -4.0   60.013 -138.096    438.6    849.8
     1     1    16     3    26    13     0     0    -5.0   59.763 -137.775    370.7    866.1
     1     1    16     3    26    12     0     0    -6.0   59.525 -137.439    313.9    879.5
     1     1    16     3    26    11     0     0    -7.0   59.295 -137.116    267.0    890.9
     1     1    16     3    26    10     0     0    -8.0   59.069 -136.831    226.9    902.0
     1     1    16     3    26     9     0     0    -9.0   58.846 -136.582    192.8    912.5
     1     1    16     3    26     8     0     0   -10.0   58.625 -136.364    163.2    921.5
     1     1    16     3    26     7     0     0   -11.0   58.407 -136.175    137.2    930.5
     1     1    16     3    26     6     0     0   -12.0   58.191 -136.011    114.8    939.3
     1     1    16     3    26     5     0     0   -13.0   57.978 -135.852     96.0    947.4
     1     1    16     3    26     4     0     0   -14.0   57.767 -135.680     80.6    955.0
     1     1    16     3    26     3     0     0   -15.0   57.556 -135.500     67.7    961.6
     1     1    16     3    26     2     0     0   -16.0   57.343 -135.319     56.5    966.1
     1     1    16     3    26     1     0     0   -17.0   57.124 -135.147     46.5    970.5
     1     1    16     3    26     0     0     0   -18.0   56.897 -134.983     37.8    975.2
     1     1    16     3    25    23     0     0   -19.0   56.669 -134.827     29.7    978.7
     1     1    16     3    25    22     0     0   -20.0   56.445 -134.678     22.3    982.5
     1     1    16     3    25    21     0     0   -21.0   56.228 -134.536     16.1    986.2
     1     1    16     3    25    20     0     0   -22.0   56.022 -134.402     11.5    989.9
     1     1    16     3    25    19     0     0   -23.0   55.825 -134.275      7.8    992.7
     1     1    16     3    25    18     0     0   -24.0   55.640 -134.155      4.5    995.3
     1     1    16     3    25    17     0     0   -25.0   55.466 -134.046      1.4    997.9
     1     1    16     3    25    16     0     0   -26.0   55.307 -133.956      0.0   1000.5
     1     1    16     3    25    15     0     0   -27.0   55.161 -133.884      0.0   1003.0
     1     1    16     3    25    14     0     0   -28.0   55.028 -133.830      0.0   1005.5
     1     1    16     3    25    13     0     0   -29.0   54.908 -133.795      0.0   1006.6
     1     1    16     3    25    12     0     0   -30.0   54.801 -133.783      0.0   1007.3
     1     1    16     3    25    11     0     0   -31.0   54.709 -133.790      0.0   1007.9
     1     1    16     3    25    10     0     0   -32.0   54.631 -133.811      0.0   1008.5
     1     1    16     3    25     9     0     0   -33.0   54.569 -133.846      0.0   1009.2
     1     1    16     3    25     8     0     0   -34.0   54.522 -133.898      0.0   1009.8
     1     1    16     3    25     7     0     0   -35.0   54.492 -133.965      0.0   1010.5
     1     1    16     3    25     6     0     0   -36.0   54.478 -134.048      0.0   1011.2
     1     1    16     3    25     5     0     0   -37.0   54.475 -134.140      0.0   1011.5
     1     1    16     3    25     4     0     0   -38.0   54.479 -134.239      0.0   1011.8
     1     1    16     3    25     3     0     0   -39.0   54.490 -134.346      0.0   1012.2
     1     1    16     3    25     2     0     0   -40.0   54.508 -134.460      0.0   1012.7
     1     1    16     3    25     1     0     0   -41.0   54.534 -134.581      0.0   1013.2
     1     1    16     3    25     0     0     0   -42.0   54.570 -134.709      0.0   1013.9
     1     1    16     3    24    23     0     0   -43.0   54.614 -134.843      0.0   1014.1
     1     1    16     3    24    22     0     0   -44.0   54.666 -134.980      0.0   1014.4
     1     1    16     3    24    21     0     0   -45.0   54.727 -135.115      0.0   1013.6
     1     1    16     3    24    20     0     0   -46.0   54.795 -135.242      0.0   1012.7
     1     1    16     3    24    19     0     0   -47.0   54.871 -135.356      0.0   1011.7
     1     1    16     3    24    18     0     0   -48.0   54.953 -135.451      0.0   1010.8
     1     1    16     3    24    17     0     0   -49.0   55.037 -135.520      0.0   1008.9
     1     1    16     3    24    16     0     0   -50.0   55.115 -135.567      0.9   1006.5
     1     1    16     3    24    15     0     0   -51.0   55.187 -135.597      2.8   1004.1
     1     1    16     3    24    14     0     0   -52.0   55.256 -135.610      5.7   1001.8
     1     1    16     3    24    13     0     0   -53.0   55.320 -135.605      9.4    999.6
     1     1    16     3    24    12     0     0   -54.0   55.377 -135.584     14.6    996.6
     1     1    16     3    24    11     0     0   -55.0   55.415 -135.544     21.6    994.4
     1     1    16     3    24    10     0     0   -56.0   55.423 -135.481     29.9    992.6
     1     1    16     3    24     9     0     0   -57.0   55.402 -135.400     38.9    991.3
     1     1    16     3    24     8     0     0   -58.0   55.355 -135.306     48.5    990.6
     1     1    16     3    24     7     0     0   -59.0   55.280 -135.205     58.3    990.5
     1     1    16     3    24     6     0     0   -60.0   55.180 -135.101     67.9    991.1
     1     1    16     3    24     5     0     0   -61.0   55.051 -134.987     76.5    991.8
     1     1    16     3    24     4     0     0   -62.0   54.887 -134.853     82.9    990.2
     1     1    16     3    24     3     0     0   -63.0   54.689 -134.715     87.0    988.5
     1     1    16     3    24     2     0     0   -64.0   54.460 -134.590     89.6    987.4
     1     1    16     3    24     1     0     0   -65.0   54.203 -134.491     91.7    986.9
     1     1    16     3    24     0     0     0   -66.0   53.920 -134.428     93.9    986.8
     1     1    16     3    23    23     0     0   -67.0   53.622 -134.419     96.1    987.3
     1     1    16     3    23    22     0     0   -68.0   53.313 -134.467     96.7    988.3
     1     1    16     3    23    21     0     0   -69.0   52.991 -134.567     94.9    989.6
     1     1    16     3    23    20     0     0   -70.0   52.648 -134.712     89.9    991.3
     1     1    16     3    23    19     0     0   -71.0   52.281 -134.896     81.2    992.5
     1     1    16     3    23    18     0     0   -72.0   51.890 -135.117     70.1    992.7
