     1     1
    CDC1    16     1     1     0     0
     1 BACKWARD OMEGA   
    16     1     7     6   60.984 -139.059   750.0
     1 PRESSURE
     1     1    16     1     7     6     0     0     0.0   60.984 -139.059    750.0    807.8
     1     1    16     1     7     5     0     0    -1.0   60.835 -138.907    742.4    810.7
     1     1    16     1     7     4     0     0    -2.0   60.679 -138.750    738.9    813.1
     1     1    16     1     7     3     0     0    -3.0   60.516 -138.587    739.8    815.1
     1     1    16     1     7     2     0     0    -4.0   60.347 -138.413    745.1    816.7
     1     1    16     1     7     1     0     0    -5.0   60.171 -138.223    755.1    817.8
     1     1    16     1     7     0     0     0    -6.0   59.990 -138.014    770.4    818.6
     1     1    16     1     6    23     0     0    -7.0   59.817 -137.778    788.3    821.2
     1     1    16     1     6    22     0     0    -8.0   59.661 -137.516    804.6    823.6
     1     1    16     1     6    21     0     0    -9.0   59.517 -137.233    820.0    825.2
     1     1    16     1     6    20     0     0   -10.0   59.382 -136.935    835.1    826.3
     1     1    16     1     6    19     0     0   -11.0   59.252 -136.625    850.1    827.2
     1     1    16     1     6    18     0     0   -12.0   59.122 -136.305    865.2    827.8
     1     1    16     1     6    17     0     0   -13.0   59.003 -135.985    879.3    827.9
     1     1    16     1     6    16     0     0   -14.0   58.904 -135.670    891.2    827.6
     1     1    16     1     6    15     0     0   -15.0   58.822 -135.361    900.4    826.9
     1     1    16     1     6    14     0     0   -16.0   58.757 -135.060    906.6    826.0
     1     1    16     1     6    13     0     0   -17.0   58.706 -134.765    909.4    823.7
     1     1    16     1     6    12     0     0   -18.0   58.669 -134.477    909.5    821.0
     1     1    16     1     6    11     0     0   -19.0   58.639 -134.179    907.0    818.4
     1     1    16     1     6    10     0     0   -20.0   58.609 -133.856    901.0    815.8
     1     1    16     1     6     9     0     0   -21.0   58.576 -133.506    891.3    813.2
     1     1    16     1     6     8     0     0   -22.0   58.539 -133.128    877.3    810.7
     1     1    16     1     6     7     0     0   -23.0   58.494 -132.721    858.5    808.2
     1     1    16     1     6     6     0     0   -24.0   58.438 -132.285    834.6    805.7
     1     1    16     1     6     5     0     0   -25.0   58.370 -131.847    812.1    804.0
     1     1    16     1     6     4     0     0   -26.0   58.290 -131.435    796.6    801.1
     1     1    16     1     6     3     0     0   -27.0   58.201 -131.045    786.6    797.8
     1     1    16     1     6     2     0     0   -28.0   58.104 -130.674    781.0    794.0
     1     1    16     1     6     1     0     0   -29.0   57.998 -130.319    778.4    789.9
     1     1    16     1     6     0     0     0   -30.0   57.886 -129.977    777.5    785.7
     1     1    16     1     5    23     0     0   -31.0   57.773 -129.639    778.5    784.0
     1     1    16     1     5    22     0     0   -32.0   57.666 -129.298    780.4    782.0
     1     1    16     1     5    21     0     0   -33.0   57.566 -128.952    783.6    779.5
     1     1    16     1     5    20     0     0   -34.0   57.474 -128.603    788.6    777.1
     1     1    16     1     5    19     0     0   -35.0   57.391 -128.251    796.1    775.3
     1     1    16     1     5    18     0     0   -36.0   57.316 -127.896    806.2    773.0
     1     1    16     1     5    17     0     0   -37.0   57.253 -127.553    819.4    769.9
     1     1    16     1     5    16     0     0   -38.0   57.200 -127.233    839.8    769.5
     1     1    16     1     5    15     0     0   -39.0   57.152 -126.936    867.3    768.7
     1     1    16     1     5    14     0     0   -40.0   57.110 -126.660    901.9    767.0
     1     1    16     1     5    13     0     0   -41.0   57.076 -126.408    943.8    764.0
     1     1    16     1     5    12     0     0   -42.0   57.054 -126.178    993.1    760.1
     1     1    16     1     5    11     0     0   -43.0   57.033 -125.949   1045.3    755.6
     1     1    16     1     5    10     0     0   -44.0   57.003 -125.699   1095.8    751.8
     1     1    16     1     5     9     0     0   -45.0   56.964 -125.426   1144.3    748.4
     1     1    16     1     5     8     0     0   -46.0   56.916 -125.130   1190.9    745.3
     1     1    16     1     5     7     0     0   -47.0   56.861 -124.813   1235.8    743.7
     1     1    16     1     5     6     0     0   -48.0   56.795 -124.477   1277.9    742.9
     1     1    16     1     5     5     0     0   -49.0   56.725 -124.137   1314.6    742.9
     1     1    16     1     5     4     0     0   -50.0   56.654 -123.802   1342.1    743.6
     1     1    16     1     5     3     0     0   -51.0   56.585 -123.469   1360.0    744.9
     1     1    16     1     5     2     0     0   -52.0   56.515 -123.136   1367.5    747.1
     1     1    16     1     5     1     0     0   -53.0   56.446 -122.801   1363.7    750.2
     1     1    16     1     5     0     0     0   -54.0   56.378 -122.460   1348.0    754.3
     1     1    16     1     4    23     0     0   -55.0   56.309 -122.119   1326.5    759.3
     1     1    16     1     4    22     0     0   -56.0   56.239 -121.782   1306.8    763.3
     1     1    16     1     4    21     0     0   -57.0   56.171 -121.451   1289.5    767.0
     1     1    16     1     4    20     0     0   -58.0   56.111 -121.126   1275.4    770.2
     1     1    16     1     4    19     0     0   -59.0   56.061 -120.810   1265.3    772.9
     1     1    16     1     4    18     0     0   -60.0   56.025 -120.505   1260.1    775.1
     1     1    16     1     4    17     0     0   -61.0   56.014 -120.220   1256.3    776.9
     1     1    16     1     4    16     0     0   -62.0   56.034 -119.967   1249.4    779.4
     1     1    16     1     4    15     0     0   -63.0   56.087 -119.749   1239.1    782.0
     1     1    16     1     4    14     0     0   -64.0   56.173 -119.567   1225.6    785.0
     1     1    16     1     4    13     0     0   -65.0   56.289 -119.421   1208.5    788.7
     1     1    16     1     4    12     0     0   -66.0   56.436 -119.312   1187.7    792.9
     1     1    16     1     4    11     0     0   -67.0   56.601 -119.218   1165.5    797.5
     1     1    16     1     4    10     0     0   -68.0   56.774 -119.115   1143.9    802.0
     1     1    16     1     4     9     0     0   -69.0   56.955 -118.998   1123.0    806.6
     1     1    16     1     4     8     0     0   -70.0   57.144 -118.864   1102.8    811.4
     1     1    16     1     4     7     0     0   -71.0   57.343 -118.707   1083.4    816.4
     1     1    16     1     4     6     0     0   -72.0   57.553 -118.523   1065.0    821.6
