     1     1
    CDC1    16     1     1     0     0
     1 BACKWARD OMEGA   
    16     1     8    18   60.984 -139.059   750.0
     1 PRESSURE
     1     1    16     1     8    18     0     0     0.0   60.984 -139.059    750.0    807.9
     1     1    16     1     8    17     0     0    -1.0   60.797 -139.055    743.0    811.9
     1     1    16     1     8    16     0     0    -2.0   60.618 -139.034    738.8    815.4
     1     1    16     1     8    15     0     0    -3.0   60.447 -138.999    737.6    818.3
     1     1    16     1     8    14     0     0    -4.0   60.283 -138.952    740.0    820.7
     1     1    16     1     8    13     0     0    -5.0   60.127 -138.894    746.1    822.5
     1     1    16     1     8    12     0     0    -6.0   59.979 -138.827    756.3    823.9
     1     1    16     1     8    11     0     0    -7.0   59.839 -138.744    769.0    827.2
     1     1    16     1     8    10     0     0    -8.0   59.709 -138.645    779.2    830.6
     1     1    16     1     8     9     0     0    -9.0   59.590 -138.536    788.0    833.8
     1     1    16     1     8     8     0     0   -10.0   59.482 -138.421    795.5    836.6
     1     1    16     1     8     7     0     0   -11.0   59.388 -138.306    801.8    839.2
     1     1    16     1     8     6     0     0   -12.0   59.307 -138.194    807.2    841.4
     1     1    16     1     8     5     0     0   -13.0   59.229 -138.092    813.3    843.0
     1     1    16     1     8     4     0     0   -14.0   59.141 -137.999    823.0    844.5
     1     1    16     1     8     3     0     0   -15.0   59.045 -137.915    835.6    845.8
     1     1    16     1     8     2     0     0   -16.0   58.941 -137.839    851.1    847.2
     1     1    16     1     8     1     0     0   -17.0   58.832 -137.769    869.0    848.5
     1     1    16     1     8     0     0     0   -18.0   58.718 -137.704    889.0    849.7
     1     1    16     1     7    23     0     0   -19.0   58.601 -137.634    907.9    850.8
     1     1    16     1     7    22     0     0   -20.0   58.484 -137.548    922.3    852.6
     1     1    16     1     7    21     0     0   -21.0   58.368 -137.449    932.4    854.5
     1     1    16     1     7    20     0     0   -22.0   58.253 -137.338    938.4    856.6
     1     1    16     1     7    19     0     0   -23.0   58.139 -137.215    940.3    859.0
     1     1    16     1     7    18     0     0   -24.0   58.028 -137.083    938.4    861.7
     1     1    16     1     7    17     0     0   -25.0   57.916 -136.944    931.1    864.5
     1     1    16     1     7    16     0     0   -26.0   57.801 -136.800    917.2    868.2
     1     1    16     1     7    15     0     0   -27.0   57.682 -136.652    896.7    872.5
     1     1    16     1     7    14     0     0   -28.0   57.563 -136.498    870.0    877.5
     1     1    16     1     7    13     0     0   -29.0   57.444 -136.337    837.3    882.2
     1     1    16     1     7    12     0     0   -30.0   57.325 -136.169    799.6    886.6
     1     1    16     1     7    11     0     0   -31.0   57.216 -135.982    764.7    891.1
     1     1    16     1     7    10     0     0   -32.0   57.121 -135.770    739.3    893.5
     1     1    16     1     7     9     0     0   -33.0   57.035 -135.535    722.7    894.6
     1     1    16     1     7     8     0     0   -34.0   56.956 -135.281    714.4    894.7
     1     1    16     1     7     7     0     0   -35.0   56.880 -135.007    713.8    893.7
     1     1    16     1     7     6     0     0   -36.0   56.804 -134.714    719.6    889.6
     1     1    16     1     7     5     0     0   -37.0   56.725 -134.402    729.3    884.9
     1     1    16     1     7     4     0     0   -38.0   56.645 -134.070    741.1    880.2
     1     1    16     1     7     3     0     0   -39.0   56.561 -133.723    755.8    875.1
     1     1    16     1     7     2     0     0   -40.0   56.472 -133.362    774.1    869.7
     1     1    16     1     7     1     0     0   -41.0   56.376 -132.990    797.0    864.1
     1     1    16     1     7     0     0     0   -42.0   56.271 -132.612    825.2    858.2
     1     1    16     1     6    23     0     0   -43.0   56.153 -132.238    855.0    851.1
     1     1    16     1     6    22     0     0   -44.0   56.023 -131.874    882.8    844.6
     1     1    16     1     6    21     0     0   -45.0   55.881 -131.517    907.9    838.8
     1     1    16     1     6    20     0     0   -46.0   55.729 -131.163    929.7    833.3
     1     1    16     1     6    19     0     0   -47.0   55.565 -130.808    947.4    828.5
     1     1    16     1     6    18     0     0   -48.0   55.392 -130.447    960.4    824.3
     1     1    16     1     6    17     0     0   -49.0   55.213 -130.088    968.9    820.5
     1     1    16     1     6    16     0     0   -50.0   55.035 -129.741    974.0    818.0
     1     1    16     1     6    15     0     0   -51.0   54.859 -129.407    974.5    815.9
     1     1    16     1     6    14     0     0   -52.0   54.683 -129.083    970.2    814.2
     1     1    16     1     6    13     0     0   -53.0   54.503 -128.765    960.9    813.0
     1     1    16     1     6    12     0     0   -54.0   54.316 -128.448    946.5    812.4
     1     1    16     1     6    11     0     0   -55.0   54.120 -128.124    931.4    812.6
     1     1    16     1     6    10     0     0   -56.0   53.916 -127.785    920.2    811.6
     1     1    16     1     6     9     0     0   -57.0   53.703 -127.435    914.5    810.2
     1     1    16     1     6     8     0     0   -58.0   53.483 -127.077    916.5    809.1
     1     1    16     1     6     7     0     0   -59.0   53.260 -126.721    927.5    806.3
     1     1    16     1     6     6     0     0   -60.0   53.029 -126.373    950.0    801.7
     1     1    16     1     6     5     0     0   -61.0   52.790 -126.042    976.4    795.1
     1     1    16     1     6     4     0     0   -62.0   52.541 -125.729    998.7    789.5
     1     1    16     1     6     3     0     0   -63.0   52.280 -125.434   1015.6    786.0
     1     1    16     1     6     2     0     0   -64.0   52.005 -125.158   1024.5    784.2
     1     1    16     1     6     1     0     0   -65.0   51.719 -124.903   1024.9    784.1
     1     1    16     1     6     0     0     0   -66.0   51.428 -124.672   1016.4    785.7
     1     1    16     1     5    23     0     0   -67.0   51.142 -124.467   1003.7    788.8
     1     1    16     1     5    22     0     0   -68.0   50.870 -124.285    990.9    791.4
     1     1    16     1     5    21     0     0   -69.0   50.610 -124.124    976.4    794.1
     1     1    16     1     5    20     0     0   -70.0   50.362 -123.982    958.9    797.2
     1     1    16     1     5    19     0     0   -71.0   50.123 -123.857    937.3    800.8
     1     1    16     1     5    18     0     0   -72.0   49.893 -123.742    911.9    806.5
