     1     1
    CDC1    15    10     1     0     0
     1 BACKWARD OMEGA   
    15    10    25    12   60.984 -139.059   750.0
     1 PRESSURE
     1     1    15    10    25    12     0     0     0.0   60.984 -139.059    750.0    812.4
     1     1    15    10    25    11     0     0    -1.0   60.844 -139.080    753.5    814.1
     1     1    15    10    25    10     0     0    -2.0   60.701 -139.077    751.6    816.6
     1     1    15    10    25     9     0     0    -3.0   60.554 -139.050    744.1    819.7
     1     1    15    10    25     8     0     0    -4.0   60.404 -138.994    730.7    823.4
     1     1    15    10    25     7     0     0    -5.0   60.249 -138.910    711.2    827.9
     1     1    15    10    25     6     0     0    -6.0   60.087 -138.794    685.5    833.0
     1     1    15    10    25     5     0     0    -7.0   59.914 -138.655    656.9    840.6
     1     1    15    10    25     4     0     0    -8.0   59.727 -138.507    628.3    849.8
     1     1    15    10    25     3     0     0    -9.0   59.532 -138.352    599.9    858.9
     1     1    15    10    25     2     0     0   -10.0   59.332 -138.185    571.8    867.7
     1     1    15    10    25     1     0     0   -11.0   59.130 -138.007    544.0    876.6
     1     1    15    10    25     0     0     0   -12.0   58.928 -137.816    516.0    885.5
     1     1    15    10    24    23     0     0   -13.0   58.726 -137.612    486.8    894.7
     1     1    15    10    24    22     0     0   -14.0   58.525 -137.395    456.2    903.9
     1     1    15    10    24    21     0     0   -15.0   58.326 -137.166    425.2    912.8
     1     1    15    10    24    20     0     0   -16.0   58.126 -136.923    395.2    921.5
     1     1    15    10    24    19     0     0   -17.0   57.926 -136.666    366.8    929.4
     1     1    15    10    24    18     0     0   -18.0   57.726 -136.392    340.8    936.5
     1     1    15    10    24    17     0     0   -19.0   57.532 -136.111    317.9    943.0
     1     1    15    10    24    16     0     0   -20.0   57.354 -135.840    298.4    946.7
     1     1    15    10    24    15     0     0   -21.0   57.194 -135.588    282.1    949.7
     1     1    15    10    24    14     0     0   -22.0   57.051 -135.351    268.6    952.6
     1     1    15    10    24    13     0     0   -23.0   56.925 -135.128    257.4    955.2
     1     1    15    10    24    12     0     0   -24.0   56.815 -134.916    248.0    956.8
     1     1    15    10    24    11     0     0   -25.0   56.715 -134.724    241.1    957.0
     1     1    15    10    24    10     0     0   -26.0   56.622 -134.559    236.8    957.2
     1     1    15    10    24     9     0     0   -27.0   56.532 -134.418    234.7    957.4
     1     1    15    10    24     8     0     0   -28.0   56.446 -134.301    234.2    957.7
     1     1    15    10    24     7     0     0   -29.0   56.363 -134.206    235.1    958.1
     1     1    15    10    24     6     0     0   -30.0   56.282 -134.131    237.0    958.6
     1     1    15    10    24     5     0     0   -31.0   56.204 -134.075    239.9    959.0
     1     1    15    10    24     4     0     0   -32.0   56.130 -134.036    243.6    959.4
     1     1    15    10    24     3     0     0   -33.0   56.060 -134.014    248.4    959.9
     1     1    15    10    24     2     0     0   -34.0   55.994 -134.010    254.4    960.5
     1     1    15    10    24     1     0     0   -35.0   55.933 -134.023    261.6    961.0
     1     1    15    10    24     0     0     0   -36.0   55.875 -134.055    270.3    961.6
     1     1    15    10    23    23     0     0   -37.0   55.822 -134.099    278.2    961.8
     1     1    15    10    23    22     0     0   -38.0   55.776 -134.149    282.9    962.6
     1     1    15    10    23    21     0     0   -39.0   55.738 -134.205    283.8    963.8
     1     1    15    10    23    20     0     0   -40.0   55.709 -134.266    280.7    965.3
     1     1    15    10    23    19     0     0   -41.0   55.687 -134.332    273.4    967.2
     1     1    15    10    23    18     0     0   -42.0   55.674 -134.404    261.7    969.5
     1     1    15    10    23    17     0     0   -43.0   55.668 -134.488    248.5    972.4
     1     1    15    10    23    16     0     0   -44.0   55.667 -134.591    237.1    974.8
     1     1    15    10    23    15     0     0   -45.0   55.670 -134.715    227.6    977.2
     1     1    15    10    23    14     0     0   -46.0   55.679 -134.861    220.3    979.5
     1     1    15    10    23    13     0     0   -47.0   55.693 -135.030    215.5    981.4
     1     1    15    10    23    12     0     0   -48.0   55.710 -135.223    213.3    981.7
     1     1    15    10    23    11     0     0   -49.0   55.722 -135.425    211.9    981.9
     1     1    15    10    23    10     0     0   -50.0   55.725 -135.621    209.7    982.5
     1     1    15    10    23     9     0     0   -51.0   55.721 -135.813    206.7    983.4
     1     1    15    10    23     8     0     0   -52.0   55.713 -136.004    203.1    984.5
     1     1    15    10    23     7     0     0   -53.0   55.702 -136.194    199.1    985.6
     1     1    15    10    23     6     0     0   -54.0   55.689 -136.387    194.8    986.6
     1     1    15    10    23     5     0     0   -55.0   55.669 -136.586    189.7    987.7
     1     1    15    10    23     4     0     0   -56.0   55.636 -136.798    183.6    989.2
     1     1    15    10    23     3     0     0   -57.0   55.590 -137.024    176.4    990.8
     1     1    15    10    23     2     0     0   -58.0   55.532 -137.267    168.5    992.7
     1     1    15    10    23     1     0     0   -59.0   55.464 -137.530    159.8    994.6
     1     1    15    10    23     0     0     0   -60.0   55.385 -137.813    150.4    995.8
     1     1    15    10    22    23     0     0   -61.0   55.302 -138.119    140.8    997.0
     1     1    15    10    22    22     0     0   -62.0   55.220 -138.446    131.4    998.0
     1     1    15    10    22    21     0     0   -63.0   55.137 -138.794    122.0    998.9
     1     1    15    10    22    20     0     0   -64.0   55.050 -139.162    112.7    999.7
     1     1    15    10    22    19     0     0   -65.0   54.959 -139.548    103.4   1000.0
     1     1    15    10    22    18     0     0   -66.0   54.860 -139.952     94.6    999.8
     1     1    15    10    22    17     0     0   -67.0   54.756 -140.388     85.6    999.9
     1     1    15    10    22    16     0     0   -68.0   54.652 -140.867     75.9   1000.6
     1     1    15    10    22    15     0     0   -69.0   54.550 -141.386     66.2   1000.9
     1     1    15    10    22    14     0     0   -70.0   54.447 -141.938     57.2   1001.4
     1     1    15    10    22    13     0     0   -71.0   54.344 -142.515     49.2   1002.0
     1     1    15    10    22    12     0     0   -72.0   54.241 -143.113     42.3   1002.2
