     1     1
    CDC1    16     3     1     0     0
     1 BACKWARD OMEGA   
    16     3    20    12   60.984 -139.059   750.0
     1 PRESSURE
     1     1    16     3    20    12     0     0     0.0   60.984 -139.059    750.0    807.4
     1     1    16     3    20    11     0     0    -1.0   60.732 -138.735    729.8    813.2
     1     1    16     3    20    10     0     0    -2.0   60.476 -138.439    702.7    820.3
     1     1    16     3    20     9     0     0    -3.0   60.215 -138.169    669.7    828.2
     1     1    16     3    20     8     0     0    -4.0   59.947 -137.923    632.7    837.5
     1     1    16     3    20     7     0     0    -5.0   59.676 -137.696    596.5    849.7
     1     1    16     3    20     6     0     0    -6.0   59.404 -137.481    564.3    860.8
     1     1    16     3    20     5     0     0    -7.0   59.130 -137.259    535.3    870.7
     1     1    16     3    20     4     0     0    -8.0   58.851 -137.015    508.3    880.6
     1     1    16     3    20     3     0     0    -9.0   58.567 -136.748    483.5    890.3
     1     1    16     3    20     2     0     0   -10.0   58.279 -136.462    461.1    899.7
     1     1    16     3    20     1     0     0   -11.0   57.986 -136.159    441.3    908.6
     1     1    16     3    20     0     0     0   -12.0   57.688 -135.841    424.0    917.1
     1     1    16     3    19    23     0     0   -13.0   57.393 -135.521    407.7    923.7
     1     1    16     3    19    22     0     0   -14.0   57.114 -135.212    391.2    928.3
     1     1    16     3    19    21     0     0   -15.0   56.852 -134.912    374.0    932.4
     1     1    16     3    19    20     0     0   -16.0   56.610 -134.623    355.8    934.6
     1     1    16     3    19    19     0     0   -17.0   56.389 -134.344    336.6    937.1
     1     1    16     3    19    18     0     0   -18.0   56.186 -134.072    316.7    939.6
     1     1    16     3    19    17     0     0   -19.0   55.997 -133.804    298.3    942.3
     1     1    16     3    19    16     0     0   -20.0   55.816 -133.535    283.5    944.4
     1     1    16     3    19    15     0     0   -21.0   55.640 -133.265    272.3    946.2
     1     1    16     3    19    14     0     0   -22.0   55.468 -132.990    264.3    947.8
     1     1    16     3    19    13     0     0   -23.0   55.297 -132.710    259.1    949.1
     1     1    16     3    19    12     0     0   -24.0   55.125 -132.422    256.3    949.8
     1     1    16     3    19    11     0     0   -25.0   54.952 -132.143    253.7    948.2
     1     1    16     3    19    10     0     0   -26.0   54.784 -131.894    249.5    946.4
     1     1    16     3    19     9     0     0   -27.0   54.624 -131.675    243.3    945.6
     1     1    16     3    19     8     0     0   -28.0   54.473 -131.484    235.2    945.6
     1     1    16     3    19     7     0     0   -29.0   54.332 -131.319    225.4    946.3
     1     1    16     3    19     6     0     0   -30.0   54.203 -131.178    213.9    947.6
     1     1    16     3    19     5     0     0   -31.0   54.077 -131.042    202.2    949.6
     1     1    16     3    19     4     0     0   -32.0   53.946 -130.897    191.6    951.2
     1     1    16     3    19     3     0     0   -33.0   53.811 -130.743    182.1    952.5
     1     1    16     3    19     2     0     0   -34.0   53.671 -130.581    173.7    953.9
     1     1    16     3    19     1     0     0   -35.0   53.525 -130.413    166.4    955.3
     1     1    16     3    19     0     0     0   -36.0   53.375 -130.240    160.1    956.8
     1     1    16     3    18    23     0     0   -37.0   53.230 -130.056    155.3    957.9
     1     1    16     3    18    22     0     0   -38.0   53.103 -129.857    152.2    957.6
     1     1    16     3    18    21     0     0   -39.0   52.994 -129.640    150.9    956.1
     1     1    16     3    18    20     0     0   -40.0   52.904 -129.406    151.3    953.6
     1     1    16     3    18    19     0     0   -41.0   52.831 -129.156    153.7    950.3
     1     1    16     3    18    18     0     0   -42.0   52.774 -128.891    158.4    946.1
     1     1    16     3    18    17     0     0   -43.0   52.725 -128.622    166.8    941.6
     1     1    16     3    18    16     0     0   -44.0   52.675 -128.358    180.7    936.7
     1     1    16     3    18    15     0     0   -45.0   52.621 -128.098    202.2    931.1
     1     1    16     3    18    14     0     0   -46.0   52.561 -127.847    231.9    923.9
     1     1    16     3    18    13     0     0   -47.0   52.495 -127.604    270.0    916.2
     1     1    16     3    18    12     0     0   -48.0   52.423 -127.371    315.0    908.3
     1     1    16     3    18    11     0     0   -49.0   52.345 -127.140    361.4    900.6
     1     1    16     3    18    10     0     0   -50.0   52.263 -126.902    405.9    893.0
     1     1    16     3    18     9     0     0   -51.0   52.176 -126.654    449.5    885.4
     1     1    16     3    18     8     0     0   -52.0   52.086 -126.391    493.4    877.9
     1     1    16     3    18     7     0     0   -53.0   51.992 -126.110    538.5    870.2
     1     1    16     3    18     6     0     0   -54.0   51.896 -125.809    585.9    862.3
     1     1    16     3    18     5     0     0   -55.0   51.803 -125.513    640.0    854.0
     1     1    16     3    18     4     0     0   -56.0   51.720 -125.256    704.1    844.5
     1     1    16     3    18     3     0     0   -57.0   51.653 -125.043    778.7    834.6
     1     1    16     3    18     2     0     0   -58.0   51.605 -124.871    863.9    824.9
     1     1    16     3    18     1     0     0   -59.0   51.578 -124.740    959.7    814.2
     1     1    16     3    18     0     0     0   -60.0   51.577 -124.649   1066.7    802.3
     1     1    16     3    17    23     0     0   -61.0   51.602 -124.567   1177.3    789.0
     1     1    16     3    17    22     0     0   -62.0   51.652 -124.466   1284.2    776.4
     1     1    16     3    17    21     0     0   -63.0   51.729 -124.348   1386.6    763.4
     1     1    16     3    17    20     0     0   -64.0   51.833 -124.216   1484.0    750.7
     1     1    16     3    17    19     0     0   -65.0   51.962 -124.072   1575.5    738.5
     1     1    16     3    17    18     0     0   -66.0   52.117 -123.917   1660.3    726.7
     1     1    16     3    17    17     0     0   -67.0   52.290 -123.779   1743.2    715.4
     1     1    16     3    17    16     0     0   -68.0   52.475 -123.681   1828.1    704.1
     1     1    16     3    17    15     0     0   -69.0   52.669 -123.620   1915.6    695.7
     1     1    16     3    17    14     0     0   -70.0   52.868 -123.595   2001.2    688.5
     1     1    16     3    17    13     0     0   -71.0   53.069 -123.601   2082.5    682.1
     1     1    16     3    17    12     0     0   -72.0   53.270 -123.635   2157.1    676.3
