     1     1
    CDC1    15    12     1     0     0
     1 BACKWARD OMEGA   
    15    12    28    12   60.984 -139.059   750.0
     1 PRESSURE
     1     1    15    12    28    12     0     0     0.0   60.984 -139.059    750.0    806.8
     1     1    15    12    28    11     0     0    -1.0   60.644 -138.906    722.0    815.7
     1     1    15    12    28    10     0     0    -2.0   60.316 -138.751    684.9    826.1
     1     1    15    12    28     9     0     0    -3.0   60.002 -138.592    640.7    837.3
     1     1    15    12    28     8     0     0    -4.0   59.711 -138.446    597.6    852.7
     1     1    15    12    28     7     0     0    -5.0   59.447 -138.325    562.0    865.4
     1     1    15    12    28     6     0     0    -6.0   59.211 -138.225    534.5    876.2
     1     1    15    12    28     5     0     0    -7.0   59.002 -138.139    514.3    885.0
     1     1    15    12    28     4     0     0    -8.0   58.823 -138.062    500.3    892.2
     1     1    15    12    28     3     0     0    -9.0   58.670 -137.996    491.7    898.0
     1     1    15    12    28     2     0     0   -10.0   58.544 -137.941    487.8    902.4
     1     1    15    12    28     1     0     0   -11.0   58.444 -137.899    488.1    905.5
     1     1    15    12    28     0     0     0   -12.0   58.368 -137.872    492.5    907.4
     1     1    15    12    27    23     0     0   -13.0   58.302 -137.842    498.3    908.1
     1     1    15    12    27    22     0     0   -14.0   58.231 -137.791    503.2    909.2
     1     1    15    12    27    21     0     0   -15.0   58.157 -137.718    507.4    910.5
     1     1    15    12    27    20     0     0   -16.0   58.078 -137.624    511.0    912.0
     1     1    15    12    27    19     0     0   -17.0   57.995 -137.509    514.5    913.5
     1     1    15    12    27    18     0     0   -18.0   57.905 -137.372    518.2    914.6
     1     1    15    12    27    17     0     0   -19.0   57.812 -137.231    523.5    916.0
     1     1    15    12    27    16     0     0   -20.0   57.716 -137.097    531.2    917.0
     1     1    15    12    27    15     0     0   -21.0   57.618 -136.969    541.3    917.7
     1     1    15    12    27    14     0     0   -22.0   57.518 -136.845    553.8    918.3
     1     1    15    12    27    13     0     0   -23.0   57.416 -136.730    568.8    917.1
     1     1    15    12    27    12     0     0   -24.0   57.314 -136.625    586.7    915.5
     1     1    15    12    27    11     0     0   -25.0   57.211 -136.538    602.2    913.8
     1     1    15    12    27    10     0     0   -26.0   57.106 -136.470    609.2    913.8
     1     1    15    12    27     9     0     0   -27.0   56.999 -136.418    607.8    914.9
     1     1    15    12    27     8     0     0   -28.0   56.888 -136.382    598.2    917.2
     1     1    15    12    27     7     0     0   -29.0   56.775 -136.360    580.7    920.4
     1     1    15    12    27     6     0     0   -30.0   56.658 -136.350    555.8    924.7
     1     1    15    12    27     5     0     0   -31.0   56.543 -136.356    529.4    929.4
     1     1    15    12    27     4     0     0   -32.0   56.437 -136.383    506.8    933.2
     1     1    15    12    27     3     0     0   -33.0   56.339 -136.434    487.5    936.6
     1     1    15    12    27     2     0     0   -34.0   56.248 -136.508    471.2    939.6
     1     1    15    12    27     1     0     0   -35.0   56.164 -136.609    457.7    942.4
     1     1    15    12    27     0     0     0   -36.0   56.087 -136.738    446.9    944.8
     1     1    15    12    26    23     0     0   -37.0   56.011 -136.873    436.6    946.9
     1     1    15    12    26    22     0     0   -38.0   55.936 -136.988    425.3    949.4
     1     1    15    12    26    21     0     0   -39.0   55.862 -137.085    412.7    951.9
     1     1    15    12    26    20     0     0   -40.0   55.790 -137.165    398.9    954.5
     1     1    15    12    26    19     0     0   -41.0   55.719 -137.230    383.9    957.2
     1     1    15    12    26    18     0     0   -42.0   55.650 -137.280    367.5    959.5
     1     1    15    12    26    17     0     0   -43.0   55.575 -137.309    348.8    962.4
     1     1    15    12    26    16     0     0   -44.0   55.487 -137.311    327.6    965.8
     1     1    15    12    26    15     0     0   -45.0   55.387 -137.286    303.9    969.5
     1     1    15    12    26    14     0     0   -46.0   55.277 -137.234    278.0    973.7
     1     1    15    12    26    13     0     0   -47.0   55.159 -137.157    250.3    978.4
     1     1    15    12    26    12     0     0   -48.0   55.034 -137.054    221.3    983.5
     1     1    15    12    26    11     0     0   -49.0   54.899 -136.932    190.0    988.1
     1     1    15    12    26    10     0     0   -50.0   54.745 -136.795    155.9    992.1
     1     1    15    12    26     9     0     0   -51.0   54.565 -136.634    120.9    996.7
     1     1    15    12    26     8     0     0   -52.0   54.350 -136.437     87.0   1001.9
     1     1    15    12    26     7     0     0   -53.0   54.089 -136.192     57.2   1006.2
     1     1    15    12    26     6     0     0   -54.0   53.763 -135.890     34.0   1010.2
     1     1    15    12    26     5     0     0   -55.0   53.369 -135.539     19.9   1014.7
     1     1    15    12    26     4     0     0   -56.0   52.921 -135.165     12.3   1018.2
     1     1    15    12    26     3     0     0   -57.0   52.433 -134.781      8.4   1020.6
     1     1    15    12    26     2     0     0   -58.0   51.947 -134.417      5.9   1021.3
     1     1    15    12    26     1     0     0   -59.0   51.491 -134.091      3.9   1022.3
     1     1    15    12    26     0     0     0   -60.0   51.067 -133.803      2.7   1023.6
     1     1    15    12    25    23     0     0   -61.0   50.691 -133.566      1.9   1024.7
     1     1    15    12    25    22     0     0   -62.0   50.372 -133.388      1.2   1025.6
     1     1    15    12    25    21     0     0   -63.0   50.111 -133.261      0.7   1026.5
     1     1    15    12    25    20     0     0   -64.0   49.905 -133.180      0.1   1027.1
     1     1    15    12    25    19     0     0   -65.0   49.754 -133.136      0.0   1027.6
     1     1    15    12    25    18     0     0   -66.0   49.656 -133.124      0.0   1027.9
     1     1    15    12    25    17     0     0   -67.0   49.601 -133.140      0.0   1027.6
     1     1    15    12    25    16     0     0   -68.0   49.584 -133.180      0.0   1027.3
     1     1    15    12    25    15     0     0   -69.0   49.603 -133.244      0.0   1027.0
     1     1    15    12    25    14     0     0   -70.0   49.659 -133.330      0.3   1026.7
     1     1    15    12    25    13     0     0   -71.0   49.750 -133.439      0.8   1026.3
     1     1    15    12    25    12     0     0   -72.0   49.877 -133.569      1.6   1025.9
