     1     1
    CDC1    16     4     1     0     0
     1 BACKWARD OMEGA   
    16     4    20     0   60.984 -139.059   750.0
     1 PRESSURE
     1     1    16     4    20     0     0     0     0.0   60.984 -139.059    750.0    818.8
     1     1    16     4    19    23     0     0    -1.0   60.931 -139.109    745.9    820.3
     1     1    16     4    19    22     0     0    -2.0   60.871 -139.189    739.9    822.3
     1     1    16     4    19    21     0     0    -3.0   60.803 -139.296    731.7    824.7
     1     1    16     4    19    20     0     0    -4.0   60.725 -139.427    721.2    827.7
     1     1    16     4    19    19     0     0    -5.0   60.635 -139.577    708.1    831.2
     1     1    16     4    19    18     0     0    -6.0   60.530 -139.742    692.4    835.4
     1     1    16     4    19    17     0     0    -7.0   60.414 -139.904    671.6    839.3
     1     1    16     4    19    16     0     0    -8.0   60.291 -140.048    645.0    844.4
     1     1    16     4    19    15     0     0    -9.0   60.163 -140.173    612.0    850.6
     1     1    16     4    19    14     0     0   -10.0   60.030 -140.276    573.8    857.1
     1     1    16     4    19    13     0     0   -11.0   59.895 -140.358    532.8    865.5
     1     1    16     4    19    12     0     0   -12.0   59.760 -140.424    490.1    874.6
     1     1    16     4    19    11     0     0   -13.0   59.628 -140.499    447.8    884.5
     1     1    16     4    19    10     0     0   -14.0   59.500 -140.601    407.8    894.0
     1     1    16     4    19     9     0     0   -15.0   59.374 -140.728    369.6    903.5
     1     1    16     4    19     8     0     0   -16.0   59.251 -140.876    332.8    912.2
     1     1    16     4    19     7     0     0   -17.0   59.128 -141.045    297.2    921.1
     1     1    16     4    19     6     0     0   -18.0   59.006 -141.234    263.0    930.2
     1     1    16     4    19     5     0     0   -19.0   58.883 -141.423    231.5    939.3
     1     1    16     4    19     4     0     0   -20.0   58.759 -141.600    204.3    947.9
     1     1    16     4    19     3     0     0   -21.0   58.635 -141.772    181.8    955.4
     1     1    16     4    19     2     0     0   -22.0   58.510 -141.948    164.6    962.3
     1     1    16     4    19     1     0     0   -23.0   58.385 -142.133    152.7    968.8
     1     1    16     4    19     0     0     0   -24.0   58.260 -142.329    146.3    974.8
     1     1    16     4    18    23     0     0   -25.0   58.143 -142.531    143.0    979.4
     1     1    16     4    18    22     0     0   -26.0   58.046 -142.732    140.0    983.4
     1     1    16     4    18    21     0     0   -27.0   57.969 -142.936    136.9    986.8
     1     1    16     4    18    20     0     0   -28.0   57.913 -143.146    133.2    989.5
     1     1    16     4    18    19     0     0   -29.0   57.878 -143.366    128.9    991.7
     1     1    16     4    18    18     0     0   -30.0   57.863 -143.596    123.7    993.4
     1     1    16     4    18    17     0     0   -31.0   57.854 -143.812    119.1    995.8
     1     1    16     4    18    16     0     0   -32.0   57.839 -143.992    116.0    997.8
     1     1    16     4    18    15     0     0   -33.0   57.818 -144.139    114.3    999.6
     1     1    16     4    18    14     0     0   -34.0   57.791 -144.256    113.9   1001.1
     1     1    16     4    18    13     0     0   -35.0   57.761 -144.344    114.6   1002.4
     1     1    16     4    18    12     0     0   -36.0   57.727 -144.406    116.4   1003.4
     1     1    16     4    18    11     0     0   -37.0   57.688 -144.462    118.8   1004.8
     1     1    16     4    18    10     0     0   -38.0   57.644 -144.536    121.2   1006.6
     1     1    16     4    18     9     0     0   -39.0   57.595 -144.628    123.5   1008.7
     1     1    16     4    18     8     0     0   -40.0   57.541 -144.737    125.8   1011.1
     1     1    16     4    18     7     0     0   -41.0   57.484 -144.863    128.3   1013.0
     1     1    16     4    18     6     0     0   -42.0   57.423 -145.004    131.0   1013.3
     1     1    16     4    18     5     0     0   -43.0   57.364 -145.152    134.2   1012.5
     1     1    16     4    18     4     0     0   -44.0   57.311 -145.295    138.1   1011.8
     1     1    16     4    18     3     0     0   -45.0   57.262 -145.435    142.8   1010.9
     1     1    16     4    18     2     0     0   -46.0   57.218 -145.569    148.5   1010.0
     1     1    16     4    18     1     0     0   -47.0   57.179 -145.700    155.3   1008.9
     1     1    16     4    18     0     0     0   -48.0   57.146 -145.825    163.3   1007.8
     1     1    16     4    17    23     0     0   -49.0   57.126 -145.931    171.7   1006.6
     1     1    16     4    17    22     0     0   -50.0   57.128 -146.002    179.8   1005.8
     1     1    16     4    17    21     0     0   -51.0   57.151 -146.040    187.3   1005.3
     1     1    16     4    17    20     0     0   -52.0   57.195 -146.042    194.2   1005.1
     1     1    16     4    17    19     0     0   -53.0   57.262 -146.009    200.8   1005.2
     1     1    16     4    17    18     0     0   -54.0   57.350 -145.940    207.3   1005.2
     1     1    16     4    17    17     0     0   -55.0   57.445 -145.840    212.8   1005.3
     1     1    16     4    17    16     0     0   -56.0   57.531 -145.717    216.2   1004.6
     1     1    16     4    17    15     0     0   -57.0   57.607 -145.571    217.1   1002.1
     1     1    16     4    17    14     0     0   -58.0   57.671 -145.403    215.6   1000.3
     1     1    16     4    17    13     0     0   -59.0   57.724 -145.212    211.8    999.1
     1     1    16     4    17    12     0     0   -60.0   57.764 -144.999    205.6    998.6
     1     1    16     4    17    11     0     0   -61.0   57.794 -144.764    200.2    997.5
     1     1    16     4    17    10     0     0   -62.0   57.815 -144.512    199.4    995.4
     1     1    16     4    17     9     0     0   -63.0   57.827 -144.245    202.7    993.1
     1     1    16     4    17     8     0     0   -64.0   57.831 -143.965    210.3    990.3
     1     1    16     4    17     7     0     0   -65.0   57.824 -143.673    222.1    987.2
     1     1    16     4    17     6     0     0   -66.0   57.806 -143.372    238.1    983.9
     1     1    16     4    17     5     0     0   -67.0   57.775 -143.068    252.7    980.5
     1     1    16     4    17     4     0     0   -68.0   57.730 -142.765    260.0    979.3
     1     1    16     4    17     3     0     0   -69.0   57.670 -142.465    260.0    979.6
     1     1    16     4    17     2     0     0   -70.0   57.596 -142.167    252.4    981.5
     1     1    16     4    17     1     0     0   -71.0   57.507 -141.877    237.6    985.0
     1     1    16     4    17     0     0     0   -72.0   57.404 -141.597    215.6    986.6
