     1     1
    CDC1    15    10     1     0     0
     1 BACKWARD OMEGA   
    15    10    22     6   60.984 -139.059   750.0
     1 PRESSURE
     1     1    15    10    22     6     0     0     0.0   60.984 -139.059    750.0    798.9
     1     1    15    10    22     5     0     0    -1.0   60.774 -139.036    709.5    805.9
     1     1    15    10    22     4     0     0    -2.0   60.557 -138.972    661.4    814.5
     1     1    15    10    22     3     0     0    -3.0   60.328 -138.864    605.1    824.4
     1     1    15    10    22     2     0     0    -4.0   60.083 -138.703    540.5    834.6
     1     1    15    10    22     1     0     0    -5.0   59.823 -138.497    470.0    848.7
     1     1    15    10    22     0     0     0    -6.0   59.550 -138.264    396.4    865.4
     1     1    15    10    21    23     0     0    -7.0   59.275 -138.028    329.0    881.3
     1     1    15    10    21    22     0     0    -8.0   59.008 -137.805    274.4    894.8
     1     1    15    10    21    21     0     0    -9.0   58.745 -137.590    231.3    907.3
     1     1    15    10    21    20     0     0   -10.0   58.480 -137.381    197.2    918.6
     1     1    15    10    21    19     0     0   -11.0   58.212 -137.175    169.3    928.1
     1     1    15    10    21    18     0     0   -12.0   57.938 -136.964    145.4    937.5
     1     1    15    10    21    17     0     0   -13.0   57.654 -136.752    124.3    947.0
     1     1    15    10    21    16     0     0   -14.0   57.362 -136.558    105.1    954.8
     1     1    15    10    21    15     0     0   -15.0   57.069 -136.411     88.2    960.7
     1     1    15    10    21    14     0     0   -16.0   56.776 -136.328     74.0    966.8
     1     1    15    10    21    13     0     0   -17.0   56.477 -136.309     61.8    972.3
     1     1    15    10    21    12     0     0   -18.0   56.167 -136.357     51.3    978.1
     1     1    15    10    21    11     0     0   -19.0   55.846 -136.460     41.0    984.3
     1     1    15    10    21    10     0     0   -20.0   55.518 -136.604     29.8    990.8
     1     1    15    10    21     9     0     0   -21.0   55.180 -136.800     18.2    997.6
     1     1    15    10    21     8     0     0   -22.0   54.837 -137.059      7.3   1001.6
     1     1    15    10    21     7     0     0   -23.0   54.500 -137.370      0.0   1001.1
     1     1    15    10    21     6     0     0   -24.0   54.174 -137.719      0.0   1000.0
     1     1    15    10    21     5     0     0   -25.0   53.850 -138.086      0.0    998.6
     1     1    15    10    21     4     0     0   -26.0   53.519 -138.461      0.0    997.2
     1     1    15    10    21     3     0     0   -27.0   53.184 -138.852      0.0    995.9
     1     1    15    10    21     2     0     0   -28.0   52.845 -139.264      0.0    994.6
     1     1    15    10    21     1     0     0   -29.0   52.503 -139.706      0.0    993.3
     1     1    15    10    21     0     0     0   -30.0   52.165 -140.168      0.0    994.1
     1     1    15    10    20    23     0     0   -31.0   51.822 -140.626      0.0    996.2
     1     1    15    10    20    22     0     0   -32.0   51.463 -141.071      0.0    998.3
     1     1    15    10    20    21     0     0   -33.0   51.091 -141.504      0.0   1000.3
     1     1    15    10    20    20     0     0   -34.0   50.707 -141.933      0.0   1002.2
     1     1    15    10    20    19     0     0   -35.0   50.313 -142.366      0.0   1004.1
     1     1    15    10    20    18     0     0   -36.0   49.909 -142.820      0.0   1004.4
     1     1    15    10    20    17     0     0   -37.0   49.507 -143.283      0.0   1003.6
     1     1    15    10    20    16     0     0   -38.0   49.119 -143.729      0.0   1002.8
     1     1    15    10    20    15     0     0   -39.0   48.741 -144.153      0.3   1001.9
     1     1    15    10    20    14     0     0   -40.0   48.369 -144.558      0.8   1000.9
     1     1    15    10    20    13     0     0   -41.0   48.001 -144.949      1.2    999.7
     1     1    15    10    20    12     0     0   -42.0   47.635 -145.338      1.5    998.7
     1     1    15    10    20    11     0     0   -43.0   47.275 -145.736      1.3    999.7
     1     1    15    10    20    10     0     0   -44.0   46.926 -146.131      0.9   1001.1
     1     1    15    10    20     9     0     0   -45.0   46.582 -146.514      0.4   1002.7
     1     1    15    10    20     8     0     0   -46.0   46.240 -146.886      0.0   1004.3
     1     1    15    10    20     7     0     0   -47.0   45.902 -147.247      0.0   1006.1
     1     1    15    10    20     6     0     0   -48.0   45.566 -147.598      0.0   1008.0
     1     1    15    10    20     5     0     0   -49.0   45.232 -147.947      0.0   1009.6
     1     1    15    10    20     4     0     0   -50.0   44.898 -148.297      0.0   1010.2
     1     1    15    10    20     3     0     0   -51.0   44.565 -148.645      0.0   1009.1
     1     1    15    10    20     2     0     0   -52.0   44.232 -148.987      0.0   1008.0
     1     1    15    10    20     1     0     0   -53.0   43.901 -149.321      0.0   1006.9
     1     1    15    10    20     0     0     0   -54.0   43.573 -149.643      0.3   1005.8
     1     1    15    10    19    23     0     0   -55.0   43.244 -149.965      0.9   1004.9
     1     1    15    10    19    22     0     0   -56.0   42.911 -150.297      1.8   1004.2
     1     1    15    10    19    21     0     0   -57.0   42.573 -150.642      3.0   1003.7
     1     1    15    10    19    20     0     0   -58.0   42.232 -151.001      4.4   1004.8
     1     1    15    10    19    19     0     0   -59.0   41.893 -151.367      5.9   1006.1
     1     1    15    10    19    18     0     0   -60.0   41.557 -151.734      7.4   1007.4
     1     1    15    10    19    17     0     0   -61.0   41.220 -152.101      8.7   1008.7
     1     1    15    10    19    16     0     0   -62.0   40.878 -152.474      9.5   1009.9
     1     1    15    10    19    15     0     0   -63.0   40.533 -152.861      9.8   1010.7
     1     1    15    10    19    14     0     0   -64.0   40.187 -153.269      9.9   1011.3
     1     1    15    10    19    13     0     0   -65.0   39.846 -153.698      9.6   1011.1
     1     1    15    10    19    12     0     0   -66.0   39.511 -154.144      9.2   1010.0
     1     1    15    10    19    11     0     0   -67.0   39.176 -154.586      8.7   1009.1
     1     1    15    10    19    10     0     0   -68.0   38.831 -155.013      8.2   1008.4
     1     1    15    10    19     9     0     0   -69.0   38.477 -155.425      7.6   1008.1
     1     1    15    10    19     8     0     0   -70.0   38.116 -155.824      6.9   1008.1
     1     1    15    10    19     7     0     0   -71.0   37.747 -156.215      6.1   1008.4
     1     1    15    10    19     6     0     0   -72.0   37.372 -156.596      5.1   1009.4
