     1     1
    CDC1    15    11     1     0     0
     1 BACKWARD OMEGA   
    15    11    19     6   60.984 -139.059   750.0
     1 PRESSURE
     1     1    15    11    19     6     0     0     0.0   60.984 -139.059    750.0    804.6
     1     1    15    11    19     5     0     0    -1.0   61.060 -139.450    758.4    802.6
     1     1    15    11    19     4     0     0    -2.0   61.142 -139.837    769.7    800.0
     1     1    15    11    19     3     0     0    -3.0   61.231 -140.216    785.3    797.2
     1     1    15    11    19     2     0     0    -4.0   61.324 -140.582    806.2    794.1
     1     1    15    11    19     1     0     0    -5.0   61.421 -140.931    833.1    790.1
     1     1    15    11    19     0     0     0    -6.0   61.522 -141.262    867.1    785.2
     1     1    15    11    18    23     0     0    -7.0   61.620 -141.579    907.6    779.4
     1     1    15    11    18    22     0     0    -8.0   61.707 -141.895    953.6    773.0
     1     1    15    11    18    21     0     0    -9.0   61.788 -142.218   1004.7    766.2
     1     1    15    11    18    20     0     0   -10.0   61.864 -142.552   1060.6    759.3
     1     1    15    11    18    19     0     0   -11.0   61.939 -142.900   1120.6    753.3
     1     1    15    11    18    18     0     0   -12.0   62.015 -143.265   1183.7    747.2
     1     1    15    11    18    17     0     0   -13.0   62.091 -143.625   1243.3    741.0
     1     1    15    11    18    16     0     0   -14.0   62.163 -143.952   1292.4    735.7
     1     1    15    11    18    15     0     0   -15.0   62.229 -144.241   1330.5    731.5
     1     1    15    11    18    14     0     0   -16.0   62.288 -144.487   1357.4    728.3
     1     1    15    11    18    13     0     0   -17.0   62.338 -144.685   1372.3    726.2
     1     1    15    11    18    12     0     0   -18.0   62.378 -144.831   1375.1    725.3
     1     1    15    11    18    11     0     0   -19.0   62.415 -144.931   1375.7    725.4
     1     1    15    11    18    10     0     0   -20.0   62.453 -144.992   1384.4    723.5
     1     1    15    11    18     9     0     0   -21.0   62.492 -145.015   1400.7    720.7
     1     1    15    11    18     8     0     0   -22.0   62.531 -145.000   1424.8    718.2
     1     1    15    11    18     7     0     0   -23.0   62.568 -144.949   1456.0    715.2
     1     1    15    11    18     6     0     0   -24.0   62.604 -144.861   1493.7    711.4
     1     1    15    11    18     5     0     0   -25.0   62.633 -144.741   1532.7    706.9
     1     1    15    11    18     4     0     0   -26.0   62.652 -144.589   1567.4    703.1
     1     1    15    11    18     3     0     0   -27.0   62.659 -144.403   1598.0    699.3
     1     1    15    11    18     2     0     0   -28.0   62.653 -144.180   1624.2    695.6
     1     1    15    11    18     1     0     0   -29.0   62.634 -143.918   1645.8    691.9
     1     1    15    11    18     0     0     0   -30.0   62.601 -143.614   1662.5    688.1
     1     1    15    11    17    23     0     0   -31.0   62.566 -143.281   1676.7    684.5
     1     1    15    11    17    22     0     0   -32.0   62.539 -142.934   1691.1    680.7
     1     1    15    11    17    21     0     0   -33.0   62.516 -142.576   1705.3    677.0
     1     1    15    11    17    20     0     0   -34.0   62.496 -142.214   1720.2    674.2
     1     1    15    11    17    19     0     0   -35.0   62.478 -141.856   1735.1    672.2
     1     1    15    11    17    18     0     0   -36.0   62.460 -141.509   1749.2    670.3
     1     1    15    11    17    17     0     0   -37.0   62.430 -141.177   1756.5    668.8
     1     1    15    11    17    16     0     0   -38.0   62.379 -140.872   1754.3    669.1
     1     1    15    11    17    15     0     0   -39.0   62.309 -140.598   1742.0    670.7
     1     1    15    11    17    14     0     0   -40.0   62.222 -140.356   1720.1    673.5
     1     1    15    11    17    13     0     0   -41.0   62.118 -140.150   1689.0    677.4
     1     1    15    11    17    12     0     0   -42.0   61.999 -139.980   1649.1    682.6
     1     1    15    11    17    11     0     0   -43.0   61.872 -139.835   1608.7    689.0
     1     1    15    11    17    10     0     0   -44.0   61.743 -139.701   1575.1    694.0
     1     1    15    11    17     9     0     0   -45.0   61.614 -139.578   1549.1    698.3
     1     1    15    11    17     8     0     0   -46.0   61.488 -139.463   1530.9    701.8
     1     1    15    11    17     7     0     0   -47.0   61.364 -139.355   1520.7    704.5
     1     1    15    11    17     6     0     0   -48.0   61.245 -139.252   1518.6    706.2
     1     1    15    11    17     5     0     0   -49.0   61.132 -139.166   1523.1    707.4
     1     1    15    11    17     4     0     0   -50.0   61.028 -139.105   1531.3    708.3
     1     1    15    11    17     3     0     0   -51.0   60.934 -139.065   1543.9    708.7
     1     1    15    11    17     2     0     0   -52.0   60.848 -139.041   1561.0    708.6
     1     1    15    11    17     1     0     0   -53.0   60.770 -139.029   1582.9    708.0
     1     1    15    11    17     0     0     0   -54.0   60.700 -139.026   1609.8    706.8
     1     1    15    11    16    23     0     0   -55.0   60.637 -139.032   1637.2    705.1
     1     1    15    11    16    22     0     0   -56.0   60.579 -139.051   1660.5    704.0
     1     1    15    11    16    21     0     0   -57.0   60.527 -139.080   1679.0    703.2
     1     1    15    11    16    20     0     0   -58.0   60.482 -139.117   1692.4    702.8
     1     1    15    11    16    19     0     0   -59.0   60.444 -139.160   1700.3    702.9
     1     1    15    11    16    18     0     0   -60.0   60.414 -139.208   1702.7    703.4
     1     1    15    11    16    17     0     0   -61.0   60.377 -139.264   1702.6    705.1
     1     1    15    11    16    16     0     0   -62.0   60.322 -139.332   1701.1    707.1
     1     1    15    11    16    15     0     0   -63.0   60.249 -139.410   1698.8    709.3
     1     1    15    11    16    14     0     0   -64.0   60.158 -139.496   1695.4    712.0
     1     1    15    11    16    13     0     0   -65.0   60.048 -139.585   1691.1    715.1
     1     1    15    11    16    12     0     0   -66.0   59.919 -139.672   1686.5    719.6
     1     1    15    11    16    11     0     0   -67.0   59.784 -139.752   1680.2    724.6
     1     1    15    11    16    10     0     0   -68.0   59.654 -139.825   1672.1    729.7
     1     1    15    11    16     9     0     0   -69.0   59.528 -139.890   1662.3    734.9
     1     1    15    11    16     8     0     0   -70.0   59.404 -139.946   1651.0    740.2
     1     1    15    11    16     7     0     0   -71.0   59.281 -139.990   1638.9    745.6
     1     1    15    11    16     6     0     0   -72.0   59.156 -140.021   1626.1    751.3
