     1     1
    CDC1    15    11     1     0     0
     1 BACKWARD OMEGA   
    15    11    11     6   60.984 -139.059   750.0
     1 PRESSURE
     1     1    15    11    11     6     0     0     0.0   60.984 -139.059    750.0    793.4
     1     1    15    11    11     5     0     0    -1.0   61.050 -139.275    741.7    792.9
     1     1    15    11    11     4     0     0    -2.0   61.115 -139.487    730.2    792.9
     1     1    15    11    11     3     0     0    -3.0   61.179 -139.697    715.7    793.3
     1     1    15    11    11     2     0     0    -4.0   61.239 -139.904    698.7    793.9
     1     1    15    11    11     1     0     0    -5.0   61.296 -140.109    679.8    795.0
     1     1    15    11    11     0     0     0    -6.0   61.348 -140.312    659.1    796.6
     1     1    15    11    10    23     0     0    -7.0   61.396 -140.501    640.0    798.7
     1     1    15    11    10    22     0     0    -8.0   61.440 -140.661    625.6    799.7
     1     1    15    11    10    21     0     0    -9.0   61.481 -140.795    615.6    800.3
     1     1    15    11    10    20     0     0   -10.0   61.520 -140.904    609.7    800.3
     1     1    15    11    10    19     0     0   -11.0   61.554 -140.990    607.7    799.9
     1     1    15    11    10    18     0     0   -12.0   61.586 -141.054    609.3    799.1
     1     1    15    11    10    17     0     0   -13.0   61.613 -141.096    611.3    798.4
     1     1    15    11    10    16     0     0   -14.0   61.636 -141.117    609.5    798.5
     1     1    15    11    10    15     0     0   -15.0   61.654 -141.118    604.1    799.1
     1     1    15    11    10    14     0     0   -16.0   61.670 -141.097    595.0    799.9
     1     1    15    11    10    13     0     0   -17.0   61.682 -141.055    582.4    801.1
     1     1    15    11    10    12     0     0   -18.0   61.692 -140.991    566.2    802.6
     1     1    15    11    10    11     0     0   -19.0   61.699 -140.926    549.4    804.6
     1     1    15    11    10    10     0     0   -20.0   61.703 -140.885    534.5    806.3
     1     1    15    11    10     9     0     0   -21.0   61.704 -140.870    521.3    807.9
     1     1    15    11    10     8     0     0   -22.0   61.704 -140.883    509.9    809.4
     1     1    15    11    10     7     0     0   -23.0   61.701 -140.925    500.2    811.0
     1     1    15    11    10     6     0     0   -24.0   61.698 -140.996    492.5    812.4
     1     1    15    11    10     5     0     0   -25.0   61.692 -141.103    483.6    813.6
     1     1    15    11    10     4     0     0   -26.0   61.685 -141.252    470.4    815.7
     1     1    15    11    10     3     0     0   -27.0   61.677 -141.444    453.0    818.5
     1     1    15    11    10     2     0     0   -28.0   61.668 -141.678    431.3    822.0
     1     1    15    11    10     1     0     0   -29.0   61.659 -141.955    405.3    826.2
     1     1    15    11    10     0     0     0   -30.0   61.650 -142.278    374.9    831.3
     1     1    15    11     9    23     0     0   -31.0   61.634 -142.631    340.0    836.4
     1     1    15    11     9    22     0     0   -32.0   61.607 -142.991    301.8    842.9
     1     1    15    11     9    21     0     0   -33.0   61.572 -143.355    260.6    850.2
     1     1    15    11     9    20     0     0   -34.0   61.530 -143.723    216.4    858.5
     1     1    15    11     9    19     0     0   -35.0   61.484 -144.090    169.3    867.1
     1     1    15    11     9    18     0     0   -36.0   61.434 -144.447    121.3    875.8
     1     1    15    11     9    17     0     0   -37.0   61.379 -144.753     76.2    885.5
     1     1    15    11     9    16     0     0   -38.0   61.318 -144.987     42.5    892.5
     1     1    15    11     9    15     0     0   -39.0   61.251 -145.168     22.8    898.6
     1     1    15    11     9    14     0     0   -40.0   61.177 -145.318     10.3    902.1
     1     1    15    11     9    13     0     0   -41.0   61.096 -145.447      3.0    905.1
     1     1    15    11     9    12     0     0   -42.0   61.009 -145.567      0.0    908.1
     1     1    15    11     9    11     0     0   -43.0   60.916 -145.655      0.0    911.8
     1     1    15    11     9    10     0     0   -44.0   60.818 -145.677      0.0    915.2
     1     1    15    11     9     9     0     0   -45.0   60.709 -145.616      0.0    918.2
     1     1    15    11     9     8     0     0   -46.0   60.584 -145.462      0.0    921.0
     1     1    15    11     9     7     0     0   -47.0   60.432 -145.203      0.0    923.9
     1     1    15    11     9     6     0     0   -48.0   60.242 -144.830      0.0    927.1
     1     1    15    11     9     5     0     0   -49.0   60.028 -144.443      0.0    931.0
     1     1    15    11     9     4     0     0   -50.0   59.816 -144.151      0.0    937.2
     1     1    15    11     9     3     0     0   -51.0   59.615 -143.967      0.0    944.0
     1     1    15    11     9     2     0     0   -52.0   59.432 -143.875      0.0    950.8
     1     1    15    11     9     1     0     0   -53.0   59.270 -143.858      0.0    957.5
     1     1    15    11     9     0     0     0   -54.0   59.133 -143.902      0.0    963.7
     1     1    15    11     8    23     0     0   -55.0   59.017 -143.975      0.0    968.4
     1     1    15    11     8    22     0     0   -56.0   58.917 -144.051      0.0    972.6
     1     1    15    11     8    21     0     0   -57.0   58.839 -144.135      0.0    976.0
     1     1    15    11     8    20     0     0   -58.0   58.784 -144.227      0.0    978.6
     1     1    15    11     8    19     0     0   -59.0   58.755 -144.328      0.3    980.4
     1     1    15    11     8    18     0     0   -60.0   58.753 -144.438      1.0    981.3
     1     1    15    11     8    17     0     0   -61.0   58.782 -144.566      2.0    981.0
     1     1    15    11     8    16     0     0   -62.0   58.845 -144.724      3.1    979.9
     1     1    15    11     8    15     0     0   -63.0   58.941 -144.907      4.4    977.9
     1     1    15    11     8    14     0     0   -64.0   59.070 -145.109      5.8    974.7
     1     1    15    11     8    13     0     0   -65.0   59.229 -145.323      7.4    970.5
     1     1    15    11     8    12     0     0   -66.0   59.412 -145.540      9.0    965.7
     1     1    15    11     8    11     0     0   -67.0   59.606 -145.750     10.9    960.0
     1     1    15    11     8    10     0     0   -68.0   59.800 -145.944     13.6    954.0
     1     1    15    11     8     9     0     0   -69.0   59.994 -146.121     17.6    948.0
     1     1    15    11     8     8     0     0   -70.0   60.183 -146.287     23.0    943.0
     1     1    15    11     8     7     0     0   -71.0   60.366 -146.451     29.5    938.2
     1     1    15    11     8     6     0     0   -72.0   60.542 -146.611     37.2    933.5
