     1     1
    CDC1    16     3     1     0     0
     1 BACKWARD OMEGA   
    16     3    15    12   60.984 -139.059   750.0
     1 PRESSURE
     1     1    16     3    15    12     0     0     0.0   60.984 -139.059    750.0    799.0
     1     1    16     3    15    11     0     0    -1.0   60.917 -138.992    748.6    800.1
     1     1    16     3    15    10     0     0    -2.0   60.854 -138.903    749.9    800.7
     1     1    16     3    15     9     0     0    -3.0   60.798 -138.793    754.0    800.8
     1     1    16     3    15     8     0     0    -4.0   60.747 -138.663    760.9    800.5
     1     1    16     3    15     7     0     0    -5.0   60.701 -138.513    770.7    799.9
     1     1    16     3    15     6     0     0    -6.0   60.660 -138.343    783.3    798.8
     1     1    16     3    15     5     0     0    -7.0   60.618 -138.168    799.3    797.4
     1     1    16     3    15     4     0     0    -8.0   60.573 -138.001    819.0    795.7
     1     1    16     3    15     3     0     0    -9.0   60.525 -137.840    842.8    793.7
     1     1    16     3    15     2     0     0   -10.0   60.472 -137.684    870.6    791.4
     1     1    16     3    15     1     0     0   -11.0   60.416 -137.534    902.6    788.8
     1     1    16     3    15     0     0     0   -12.0   60.355 -137.389    938.5    785.3
     1     1    16     3    14    23     0     0   -13.0   60.291 -137.243    972.8    781.3
     1     1    16     3    14    22     0     0   -14.0   60.226 -137.086   1001.9    778.4
     1     1    16     3    14    21     0     0   -15.0   60.158 -136.919   1025.2    776.1
     1     1    16     3    14    20     0     0   -16.0   60.088 -136.742   1043.2    774.4
     1     1    16     3    14    19     0     0   -17.0   60.014 -136.554   1055.9    773.3
     1     1    16     3    14    18     0     0   -18.0   59.938 -136.359   1064.1    773.3
     1     1    16     3    14    17     0     0   -19.0   59.859 -136.164   1069.4    774.3
     1     1    16     3    14    16     0     0   -20.0   59.778 -135.970   1073.8    775.1
     1     1    16     3    14    15     0     0   -21.0   59.696 -135.776   1077.0    775.9
     1     1    16     3    14    14     0     0   -22.0   59.614 -135.579   1079.0    776.9
     1     1    16     3    14    13     0     0   -23.0   59.532 -135.378   1079.5    777.9
     1     1    16     3    14    12     0     0   -24.0   59.450 -135.170   1078.6    778.9
     1     1    16     3    14    11     0     0   -25.0   59.373 -134.947   1078.7    779.7
     1     1    16     3    14    10     0     0   -26.0   59.302 -134.703   1082.3    778.7
     1     1    16     3    14     9     0     0   -27.0   59.236 -134.439   1089.4    777.0
     1     1    16     3    14     8     0     0   -28.0   59.174 -134.157   1099.8    774.6
     1     1    16     3    14     7     0     0   -29.0   59.112 -133.859   1113.3    771.6
     1     1    16     3    14     6     0     0   -30.0   59.050 -133.545   1129.5    768.1
     1     1    16     3    14     5     0     0   -31.0   58.982 -133.227   1146.0    764.6
     1     1    16     3    14     4     0     0   -32.0   58.907 -132.913   1159.8    761.7
     1     1    16     3    14     3     0     0   -33.0   58.824 -132.601   1171.0    759.0
     1     1    16     3    14     2     0     0   -34.0   58.733 -132.286   1180.0    756.4
     1     1    16     3    14     1     0     0   -35.0   58.636 -131.965   1187.1    753.8
     1     1    16     3    14     0     0     0   -36.0   58.534 -131.634   1193.5    750.9
     1     1    16     3    13    23     0     0   -37.0   58.417 -131.297   1201.6    747.8
     1     1    16     3    13    22     0     0   -38.0   58.276 -130.961   1214.0    744.0
     1     1    16     3    13    21     0     0   -39.0   58.110 -130.633   1230.2    739.8
     1     1    16     3    13    20     0     0   -40.0   57.917 -130.319   1250.1    735.0
     1     1    16     3    13    19     0     0   -41.0   57.694 -130.026   1273.1    729.9
     1     1    16     3    13    18     0     0   -42.0   57.442 -129.764   1299.8    727.3
     1     1    16     3    13    17     0     0   -43.0   57.171 -129.516   1324.8    727.7
     1     1    16     3    13    16     0     0   -44.0   56.889 -129.263   1341.6    729.4
     1     1    16     3    13    15     0     0   -45.0   56.597 -129.007   1350.3    731.8
     1     1    16     3    13    14     0     0   -46.0   56.295 -128.750   1351.2    734.8
     1     1    16     3    13    13     0     0   -47.0   55.984 -128.493   1344.9    738.4
     1     1    16     3    13    12     0     0   -48.0   55.665 -128.240   1332.0    742.6
     1     1    16     3    13    11     0     0   -49.0   55.340 -128.002   1317.2    746.9
     1     1    16     3    13    10     0     0   -50.0   55.013 -127.785   1306.2    750.3
     1     1    16     3    13     9     0     0   -51.0   54.686 -127.594   1296.2    753.3
     1     1    16     3    13     8     0     0   -52.0   54.361 -127.433   1285.5    757.3
     1     1    16     3    13     7     0     0   -53.0   54.039 -127.303   1272.8    762.1
     1     1    16     3    13     6     0     0   -54.0   53.719 -127.204   1256.4    767.3
     1     1    16     3    13     5     0     0   -55.0   53.387 -127.129   1232.9    772.9
     1     1    16     3    13     4     0     0   -56.0   53.032 -127.073   1199.5    780.1
     1     1    16     3    13     3     0     0   -57.0   52.652 -127.035   1158.8    788.5
     1     1    16     3    13     2     0     0   -58.0   52.248 -127.016   1112.8    798.3
     1     1    16     3    13     1     0     0   -59.0   51.827 -127.020   1063.3    809.4
     1     1    16     3    13     0     0     0   -60.0   51.394 -127.048   1012.2    821.6
     1     1    16     3    12    23     0     0   -61.0   50.958 -127.111    957.9    834.0
     1     1    16     3    12    22     0     0   -62.0   50.529 -127.216    900.0    847.8
     1     1    16     3    12    21     0     0   -63.0   50.107 -127.359    838.9    862.2
     1     1    16     3    12    20     0     0   -64.0   49.697 -127.532    776.9    877.7
     1     1    16     3    12    19     0     0   -65.0   49.305 -127.729    715.7    892.4
     1     1    16     3    12    18     0     0   -66.0   48.930 -127.953    656.4    906.5
     1     1    16     3    12    17     0     0   -67.0   48.570 -128.189    603.9    918.2
     1     1    16     3    12    16     0     0   -68.0   48.225 -128.430    562.5    926.8
     1     1    16     3    12    15     0     0   -69.0   47.896 -128.692    531.2    933.3
     1     1    16     3    12    14     0     0   -70.0   47.581 -128.994    508.7    937.8
     1     1    16     3    12    13     0     0   -71.0   47.283 -129.346    493.3    938.5
     1     1    16     3    12    12     0     0   -72.0   47.005 -129.755    483.9    937.2
