     1     1
    CDC1    15    10     1     0     0
     1 BACKWARD OMEGA   
    15    10     9     6   60.984 -139.059   750.0
     1 PRESSURE
     1     1    15    10     9     6     0     0     0.0   60.984 -139.059    750.0    800.5
     1     1    15    10     9     5     0     0    -1.0   60.748 -139.143    703.9    809.0
     1     1    15    10     9     4     0     0    -2.0   60.515 -139.169    653.4    818.2
     1     1    15    10     9     3     0     0    -3.0   60.284 -139.141    597.7    828.0
     1     1    15    10     9     2     0     0    -4.0   60.057 -139.054    537.4    837.6
     1     1    15    10     9     1     0     0    -5.0   59.833 -138.902    476.2    850.2
     1     1    15    10     9     0     0     0    -6.0   59.611 -138.683    417.6    863.6
     1     1    15    10     8    23     0     0    -7.0   59.394 -138.425    365.3    876.5
     1     1    15    10     8    22     0     0    -8.0   59.189 -138.145    321.3    887.1
     1     1    15    10     8    21     0     0    -9.0   58.999 -137.836    284.3    896.4
     1     1    15    10     8    20     0     0   -10.0   58.824 -137.499    252.7    904.7
     1     1    15    10     8    19     0     0   -11.0   58.669 -137.136    224.4    911.0
     1     1    15    10     8    18     0     0   -12.0   58.534 -136.750    198.0    916.4
     1     1    15    10     8    17     0     0   -13.0   58.417 -136.352    173.3    920.4
     1     1    15    10     8    16     0     0   -14.0   58.312 -135.952    150.4    924.0
     1     1    15    10     8    15     0     0   -15.0   58.221 -135.556    129.7    927.1
     1     1    15    10     8    14     0     0   -16.0   58.144 -135.165    111.5    929.6
     1     1    15    10     8    13     0     0   -17.0   58.081 -134.781     96.0    930.1
     1     1    15    10     8    12     0     0   -18.0   58.027 -134.402     83.2    928.9
     1     1    15    10     8    11     0     0   -19.0   57.982 -134.042     72.9    926.7
     1     1    15    10     8    10     0     0   -20.0   57.954 -133.720     64.3    923.7
     1     1    15    10     8     9     0     0   -21.0   57.941 -133.441     56.9    920.9
     1     1    15    10     8     8     0     0   -22.0   57.947 -133.208     50.6    918.1
     1     1    15    10     8     7     0     0   -23.0   57.972 -133.023     45.3    915.6
     1     1    15    10     8     6     0     0   -24.0   58.015 -132.888     40.9    913.3
     1     1    15    10     8     5     0     0   -25.0   58.052 -132.777     37.1    912.0
     1     1    15    10     8     4     0     0   -26.0   58.059 -132.664     33.7    911.3
     1     1    15    10     8     3     0     0   -27.0   58.034 -132.544     30.5    911.1
     1     1    15    10     8     2     0     0   -28.0   57.975 -132.414     27.4    911.1
     1     1    15    10     8     1     0     0   -29.0   57.881 -132.271     24.5    911.4
     1     1    15    10     8     0     0     0   -30.0   57.755 -132.117     21.6    911.9
     1     1    15    10     7    23     0     0   -31.0   57.623 -131.963     19.1    912.0
     1     1    15    10     7    22     0     0   -32.0   57.514 -131.825     17.1    911.7
     1     1    15    10     7    21     0     0   -33.0   57.428 -131.701     15.5    911.8
     1     1    15    10     7    20     0     0   -34.0   57.366 -131.590     14.3    911.6
     1     1    15    10     7    19     0     0   -35.0   57.327 -131.492     13.5    911.0
     1     1    15    10     7    18     0     0   -36.0   57.309 -131.405     12.9    910.2
     1     1    15    10     7    17     0     0   -37.0   57.299 -131.328     13.1    909.0
     1     1    15    10     7    16     0     0   -38.0   57.281 -131.253     14.4    907.8
     1     1    15    10     7    15     0     0   -39.0   57.252 -131.181     17.0    906.7
     1     1    15    10     7    14     0     0   -40.0   57.212 -131.110     21.0    905.7
     1     1    15    10     7    13     0     0   -41.0   57.159 -131.041     26.7    904.8
     1     1    15    10     7    12     0     0   -42.0   57.093 -130.975     34.7    904.1
     1     1    15    10     7    11     0     0   -43.0   57.020 -130.915     43.4    903.6
     1     1    15    10     7    10     0     0   -44.0   56.947 -130.867     51.1    903.6
     1     1    15    10     7     9     0     0   -45.0   56.876 -130.830     57.1    904.0
     1     1    15    10     7     8     0     0   -46.0   56.809 -130.805     61.5    904.6
     1     1    15    10     7     7     0     0   -47.0   56.746 -130.791     64.0    905.6
     1     1    15    10     7     6     0     0   -48.0   56.689 -130.787     64.6    906.7
     1     1    15    10     7     5     0     0   -49.0   56.632 -130.786     63.8    908.2
     1     1    15    10     7     4     0     0   -50.0   56.570 -130.780     62.0    909.7
     1     1    15    10     7     3     0     0   -51.0   56.502 -130.769     59.0    911.4
     1     1    15    10     7     2     0     0   -52.0   56.428 -130.751     55.1    913.2
     1     1    15    10     7     1     0     0   -53.0   56.348 -130.729     50.4    915.1
     1     1    15    10     7     0     0     0   -54.0   56.262 -130.701     45.0    917.1
     1     1    15    10     6    23     0     0   -55.0   56.181 -130.662     40.5    918.7
     1     1    15    10     6    22     0     0   -56.0   56.119 -130.607     38.2    919.1
     1     1    15    10     6    21     0     0   -57.0   56.075 -130.537     37.9    918.6
     1     1    15    10     6    20     0     0   -58.0   56.049 -130.454     39.4    917.3
     1     1    15    10     6    19     0     0   -59.0   56.041 -130.358     42.8    915.1
     1     1    15    10     6    18     0     0   -60.0   56.050 -130.248     48.6    912.0
     1     1    15    10     6    17     0     0   -61.0   56.068 -130.134     56.4    908.6
     1     1    15    10     6    16     0     0   -62.0   56.088 -130.023     65.8    905.2
     1     1    15    10     6    15     0     0   -63.0   56.109 -129.916     77.1    902.0
     1     1    15    10     6    14     0     0   -64.0   56.130 -129.814     90.6    898.4
     1     1    15    10     6    13     0     0   -65.0   56.152 -129.721    106.6    894.8
     1     1    15    10     6    12     0     0   -66.0   56.176 -129.639    125.5    891.1
     1     1    15    10     6    11     0     0   -67.0   56.197 -129.566    146.0    887.6
     1     1    15    10     6    10     0     0   -68.0   56.211 -129.493    166.3    884.5
     1     1    15    10     6     9     0     0   -69.0   56.217 -129.420    186.2    881.7
     1     1    15    10     6     8     0     0   -70.0   56.215 -129.345    205.3    878.7
     1     1    15    10     6     7     0     0   -71.0   56.205 -129.269    223.3    875.9
     1     1    15    10     6     6     0     0   -72.0   56.185 -129.191    240.2    873.5
