     1     1
    CDC1    16     2     1     0     0
     1 BACKWARD OMEGA   
    16     2    11     6   60.984 -139.059   750.0
     1 PRESSURE
     1     1    16     2    11     6     0     0     0.0   60.984 -139.059    750.0    804.2
     1     1    16     2    11     5     0     0    -1.0   60.645 -138.793    697.2    815.0
     1     1    16     2    11     4     0     0    -2.0   60.310 -138.492    645.7    826.0
     1     1    16     2    11     3     0     0    -3.0   59.977 -138.155    596.6    836.9
     1     1    16     2    11     2     0     0    -4.0   59.644 -137.787    555.1    850.7
     1     1    16     2    11     1     0     0    -5.0   59.307 -137.384    523.7    862.9
     1     1    16     2    11     0     0     0    -6.0   58.965 -136.931    502.2    873.1
     1     1    16     2    10    23     0     0    -7.0   58.622 -136.451    485.7    882.0
     1     1    16     2    10    22     0     0    -8.0   58.287 -135.971    470.2    890.7
     1     1    16     2    10    21     0     0    -9.0   57.968 -135.494    454.8    898.6
     1     1    16     2    10    20     0     0   -10.0   57.670 -135.022    439.4    905.6
     1     1    16     2    10    19     0     0   -11.0   57.406 -134.567    422.4    907.4
     1     1    16     2    10    18     0     0   -12.0   57.179 -134.144    403.7    908.1
     1     1    16     2    10    17     0     0   -13.0   56.972 -133.766    383.4    909.2
     1     1    16     2    10    16     0     0   -14.0   56.766 -133.430    361.5    911.3
     1     1    16     2    10    15     0     0   -15.0   56.560 -133.126    338.7    914.1
     1     1    16     2    10    14     0     0   -16.0   56.352 -132.846    315.9    917.7
     1     1    16     2    10    13     0     0   -17.0   56.139 -132.587    293.9    922.0
     1     1    16     2    10    12     0     0   -18.0   55.918 -132.355    272.4    926.0
     1     1    16     2    10    11     0     0   -19.0   55.693 -132.138    251.9    929.6
     1     1    16     2    10    10     0     0   -20.0   55.474 -131.927    232.5    933.0
     1     1    16     2    10     9     0     0   -21.0   55.259 -131.725    213.8    936.6
     1     1    16     2    10     8     0     0   -22.0   55.049 -131.537    195.6    940.2
     1     1    16     2    10     7     0     0   -23.0   54.841 -131.360    177.6    942.2
     1     1    16     2    10     6     0     0   -24.0   54.635 -131.191    159.9    944.3
     1     1    16     2    10     5     0     0   -25.0   54.424 -131.016    143.8    946.9
     1     1    16     2    10     4     0     0   -26.0   54.204 -130.825    130.2    949.4
     1     1    16     2    10     3     0     0   -27.0   53.975 -130.622    118.8    951.9
     1     1    16     2    10     2     0     0   -28.0   53.737 -130.411    109.5    954.5
     1     1    16     2    10     1     0     0   -29.0   53.494 -130.193    101.8    957.2
     1     1    16     2    10     0     0     0   -30.0   53.249 -129.973     95.1    960.1
     1     1    16     2     9    23     0     0   -31.0   53.020 -129.750     88.9    961.9
     1     1    16     2     9    22     0     0   -32.0   52.820 -129.520     82.8    962.8
     1     1    16     2     9    21     0     0   -33.0   52.648 -129.281     76.3    962.9
     1     1    16     2     9    20     0     0   -34.0   52.503 -129.036     69.3    962.1
     1     1    16     2     9    19     0     0   -35.0   52.383 -128.789     61.8    959.9
     1     1    16     2     9    18     0     0   -36.0   52.289 -128.543     54.1    957.7
     1     1    16     2     9    17     0     0   -37.0   52.218 -128.309     47.3    956.2
     1     1    16     2     9    16     0     0   -38.0   52.169 -128.096     42.3    954.5
     1     1    16     2     9    15     0     0   -39.0   52.144 -127.898     39.1    952.6
     1     1    16     2     9    14     0     0   -40.0   52.144 -127.714     37.6    950.4
     1     1    16     2     9    13     0     0   -41.0   52.169 -127.543     37.7    947.9
     1     1    16     2     9    12     0     0   -42.0   52.214 -127.382     39.6    945.1
     1     1    16     2     9    11     0     0   -43.0   52.258 -127.242     42.0    942.1
     1     1    16     2     9    10     0     0   -44.0   52.288 -127.133     43.4    940.1
     1     1    16     2     9     9     0     0   -45.0   52.306 -127.055     43.8    939.0
     1     1    16     2     9     8     0     0   -46.0   52.315 -127.006     43.3    938.5
     1     1    16     2     9     7     0     0   -47.0   52.315 -126.986     42.0    938.8
     1     1    16     2     9     6     0     0   -48.0   52.309 -126.993     39.9    939.8
     1     1    16     2     9     5     0     0   -49.0   52.288 -127.005     37.3    940.9
     1     1    16     2     9     4     0     0   -50.0   52.245 -126.997     34.5    942.1
     1     1    16     2     9     3     0     0   -51.0   52.182 -126.971     31.8    943.3
     1     1    16     2     9     2     0     0   -52.0   52.100 -126.924     29.1    944.5
     1     1    16     2     9     1     0     0   -53.0   52.001 -126.858     26.5    945.6
     1     1    16     2     9     0     0     0   -54.0   51.887 -126.772     24.3    946.6
     1     1    16     2     8    23     0     0   -55.0   51.767 -126.674     22.1    947.1
     1     1    16     2     8    22     0     0   -56.0   51.650 -126.572     19.8    947.6
     1     1    16     2     8    21     0     0   -57.0   51.537 -126.471     17.5    948.1
     1     1    16     2     8    20     0     0   -58.0   51.431 -126.371     15.3    948.4
     1     1    16     2     8    19     0     0   -59.0   51.332 -126.277     13.3    948.8
     1     1    16     2     8    18     0     0   -60.0   51.240 -126.189     11.4    949.1
     1     1    16     2     8    17     0     0   -61.0   51.159 -126.104      9.9    949.5
     1     1    16     2     8    16     0     0   -62.0   51.087 -126.017      8.7    949.3
     1     1    16     2     8    15     0     0   -63.0   51.026 -125.929      7.7    949.0
     1     1    16     2     8    14     0     0   -64.0   50.973 -125.839      6.7    948.5
     1     1    16     2     8    13     0     0   -65.0   50.929 -125.748      5.8    947.9
     1     1    16     2     8    12     0     0   -66.0   50.893 -125.655      5.0    947.1
     1     1    16     2     8    11     0     0   -67.0   50.863 -125.562      4.2    946.0
     1     1    16     2     8    10     0     0   -68.0   50.835 -125.470      3.3    944.9
     1     1    16     2     8     9     0     0   -69.0   50.810 -125.379      2.4    943.8
     1     1    16     2     8     8     0     0   -70.0   50.787 -125.289      1.4    942.6
     1     1    16     2     8     7     0     0   -71.0   50.767 -125.201      0.3    941.4
     1     1    16     2     8     6     0     0   -72.0   50.750 -125.114      0.0    940.2
