     1     1
    CDC1    15    12     1     0     0
     1 BACKWARD OMEGA   
    15    12    14     6   60.984 -139.059   750.0
     1 PRESSURE
     1     1    15    12    14     6     0     0     0.0   60.984 -139.059    750.0    802.8
     1     1    15    12    14     5     0     0    -1.0   60.741 -139.113    692.3    813.6
     1     1    15    12    14     4     0     0    -2.0   60.520 -139.125    644.7    823.0
     1     1    15    12    14     3     0     0    -3.0   60.323 -139.108    608.1    830.7
     1     1    15    12    14     2     0     0    -4.0   60.155 -139.071    583.7    836.1
     1     1    15    12    14     1     0     0    -5.0   60.017 -139.025    572.1    839.5
     1     1    15    12    14     0     0     0    -6.0   59.912 -138.980    574.1    842.4
     1     1    15    12    13    23     0     0    -7.0   59.830 -138.935    583.7    843.0
     1     1    15    12    13    22     0     0    -8.0   59.762 -138.891    595.7    843.4
     1     1    15    12    13    21     0     0    -9.0   59.708 -138.847    609.6    843.2
     1     1    15    12    13    20     0     0   -10.0   59.669 -138.806    625.2    842.1
     1     1    15    12    13    19     0     0   -11.0   59.644 -138.766    642.4    840.3
     1     1    15    12    13    18     0     0   -12.0   59.633 -138.728    661.1    837.9
     1     1    15    12    13    17     0     0   -13.0   59.631 -138.700    678.0    835.2
     1     1    15    12    13    16     0     0   -14.0   59.634 -138.691    689.1    833.4
     1     1    15    12    13    15     0     0   -15.0   59.642 -138.701    694.6    832.2
     1     1    15    12    13    14     0     0   -16.0   59.656 -138.727    694.3    831.4
     1     1    15    12    13    13     0     0   -17.0   59.674 -138.770    688.2    831.2
     1     1    15    12    13    12     0     0   -18.0   59.698 -138.828    676.5    831.5
     1     1    15    12    13    11     0     0   -19.0   59.719 -138.897    659.4    832.6
     1     1    15    12    13    10     0     0   -20.0   59.730 -138.974    637.1    834.6
     1     1    15    12    13     9     0     0   -21.0   59.732 -139.060    609.3    837.6
     1     1    15    12    13     8     0     0   -22.0   59.725 -139.156    576.0    841.1
     1     1    15    12    13     7     0     0   -23.0   59.709 -139.263    537.4    845.5
     1     1    15    12    13     6     0     0   -24.0   59.687 -139.381    493.4    851.0
     1     1    15    12    13     5     0     0   -25.0   59.657 -139.505    450.3    857.7
     1     1    15    12    13     4     0     0   -26.0   59.620 -139.625    413.6    863.4
     1     1    15    12    13     3     0     0   -27.0   59.576 -139.742    383.1    868.8
     1     1    15    12    13     2     0     0   -28.0   59.523 -139.854    358.6    873.3
     1     1    15    12    13     1     0     0   -29.0   59.464 -139.963    340.0    877.3
     1     1    15    12    13     0     0     0   -30.0   59.396 -140.069    326.8    881.2
     1     1    15    12    12    23     0     0   -31.0   59.325 -140.173    313.8    885.1
     1     1    15    12    12    22     0     0   -32.0   59.250 -140.268    296.9    890.1
     1     1    15    12    12    21     0     0   -33.0   59.172 -140.354    277.0    895.6
     1     1    15    12    12    20     0     0   -34.0   59.092 -140.427    254.8    901.4
     1     1    15    12    12    19     0     0   -35.0   59.009 -140.487    231.2    907.6
     1     1    15    12    12    18     0     0   -36.0   58.925 -140.531    207.2    914.0
     1     1    15    12    12    17     0     0   -37.0   58.839 -140.571    185.1    920.0
     1     1    15    12    12    16     0     0   -38.0   58.752 -140.621    166.2    925.2
     1     1    15    12    12    15     0     0   -39.0   58.664 -140.685    149.5    930.4
     1     1    15    12    12    14     0     0   -40.0   58.573 -140.763    134.4    935.7
     1     1    15    12    12    13     0     0   -41.0   58.479 -140.858    120.2    941.1
     1     1    15    12    12    12     0     0   -42.0   58.384 -140.969    106.3    946.8
     1     1    15    12    12    11     0     0   -43.0   58.281 -141.084     92.6    952.8
     1     1    15    12    12    10     0     0   -44.0   58.167 -141.193     79.7    959.4
     1     1    15    12    12     9     0     0   -45.0   58.040 -141.300     68.1    965.8
     1     1    15    12    12     8     0     0   -46.0   57.896 -141.412     58.4    972.3
     1     1    15    12    12     7     0     0   -47.0   57.733 -141.540     51.1    979.5
     1     1    15    12    12     6     0     0   -48.0   57.549 -141.695     46.7    987.3
     1     1    15    12    12     5     0     0   -49.0   57.350 -141.881     44.0    990.4
     1     1    15    12    12     4     0     0   -50.0   57.149 -142.093     41.2    991.9
     1     1    15    12    12     3     0     0   -51.0   56.947 -142.339     38.5    993.2
     1     1    15    12    12     2     0     0   -52.0   56.746 -142.627     35.9    994.4
     1     1    15    12    12     1     0     0   -53.0   56.547 -142.962     33.1    995.5
     1     1    15    12    12     0     0     0   -54.0   56.349 -143.344     29.7    996.4
     1     1    15    12    11    23     0     0   -55.0   56.158 -143.777     26.5    997.1
     1     1    15    12    11    22     0     0   -56.0   55.977 -144.258     23.8    997.4
     1     1    15    12    11    21     0     0   -57.0   55.799 -144.792     21.8    997.1
     1     1    15    12    11    20     0     0   -58.0   55.622 -145.379     20.5    995.3
     1     1    15    12    11    19     0     0   -59.0   55.444 -146.013     19.8    992.5
     1     1    15    12    11    18     0     0   -60.0   55.262 -146.688     19.5    989.2
     1     1    15    12    11    17     0     0   -61.0   55.069 -147.413     19.4    984.8
     1     1    15    12    11    16     0     0   -62.0   54.874 -148.174     19.0    983.5
     1     1    15    12    11    15     0     0   -63.0   54.693 -148.945     18.0    983.9
     1     1    15    12    11    14     0     0   -64.0   54.529 -149.727     16.6    984.5
     1     1    15    12    11    13     0     0   -65.0   54.382 -150.520     14.9    986.4
     1     1    15    12    11    12     0     0   -66.0   54.251 -151.316     13.3    989.0
     1     1    15    12    11    11     0     0   -67.0   54.139 -152.090     12.0    991.4
     1     1    15    12    11    10     0     0   -68.0   54.044 -152.832     10.9    993.4
     1     1    15    12    11     9     0     0   -69.0   53.963 -153.547      9.7    994.9
     1     1    15    12    11     8     0     0   -70.0   53.890 -154.243      8.5    996.0
     1     1    15    12    11     7     0     0   -71.0   53.821 -154.924      7.2    996.8
     1     1    15    12    11     6     0     0   -72.0   53.750 -155.590      6.2    997.2
