     1     1
    CDC1    15    11     1     0     0
     1 BACKWARD OMEGA   
    15    11    15    12   60.984 -139.059   750.0
     1 PRESSURE
     1     1    15    11    15    12     0     0     0.0   60.984 -139.059    750.0    793.3
     1     1    15    11    15    11     0     0    -1.0   60.870 -138.915    723.0    797.8
     1     1    15    11    15    10     0     0    -2.0   60.761 -138.748    693.1    802.8
     1     1    15    11    15     9     0     0    -3.0   60.658 -138.558    660.0    808.1
     1     1    15    11    15     8     0     0    -4.0   60.558 -138.344    623.3    813.8
     1     1    15    11    15     7     0     0    -5.0   60.463 -138.104    582.7    819.7
     1     1    15    11    15     6     0     0    -6.0   60.372 -137.839    537.8    825.7
     1     1    15    11    15     5     0     0    -7.0   60.283 -137.557    486.8    832.0
     1     1    15    11    15     4     0     0    -8.0   60.198 -137.263    428.6    839.0
     1     1    15    11    15     3     0     0    -9.0   60.115 -136.961    363.6    846.9
     1     1    15    11    15     2     0     0   -10.0   60.026 -136.660    298.0    854.3
     1     1    15    11    15     1     0     0   -11.0   59.928 -136.373    237.8    862.8
     1     1    15    11    15     0     0     0   -12.0   59.822 -136.100    185.1    871.2
     1     1    15    11    14    23     0     0   -13.0   59.716 -135.842    141.8    877.9
     1     1    15    11    14    22     0     0   -14.0   59.610 -135.601    108.0    883.8
     1     1    15    11    14    21     0     0   -15.0   59.506 -135.370     82.7    889.2
     1     1    15    11    14    20     0     0   -16.0   59.403 -135.145     63.3    893.0
     1     1    15    11    14    19     0     0   -17.0   59.299 -134.929     47.9    895.8
     1     1    15    11    14    18     0     0   -18.0   59.195 -134.726     35.4    897.9
     1     1    15    11    14    17     0     0   -19.0   59.087 -134.540     25.6    899.4
     1     1    15    11    14    16     0     0   -20.0   58.976 -134.371     18.2    901.1
     1     1    15    11    14    15     0     0   -21.0   58.861 -134.217     13.0    902.6
     1     1    15    11    14    14     0     0   -22.0   58.741 -134.078      9.3    903.9
     1     1    15    11    14    13     0     0   -23.0   58.615 -133.954      6.5    904.9
     1     1    15    11    14    12     0     0   -24.0   58.482 -133.843      3.6    906.2
     1     1    15    11    14    11     0     0   -25.0   58.336 -133.745      0.6    908.0
     1     1    15    11    14    10     0     0   -26.0   58.177 -133.656      0.0    910.2
     1     1    15    11    14     9     0     0   -27.0   58.003 -133.572      0.0    912.8
     1     1    15    11    14     8     0     0   -28.0   57.818 -133.487      0.0    915.6
     1     1    15    11    14     7     0     0   -29.0   57.622 -133.396      0.0    918.5
     1     1    15    11    14     6     0     0   -30.0   57.418 -133.299      0.0    921.6
     1     1    15    11    14     5     0     0   -31.0   57.202 -133.212      0.0    924.7
     1     1    15    11    14     4     0     0   -32.0   56.971 -133.154      0.0    928.8
     1     1    15    11    14     3     0     0   -33.0   56.726 -133.128      0.0    933.6
     1     1    15    11    14     2     0     0   -34.0   56.472 -133.137      0.0    939.3
     1     1    15    11    14     1     0     0   -35.0   56.211 -133.186      0.0    945.6
     1     1    15    11    14     0     0     0   -36.0   55.947 -133.280      0.0    952.5
     1     1    15    11    13    23     0     0   -37.0   55.687 -133.419      0.0    960.0
     1     1    15    11    13    22     0     0   -38.0   55.432 -133.606      0.0    967.7
     1     1    15    11    13    21     0     0   -39.0   55.181 -133.859      0.0    975.8
     1     1    15    11    13    20     0     0   -40.0   54.932 -134.198      0.0    983.4
     1     1    15    11    13    19     0     0   -41.0   54.684 -134.637      0.0    988.6
     1     1    15    11    13    18     0     0   -42.0   54.436 -135.183      0.0    992.2
     1     1    15    11    13    17     0     0   -43.0   54.193 -135.841      0.0    992.4
     1     1    15    11    13    16     0     0   -44.0   53.960 -136.614      0.0    991.6
     1     1    15    11    13    15     0     0   -45.0   53.734 -137.498      0.0    989.7
     1     1    15    11    13    14     0     0   -46.0   53.516 -138.457      0.0    987.8
     1     1    15    11    13    13     0     0   -47.0   53.310 -139.448      0.0    986.1
     1     1    15    11    13    12     0     0   -48.0   53.113 -140.464      0.0    986.0
     1     1    15    11    13    11     0     0   -49.0   52.937 -141.501      0.0    987.5
     1     1    15    11    13    10     0     0   -50.0   52.786 -142.564      0.0    989.1
     1     1    15    11    13     9     0     0   -51.0   52.662 -143.664      0.0    990.1
     1     1    15    11    13     8     0     0   -52.0   52.571 -144.811      0.0    991.1
     1     1    15    11    13     7     0     0   -53.0   52.506 -145.995      0.0    992.0
     1     1    15    11    13     6     0     0   -54.0   52.464 -147.202      0.0    992.7
     1     1    15    11    13     5     0     0   -55.0   52.441 -148.422      0.0    995.0
     1     1    15    11    13     4     0     0   -56.0   52.434 -149.643      0.0    997.7
     1     1    15    11    13     3     0     0   -57.0   52.447 -150.854      0.0   1000.0
     1     1    15    11    13     2     0     0   -58.0   52.489 -152.059      0.0   1001.8
     1     1    15    11    13     1     0     0   -59.0   52.565 -153.254      0.0   1001.4
     1     1    15    11    13     0     0     0   -60.0   52.673 -154.428      0.0   1000.1
     1     1    15    11    12    23     0     0   -61.0   52.817 -155.565      0.0    998.8
     1     1    15    11    12    22     0     0   -62.0   52.997 -156.654      0.0    997.5
     1     1    15    11    12    21     0     0   -63.0   53.206 -157.692      0.0    996.8
     1     1    15    11    12    20     0     0   -64.0   53.427 -158.662      0.0    996.7
     1     1    15    11    12    19     0     0   -65.0   53.651 -159.552      0.0    996.2
     1     1    15    11    12    18     0     0   -66.0   53.880 -160.360      0.0    995.7
     1     1    15    11    12    17     0     0   -67.0   54.104 -161.102      0.3    995.5
     1     1    15    11    12    16     0     0   -68.0   54.316 -161.800      0.9    995.1
     1     1    15    11    12    15     0     0   -69.0   54.517 -162.463      1.6    994.3
     1     1    15    11    12    14     0     0   -70.0   54.709 -163.109      2.2    993.9
     1     1    15    11    12    13     0     0   -71.0   54.897 -163.752      2.7    993.6
     1     1    15    11    12    12     0     0   -72.0   55.091 -164.395      3.0    993.7
