     1     1
    CDC1    15    11     1     0     0
     1 BACKWARD OMEGA   
    15    11     3     6   60.984 -139.059   750.0
     1 PRESSURE
     1     1    15    11     3     6     0     0     0.0   60.984 -139.059    750.0    809.3
     1     1    15    11     3     5     0     0    -1.0   60.980 -139.109    751.5    809.5
     1     1    15    11     3     4     0     0    -2.0   60.994 -139.212    755.7    809.0
     1     1    15    11     3     3     0     0    -3.0   61.026 -139.369    762.9    808.1
     1     1    15    11     3     2     0     0    -4.0   61.076 -139.582    773.7    806.5
     1     1    15    11     3     1     0     0    -5.0   61.146 -139.853    789.3    804.1
     1     1    15    11     3     0     0     0    -6.0   61.236 -140.186    811.0    801.3
     1     1    15    11     2    23     0     0    -7.0   61.333 -140.545    832.8    797.4
     1     1    15    11     2    22     0     0    -8.0   61.426 -140.891    848.2    794.7
     1     1    15    11     2    21     0     0    -9.0   61.515 -141.224    856.0    792.9
     1     1    15    11     2    20     0     0   -10.0   61.601 -141.547    855.2    791.9
     1     1    15    11     2    19     0     0   -11.0   61.683 -141.858    845.0    791.8
     1     1    15    11     2    18     0     0   -12.0   61.763 -142.159    824.5    792.7
     1     1    15    11     2    17     0     0   -13.0   61.832 -142.470    797.4    795.1
     1     1    15    11     2    16     0     0   -14.0   61.884 -142.815    768.2    798.6
     1     1    15    11     2    15     0     0   -15.0   61.918 -143.194    737.3    802.9
     1     1    15    11     2    14     0     0   -16.0   61.935 -143.605    704.7    808.1
     1     1    15    11     2    13     0     0   -17.0   61.936 -144.046    670.7    814.1
     1     1    15    11     2    12     0     0   -18.0   61.923 -144.515    635.1    820.9
     1     1    15    11     2    11     0     0   -19.0   61.899 -144.999    599.7    828.1
     1     1    15    11     2    10     0     0   -20.0   61.865 -145.485    567.4    835.3
     1     1    15    11     2     9     0     0   -21.0   61.822 -145.971    537.4    842.7
     1     1    15    11     2     8     0     0   -22.0   61.770 -146.450    509.9    850.2
     1     1    15    11     2     7     0     0   -23.0   61.709 -146.918    484.4    857.8
     1     1    15    11     2     6     0     0   -24.0   61.641 -147.371    460.8    865.4
     1     1    15    11     2     5     0     0   -25.0   61.560 -147.782    437.7    872.3
     1     1    15    11     2     4     0     0   -26.0   61.458 -148.123    415.1    879.1
     1     1    15    11     2     3     0     0   -27.0   61.338 -148.395    392.4    886.1
     1     1    15    11     2     2     0     0   -28.0   61.200 -148.598    369.9    892.9
     1     1    15    11     2     1     0     0   -29.0   61.050 -148.737    347.9    899.3
     1     1    15    11     2     0     0     0   -30.0   60.890 -148.821    327.0    905.6
     1     1    15    11     1    23     0     0   -31.0   60.747 -148.865    312.5    911.6
     1     1    15    11     1    22     0     0   -32.0   60.637 -148.886    309.1    914.7
     1     1    15    11     1    21     0     0   -33.0   60.556 -148.887    316.4    916.0
     1     1    15    11     1    20     0     0   -34.0   60.498 -148.869    335.1    915.4
     1     1    15    11     1    19     0     0   -35.0   60.461 -148.832    367.1    913.0
     1     1    15    11     1    18     0     0   -36.0   60.446 -148.784    413.6    907.9
     1     1    15    11     1    17     0     0   -37.0   60.462 -148.750    468.1    900.0
     1     1    15    11     1    16     0     0   -38.0   60.515 -148.748    524.0    892.3
     1     1    15    11     1    15     0     0   -39.0   60.603 -148.775    581.3    884.1
     1     1    15    11     1    14     0     0   -40.0   60.725 -148.831    639.7    875.1
     1     1    15    11     1    13     0     0   -41.0   60.882 -148.913    699.3    864.8
     1     1    15    11     1    12     0     0   -42.0   61.072 -149.021    760.3    854.3
     1     1    15    11     1    11     0     0   -43.0   61.279 -149.167    820.1    843.6
     1     1    15    11     1    10     0     0   -44.0   61.487 -149.359    873.9    834.4
     1     1    15    11     1     9     0     0   -45.0   61.702 -149.593    921.2    826.1
     1     1    15    11     1     8     0     0   -46.0   61.931 -149.867    961.2    818.7
     1     1    15    11     1     7     0     0   -47.0   62.179 -150.178    992.8    812.1
     1     1    15    11     1     6     0     0   -48.0   62.450 -150.522   1014.6    806.8
     1     1    15    11     1     5     0     0   -49.0   62.726 -150.880   1031.3    808.7
     1     1    15    11     1     4     0     0   -50.0   62.987 -151.231   1045.3    811.7
     1     1    15    11     1     3     0     0   -51.0   63.231 -151.578   1056.6    814.8
     1     1    15    11     1     2     0     0   -52.0   63.459 -151.925   1065.7    818.0
     1     1    15    11     1     1     0     0   -53.0   63.668 -152.277   1073.3    821.1
     1     1    15    11     1     0     0     0   -54.0   63.858 -152.640   1079.8    824.2
