     1     1
    CDC1    16     1     1     0     0
     1 BACKWARD OMEGA   
    16     1    27     0   60.984 -139.059   750.0
     1 PRESSURE
     1     1    16     1    27     0     0     0     0.0   60.984 -139.059    750.0    796.1
     1     1    16     1    26    23     0     0    -1.0   60.708 -139.244    731.9    801.0
     1     1    16     1    26    22     0     0    -2.0   60.445 -139.379    703.6    807.2
     1     1    16     1    26    21     0     0    -3.0   60.201 -139.495    664.7    814.2
     1     1    16     1    26    20     0     0    -4.0   59.980 -139.618    615.6    822.5
     1     1    16     1    26    19     0     0    -5.0   59.783 -139.768    559.9    833.8
     1     1    16     1    26    18     0     0    -6.0   59.609 -139.963    501.0    844.8
     1     1    16     1    26    17     0     0    -7.0   59.449 -140.159    447.4    857.5
     1     1    16     1    26    16     0     0    -8.0   59.293 -140.301    405.6    867.9
     1     1    16     1    26    15     0     0    -9.0   59.146 -140.395    374.9    876.3
     1     1    16     1    26    14     0     0   -10.0   59.012 -140.443    354.1    882.4
     1     1    16     1    26    13     0     0   -11.0   58.893 -140.448    341.8    886.7
     1     1    16     1    26    12     0     0   -12.0   58.791 -140.410    336.7    889.3
     1     1    16     1    26    11     0     0   -13.0   58.701 -140.328    331.3    892.5
     1     1    16     1    26    10     0     0   -14.0   58.617 -140.196    318.2    896.7
     1     1    16     1    26     9     0     0   -15.0   58.543 -140.001    298.1    901.1
     1     1    16     1    26     8     0     0   -16.0   58.477 -139.732    271.9    906.1
     1     1    16     1    26     7     0     0   -17.0   58.420 -139.379    241.1    911.3
     1     1    16     1    26     6     0     0   -18.0   58.374 -138.935    207.8    916.3
     1     1    16     1    26     5     0     0   -19.0   58.327 -138.430    177.2    920.7
     1     1    16     1    26     4     0     0   -20.0   58.268 -137.900    152.5    924.1
     1     1    16     1    26     3     0     0   -21.0   58.198 -137.351    132.7    927.2
     1     1    16     1    26     2     0     0   -22.0   58.112 -136.798    116.8    929.4
     1     1    16     1    26     1     0     0   -23.0   58.007 -136.250    104.4    931.8
     1     1    16     1    26     0     0     0   -24.0   57.886 -135.704     95.4    934.0
     1     1    16     1    25    23     0     0   -25.0   57.760 -135.150     87.9    935.5
     1     1    16     1    25    22     0     0   -26.0   57.640 -134.586     80.0    934.0
     1     1    16     1    25    21     0     0   -27.0   57.532 -134.023     72.3    930.5
     1     1    16     1    25    20     0     0   -28.0   57.433 -133.475     64.9    925.9
     1     1    16     1    25    19     0     0   -29.0   57.338 -132.954     58.0    921.7
     1     1    16     1    25    18     0     0   -30.0   57.251 -132.463     51.8    917.6
     1     1    16     1    25    17     0     0   -31.0   57.161 -132.011     46.4    913.1
     1     1    16     1    25    16     0     0   -32.0   57.057 -131.600     41.7    909.6
     1     1    16     1    25    15     0     0   -33.0   56.942 -131.228     37.6    907.0
     1     1    16     1    25    14     0     0   -34.0   56.819 -130.888     34.1    905.2
     1     1    16     1    25    13     0     0   -35.0   56.689 -130.575     30.9    903.9
     1     1    16     1    25    12     0     0   -36.0   56.556 -130.285     28.2    903.1
     1     1    16     1    25    11     0     0   -37.0   56.430 -130.018     25.9    901.7
     1     1    16     1    25    10     0     0   -38.0   56.321 -129.777     24.5    901.5
     1     1    16     1    25     9     0     0   -39.0   56.232 -129.564     24.4    900.9
     1     1    16     1    25     8     0     0   -40.0   56.162 -129.379     25.6    899.9
     1     1    16     1    25     7     0     0   -41.0   56.111 -129.221     28.5    898.6
     1     1    16     1    25     6     0     0   -42.0   56.076 -129.089     33.2    897.0
     1     1    16     1    25     5     0     0   -43.0   56.042 -128.971     39.1    895.4
     1     1    16     1    25     4     0     0   -44.0   56.000 -128.856     44.6    894.2
     1     1    16     1    25     3     0     0   -45.0   55.951 -128.742     49.3    893.3
     1     1    16     1    25     2     0     0   -46.0   55.897 -128.628     52.8    892.6
     1     1    16     1    25     1     0     0   -47.0   55.838 -128.513     54.6    892.1
     1     1    16     1    25     0     0     0   -48.0   55.777 -128.395     54.6    891.8
     1     1    16     1    24    23     0     0   -49.0   55.725 -128.276     52.9    891.2
     1     1    16     1    24    22     0     0   -50.0   55.693 -128.160     49.8    890.3
     1     1    16     1    24    21     0     0   -51.0   55.684 -128.051     45.6    889.1
     1     1    16     1    24    20     0     0   -52.0   55.697 -127.949     40.5    887.7
     1     1    16     1    24    19     0     0   -53.0   55.732 -127.856     34.7    886.1
     1     1    16     1    24    18     0     0   -54.0   55.790 -127.775     28.4    884.3
     1     1    16     1    24    17     0     0   -55.0   55.863 -127.712     23.4    883.0
     1     1    16     1    24    16     0     0   -56.0   55.939 -127.673     21.2    881.4
     1     1    16     1    24    15     0     0   -57.0   56.014 -127.658     21.4    879.8
     1     1    16     1    24    14     0     0   -58.0   56.085 -127.667     24.6    878.3
     1     1    16     1    24    13     0     0   -59.0   56.150 -127.703     31.5    876.8
     1     1    16     1    24    12     0     0   -60.0   56.210 -127.769     44.0    875.2
     1     1    16     1    24    11     0     0   -61.0   56.253 -127.857     60.7    873.4
     1     1    16     1    24    10     0     0   -62.0   56.268 -127.950     77.8    872.0
     1     1    16     1    24     9     0     0   -63.0   56.259 -128.039     93.3    870.8
     1     1    16     1    24     8     0     0   -64.0   56.226 -128.118    106.3    870.4
     1     1    16     1    24     7     0     0   -65.0   56.174 -128.188    116.7    870.8
     1     1    16     1    24     6     0     0   -66.0   56.104 -128.246    124.6    871.6
     1     1    16     1    24     5     0     0   -67.0   56.025 -128.293    130.0    872.9
     1     1    16     1    24     4     0     0   -68.0   55.944 -128.328    132.5    874.4
     1     1    16     1    24     3     0     0   -69.0   55.864 -128.354    132.5    876.1
     1     1    16     1    24     2     0     0   -70.0   55.784 -128.370    130.1    877.8
     1     1    16     1    24     1     0     0   -71.0   55.706 -128.377    125.7    879.7
     1     1    16     1    24     0     0     0   -72.0   55.629 -128.378    119.4    881.7
