     1     1
    CDC1    16     3     1     0     0
     1 BACKWARD OMEGA   
    16     3    31    12   60.984 -139.059   750.0
     1 PRESSURE
     1     1    16     3    31    12     0     0     0.0   60.984 -139.059    750.0    820.3
     1     1    16     3    31    11     0     0    -1.0   61.127 -139.704    833.0    810.4
     1     1    16     3    31    10     0     0    -2.0   61.238 -140.408    907.9    802.8
     1     1    16     3    31     9     0     0    -3.0   61.311 -141.160    971.3    797.3
     1     1    16     3    31     8     0     0    -4.0   61.341 -141.946   1020.7    794.5
     1     1    16     3    31     7     0     0    -5.0   61.326 -142.752   1055.9    794.9
     1     1    16     3    31     6     0     0    -6.0   61.259 -143.553   1076.2    799.3
     1     1    16     3    31     5     0     0    -7.0   61.124 -144.290   1083.8    806.3
     1     1    16     3    31     4     0     0    -8.0   60.912 -144.922   1081.9    815.7
     1     1    16     3    31     3     0     0    -9.0   60.635 -145.436   1071.8    827.1
     1     1    16     3    31     2     0     0   -10.0   60.306 -145.831   1054.9    840.0
     1     1    16     3    31     1     0     0   -11.0   59.936 -146.111   1032.5    853.9
     1     1    16     3    31     0     0     0   -12.0   59.541 -146.271   1004.7    868.3
     1     1    16     3    30    23     0     0   -13.0   59.139 -146.313    970.9    882.8
     1     1    16     3    30    22     0     0   -14.0   58.741 -146.259    932.0    897.9
     1     1    16     3    30    21     0     0   -15.0   58.351 -146.136    889.5    912.8
     1     1    16     3    30    20     0     0   -16.0   57.969 -145.970    845.1    928.1
     1     1    16     3    30    19     0     0   -17.0   57.595 -145.780    799.8    943.9
     1     1    16     3    30    18     0     0   -18.0   57.219 -145.586    751.9    949.5
     1     1    16     3    30    17     0     0   -19.0   56.827 -145.396    706.8    951.2
     1     1    16     3    30    16     0     0   -20.0   56.413 -145.211    668.4    952.0
     1     1    16     3    30    15     0     0   -21.0   55.970 -145.041    636.9    952.0
     1     1    16     3    30    14     0     0   -22.0   55.492 -144.900    612.4    950.5
     1     1    16     3    30    13     0     0   -23.0   54.973 -144.798    595.6    948.3
     1     1    16     3    30    12     0     0   -24.0   54.418 -144.707    587.6    950.2
     1     1    16     3    30    11     0     0   -25.0   53.847 -144.579    585.4    951.4
     1     1    16     3    30    10     0     0   -26.0   53.268 -144.402    586.9    952.4
     1     1    16     3    30     9     0     0   -27.0   52.679 -144.182    593.4    952.8
     1     1    16     3    30     8     0     0   -28.0   52.083 -143.915    603.7    951.9
     1     1    16     3    30     7     0     0   -29.0   51.492 -143.589    616.2    951.3
     1     1    16     3    30     6     0     0   -30.0   50.918 -143.198    631.0    951.1
     1     1    16     3    30     5     0     0   -31.0   50.368 -142.753    649.7    951.1
     1     1    16     3    30     4     0     0   -32.0   49.847 -142.277    673.5    949.2
     1     1    16     3    30     3     0     0   -33.0   49.361 -141.786    701.8    944.8
     1     1    16     3    30     2     0     0   -34.0   48.916 -141.293    734.8    940.7
     1     1    16     3    30     1     0     0   -35.0   48.518 -140.798    773.4    936.7
     1     1    16     3    30     0     0     0   -36.0   48.173 -140.307    818.7    932.5
     1     1    16     3    29    23     0     0   -37.0   47.883 -139.820    867.8    927.3
     1     1    16     3    29    22     0     0   -38.0   47.648 -139.343    917.4    922.1
     1     1    16     3    29    21     0     0   -39.0   47.469 -138.882    966.0    916.7
     1     1    16     3    29    20     0     0   -40.0   47.349 -138.443   1012.8    911.3
     1     1    16     3    29    19     0     0   -41.0   47.286 -138.031   1057.1    906.5
     1     1    16     3    29    18     0     0   -42.0   47.280 -137.640   1098.6    902.4
     1     1    16     3    29    17     0     0   -43.0   47.313 -137.255   1136.6    898.2
     1     1    16     3    29    16     0     0   -44.0   47.363 -136.865   1171.3    894.4
     1     1    16     3    29    15     0     0   -45.0   47.431 -136.469   1202.7    891.1
     1     1    16     3    29    14     0     0   -46.0   47.518 -136.068   1231.3    888.2
     1     1    16     3    29    13     0     0   -47.0   47.626 -135.670   1257.6    885.6
     1     1    16     3    29    12     0     0   -48.0   47.755 -135.282   1282.1    883.3
     1     1    16     3    29    11     0     0   -49.0   47.917 -134.912   1307.0    881.0
     1     1    16     3    29    10     0     0   -50.0   48.119 -134.573   1335.6    878.0
     1     1    16     3    29     9     0     0   -51.0   48.353 -134.269   1368.0    874.8
     1     1    16     3    29     8     0     0   -52.0   48.621 -133.999   1403.9    871.5
     1     1    16     3    29     7     0     0   -53.0   48.921 -133.764   1443.4    868.0
     1     1    16     3    29     6     0     0   -54.0   49.252 -133.562   1486.6    864.3
     1     1    16     3    29     5     0     0   -55.0   49.596 -133.399   1536.8    860.2
     1     1    16     3    29     4     0     0   -56.0   49.934 -133.280   1597.7    854.8
     1     1    16     3    29     3     0     0   -57.0   50.260 -133.215   1666.3    847.8
     1     1    16     3    29     2     0     0   -58.0   50.567 -133.218   1739.1    840.3
     1     1    16     3    29     1     0     0   -59.0   50.852 -133.290   1814.3    832.0
     1     1    16     3    29     0     0     0   -60.0   51.113 -133.426   1890.9    823.6
     1     1    16     3    28    23     0     0   -61.0   51.357 -133.610   1962.0    815.2
     1     1    16     3    28    22     0     0   -62.0   51.585 -133.833   2022.1    808.9
     1     1    16     3    28    21     0     0   -63.0   51.794 -134.100   2070.6    803.9
     1     1    16     3    28    20     0     0   -64.0   51.982 -134.417   2107.5    800.4
     1     1    16     3    28    19     0     0   -65.0   52.142 -134.788   2133.3    798.1
     1     1    16     3    28    18     0     0   -66.0   52.270 -135.216   2147.7    796.3
     1     1    16     3    28    17     0     0   -67.0   52.362 -135.703   2154.7    794.3
     1     1    16     3    28    16     0     0   -68.0   52.421 -136.248   2157.8    791.9
     1     1    16     3    28    15     0     0   -69.0   52.441 -136.848   2157.7    789.7
     1     1    16     3    28    14     0     0   -70.0   52.422 -137.503   2154.5    787.5
     1     1    16     3    28    13     0     0   -71.0   52.354 -138.205   2150.6    786.9
     1     1    16     3    28    12     0     0   -72.0   52.233 -138.943   2145.2    786.8
