     1     1
    CDC1    15    11     1     0     0
     1 BACKWARD OMEGA   
    15    11    17    18   60.984 -139.059   750.0
     1 PRESSURE
     1     1    15    11    17    18     0     0     0.0   60.984 -139.059    750.0    787.6
     1     1    15    11    17    17     0     0    -1.0   60.937 -139.024    728.9    790.2
     1     1    15    11    17    16     0     0    -2.0   60.890 -139.004    703.8    793.5
     1     1    15    11    17    15     0     0    -3.0   60.847 -138.998    675.2    797.3
     1     1    15    11    17    14     0     0    -4.0   60.807 -139.006    643.1    801.5
     1     1    15    11    17    13     0     0    -5.0   60.773 -139.024    607.8    806.1
     1     1    15    11    17    12     0     0    -6.0   60.745 -139.052    569.4    810.4
     1     1    15    11    17    11     0     0    -7.0   60.726 -139.074    532.8    814.7
     1     1    15    11    17    10     0     0    -8.0   60.718 -139.076    503.2    817.6
     1     1    15    11    17     9     0     0    -9.0   60.720 -139.055    480.1    819.7
     1     1    15    11    17     8     0     0   -10.0   60.732 -139.010    463.5    820.9
     1     1    15    11    17     7     0     0   -11.0   60.753 -138.939    453.1    821.2
     1     1    15    11    17     6     0     0   -12.0   60.782 -138.840    448.5    820.7
     1     1    15    11    17     5     0     0   -13.0   60.818 -138.726    448.2    820.0
     1     1    15    11    17     4     0     0   -14.0   60.863 -138.611    450.3    819.1
     1     1    15    11    17     3     0     0   -15.0   60.916 -138.494    454.9    817.8
     1     1    15    11    17     2     0     0   -16.0   60.975 -138.376    462.2    816.1
     1     1    15    11    17     1     0     0   -17.0   61.039 -138.257    472.2    814.0
     1     1    15    11    17     0     0     0   -18.0   61.107 -138.139    484.8    811.6
     1     1    15    11    16    23     0     0   -19.0   61.169 -138.011    498.8    809.1
     1     1    15    11    16    22     0     0   -20.0   61.218 -137.866    513.0    807.0
     1     1    15    11    16    21     0     0   -21.0   61.253 -137.706    527.2    805.1
     1     1    15    11    16    20     0     0   -22.0   61.274 -137.532    541.6    803.4
     1     1    15    11    16    19     0     0   -23.0   61.282 -137.347    556.0    801.8
     1     1    15    11    16    18     0     0   -24.0   61.275 -137.150    570.3    800.4
     1     1    15    11    16    17     0     0   -25.0   61.246 -136.959    583.4    800.0
     1     1    15    11    16    16     0     0   -26.0   61.192 -136.791    593.7    800.3
     1     1    15    11    16    15     0     0   -27.0   61.113 -136.648    601.5    801.4
     1     1    15    11    16    14     0     0   -28.0   61.011 -136.526    606.9    802.9
     1     1    15    11    16    13     0     0   -29.0   60.886 -136.424    609.9    805.2
     1     1    15    11    16    12     0     0   -30.0   60.738 -136.339    610.5    808.1
     1     1    15    11    16    11     0     0   -31.0   60.581 -136.263    608.7    810.9
     1     1    15    11    16    10     0     0   -32.0   60.431 -136.197    604.9    813.8
     1     1    15    11    16     9     0     0   -33.0   60.288 -136.142    599.0    816.7
     1     1    15    11    16     8     0     0   -34.0   60.154 -136.101    590.9    819.8
     1     1    15    11    16     7     0     0   -35.0   60.030 -136.075    580.4    823.0
     1     1    15    11    16     6     0     0   -36.0   59.915 -136.065    568.0    827.5
     1     1    15    11    16     5     0     0   -37.0   59.801 -136.062    553.8    832.3
     1     1    15    11    16     4     0     0   -38.0   59.679 -136.064    537.4    837.6
     1     1    15    11    16     3     0     0   -39.0   59.551 -136.074    519.4    843.4
     1     1    15    11    16     2     0     0   -40.0   59.416 -136.099    499.7    849.7
     1     1    15    11    16     1     0     0   -41.0   59.277 -136.142    478.7    856.6
     1     1    15    11    16     0     0     0   -42.0   59.133 -136.212    456.8    863.9
     1     1    15    11    15    23     0     0   -43.0   58.992 -136.298    432.7    871.2
     1     1    15    11    15    22     0     0   -44.0   58.860 -136.389    405.2    878.9
     1     1    15    11    15    21     0     0   -45.0   58.738 -136.485    374.5    886.9
     1     1    15    11    15    20     0     0   -46.0   58.630 -136.591    341.9    894.1
     1     1    15    11    15    19     0     0   -47.0   58.535 -136.711    308.8    901.2
     1     1    15    11    15    18     0     0   -48.0   58.457 -136.851    275.9    908.1
     1     1    15    11    15    17     0     0   -49.0   58.393 -137.003    246.0    914.8
     1     1    15    11    15    16     0     0   -50.0   58.336 -137.159    220.9    920.7
     1     1    15    11    15    15     0     0   -51.0   58.284 -137.326    199.8    926.0
     1     1    15    11    15    14     0     0   -52.0   58.236 -137.509    182.0    930.4
     1     1    15    11    15    13     0     0   -53.0   58.189 -137.713    166.7    934.1
     1     1    15    11    15    12     0     0   -54.0   58.141 -137.941    153.3    937.9
     1     1    15    11    15    11     0     0   -55.0   58.098 -138.184    141.7    941.6
     1     1    15    11    15    10     0     0   -56.0   58.064 -138.428    131.5    944.8
     1     1    15    11    15     9     0     0   -57.0   58.038 -138.671    122.7    947.7
     1     1    15    11    15     8     0     0   -58.0   58.020 -138.912    115.1    950.2
     1     1    15    11    15     7     0     0   -59.0   58.010 -139.150    108.5    952.3
     1     1    15    11    15     6     0     0   -60.0   58.007 -139.385    102.9    954.0
     1     1    15    11    15     5     0     0   -61.0   58.007 -139.633     97.6    955.4
     1     1    15    11    15     4     0     0   -62.0   58.007 -139.914     92.1    957.1
     1     1    15    11    15     3     0     0   -63.0   58.008 -140.227     86.4    959.4
     1     1    15    11    15     2     0     0   -64.0   58.012 -140.560     80.0    962.0
     1     1    15    11    15     1     0     0   -65.0   58.022 -140.913     72.7    964.6
     1     1    15    11    15     0     0     0   -66.0   58.039 -141.290     64.4    966.7
     1     1    15    11    14    23     0     0   -67.0   58.067 -141.698     56.1    968.4
     1     1    15    11    14    22     0     0   -68.0   58.108 -142.145     48.8    969.6
     1     1    15    11    14    21     0     0   -69.0   58.163 -142.635     43.3    970.7
     1     1    15    11    14    20     0     0   -70.0   58.238 -143.156     40.8    971.4
     1     1    15    11    14    19     0     0   -71.0   58.337 -143.684     42.3    970.7
     1     1    15    11    14    18     0     0   -72.0   58.467 -144.190     48.1    968.4
