     1     1
    CDC1    15    12     1     0     0
     1 BACKWARD OMEGA   
    15    12    20    18   60.984 -139.059   750.0
     1 PRESSURE
     1     1    15    12    20    18     0     0     0.0   60.984 -139.059    750.0    785.1
     1     1    15    12    20    17     0     0    -1.0   60.878 -138.761    743.6    786.7
     1     1    15    12    20    16     0     0    -2.0   60.766 -138.469    735.2    788.7
     1     1    15    12    20    15     0     0    -3.0   60.645 -138.180    725.2    790.9
     1     1    15    12    20    14     0     0    -4.0   60.515 -137.895    714.3    793.4
     1     1    15    12    20    13     0     0    -5.0   60.374 -137.613    703.1    796.0
     1     1    15    12    20    12     0     0    -6.0   60.221 -137.337    692.4    798.5
     1     1    15    12    20    11     0     0    -7.0   60.050 -137.044    680.7    801.3
     1     1    15    12    20    10     0     0    -8.0   59.854 -136.719    665.6    807.0
     1     1    15    12    20     9     0     0    -9.0   59.641 -136.377    645.7    814.2
     1     1    15    12    20     8     0     0   -10.0   59.416 -136.023    620.7    822.1
     1     1    15    12    20     7     0     0   -11.0   59.182 -135.657    590.8    830.2
     1     1    15    12    20     6     0     0   -12.0   58.943 -135.277    555.9    838.3
     1     1    15    12    20     5     0     0   -13.0   58.697 -134.893    519.4    846.3
     1     1    15    12    20     4     0     0   -14.0   58.444 -134.511    485.4    852.0
     1     1    15    12    20     3     0     0   -15.0   58.185 -134.121    454.9    856.9
     1     1    15    12    20     2     0     0   -16.0   57.916 -133.707    427.7    860.9
     1     1    15    12    20     1     0     0   -17.0   57.636 -133.250    403.6    863.7
     1     1    15    12    20     0     0     0   -18.0   57.344 -132.744    382.8    865.8
     1     1    15    12    19    23     0     0   -19.0   57.056 -132.256    362.9    867.1
     1     1    15    12    19    22     0     0   -20.0   56.780 -131.840    341.4    868.9
     1     1    15    12    19    21     0     0   -21.0   56.510 -131.488    318.6    871.9
     1     1    15    12    19    20     0     0   -22.0   56.239 -131.180    294.4    876.0
     1     1    15    12    19    19     0     0   -23.0   55.968 -130.904    269.0    881.1
     1     1    15    12    19    18     0     0   -24.0   55.697 -130.648    243.2    886.9
     1     1    15    12    19    17     0     0   -25.0   55.432 -130.384    220.9    892.5
     1     1    15    12    19    16     0     0   -26.0   55.177 -130.095    205.1    896.1
     1     1    15    12    19    15     0     0   -27.0   54.933 -129.798    193.8    898.8
     1     1    15    12    19    14     0     0   -28.0   54.696 -129.519    185.7    900.3
     1     1    15    12    19    13     0     0   -29.0   54.466 -129.265    179.9    901.7
     1     1    15    12    19    12     0     0   -30.0   54.245 -129.030    175.7    902.9
     1     1    15    12    19    11     0     0   -31.0   54.034 -128.822    171.2    904.2
     1     1    15    12    19    10     0     0   -32.0   53.833 -128.645    164.9    906.1
     1     1    15    12    19     9     0     0   -33.0   53.642 -128.493    157.7    908.3
     1     1    15    12    19     8     0     0   -34.0   53.457 -128.360    150.4    910.6
     1     1    15    12    19     7     0     0   -35.0   53.277 -128.242    143.9    913.0
     1     1    15    12    19     6     0     0   -36.0   53.099 -128.136    139.3    915.3
     1     1    15    12    19     5     0     0   -37.0   52.919 -128.039    135.9    916.7
     1     1    15    12    19     4     0     0   -38.0   52.732 -127.952    132.8    918.5
     1     1    15    12    19     3     0     0   -39.0   52.537 -127.875    129.9    920.5
     1     1    15    12    19     2     0     0   -40.0   52.337 -127.818    126.6    922.6
     1     1    15    12    19     1     0     0   -41.0   52.138 -127.787    122.6    925.3
     1     1    15    12    19     0     0     0   -42.0   51.940 -127.782    117.9    928.5
     1     1    15    12    18    23     0     0   -43.0   51.746 -127.798    112.6    931.9
     1     1    15    12    18    22     0     0   -44.0   51.561 -127.835    106.8    935.5
     1     1    15    12    18    21     0     0   -45.0   51.383 -127.894    100.8    939.5
     1     1    15    12    18    20     0     0   -46.0   51.214 -127.980     94.9    943.6
     1     1    15    12    18    19     0     0   -47.0   51.055 -128.094     89.3    948.0
     1     1    15    12    18    18     0     0   -48.0   50.905 -128.239     84.1    952.7
     1     1    15    12    18    17     0     0   -49.0   50.772 -128.410     79.7    957.2
     1     1    15    12    18    16     0     0   -50.0   50.663 -128.600     76.3    961.4
     1     1    15    12    18    15     0     0   -51.0   50.577 -128.810     73.7    965.2
     1     1    15    12    18    14     0     0   -52.0   50.514 -129.039     71.9    968.9
     1     1    15    12    18    13     0     0   -53.0   50.472 -129.289     70.7    972.6
     1     1    15    12    18    12     0     0   -54.0   50.451 -129.557     70.0    976.3
     1     1    15    12    18    11     0     0   -55.0   50.435 -129.830     69.3    980.5
     1     1    15    12    18    10     0     0   -56.0   50.411 -130.095     68.0    983.7
     1     1    15    12    18     9     0     0   -57.0   50.376 -130.354     65.7    985.4
     1     1    15    12    18     8     0     0   -58.0   50.328 -130.608     61.8    987.3
     1     1    15    12    18     7     0     0   -59.0   50.272 -130.859     55.9    989.3
     1     1    15    12    18     6     0     0   -60.0   50.210 -131.109     48.2    991.5
     1     1    15    12    18     5     0     0   -61.0   50.142 -131.366     40.1    994.1
     1     1    15    12    18     4     0     0   -62.0   50.071 -131.643     33.3    996.5
     1     1    15    12    18     3     0     0   -63.0   50.001 -131.950     28.0    998.7
     1     1    15    12    18     2     0     0   -64.0   49.940 -132.294     24.3   1000.6
     1     1    15    12    18     1     0     0   -65.0   49.891 -132.679     22.4   1001.0
     1     1    15    12    18     0     0     0   -66.0   49.854 -133.101     22.2    999.6
     1     1    15    12    17    23     0     0   -67.0   49.824 -133.547     22.8    997.7
     1     1    15    12    17    22     0     0   -68.0   49.800 -134.014     23.1    996.0
     1     1    15    12    17    21     0     0   -69.0   49.788 -134.513     23.1    994.2
     1     1    15    12    17    20     0     0   -70.0   49.793 -135.052     22.5    992.4
     1     1    15    12    17    19     0     0   -71.0   49.799 -135.608     21.4    991.8
     1     1    15    12    17    18     0     0   -72.0   49.793 -136.155     20.0    991.4
