     1     1
    CDC1    16     3     1     0     0
     1 BACKWARD OMEGA   
    16     3    11     6   60.984 -139.059   750.0
     1 PRESSURE
     1     1    16     3    11     6     0     0     0.0   60.984 -139.059    750.0    791.1
     1     1    16     3    11     5     0     0    -1.0   60.710 -138.829    716.9    798.4
     1     1    16     3    11     4     0     0    -2.0   60.449 -138.562    685.2    805.4
     1     1    16     3    11     3     0     0    -3.0   60.205 -138.264    655.9    811.9
     1     1    16     3    11     2     0     0    -4.0   59.981 -137.943    630.1    817.8
     1     1    16     3    11     1     0     0    -5.0   59.777 -137.625    610.1    825.5
     1     1    16     3    11     0     0     0    -6.0   59.596 -137.329    596.0    831.2
     1     1    16     3    10    23     0     0    -7.0   59.434 -137.048    588.0    835.7
     1     1    16     3    10    22     0     0    -8.0   59.290 -136.774    587.4    838.8
     1     1    16     3    10    21     0     0    -9.0   59.165 -136.503    593.9    840.4
     1     1    16     3    10    20     0     0   -10.0   59.062 -136.228    607.7    840.4
     1     1    16     3    10    19     0     0   -11.0   58.981 -135.943    629.0    838.6
     1     1    16     3    10    18     0     0   -12.0   58.923 -135.642    658.0    835.0
     1     1    16     3    10    17     0     0   -13.0   58.878 -135.331    690.4    830.7
     1     1    16     3    10    16     0     0   -14.0   58.837 -135.019    722.6    826.9
     1     1    16     3    10    15     0     0   -15.0   58.800 -134.704    754.2    821.4
     1     1    16     3    10    14     0     0   -16.0   58.767 -134.384    785.7    815.7
     1     1    16     3    10    13     0     0   -17.0   58.737 -134.058    817.8    809.9
     1     1    16     3    10    12     0     0   -18.0   58.712 -133.725    851.2    803.7
     1     1    16     3    10    11     0     0   -19.0   58.678 -133.396    884.2    798.2
     1     1    16     3    10    10     0     0   -20.0   58.620 -133.079    914.0    793.7
     1     1    16     3    10     9     0     0   -21.0   58.537 -132.775    941.1    789.7
     1     1    16     3    10     8     0     0   -22.0   58.429 -132.485    965.8    786.5
     1     1    16     3    10     7     0     0   -23.0   58.294 -132.208    987.9    783.7
     1     1    16     3    10     6     0     0   -24.0   58.129 -131.943   1008.2    781.4
     1     1    16     3    10     5     0     0   -25.0   57.937 -131.700   1022.5    778.9
     1     1    16     3    10     4     0     0   -26.0   57.719 -131.494   1025.0    778.7
     1     1    16     3    10     3     0     0   -27.0   57.475 -131.328   1015.8    780.6
     1     1    16     3    10     2     0     0   -28.0   57.210 -131.200    996.9    786.7
     1     1    16     3    10     1     0     0   -29.0   56.930 -131.108    969.2    794.7
     1     1    16     3    10     0     0     0   -30.0   56.634 -131.050    933.5    804.8
     1     1    16     3     9    23     0     0   -31.0   56.324 -130.998    895.9    815.2
     1     1    16     3     9    22     0     0   -32.0   56.001 -130.934    860.6    824.6
     1     1    16     3     9    21     0     0   -33.0   55.662 -130.871    825.3    834.5
     1     1    16     3     9    20     0     0   -34.0   55.303 -130.822    787.2    845.6
     1     1    16     3     9    19     0     0   -35.0   54.921 -130.798    743.7    857.9
     1     1    16     3     9    18     0     0   -36.0   54.522 -130.791    695.5    870.1
     1     1    16     3     9    17     0     0   -37.0   54.127 -130.767    646.2    882.1
     1     1    16     3     9    16     0     0   -38.0   53.745 -130.714    596.6    893.2
     1     1    16     3     9    15     0     0   -39.0   53.374 -130.648    546.7    903.8
     1     1    16     3     9    14     0     0   -40.0   53.011 -130.583    496.3    914.8
     1     1    16     3     9    13     0     0   -41.0   52.652 -130.536    445.7    926.4
     1     1    16     3     9    12     0     0   -42.0   52.297 -130.518    395.5    936.7
     1     1    16     3     9    11     0     0   -43.0   51.947 -130.517    349.9    944.9
     1     1    16     3     9    10     0     0   -44.0   51.602 -130.520    310.9    951.8
     1     1    16     3     9     9     0     0   -45.0   51.260 -130.527    276.6    958.5
     1     1    16     3     9     8     0     0   -46.0   50.916 -130.543    245.4    965.1
     1     1    16     3     9     7     0     0   -47.0   50.569 -130.570    215.6    971.8
     1     1    16     3     9     6     0     0   -48.0   50.215 -130.614    185.7    978.2
     1     1    16     3     9     5     0     0   -49.0   49.863 -130.675    159.4    983.7
     1     1    16     3     9     4     0     0   -50.0   49.525 -130.746    141.7    986.6
     1     1    16     3     9     3     0     0   -51.0   49.203 -130.824    132.9    988.4
     1     1    16     3     9     2     0     0   -52.0   48.893 -130.916    132.1    989.1
     1     1    16     3     9     1     0     0   -53.0   48.593 -131.027    138.6    988.8
     1     1    16     3     9     0     0     0   -54.0   48.301 -131.166    152.1    987.5
     1     1    16     3     8    23     0     0   -55.0   48.011 -131.342    167.2    985.2
     1     1    16     3     8    22     0     0   -56.0   47.724 -131.562    179.1    983.6
     1     1    16     3     8    21     0     0   -57.0   47.443 -131.829    188.4    981.8
     1     1    16     3     8    20     0     0   -58.0   47.180 -132.141    194.8    980.0
     1     1    16     3     8    19     0     0   -59.0   46.943 -132.498    198.7    978.5
     1     1    16     3     8    18     0     0   -60.0   46.729 -132.897    200.7    978.4
     1     1    16     3     8    17     0     0   -61.0   46.514 -133.329    201.0    978.2
     1     1    16     3     8    16     0     0   -62.0   46.290 -133.791    200.0    978.7
     1     1    16     3     8    15     0     0   -63.0   46.066 -134.286    197.8    979.6
     1     1    16     3     8    14     0     0   -64.0   45.851 -134.822    194.3    981.0
     1     1    16     3     8    13     0     0   -65.0   45.647 -135.398    189.3    981.8
     1     1    16     3     8    12     0     0   -66.0   45.457 -136.010    183.0    982.5
     1     1    16     3     8    11     0     0   -67.0   45.248 -136.638    176.2    983.2
     1     1    16     3     8    10     0     0   -68.0   44.996 -137.271    169.2    984.0
     1     1    16     3     8     9     0     0   -69.0   44.712 -137.909    162.5    983.2
     1     1    16     3     8     8     0     0   -70.0   44.415 -138.550    157.4    981.8
     1     1    16     3     8     7     0     0   -71.0   44.125 -139.213    154.5    980.6
     1     1    16     3     8     6     0     0   -72.0   43.862 -139.926    153.9    979.3
