     1     1
    CDC1    16     1     1     0     0
     1 BACKWARD OMEGA   
    16     1    21     0   60.984 -139.059   750.0
     1 PRESSURE
     1     1    16     1    21     0     0     0     0.0   60.984 -139.059    750.0    803.4
     1     1    16     1    20    23     0     0    -1.0   60.844 -138.903    787.9    801.5
     1     1    16     1    20    22     0     0    -2.0   60.698 -138.761    820.3    800.7
     1     1    16     1    20    21     0     0    -3.0   60.545 -138.635    846.9    800.6
     1     1    16     1    20    20     0     0    -4.0   60.387 -138.525    867.6    801.2
     1     1    16     1    20    19     0     0    -5.0   60.223 -138.435    882.2    802.6
     1     1    16     1    20    18     0     0    -6.0   60.054 -138.366    890.4    804.7
     1     1    16     1    20    17     0     0    -7.0   59.879 -138.297    893.1    809.0
     1     1    16     1    20    16     0     0    -8.0   59.699 -138.209    888.8    815.0
     1     1    16     1    20    15     0     0    -9.0   59.513 -138.108    878.7    821.6
     1     1    16     1    20    14     0     0   -10.0   59.322 -138.002    863.4    828.9
     1     1    16     1    20    13     0     0   -11.0   59.126 -137.898    843.8    836.7
     1     1    16     1    20    12     0     0   -12.0   58.926 -137.804    820.7    845.1
     1     1    16     1    20    11     0     0   -13.0   58.721 -137.708    795.4    853.4
     1     1    16     1    20    10     0     0   -14.0   58.509 -137.598    769.3    862.0
     1     1    16     1    20     9     0     0   -15.0   58.292 -137.474    741.9    870.8
     1     1    16     1    20     8     0     0   -16.0   58.068 -137.338    712.8    879.6
     1     1    16     1    20     7     0     0   -17.0   57.840 -137.191    681.8    888.7
     1     1    16     1    20     6     0     0   -18.0   57.608 -137.034    648.7    898.1
     1     1    16     1    20     5     0     0   -19.0   57.376 -136.867    615.2    905.4
     1     1    16     1    20     4     0     0   -20.0   57.144 -136.694    584.5    910.0
     1     1    16     1    20     3     0     0   -21.0   56.914 -136.520    557.0    914.6
     1     1    16     1    20     2     0     0   -22.0   56.683 -136.348    532.3    919.2
     1     1    16     1    20     1     0     0   -23.0   56.454 -136.179    510.4    923.8
     1     1    16     1    20     0     0     0   -24.0   56.225 -136.014    491.1    928.3
     1     1    16     1    19    23     0     0   -25.0   55.998 -135.854    474.7    932.7
     1     1    16     1    19    22     0     0   -26.0   55.776 -135.701    461.9    936.7
     1     1    16     1    19    21     0     0   -27.0   55.556 -135.553    451.9    940.6
     1     1    16     1    19    20     0     0   -28.0   55.338 -135.412    444.1    944.4
     1     1    16     1    19    19     0     0   -29.0   55.121 -135.275    438.0    948.3
     1     1    16     1    19    18     0     0   -30.0   54.903 -135.145    433.0    950.7
     1     1    16     1    19    17     0     0   -31.0   54.679 -135.031    427.3    951.0
     1     1    16     1    19    16     0     0   -32.0   54.442 -134.946    420.1    951.4
     1     1    16     1    19    15     0     0   -33.0   54.194 -134.893    411.7    952.0
     1     1    16     1    19    14     0     0   -34.0   53.935 -134.876    402.6    953.2
     1     1    16     1    19    13     0     0   -35.0   53.666 -134.899    393.5    954.6
     1     1    16     1    19    12     0     0   -36.0   53.389 -134.968    384.6    956.0
     1     1    16     1    19    11     0     0   -37.0   53.106 -135.065    376.0    956.6
     1     1    16     1    19    10     0     0   -38.0   52.813 -135.175    366.9    956.7
     1     1    16     1    19     9     0     0   -39.0   52.504 -135.315    356.6    956.7
     1     1    16     1    19     8     0     0   -40.0   52.183 -135.479    345.0    955.6
     1     1    16     1    19     7     0     0   -41.0   51.854 -135.657    332.3    954.8
     1     1    16     1    19     6     0     0   -42.0   51.520 -135.856    318.9    954.2
     1     1    16     1    19     5     0     0   -43.0   51.195 -136.075    306.7    954.0
     1     1    16     1    19     4     0     0   -44.0   50.894 -136.315    297.6    953.4
     1     1    16     1    19     3     0     0   -45.0   50.613 -136.594    291.2    952.6
     1     1    16     1    19     2     0     0   -46.0   50.353 -136.925    287.1    951.5
     1     1    16     1    19     1     0     0   -47.0   50.113 -137.322    285.1    950.1
     1     1    16     1    19     0     0     0   -48.0   49.889 -137.775    284.8    950.3
     1     1    16     1    18    23     0     0   -49.0   49.675 -138.225    284.6    951.6
     1     1    16     1    18    22     0     0   -50.0   49.467 -138.634    284.5    952.9
     1     1    16     1    18    21     0     0   -51.0   49.265 -139.018    284.4    954.1
     1     1    16     1    18    20     0     0   -52.0   49.069 -139.391    284.6    955.0
     1     1    16     1    18    19     0     0   -53.0   48.881 -139.766    285.4    955.8
     1     1    16     1    18    18     0     0   -54.0   48.698 -140.153    286.8    956.4
     1     1    16     1    18    17     0     0   -55.0   48.514 -140.548    289.0    956.7
     1     1    16     1    18    16     0     0   -56.0   48.327 -140.945    292.6    956.7
     1     1    16     1    18    15     0     0   -57.0   48.140 -141.348    297.8    956.2
     1     1    16     1    18    14     0     0   -58.0   47.955 -141.762    304.8    955.3
     1     1    16     1    18    13     0     0   -59.0   47.774 -142.191    313.9    954.0
     1     1    16     1    18    12     0     0   -60.0   47.598 -142.640    325.2    951.8
     1     1    16     1    18    11     0     0   -61.0   47.418 -143.110    336.5    948.3
     1     1    16     1    18    10     0     0   -62.0   47.226 -143.595    346.4    945.6
     1     1    16     1    18     9     0     0   -63.0   47.023 -144.094    354.5    943.6
     1     1    16     1    18     8     0     0   -64.0   46.812 -144.608    361.2    942.2
     1     1    16     1    18     7     0     0   -65.0   46.597 -145.142    366.8    941.3
     1     1    16     1    18     6     0     0   -66.0   46.379 -145.694    371.2    940.7
     1     1    16     1    18     5     0     0   -67.0   46.151 -146.265    374.8    940.7
     1     1    16     1    18     4     0     0   -68.0   45.909 -146.854    378.4    941.1
     1     1    16     1    18     3     0     0   -69.0   45.657 -147.460    382.6    941.9
     1     1    16     1    18     2     0     0   -70.0   45.402 -148.087    387.4    942.2
     1     1    16     1    18     1     0     0   -71.0   45.153 -148.742    393.0    941.8
     1     1    16     1    18     0     0     0   -72.0   44.912 -149.432    399.6    940.2
