     1     1
    CDC1    16     4     1     0     0
     1 BACKWARD OMEGA   
    16     4    23     0   60.984 -139.059   750.0
     1 PRESSURE
     1     1    16     4    23     0     0     0     0.0   60.984 -139.059    750.0    806.0
     1     1    16     4    22    23     0     0    -1.0   60.872 -138.981    772.2    805.6
     1     1    16     4    22    22     0     0    -2.0   60.758 -138.914    789.3    806.1
     1     1    16     4    22    21     0     0    -3.0   60.641 -138.856    801.0    807.1
     1     1    16     4    22    20     0     0    -4.0   60.525 -138.811    807.4    808.7
     1     1    16     4    22    19     0     0    -5.0   60.408 -138.778    808.3    810.8
     1     1    16     4    22    18     0     0    -6.0   60.292 -138.761    803.6    813.4
     1     1    16     4    22    17     0     0    -7.0   60.170 -138.740    792.5    816.4
     1     1    16     4    22    16     0     0    -8.0   60.037 -138.695    773.7    820.5
     1     1    16     4    22    15     0     0    -9.0   59.893 -138.625    747.8    827.0
     1     1    16     4    22    14     0     0   -10.0   59.739 -138.523    716.1    835.0
     1     1    16     4    22    13     0     0   -11.0   59.576 -138.390    679.2    843.8
     1     1    16     4    22    12     0     0   -12.0   59.405 -138.228    638.1    853.5
     1     1    16     4    22    11     0     0   -13.0   59.234 -138.050    598.7    863.4
     1     1    16     4    22    10     0     0   -14.0   59.074 -137.873    566.2    871.3
     1     1    16     4    22     9     0     0   -15.0   58.924 -137.700    540.3    878.2
     1     1    16     4    22     8     0     0   -16.0   58.785 -137.536    520.4    884.2
     1     1    16     4    22     7     0     0   -17.0   58.655 -137.379    506.2    889.0
     1     1    16     4    22     6     0     0   -18.0   58.536 -137.231    497.3    892.9
     1     1    16     4    22     5     0     0   -19.0   58.422 -137.084    490.6    895.8
     1     1    16     4    22     4     0     0   -20.0   58.309 -136.937    482.9    899.1
     1     1    16     4    22     3     0     0   -21.0   58.196 -136.794    473.9    902.5
     1     1    16     4    22     2     0     0   -22.0   58.082 -136.660    463.3    906.1
     1     1    16     4    22     1     0     0   -23.0   57.966 -136.538    450.9    910.0
     1     1    16     4    22     0     0     0   -24.0   57.847 -136.434    436.5    914.4
     1     1    16     4    21    23     0     0   -25.0   57.730 -136.344    420.6    918.8
     1     1    16     4    21    22     0     0   -26.0   57.623 -136.260    404.2    922.9
     1     1    16     4    21    21     0     0   -27.0   57.526 -136.182    386.9    926.9
     1     1    16     4    21    20     0     0   -28.0   57.438 -136.104    368.5    929.7
     1     1    16     4    21    19     0     0   -29.0   57.359 -136.020    349.1    931.9
     1     1    16     4    21    18     0     0   -30.0   57.289 -135.929    328.5    934.2
     1     1    16     4    21    17     0     0   -31.0   57.231 -135.832    310.4    936.8
     1     1    16     4    21    16     0     0   -32.0   57.191 -135.728    297.6    938.1
     1     1    16     4    21    15     0     0   -33.0   57.167 -135.618    289.7    938.6
     1     1    16     4    21    14     0     0   -34.0   57.158 -135.499    286.6    938.3
     1     1    16     4    21    13     0     0   -35.0   57.160 -135.370    288.1    937.1
     1     1    16     4    21    12     0     0   -36.0   57.171 -135.228    294.4    935.2
     1     1    16     4    21    11     0     0   -37.0   57.188 -135.078    303.4    932.8
     1     1    16     4    21    10     0     0   -38.0   57.210 -134.927    313.1    929.9
     1     1    16     4    21     9     0     0   -39.0   57.238 -134.772    322.7    926.3
     1     1    16     4    21     8     0     0   -40.0   57.272 -134.613    332.2    922.5
     1     1    16     4    21     7     0     0   -41.0   57.312 -134.450    341.5    918.6
     1     1    16     4    21     6     0     0   -42.0   57.357 -134.284    351.0    914.6
     1     1    16     4    21     5     0     0   -43.0   57.396 -134.114    358.4    910.9
     1     1    16     4    21     4     0     0   -44.0   57.416 -133.945    361.8    908.1
     1     1    16     4    21     3     0     0   -45.0   57.417 -133.777    361.4    906.1
     1     1    16     4    21     2     0     0   -46.0   57.403 -133.613    357.7    904.7
     1     1    16     4    21     1     0     0   -47.0   57.373 -133.451    351.0    904.0
     1     1    16     4    21     0     0     0   -48.0   57.329 -133.294    341.9    903.9
     1     1    16     4    20    23     0     0   -49.0   57.284 -133.135    332.5    903.9
     1     1    16     4    20    22     0     0   -50.0   57.250 -132.971    324.4    903.3
     1     1    16     4    20    21     0     0   -51.0   57.226 -132.803    317.3    902.3
     1     1    16     4    20    20     0     0   -52.0   57.213 -132.630    311.1    901.0
     1     1    16     4    20    19     0     0   -53.0   57.210 -132.452    305.4    899.1
     1     1    16     4    20    18     0     0   -54.0   57.215 -132.267    299.9    896.5
     1     1    16     4    20    17     0     0   -55.0   57.220 -132.072    293.8    893.5
     1     1    16     4    20    16     0     0   -56.0   57.218 -131.866    287.0    890.6
     1     1    16     4    20    15     0     0   -57.0   57.209 -131.646    279.4    887.7
     1     1    16     4    20    14     0     0   -58.0   57.194 -131.409    271.0    884.7
     1     1    16     4    20    13     0     0   -59.0   57.172 -131.155    262.0    881.7
     1     1    16     4    20    12     0     0   -60.0   57.142 -130.879    252.3    878.5
     1     1    16     4    20    11     0     0   -61.0   57.109 -130.581    244.3    875.2
     1     1    16     4    20    10     0     0   -62.0   57.079 -130.261    239.6    870.9
     1     1    16     4    20     9     0     0   -63.0   57.052 -129.922    237.7    866.4
     1     1    16     4    20     8     0     0   -64.0   57.031 -129.571    238.4    863.4
     1     1    16     4    20     7     0     0   -65.0   57.021 -129.214    241.2    859.8
     1     1    16     4    20     6     0     0   -66.0   57.020 -128.848    246.0    855.6
     1     1    16     4    20     5     0     0   -67.0   57.034 -128.512    252.3    851.4
     1     1    16     4    20     4     0     0   -68.0   57.069 -128.256    260.7    847.6
     1     1    16     4    20     3     0     0   -69.0   57.127 -128.085    272.2    843.9
     1     1    16     4    20     2     0     0   -70.0   57.211 -128.004    288.0    840.2
     1     1    16     4    20     1     0     0   -71.0   57.324 -128.017    308.9    836.6
     1     1    16     4    20     0     0     0   -72.0   57.468 -128.125    335.5    832.7
