     1     1
    CDC1    16     2     1     0     0
     1 BACKWARD OMEGA   
    16     2    17     0   60.984 -139.059   750.0
     1 PRESSURE
     1     1    16     2    17     0     0     0     0.0   60.984 -139.059    750.0    801.9
     1     1    16     2    16    23     0     0    -1.0   61.057 -138.807    778.5    797.2
     1     1    16     2    16    22     0     0    -2.0   61.137 -138.581    808.7    792.1
     1     1    16     2    16    21     0     0    -3.0   61.226 -138.380    840.5    786.8
     1     1    16     2    16    20     0     0    -4.0   61.326 -138.206    873.8    781.3
     1     1    16     2    16    19     0     0    -5.0   61.436 -138.061    908.4    775.4
     1     1    16     2    16    18     0     0    -6.0   61.558 -137.947    944.3    769.2
     1     1    16     2    16    17     0     0    -7.0   61.689 -137.861    981.0    763.3
     1     1    16     2    16    16     0     0    -8.0   61.824 -137.801   1017.6    757.6
     1     1    16     2    16    15     0     0    -9.0   61.962 -137.771   1054.9    751.9
     1     1    16     2    16    14     0     0   -10.0   62.101 -137.773   1093.0    746.2
     1     1    16     2    16    13     0     0   -11.0   62.239 -137.814   1132.6    740.5
     1     1    16     2    16    12     0     0   -12.0   62.377 -137.895   1173.8    734.7
     1     1    16     2    16    11     0     0   -13.0   62.512 -138.024   1212.6    729.3
     1     1    16     2    16    10     0     0   -14.0   62.648 -138.194   1245.6    728.7
     1     1    16     2    16     9     0     0   -15.0   62.783 -138.390   1269.7    728.9
     1     1    16     2    16     8     0     0   -16.0   62.917 -138.609   1284.3    730.1
     1     1    16     2    16     7     0     0   -17.0   63.052 -138.845   1289.0    732.2
     1     1    16     2    16     6     0     0   -18.0   63.187 -139.095   1283.4    735.4
     1     1    16     2    16     5     0     0   -19.0   63.317 -139.371   1271.1    739.8
     1     1    16     2    16     4     0     0   -20.0   63.434 -139.687   1254.6    744.1
     1     1    16     2    16     3     0     0   -21.0   63.540 -140.039   1234.2    748.6
     1     1    16     2    16     2     0     0   -22.0   63.633 -140.421   1210.3    753.4
     1     1    16     2    16     1     0     0   -23.0   63.714 -140.832   1182.7    758.2
     1     1    16     2    16     0     0     0   -24.0   63.783 -141.267   1151.5    763.3
     1     1    16     2    15    23     0     0   -25.0   63.837 -141.705   1118.4    768.1
     1     1    16     2    15    22     0     0   -26.0   63.874 -142.133   1086.7    772.2
     1     1    16     2    15    21     0     0   -27.0   63.891 -142.551   1056.4    776.0
     1     1    16     2    15    20     0     0   -28.0   63.891 -142.964   1028.1    780.0
     1     1    16     2    15    19     0     0   -29.0   63.872 -143.374   1001.9    783.5
     1     1    16     2    15    18     0     0   -30.0   63.836 -143.780    977.6    786.5
     1     1    16     2    15    17     0     0   -31.0   63.791 -144.164    953.4    789.3
     1     1    16     2    15    16     0     0   -32.0   63.746 -144.504    926.9    792.5
     1     1    16     2    15    15     0     0   -33.0   63.701 -144.801    898.0    795.7
     1     1    16     2    15    14     0     0   -34.0   63.654 -145.058    866.3    798.8
     1     1    16     2    15    13     0     0   -35.0   63.608 -145.275    832.1    802.3
     1     1    16     2    15    12     0     0   -36.0   63.560 -145.454    795.3    805.9
     1     1    16     2    15    11     0     0   -37.0   63.508 -145.627    756.4    809.6
     1     1    16     2    15    10     0     0   -38.0   63.446 -145.824    716.7    813.4
     1     1    16     2    15     9     0     0   -39.0   63.376 -146.043    675.5    817.6
     1     1    16     2    15     8     0     0   -40.0   63.295 -146.283    632.8    822.0
     1     1    16     2    15     7     0     0   -41.0   63.205 -146.539    588.3    826.6
     1     1    16     2    15     6     0     0   -42.0   63.104 -146.808    541.8    830.9
     1     1    16     2    15     5     0     0   -43.0   63.002 -147.035    495.6    835.6
     1     1    16     2    15     4     0     0   -44.0   62.906 -147.173    452.0    839.6
     1     1    16     2    15     3     0     0   -45.0   62.817 -147.221    410.9    843.0
     1     1    16     2    15     2     0     0   -46.0   62.737 -147.180    372.3    845.9
     1     1    16     2    15     1     0     0   -47.0   62.668 -147.051    337.4    847.2
     1     1    16     2    15     0     0     0   -48.0   62.613 -146.843    307.1    847.7
     1     1    16     2    14    23     0     0   -49.0   62.560 -146.605    278.6    847.9
     1     1    16     2    14    22     0     0   -50.0   62.501 -146.383    248.4    848.5
     1     1    16     2    14    21     0     0   -51.0   62.435 -146.176    216.4    852.4
     1     1    16     2    14    20     0     0   -52.0   62.363 -145.985    182.4    856.8
     1     1    16     2    14    19     0     0   -53.0   62.294 -145.806    148.0    860.7
     1     1    16     2    14    18     0     0   -54.0   62.234 -145.632    115.0    864.5
     1     1    16     2    14    17     0     0   -55.0   62.190 -145.452     86.9    868.4
     1     1    16     2    14    16     0     0   -56.0   62.160 -145.260     64.9    870.3
     1     1    16     2    14    15     0     0   -57.0   62.139 -145.060     48.1    871.0
     1     1    16     2    14    14     0     0   -58.0   62.120 -144.852     35.3    871.7
     1     1    16     2    14    13     0     0   -59.0   62.104 -144.636     25.6    872.2
     1     1    16     2    14    12     0     0   -60.0   62.087 -144.410     18.4    872.5
     1     1    16     2    14    11     0     0   -61.0   62.070 -144.198     13.2    872.6
     1     1    16     2    14    10     0     0   -62.0   62.051 -144.026      9.4    872.6
     1     1    16     2    14     9     0     0   -63.0   62.029 -143.894      6.6    872.4
     1     1    16     2    14     8     0     0   -64.0   61.999 -143.801      3.9    872.6
     1     1    16     2    14     7     0     0   -65.0   61.962 -143.743      1.6    873.1
     1     1    16     2    14     6     0     0   -66.0   61.921 -143.719      0.0    873.9
     1     1    16     2    14     5     0     0   -67.0   61.878 -143.708      0.0    875.3
     1     1    16     2    14     4     0     0   -68.0   61.836 -143.689      0.0    876.7
     1     1    16     2    14     3     0     0   -69.0   61.794 -143.664      0.0    877.9
     1     1    16     2    14     2     0     0   -70.0   61.753 -143.632      0.0    879.1
     1     1    16     2    14     1     0     0   -71.0   61.711 -143.593      0.0    880.3
     1     1    16     2    14     0     0     0   -72.0   61.670 -143.546      0.0    881.3
