     1     1
    CDC1    15    10     1     0     0
     1 BACKWARD OMEGA   
    15    10    22     0   60.984 -139.059   750.0
     1 PRESSURE
     1     1    15    10    22     0     0     0     0.0   60.984 -139.059    750.0    799.3
     1     1    15    10    21    23     0     0    -1.0   60.750 -138.824    692.2    808.6
     1     1    15    10    21    22     0     0    -2.0   60.505 -138.585    634.8    818.4
     1     1    15    10    21    21     0     0    -3.0   60.248 -138.342    578.0    828.1
     1     1    15    10    21    20     0     0    -4.0   59.984 -138.096    522.6    837.7
     1     1    15    10    21    19     0     0    -5.0   59.720 -137.867    471.1    850.9
     1     1    15    10    21    18     0     0    -6.0   59.460 -137.669    424.6    863.5
     1     1    15    10    21    17     0     0    -7.0   59.200 -137.488    379.8    876.0
     1     1    15    10    21    16     0     0    -8.0   58.937 -137.308    335.6    887.7
     1     1    15    10    21    15     0     0    -9.0   58.672 -137.125    294.4    899.1
     1     1    15    10    21    14     0     0   -10.0   58.404 -136.943    256.6    910.5
     1     1    15    10    21    13     0     0   -11.0   58.131 -136.764    222.2    921.8
     1     1    15    10    21    12     0     0   -12.0   57.852 -136.594    191.0    932.8
     1     1    15    10    21    11     0     0   -13.0   57.576 -136.428    162.0    942.9
     1     1    15    10    21    10     0     0   -14.0   57.311 -136.269    134.6    950.2
     1     1    15    10    21     9     0     0   -15.0   57.062 -136.126    109.4    956.4
     1     1    15    10    21     8     0     0   -16.0   56.829 -135.995     85.9    962.7
     1     1    15    10    21     7     0     0   -17.0   56.611 -135.873     63.6    968.3
     1     1    15    10    21     6     0     0   -18.0   56.410 -135.768     42.4    973.4
     1     1    15    10    21     5     0     0   -19.0   56.224 -135.680     25.0    979.0
     1     1    15    10    21     4     0     0   -20.0   56.049 -135.604     12.9    984.1
     1     1    15    10    21     3     0     0   -21.0   55.875 -135.523      3.4    987.1
     1     1    15    10    21     2     0     0   -22.0   55.696 -135.429      0.0    990.2
     1     1    15    10    21     1     0     0   -23.0   55.508 -135.318      0.0    993.5
     1     1    15    10    21     0     0     0   -24.0   55.309 -135.185      0.0    997.1
     1     1    15    10    20    23     0     0   -25.0   55.098 -135.046      0.0   1001.6
     1     1    15    10    20    22     0     0   -26.0   54.877 -134.914      0.0   1003.6
     1     1    15    10    20    21     0     0   -27.0   54.643 -134.789      0.0   1003.9
     1     1    15    10    20    20     0     0   -28.0   54.391 -134.672      0.0   1004.5
     1     1    15    10    20    19     0     0   -29.0   54.117 -134.566      0.0   1005.4
     1     1    15    10    20    18     0     0   -30.0   53.814 -134.476      0.0   1006.7
     1     1    15    10    20    17     0     0   -31.0   53.474 -134.403      0.0   1008.3
     1     1    15    10    20    16     0     0   -32.0   53.092 -134.354      0.0   1010.3
     1     1    15    10    20    15     0     0   -33.0   52.670 -134.340      0.0   1012.6
     1     1    15    10    20    14     0     0   -34.0   52.224 -134.364      0.0   1013.4
     1     1    15    10    20    13     0     0   -35.0   51.774 -134.412      0.0   1013.1
     1     1    15    10    20    12     0     0   -36.0   51.331 -134.484      0.0   1012.6
     1     1    15    10    20    11     0     0   -37.0   50.892 -134.567      0.0   1012.1
     1     1    15    10    20    10     0     0   -38.0   50.452 -134.651      0.0   1011.3
     1     1    15    10    20     9     0     0   -39.0   50.009 -134.742      0.0   1010.2
     1     1    15    10    20     8     0     0   -40.0   49.561 -134.834      0.0   1011.3
     1     1    15    10    20     7     0     0   -41.0   49.108 -134.922      0.0   1012.5
     1     1    15    10    20     6     0     0   -42.0   48.646 -135.017      0.0   1014.0
     1     1    15    10    20     5     0     0   -43.0   48.184 -135.117      0.0   1015.5
     1     1    15    10    20     4     0     0   -44.0   47.732 -135.213      0.0   1016.8
     1     1    15    10    20     3     0     0   -45.0   47.291 -135.302      0.0   1017.9
     1     1    15    10    20     2     0     0   -46.0   46.865 -135.376      0.0   1018.9
     1     1    15    10    20     1     0     0   -47.0   46.458 -135.433      0.0   1019.8
     1     1    15    10    20     0     0     0   -48.0   46.067 -135.478      0.1   1020.7
     1     1    15    10    19    23     0     0   -49.0   45.706 -135.509      0.3   1022.0
     1     1    15    10    19    22     0     0   -50.0   45.388 -135.518      0.5   1023.1
     1     1    15    10    19    21     0     0   -51.0   45.112 -135.502      0.7   1024.0
     1     1    15    10    19    20     0     0   -52.0   44.879 -135.458      1.0   1024.7
     1     1    15    10    19    19     0     0   -53.0   44.692 -135.385      1.3   1025.2
     1     1    15    10    19    18     0     0   -54.0   44.551 -135.282      1.6   1025.7
     1     1    15    10    19    17     0     0   -55.0   44.459 -135.170      2.0   1025.5
     1     1    15    10    19    16     0     0   -56.0   44.416 -135.071      2.5   1025.2
     1     1    15    10    19    15     0     0   -57.0   44.417 -134.986      3.1   1024.7
     1     1    15    10    19    14     0     0   -58.0   44.461 -134.918      3.9   1024.0
     1     1    15    10    19    13     0     0   -59.0   44.546 -134.868      4.7   1023.3
     1     1    15    10    19    12     0     0   -60.0   44.670 -134.838      5.8   1022.6
     1     1    15    10    19    11     0     0   -61.0   44.824 -134.834      6.9   1022.2
     1     1    15    10    19    10     0     0   -62.0   45.002 -134.860      8.0   1021.9
     1     1    15    10    19     9     0     0   -63.0   45.203 -134.914      9.1   1021.7
     1     1    15    10    19     8     0     0   -64.0   45.429 -134.992     10.2   1021.5
     1     1    15    10    19     7     0     0   -65.0   45.679 -135.088     11.4   1020.7
     1     1    15    10    19     6     0     0   -66.0   45.953 -135.200     13.0   1019.7
     1     1    15    10    19     5     0     0   -67.0   46.232 -135.325     14.9   1018.0
     1     1    15    10    19     4     0     0   -68.0   46.499 -135.461     17.1   1016.5
     1     1    15    10    19     3     0     0   -69.0   46.760 -135.602     19.9   1014.9
     1     1    15    10    19     2     0     0   -70.0   47.022 -135.745     23.1   1013.3
     1     1    15    10    19     1     0     0   -71.0   47.291 -135.885     27.0   1011.6
     1     1    15    10    19     0     0     0   -72.0   47.570 -136.023     31.8   1009.8
