     1     1
    CDC1    16     3     1     0     0
     1 BACKWARD OMEGA   
    16     3    24    12   60.984 -139.059   750.0
     1 PRESSURE
     1     1    16     3    24    12     0     0     0.0   60.984 -139.059    750.0    803.0
     1     1    16     3    24    11     0     0    -1.0   60.996 -139.042    764.9    801.3
     1     1    16     3    24    10     0     0    -2.0   60.988 -138.989    778.9    799.9
     1     1    16     3    24     9     0     0    -3.0   60.959 -138.899    792.0    798.9
     1     1    16     3    24     8     0     0    -4.0   60.909 -138.769    804.7    798.4
     1     1    16     3    24     7     0     0    -5.0   60.835 -138.596    817.5    798.1
     1     1    16     3    24     6     0     0    -6.0   60.735 -138.379    831.1    798.2
     1     1    16     3    24     5     0     0    -7.0   60.620 -138.123    845.0    798.0
     1     1    16     3    24     4     0     0    -8.0   60.500 -137.839    857.0    798.1
     1     1    16     3    24     3     0     0    -9.0   60.373 -137.530    865.8    798.4
     1     1    16     3    24     2     0     0   -10.0   60.239 -137.198    869.6    798.8
     1     1    16     3    24     1     0     0   -11.0   60.099 -136.849    866.3    799.7
     1     1    16     3    24     0     0     0   -12.0   59.954 -136.486    854.4    802.1
     1     1    16     3    23    23     0     0   -13.0   59.795 -136.114    838.5    807.4
     1     1    16     3    23    22     0     0   -14.0   59.617 -135.734    822.3    812.5
     1     1    16     3    23    21     0     0   -15.0   59.418 -135.349    805.1    818.0
     1     1    16     3    23    20     0     0   -16.0   59.201 -134.964    786.0    823.7
     1     1    16     3    23    19     0     0   -17.0   58.966 -134.580    763.5    827.9
     1     1    16     3    23    18     0     0   -18.0   58.716 -134.202    737.0    832.2
     1     1    16     3    23    17     0     0   -19.0   58.454 -133.834    703.8    837.3
     1     1    16     3    23    16     0     0   -20.0   58.185 -133.474    662.1    843.5
     1     1    16     3    23    15     0     0   -21.0   57.906 -133.120    612.1    850.7
     1     1    16     3    23    14     0     0   -22.0   57.625 -132.771    556.0    857.5
     1     1    16     3    23    13     0     0   -23.0   57.355 -132.436    498.9    864.8
     1     1    16     3    23    12     0     0   -24.0   57.096 -132.114    444.1    871.9
     1     1    16     3    23    11     0     0   -25.0   56.845 -131.814    393.9    879.1
     1     1    16     3    23    10     0     0   -26.0   56.602 -131.542    349.3    885.3
     1     1    16     3    23     9     0     0   -27.0   56.363 -131.290    309.5    891.2
     1     1    16     3    23     8     0     0   -28.0   56.126 -131.054    274.2    897.0
     1     1    16     3    23     7     0     0   -29.0   55.888 -130.832    243.3    902.9
     1     1    16     3    23     6     0     0   -30.0   55.646 -130.620    216.4    908.7
     1     1    16     3    23     5     0     0   -31.0   55.406 -130.421    192.4    913.8
     1     1    16     3    23     4     0     0   -32.0   55.175 -130.241    170.8    918.2
     1     1    16     3    23     3     0     0   -33.0   54.958 -130.090    151.8    922.6
     1     1    16     3    23     2     0     0   -34.0   54.756 -129.977    136.4    926.7
     1     1    16     3    23     1     0     0   -35.0   54.569 -129.908    124.7    931.0
     1     1    16     3    23     0     0     0   -36.0   54.397 -129.881    116.3    935.4
     1     1    16     3    22    23     0     0   -37.0   54.237 -129.876    108.9    939.2
     1     1    16     3    22    22     0     0   -38.0   54.086 -129.868    100.7    943.1
     1     1    16     3    22    21     0     0   -39.0   53.946 -129.855     92.0    946.8
     1     1    16     3    22    20     0     0   -40.0   53.817 -129.837     83.2    950.2
     1     1    16     3    22    19     0     0   -41.0   53.701 -129.811     74.4    953.3
     1     1    16     3    22    18     0     0   -42.0   53.596 -129.778     65.9    955.4
     1     1    16     3    22    17     0     0   -43.0   53.500 -129.739     58.0    956.7
     1     1    16     3    22    16     0     0   -44.0   53.410 -129.699     51.3    957.7
     1     1    16     3    22    15     0     0   -45.0   53.324 -129.655     45.4    958.6
     1     1    16     3    22    14     0     0   -46.0   53.244 -129.607     40.3    959.2
     1     1    16     3    22    13     0     0   -47.0   53.170 -129.551     35.9    959.5
     1     1    16     3    22    12     0     0   -48.0   53.101 -129.487     32.1    959.4
     1     1    16     3    22    11     0     0   -49.0   53.037 -129.415     29.2    959.4
     1     1    16     3    22    10     0     0   -50.0   52.977 -129.339     27.6    959.0
     1     1    16     3    22     9     0     0   -51.0   52.921 -129.259     27.2    958.3
     1     1    16     3    22     8     0     0   -52.0   52.868 -129.176     27.8    957.3
     1     1    16     3    22     7     0     0   -53.0   52.820 -129.089     29.7    955.9
     1     1    16     3    22     6     0     0   -54.0   52.776 -128.998     33.3    954.3
     1     1    16     3    22     5     0     0   -55.0   52.730 -128.903     38.2    952.3
     1     1    16     3    22     4     0     0   -56.0   52.677 -128.804     44.0    950.3
     1     1    16     3    22     3     0     0   -57.0   52.617 -128.704     50.6    948.4
     1     1    16     3    22     2     0     0   -58.0   52.548 -128.600     58.0    946.6
     1     1    16     3    22     1     0     0   -59.0   52.469 -128.495     66.0    944.7
     1     1    16     3    22     0     0     0   -60.0   52.379 -128.388     74.6    942.6
     1     1    16     3    21    23     0     0   -61.0   52.278 -128.274     83.6    940.2
     1     1    16     3    21    22     0     0   -62.0   52.168 -128.150     92.6    937.9
     1     1    16     3    21    21     0     0   -63.0   52.046 -128.011    101.3    935.7
     1     1    16     3    21    20     0     0   -64.0   51.909 -127.856    109.5    933.7
     1     1    16     3    21    19     0     0   -65.0   51.755 -127.681    117.0    931.8
     1     1    16     3    21    18     0     0   -66.0   51.581 -127.484    123.8    930.2
     1     1    16     3    21    17     0     0   -67.0   51.392 -127.274    127.7    928.7
     1     1    16     3    21    16     0     0   -68.0   51.194 -127.066    127.2    928.0
     1     1    16     3    21    15     0     0   -69.0   50.987 -126.857    122.2    928.0
     1     1    16     3    21    14     0     0   -70.0   50.771 -126.651    112.9    928.8
     1     1    16     3    21    13     0     0   -71.0   50.543 -126.447     99.1    930.4
     1     1    16     3    21    12     0     0   -72.0   50.300 -126.246     80.6    933.1
