     1     1
    CDC1    15    10     1     0     0
     1 BACKWARD OMEGA   
    15    10    16     0   60.984 -139.059   750.0
     1 PRESSURE
     1     1    15    10    16     0     0     0     0.0   60.984 -139.059    750.0    812.8
     1     1    15    10    15    23     0     0    -1.0   60.715 -138.598    713.0    820.9
     1     1    15    10    15    22     0     0    -2.0   60.436 -138.161    672.5    829.6
     1     1    15    10    15    21     0     0    -3.0   60.143 -137.746    626.8    839.1
     1     1    15    10    15    20     0     0    -4.0   59.841 -137.354    577.7    851.1
     1     1    15    10    15    19     0     0    -5.0   59.547 -136.990    528.8    864.1
     1     1    15    10    15    18     0     0    -6.0   59.269 -136.653    481.0    876.3
     1     1    15    10    15    17     0     0    -7.0   59.011 -136.324    438.5    888.1
     1     1    15    10    15    16     0     0    -8.0   58.776 -135.987    404.5    897.6
     1     1    15    10    15    15     0     0    -9.0   58.556 -135.647    377.3    905.7
     1     1    15    10    15    14     0     0   -10.0   58.348 -135.305    355.6    912.1
     1     1    15    10    15    13     0     0   -11.0   58.147 -134.963    338.3    917.5
     1     1    15    10    15    12     0     0   -12.0   57.949 -134.620    324.0    919.9
     1     1    15    10    15    11     0     0   -13.0   57.761 -134.276    311.7    921.2
     1     1    15    10    15    10     0     0   -14.0   57.593 -133.934    301.5    921.5
     1     1    15    10    15     9     0     0   -15.0   57.446 -133.589    294.2    920.5
     1     1    15    10    15     8     0     0   -16.0   57.318 -133.242    290.9    918.4
     1     1    15    10    15     7     0     0   -17.0   57.211 -132.891    292.3    915.4
     1     1    15    10    15     6     0     0   -18.0   57.126 -132.538    298.9    911.5
     1     1    15    10    15     5     0     0   -19.0   57.058 -132.207    310.5    906.2
     1     1    15    10    15     4     0     0   -20.0   57.005 -131.921    326.5    901.0
     1     1    15    10    15     3     0     0   -21.0   56.965 -131.675    347.6    895.6
     1     1    15    10    15     2     0     0   -22.0   56.938 -131.467    374.4    890.1
     1     1    15    10    15     1     0     0   -23.0   56.924 -131.298    407.2    883.5
     1     1    15    10    15     0     0     0   -24.0   56.927 -131.169    446.2    876.8
     1     1    15    10    14    23     0     0   -25.0   56.939 -131.084    488.8    870.0
     1     1    15    10    14    22     0     0   -26.0   56.958 -131.045    531.4    864.4
     1     1    15    10    14    21     0     0   -27.0   56.984 -131.051    573.8    859.6
     1     1    15    10    14    20     0     0   -28.0   57.015 -131.102    615.9    855.6
     1     1    15    10    14    19     0     0   -29.0   57.053 -131.195    657.4    851.8
     1     1    15    10    14    18     0     0   -30.0   57.094 -131.332    698.3    848.9
     1     1    15    10    14    17     0     0   -31.0   57.133 -131.510    735.8    846.6
     1     1    15    10    14    16     0     0   -32.0   57.161 -131.724    765.9    846.4
     1     1    15    10    14    15     0     0   -33.0   57.177 -131.970    788.2    847.7
     1     1    15    10    14    14     0     0   -34.0   57.181 -132.241    802.0    850.7
     1     1    15    10    14    13     0     0   -35.0   57.172 -132.529    806.4    855.2
     1     1    15    10    14    12     0     0   -36.0   57.150 -132.831    800.9    860.3
     1     1    15    10    14    11     0     0   -37.0   57.112 -133.137    788.7    866.5
     1     1    15    10    14    10     0     0   -38.0   57.057 -133.443    773.4    873.2
     1     1    15    10    14     9     0     0   -39.0   56.987 -133.749    754.2    880.5
     1     1    15    10    14     8     0     0   -40.0   56.905 -134.055    730.7    888.6
     1     1    15    10    14     7     0     0   -41.0   56.815 -134.363    702.8    897.5
     1     1    15    10    14     6     0     0   -42.0   56.718 -134.672    670.3    907.1
     1     1    15    10    14     5     0     0   -43.0   56.616 -134.973    634.8    917.1
     1     1    15    10    14     4     0     0   -44.0   56.508 -135.262    598.0    924.4
     1     1    15    10    14     3     0     0   -45.0   56.395 -135.556    562.1    931.1
     1     1    15    10    14     2     0     0   -46.0   56.280 -135.860    528.1    937.5
     1     1    15    10    14     1     0     0   -47.0   56.163 -136.181    496.9    943.6
     1     1    15    10    14     0     0     0   -48.0   56.045 -136.527    469.1    949.3
     1     1    15    10    13    23     0     0   -49.0   55.923 -136.894    443.7    954.8
     1     1    15    10    13    22     0     0   -50.0   55.794 -137.285    418.6    960.6
     1     1    15    10    13    21     0     0   -51.0   55.657 -137.705    394.7    965.5
     1     1    15    10    13    20     0     0   -52.0   55.514 -138.164    372.1    968.9
     1     1    15    10    13    19     0     0   -53.0   55.366 -138.672    351.1    971.6
     1     1    15    10    13    18     0     0   -54.0   55.215 -139.237    331.7    973.7
     1     1    15    10    13    17     0     0   -55.0   55.055 -139.857    312.3    974.7
     1     1    15    10    13    16     0     0   -56.0   54.877 -140.515    292.5    975.4
     1     1    15    10    13    15     0     0   -57.0   54.684 -141.197    273.7    976.2
     1     1    15    10    13    14     0     0   -58.0   54.479 -141.904    257.5    977.3
     1     1    15    10    13    13     0     0   -59.0   54.269 -142.642    244.8    978.2
     1     1    15    10    13    12     0     0   -60.0   54.059 -143.406    236.0    978.6
     1     1    15    10    13    11     0     0   -61.0   53.854 -144.170    231.3    978.9
     1     1    15    10    13    10     0     0   -62.0   53.654 -144.919    230.8    978.6
     1     1    15    10    13     9     0     0   -63.0   53.463 -145.659    233.4    977.1
     1     1    15    10    13     8     0     0   -64.0   53.285 -146.396    237.8    975.5
     1     1    15    10    13     7     0     0   -65.0   53.125 -147.137    243.1    973.9
     1     1    15    10    13     6     0     0   -66.0   52.984 -147.886    248.7    973.2
     1     1    15    10    13     5     0     0   -67.0   52.854 -148.635    254.3    973.9
     1     1    15    10    13     4     0     0   -68.0   52.727 -149.383    259.6    974.7
     1     1    15    10    13     3     0     0   -69.0   52.608 -150.131    264.7    975.4
     1     1    15    10    13     2     0     0   -70.0   52.499 -150.880    269.6    975.9
     1     1    15    10    13     1     0     0   -71.0   52.404 -151.628    274.1    975.3
     1     1    15    10    13     0     0     0   -72.0   52.326 -152.378    278.7    974.8
