     1     1
    CDC1    15    10     1     0     0
     1 BACKWARD OMEGA   
    15    10    25    18   60.984 -139.059   750.0
     1 PRESSURE
     1     1    15    10    25    18     0     0     0.0   60.984 -139.059    750.0    813.5
     1     1    15    10    25    17     0     0    -1.0   61.022 -139.219    752.3    812.7
     1     1    15    10    25    16     0     0    -2.0   61.027 -139.357    755.1    812.3
     1     1    15    10    25    15     0     0    -3.0   61.001 -139.470    758.3    812.4
     1     1    15    10    25    14     0     0    -4.0   60.942 -139.553    761.8    812.9
     1     1    15    10    25    13     0     0    -5.0   60.851 -139.606    765.5    814.0
     1     1    15    10    25    12     0     0    -6.0   60.727 -139.629    769.5    815.5
     1     1    15    10    25    11     0     0    -7.0   60.585 -139.624    770.8    817.4
     1     1    15    10    25    10     0     0    -8.0   60.439 -139.595    766.3    820.2
     1     1    15    10    25     9     0     0    -9.0   60.289 -139.538    755.7    823.6
     1     1    15    10    25     8     0     0   -10.0   60.133 -139.453    738.8    827.8
     1     1    15    10    25     7     0     0   -11.0   59.971 -139.337    715.7    833.1
     1     1    15    10    25     6     0     0   -12.0   59.806 -139.196    688.1    841.3
     1     1    15    10    25     5     0     0   -13.0   59.635 -139.043    659.0    850.3
     1     1    15    10    25     4     0     0   -14.0   59.452 -138.884    630.0    859.3
     1     1    15    10    25     3     0     0   -15.0   59.260 -138.715    601.1    868.3
     1     1    15    10    25     2     0     0   -16.0   59.064 -138.535    572.4    877.1
     1     1    15    10    25     1     0     0   -17.0   58.865 -138.341    543.9    885.9
     1     1    15    10    25     0     0     0   -18.0   58.666 -138.135    515.2    894.7
     1     1    15    10    24    23     0     0   -19.0   58.466 -137.914    485.5    903.9
     1     1    15    10    24    22     0     0   -20.0   58.265 -137.677    454.6    913.5
     1     1    15    10    24    21     0     0   -21.0   58.062 -137.424    423.6    922.9
     1     1    15    10    24    20     0     0   -22.0   57.858 -137.155    393.6    931.6
     1     1    15    10    24    19     0     0   -23.0   57.652 -136.870    365.7    939.3
     1     1    15    10    24    18     0     0   -24.0   57.443 -136.570    340.2    945.4
     1     1    15    10    24    17     0     0   -25.0   57.241 -136.279    318.3    949.0
     1     1    15    10    24    16     0     0   -26.0   57.055 -136.010    300.4    952.4
     1     1    15    10    24    15     0     0   -27.0   56.886 -135.758    285.8    955.5
     1     1    15    10    24    14     0     0   -28.0   56.732 -135.519    273.9    958.5
     1     1    15    10    24    13     0     0   -29.0   56.594 -135.289    264.4    961.2
     1     1    15    10    24    12     0     0   -30.0   56.472 -135.068    256.7    963.7
     1     1    15    10    24    11     0     0   -31.0   56.363 -134.865    251.1    964.5
     1     1    15    10    24    10     0     0   -32.0   56.262 -134.689    248.0    964.6
     1     1    15    10    24     9     0     0   -33.0   56.166 -134.539    246.7    964.8
     1     1    15    10    24     8     0     0   -34.0   56.075 -134.413    247.0    965.0
     1     1    15    10    24     7     0     0   -35.0   55.988 -134.309    248.4    965.4
     1     1    15    10    24     6     0     0   -36.0   55.903 -134.227    250.6    965.9
     1     1    15    10    24     5     0     0   -37.0   55.823 -134.165    254.0    966.3
     1     1    15    10    24     4     0     0   -38.0   55.748 -134.121    259.0    966.6
     1     1    15    10    24     3     0     0   -39.0   55.679 -134.095    265.7    966.9
     1     1    15    10    24     2     0     0   -40.0   55.615 -134.089    274.1    967.1
     1     1    15    10    24     1     0     0   -41.0   55.555 -134.103    284.6    967.3
     1     1    15    10    24     0     0     0   -42.0   55.500 -134.137    297.3    967.4
     1     1    15    10    23    23     0     0   -43.0   55.451 -134.185    309.1    967.0
     1     1    15    10    23    22     0     0   -44.0   55.411 -134.238    316.9    967.4
     1     1    15    10    23    21     0     0   -45.0   55.379 -134.296    320.1    968.1
     1     1    15    10    23    20     0     0   -46.0   55.357 -134.359    318.3    969.2
     1     1    15    10    23    19     0     0   -47.0   55.345 -134.428    311.4    970.7
     1     1    15    10    23    18     0     0   -48.0   55.342 -134.502    299.1    972.7
     1     1    15    10    23    17     0     0   -49.0   55.347 -134.590    285.0    975.5
     1     1    15    10    23    16     0     0   -50.0   55.357 -134.700    273.0    977.7
     1     1    15    10    23    15     0     0   -51.0   55.372 -134.833    263.2    979.9
     1     1    15    10    23    14     0     0   -52.0   55.393 -134.992    256.0    982.0
     1     1    15    10    23    13     0     0   -53.0   55.418 -135.175    251.4    982.4
     1     1    15    10    23    12     0     0   -54.0   55.444 -135.381    249.9    982.4
     1     1    15    10    23    11     0     0   -55.0   55.465 -135.596    249.3    982.1
     1     1    15    10    23    10     0     0   -56.0   55.477 -135.807    247.7    982.4
     1     1    15    10    23     9     0     0   -57.0   55.482 -136.015    245.1    983.0
     1     1    15    10    23     8     0     0   -58.0   55.482 -136.224    241.8    983.7
     1     1    15    10    23     7     0     0   -59.0   55.480 -136.434    237.9    984.6
     1     1    15    10    23     6     0     0   -60.0   55.477 -136.648    233.7    985.5
     1     1    15    10    23     5     0     0   -61.0   55.467 -136.869    228.7    986.6
     1     1    15    10    23     4     0     0   -62.0   55.443 -137.103    222.5    987.9
     1     1    15    10    23     3     0     0   -63.0   55.405 -137.350    215.4    989.6
     1     1    15    10    23     2     0     0   -64.0   55.353 -137.613    207.1    991.1
     1     1    15    10    23     1     0     0   -65.0   55.289 -137.893    197.8    992.2
     1     1    15    10    23     0     0     0   -66.0   55.215 -138.194    187.6    993.1
     1     1    15    10    22    23     0     0   -67.0   55.136 -138.518    177.1    994.0
     1     1    15    10    22    22     0     0   -68.0   55.059 -138.862    166.7    994.7
     1     1    15    10    22    21     0     0   -69.0   54.981 -139.227    156.3    995.1
     1     1    15    10    22    20     0     0   -70.0   54.900 -139.612    146.3    994.9
     1     1    15    10    22    19     0     0   -71.0   54.813 -140.017    136.9    994.6
     1     1    15    10    22    18     0     0   -72.0   54.719 -140.444    128.2    994.6
