     1     1
    CDC1    16     1     1     0     0
     1 BACKWARD OMEGA   
    16     1    16    18   60.984 -139.059   750.0
     1 PRESSURE
     1     1    16     1    16    18     0     0     0.0   60.984 -139.059    750.0    795.1
     1     1    16     1    16    17     0     0    -1.0   60.750 -138.643    741.8    799.5
     1     1    16     1    16    16     0     0    -2.0   60.526 -138.223    735.5    803.3
     1     1    16     1    16    15     0     0    -3.0   60.311 -137.794    731.4    806.5
     1     1    16     1    16    14     0     0    -4.0   60.103 -137.352    729.1    809.0
     1     1    16     1    16    13     0     0    -5.0   59.898 -136.894    729.4    812.1
     1     1    16     1    16    12     0     0    -6.0   59.692 -136.421    733.2    816.1
     1     1    16     1    16    11     0     0    -7.0   59.486 -135.936    739.5    820.2
     1     1    16     1    16    10     0     0    -8.0   59.283 -135.442    747.3    823.7
     1     1    16     1    16     9     0     0    -9.0   59.083 -134.934    757.2    826.1
     1     1    16     1    16     8     0     0   -10.0   58.887 -134.413    768.9    825.2
     1     1    16     1    16     7     0     0   -11.0   58.695 -133.879    782.9    823.1
     1     1    16     1    16     6     0     0   -12.0   58.506 -133.332    799.3    819.7
     1     1    16     1    16     5     0     0   -13.0   58.318 -132.809    815.9    815.6
     1     1    16     1    16     4     0     0   -14.0   58.128 -132.344    830.6    811.8
     1     1    16     1    16     3     0     0   -15.0   57.942 -131.939    844.3    807.9
     1     1    16     1    16     2     0     0   -16.0   57.762 -131.597    858.5    804.3
     1     1    16     1    16     1     0     0   -17.0   57.595 -131.319    874.5    800.8
     1     1    16     1    16     0     0     0   -18.0   57.440 -131.104    893.7    798.3
     1     1    16     1    15    23     0     0   -19.0   57.295 -130.936    911.7    796.4
     1     1    16     1    15    22     0     0   -20.0   57.154 -130.796    923.7    796.0
     1     1    16     1    15    21     0     0   -21.0   57.020 -130.681    929.0    796.6
     1     1    16     1    15    20     0     0   -22.0   56.891 -130.591    927.8    798.2
     1     1    16     1    15    19     0     0   -23.0   56.770 -130.524    920.2    800.8
     1     1    16     1    15    18     0     0   -24.0   56.656 -130.480    906.6    804.2
     1     1    16     1    15    17     0     0   -25.0   56.549 -130.446    896.0    808.3
     1     1    16     1    15    16     0     0   -26.0   56.452 -130.413    895.0    810.3
     1     1    16     1    15    15     0     0   -27.0   56.364 -130.383    904.0    811.1
     1     1    16     1    15    14     0     0   -28.0   56.289 -130.360    922.9    810.7
     1     1    16     1    15    13     0     0   -29.0   56.226 -130.343    952.3    809.0
     1     1    16     1    15    12     0     0   -30.0   56.175 -130.334    992.8    805.9
     1     1    16     1    15    11     0     0   -31.0   56.137 -130.334   1036.2    801.3
     1     1    16     1    15    10     0     0   -32.0   56.112 -130.346   1073.0    798.4
     1     1    16     1    15     9     0     0   -33.0   56.099 -130.372   1102.0    796.2
     1     1    16     1    15     8     0     0   -34.0   56.098 -130.413   1122.8    795.0
     1     1    16     1    15     7     0     0   -35.0   56.109 -130.469   1134.8    794.6
     1     1    16     1    15     6     0     0   -36.0   56.133 -130.543   1137.9    795.3
     1     1    16     1    15     5     0     0   -37.0   56.160 -130.628   1134.7    796.7
     1     1    16     1    15     4     0     0   -38.0   56.185 -130.719   1127.9    798.4
     1     1    16     1    15     3     0     0   -39.0   56.206 -130.816   1117.4    800.6
     1     1    16     1    15     2     0     0   -40.0   56.224 -130.917   1103.2    803.4
     1     1    16     1    15     1     0     0   -41.0   56.238 -131.022   1085.3    806.7
     1     1    16     1    15     0     0     0   -42.0   56.250 -131.131   1063.6    810.5
     1     1    16     1    14    23     0     0   -43.0   56.252 -131.245   1038.5    815.0
     1     1    16     1    14    22     0     0   -44.0   56.238 -131.365   1010.1    820.2
     1     1    16     1    14    21     0     0   -45.0   56.209 -131.492    978.8    826.3
     1     1    16     1    14    20     0     0   -46.0   56.165 -131.623    944.8    833.2
     1     1    16     1    14    19     0     0   -47.0   56.109 -131.759    908.5    840.8
     1     1    16     1    14    18     0     0   -48.0   56.041 -131.899    870.2    848.5
     1     1    16     1    14    17     0     0   -49.0   55.967 -132.040    832.1    856.5
     1     1    16     1    14    16     0     0   -50.0   55.890 -132.182    795.8    864.3
     1     1    16     1    14    15     0     0   -51.0   55.811 -132.330    761.7    872.1
     1     1    16     1    14    14     0     0   -52.0   55.730 -132.487    730.1    879.9
     1     1    16     1    14    13     0     0   -53.0   55.650 -132.661    701.2    886.8
     1     1    16     1    14    12     0     0   -54.0   55.572 -132.857    676.0    893.4
     1     1    16     1    14    11     0     0   -55.0   55.498 -133.071    652.5    899.4
     1     1    16     1    14    10     0     0   -56.0   55.428 -133.296    628.6    905.7
     1     1    16     1    14     9     0     0   -57.0   55.365 -133.533    604.3    911.6
     1     1    16     1    14     8     0     0   -58.0   55.306 -133.785    579.9    917.4
     1     1    16     1    14     7     0     0   -59.0   55.255 -134.057    555.4    923.3
     1     1    16     1    14     6     0     0   -60.0   55.211 -134.352    531.0    929.2
     1     1    16     1    14     5     0     0   -61.0   55.166 -134.653    509.0    935.2
     1     1    16     1    14     4     0     0   -62.0   55.114 -134.947    490.6    940.6
     1     1    16     1    14     3     0     0   -63.0   55.052 -135.239    474.6    943.6
     1     1    16     1    14     2     0     0   -64.0   54.983 -135.539    460.1    945.7
     1     1    16     1    14     1     0     0   -65.0   54.907 -135.851    446.6    946.9
     1     1    16     1    14     0     0     0   -66.0   54.826 -136.181    434.0    947.9
     1     1    16     1    13    23     0     0   -67.0   54.748 -136.533    420.5    948.7
     1     1    16     1    13    22     0     0   -68.0   54.676 -136.902    404.9    949.8
     1     1    16     1    13    21     0     0   -69.0   54.612 -137.291    387.5    951.2
     1     1    16     1    13    20     0     0   -70.0   54.560 -137.701    368.3    951.9
     1     1    16     1    13    19     0     0   -71.0   54.523 -138.130    348.0    952.5
     1     1    16     1    13    18     0     0   -72.0   54.506 -138.578    327.1    953.4
