     1     1
    CDC1    15    10     1     0     0
     1 BACKWARD OMEGA   
    15    10    24    12   60.984 -139.059   750.0
     1 PRESSURE
     1     1    15    10    24    12     0     0     0.0   60.984 -139.059    750.0    814.0
     1     1    15    10    24    11     0     0    -1.0   60.713 -138.968    683.3    825.6
     1     1    15    10    24    10     0     0    -2.0   60.439 -138.874    617.1    837.8
     1     1    15    10    24     9     0     0    -3.0   60.171 -138.772    554.8    849.0
     1     1    15    10    24     8     0     0    -4.0   59.921 -138.664    501.4    860.3
     1     1    15    10    24     7     0     0    -5.0   59.693 -138.563    459.0    872.6
     1     1    15    10    24     6     0     0    -6.0   59.484 -138.476    426.5    883.1
     1     1    15    10    24     5     0     0    -7.0   59.289 -138.404    399.4    892.3
     1     1    15    10    24     4     0     0    -8.0   59.106 -138.346    374.8    901.3
     1     1    15    10    24     3     0     0    -9.0   58.934 -138.304    352.5    909.1
     1     1    15    10    24     2     0     0   -10.0   58.770 -138.280    332.2    916.6
     1     1    15    10    24     1     0     0   -11.0   58.614 -138.274    313.8    923.8
     1     1    15    10    24     0     0     0   -12.0   58.462 -138.288    297.4    930.8
     1     1    15    10    23    23     0     0   -13.0   58.313 -138.317    282.4    937.3
     1     1    15    10    23    22     0     0   -14.0   58.164 -138.357    268.6    943.8
     1     1    15    10    23    21     0     0   -15.0   58.016 -138.410    255.1    950.4
     1     1    15    10    23    20     0     0   -16.0   57.870 -138.474    241.6    957.2
     1     1    15    10    23    19     0     0   -17.0   57.727 -138.550    227.3    964.0
     1     1    15    10    23    18     0     0   -18.0   57.589 -138.638    211.8    971.2
     1     1    15    10    23    17     0     0   -19.0   57.455 -138.740    196.2    977.2
     1     1    15    10    23    16     0     0   -20.0   57.325 -138.860    181.9    980.0
     1     1    15    10    23    15     0     0   -21.0   57.201 -139.000    169.5    982.7
     1     1    15    10    23    14     0     0   -22.0   57.082 -139.164    159.3    985.1
     1     1    15    10    23    13     0     0   -23.0   56.971 -139.354    151.5    987.2
     1     1    15    10    23    12     0     0   -24.0   56.867 -139.571    146.5    988.9
     1     1    15    10    23    11     0     0   -25.0   56.769 -139.812    143.1    990.2
     1     1    15    10    23    10     0     0   -26.0   56.677 -140.069    140.3    991.5
     1     1    15    10    23     9     0     0   -27.0   56.592 -140.344    138.4    992.7
     1     1    15    10    23     8     0     0   -28.0   56.512 -140.635    137.4    993.8
     1     1    15    10    23     7     0     0   -29.0   56.439 -140.945    137.2    994.7
     1     1    15    10    23     6     0     0   -30.0   56.375 -141.277    137.8    995.4
     1     1    15    10    23     5     0     0   -31.0   56.312 -141.629    138.5    995.7
     1     1    15    10    23     4     0     0   -32.0   56.242 -142.002    138.3    996.2
     1     1    15    10    23     3     0     0   -33.0   56.169 -142.397    137.4    996.8
     1     1    15    10    23     2     0     0   -34.0   56.095 -142.816    136.0    997.2
     1     1    15    10    23     1     0     0   -35.0   56.023 -143.261    134.8    997.4
     1     1    15    10    23     0     0     0   -36.0   55.957 -143.736    134.5    997.3
     1     1    15    10    22    23     0     0   -37.0   55.894 -144.234    135.3    996.8
     1     1    15    10    22    22     0     0   -38.0   55.831 -144.749    136.9    996.2
     1     1    15    10    22    21     0     0   -39.0   55.770 -145.280    139.0    994.7
     1     1    15    10    22    20     0     0   -40.0   55.710 -145.819    141.2    992.4
     1     1    15    10    22    19     0     0   -41.0   55.654 -146.364    143.0    990.0
     1     1    15    10    22    18     0     0   -42.0   55.604 -146.914    144.4    987.6
     1     1    15    10    22    17     0     0   -43.0   55.558 -147.471    145.8    985.5
     1     1    15    10    22    16     0     0   -44.0   55.511 -148.036    148.0    983.6
     1     1    15    10    22    15     0     0   -45.0   55.460 -148.614    151.2    981.4
     1     1    15    10    22    14     0     0   -46.0   55.406 -149.207    155.5    979.1
     1     1    15    10    22    13     0     0   -47.0   55.352 -149.813    161.1    976.6
     1     1    15    10    22    12     0     0   -48.0   55.302 -150.430    167.9    974.9
     1     1    15    10    22    11     0     0   -49.0   55.258 -151.044    175.1    973.9
     1     1    15    10    22    10     0     0   -50.0   55.224 -151.642    182.2    973.1
     1     1    15    10    22     9     0     0   -51.0   55.200 -152.227    189.3    972.4
     1     1    15    10    22     8     0     0   -52.0   55.185 -152.797    197.3    972.3
     1     1    15    10    22     7     0     0   -53.0   55.183 -153.353    207.3    972.1
     1     1    15    10    22     6     0     0   -54.0   55.193 -153.892    219.7    971.5
     1     1    15    10    22     5     0     0   -55.0   55.217 -154.422    234.0    970.5
     1     1    15    10    22     4     0     0   -56.0   55.253 -154.946    249.6    969.3
     1     1    15    10    22     3     0     0   -57.0   55.300 -155.462    265.3    967.5
     1     1    15    10    22     2     0     0   -58.0   55.357 -155.968    280.4    965.7
     1     1    15    10    22     1     0     0   -59.0   55.420 -156.463    295.1    963.9
     1     1    15    10    22     0     0     0   -60.0   55.486 -156.948    309.2    962.1
     1     1    15    10    21    23     0     0   -61.0   55.559 -157.412    322.7    960.2
     1     1    15    10    21    22     0     0   -62.0   55.639 -157.846    334.9    958.0
     1     1    15    10    21    21     0     0   -63.0   55.726 -158.250    345.4    956.0
     1     1    15    10    21    20     0     0   -64.0   55.818 -158.622    354.2    954.4
     1     1    15    10    21    19     0     0   -65.0   55.912 -158.965    361.5    953.1
     1     1    15    10    21    18     0     0   -66.0   56.009 -159.277    367.6    952.0
     1     1    15    10    21    17     0     0   -67.0   56.107 -159.571    372.5    950.9
     1     1    15    10    21    16     0     0   -68.0   56.208 -159.858    376.3    949.9
     1     1    15    10    21    15     0     0   -69.0   56.310 -160.142    379.3    949.0
     1     1    15    10    21    14     0     0   -70.0   56.413 -160.422    381.5    948.3
     1     1    15    10    21    13     0     0   -71.0   56.517 -160.700    383.2    947.6
     1     1    15    10    21    12     0     0   -72.0   56.621 -160.976    384.5    947.1
