     1     1
    CDC1    16     2     1     0     0
     1 BACKWARD OMEGA   
    16     2    16     6   60.984 -139.059   750.0
     1 PRESSURE
     1     1    16     2    16     6     0     0     0.0   60.984 -139.059    750.0    800.0
     1     1    16     2    16     5     0     0    -1.0   61.124 -139.078    751.6    797.8
     1     1    16     2    16     4     0     0    -2.0   61.234 -139.162    749.1    796.7
     1     1    16     2    16     3     0     0    -3.0   61.317 -139.307    742.8    796.5
     1     1    16     2    16     2     0     0    -4.0   61.374 -139.506    732.8    797.2
     1     1    16     2    16     1     0     0    -5.0   61.406 -139.751    718.7    798.7
     1     1    16     2    16     0     0     0    -6.0   61.412 -140.033    700.4    801.2
     1     1    16     2    15    23     0     0    -7.0   61.396 -140.332    680.3    804.9
     1     1    16     2    15    22     0     0    -8.0   61.365 -140.633    661.3    808.4
     1     1    16     2    15    21     0     0    -9.0   61.318 -140.933    643.1    812.2
     1     1    16     2    15    20     0     0   -10.0   61.255 -141.231    625.4    816.3
     1     1    16     2    15    19     0     0   -11.0   61.178 -141.525    607.9    820.8
     1     1    16     2    15    18     0     0   -12.0   61.085 -141.813    590.5    825.3
     1     1    16     2    15    17     0     0   -13.0   60.988 -142.093    571.8    830.0
     1     1    16     2    15    16     0     0   -14.0   60.894 -142.368    549.9    835.2
     1     1    16     2    15    15     0     0   -15.0   60.803 -142.643    525.6    841.2
     1     1    16     2    15    14     0     0   -16.0   60.715 -142.924    499.6    847.9
     1     1    16     2    15    13     0     0   -17.0   60.627 -143.215    471.9    855.0
     1     1    16     2    15    12     0     0   -18.0   60.538 -143.520    442.6    862.6
     1     1    16     2    15    11     0     0   -19.0   60.442 -143.819    412.9    870.4
     1     1    16     2    15    10     0     0   -20.0   60.338 -144.091    384.4    878.1
     1     1    16     2    15     9     0     0   -21.0   60.225 -144.333    356.8    885.4
     1     1    16     2    15     8     0     0   -22.0   60.105 -144.545    330.5    892.5
     1     1    16     2    15     7     0     0   -23.0   59.980 -144.724    305.4    899.7
     1     1    16     2    15     6     0     0   -24.0   59.851 -144.878    282.2    907.5
     1     1    16     2    15     5     0     0   -25.0   59.719 -145.005    260.4    915.1
     1     1    16     2    15     4     0     0   -26.0   59.590 -145.099    239.6    922.2
     1     1    16     2    15     3     0     0   -27.0   59.462 -145.162    220.3    928.9
     1     1    16     2    15     2     0     0   -28.0   59.334 -145.199    202.6    935.2
     1     1    16     2    15     1     0     0   -29.0   59.206 -145.216    186.5    940.8
     1     1    16     2    15     0     0     0   -30.0   59.075 -145.216    172.2    946.1
     1     1    16     2    14    23     0     0   -31.0   58.935 -145.212    157.7    951.5
     1     1    16     2    14    22     0     0   -32.0   58.780 -145.214    141.3    958.0
     1     1    16     2    14    21     0     0   -33.0   58.607 -145.222    123.3    965.4
     1     1    16     2    14    20     0     0   -34.0   58.413 -145.238    104.6    973.8
     1     1    16     2    14    19     0     0   -35.0   58.193 -145.265     86.0    983.3
     1     1    16     2    14    18     0     0   -36.0   57.943 -145.307     69.1    993.4
     1     1    16     2    14    17     0     0   -37.0   57.660 -145.370     55.4   1003.3
     1     1    16     2    14    16     0     0   -38.0   57.351 -145.452     44.8   1007.5
     1     1    16     2    14    15     0     0   -39.0   57.035 -145.553     35.9   1005.0
     1     1    16     2    14    14     0     0   -40.0   56.721 -145.675     28.7   1002.5
     1     1    16     2    14    13     0     0   -41.0   56.414 -145.819     23.0    999.8
     1     1    16     2    14    12     0     0   -42.0   56.118 -145.987     18.6    996.9
     1     1    16     2    14    11     0     0   -43.0   55.831 -146.190     15.6    994.0
     1     1    16     2    14    10     0     0   -44.0   55.546 -146.441     13.8    990.5
     1     1    16     2    14     9     0     0   -45.0   55.255 -146.760     12.5    986.4
     1     1    16     2    14     8     0     0   -46.0   54.949 -147.165     11.6    982.3
     1     1    16     2    14     7     0     0   -47.0   54.627 -147.622     10.7    982.5
     1     1    16     2    14     6     0     0   -48.0   54.304 -148.071     10.0    983.7
     1     1    16     2    14     5     0     0   -49.0   53.988 -148.494      9.4    985.1
     1     1    16     2    14     4     0     0   -50.0   53.678 -148.892      9.0    986.8
     1     1    16     2    14     3     0     0   -51.0   53.372 -149.272      8.6    989.0
     1     1    16     2    14     2     0     0   -52.0   53.067 -149.643      8.3    991.5
     1     1    16     2    14     1     0     0   -53.0   52.760 -150.010      8.0    994.4
     1     1    16     2    14     0     0     0   -54.0   52.452 -150.374      7.9    996.5
     1     1    16     2    13    23     0     0   -55.0   52.151 -150.736      7.8    995.5
     1     1    16     2    13    22     0     0   -56.0   51.863 -151.096      7.8    994.8
     1     1    16     2    13    21     0     0   -57.0   51.577 -151.456      7.8    994.2
     1     1    16     2    13    20     0     0   -58.0   51.288 -151.817      7.9    993.7
     1     1    16     2    13    19     0     0   -59.0   50.990 -152.176      7.9    993.3
     1     1    16     2    13    18     0     0   -60.0   50.674 -152.531      7.9    992.8
     1     1    16     2    13    17     0     0   -61.0   50.346 -152.884      7.9    990.8
     1     1    16     2    13    16     0     0   -62.0   50.009 -153.250      7.9    988.8
     1     1    16     2    13    15     0     0   -63.0   49.669 -153.626      7.7    988.2
     1     1    16     2    13    14     0     0   -64.0   49.334 -153.998      7.6    988.1
     1     1    16     2    13    13     0     0   -65.0   49.000 -154.365      7.4    988.3
     1     1    16     2    13    12     0     0   -66.0   48.662 -154.724      7.3    988.9
     1     1    16     2    13    11     0     0   -67.0   48.322 -155.075      7.1    989.6
     1     1    16     2    13    10     0     0   -68.0   47.980 -155.426      7.1    990.6
     1     1    16     2    13     9     0     0   -69.0   47.636 -155.783      7.1    991.8
     1     1    16     2    13     8     0     0   -70.0   47.290 -156.152      7.2    992.1
     1     1    16     2    13     7     0     0   -71.0   46.943 -156.525      7.4    991.7
     1     1    16     2    13     6     0     0   -72.0   46.597 -156.896      7.6    991.5
