     1     1
    CDC1    15    11     1     0     0
     1 BACKWARD OMEGA   
    15    11    27     0   60.984 -139.059   750.0
     1 PRESSURE
     1     1    15    11    27     0     0     0     0.0   60.984 -139.059    750.0    812.7
     1     1    15    11    26    23     0     0    -1.0   60.521 -139.647    648.1    831.4
     1     1    15    11    26    22     0     0    -2.0   60.024 -140.032    532.9    854.3
     1     1    15    11    26    21     0     0    -3.0   59.527 -140.223    429.0    885.3
     1     1    15    11    26    20     0     0    -4.0   59.046 -140.283    343.7    911.5
     1     1    15    11    26    19     0     0    -5.0   58.572 -140.266    270.5    936.0
     1     1    15    11    26    18     0     0    -6.0   58.102 -140.213    204.1    961.0
     1     1    15    11    26    17     0     0    -7.0   57.631 -140.122    140.5    984.5
     1     1    15    11    26    16     0     0    -8.0   57.156 -139.969     80.4    999.4
     1     1    15    11    26    15     0     0    -9.0   56.695 -139.769     42.9   1007.6
     1     1    15    11    26    14     0     0   -10.0   56.256 -139.563     24.3   1012.5
     1     1    15    11    26    13     0     0   -11.0   55.839 -139.375     15.5   1016.4
     1     1    15    11    26    12     0     0   -12.0   55.439 -139.216     11.3   1019.8
     1     1    15    11    26    11     0     0   -13.0   55.050 -139.092      9.5   1023.4
     1     1    15    11    26    10     0     0   -14.0   54.660 -138.983      8.5   1023.3
     1     1    15    11    26     9     0     0   -15.0   54.266 -138.863      7.7   1022.6
     1     1    15    11    26     8     0     0   -16.0   53.868 -138.731      6.9   1021.9
     1     1    15    11    26     7     0     0   -17.0   53.470 -138.590      6.1   1021.2
     1     1    15    11    26     6     0     0   -18.0   53.072 -138.444      5.2   1020.4
     1     1    15    11    26     5     0     0   -19.0   52.676 -138.286      4.3   1019.7
     1     1    15    11    26     4     0     0   -20.0   52.287 -138.107      3.9   1019.5
     1     1    15    11    26     3     0     0   -21.0   51.915 -137.908      3.7   1019.7
     1     1    15    11    26     2     0     0   -22.0   51.563 -137.695      4.0   1019.7
     1     1    15    11    26     1     0     0   -23.0   51.230 -137.478      4.5   1019.7
     1     1    15    11    26     0     0     0   -24.0   50.920 -137.267      5.3   1020.2
     1     1    15    11    25    23     0     0   -25.0   50.645 -137.054      6.3   1020.7
     1     1    15    11    25    22     0     0   -26.0   50.418 -136.827      7.3   1021.2
     1     1    15    11    25    21     0     0   -27.0   50.241 -136.587      8.4   1021.7
     1     1    15    11    25    20     0     0   -28.0   50.117 -136.335      9.6   1022.3
     1     1    15    11    25    19     0     0   -29.0   50.047 -136.074     10.9   1022.8
     1     1    15    11    25    18     0     0   -30.0   50.030 -135.808     12.5   1023.3
     1     1    15    11    25    17     0     0   -31.0   50.069 -135.547     14.5   1024.2
     1     1    15    11    25    16     0     0   -32.0   50.161 -135.302     16.9   1025.3
     1     1    15    11    25    15     0     0   -33.0   50.303 -135.070     19.7   1026.5
     1     1    15    11    25    14     0     0   -34.0   50.487 -134.850     22.9   1027.8
     1     1    15    11    25    13     0     0   -35.0   50.706 -134.645     26.6   1029.0
     1     1    15    11    25    12     0     0   -36.0   50.958 -134.456     30.6   1030.0
     1     1    15    11    25    11     0     0   -37.0   51.231 -134.292     35.0   1030.7
     1     1    15    11    25    10     0     0   -38.0   51.512 -134.160     39.5   1031.3
     1     1    15    11    25     9     0     0   -39.0   51.797 -134.061     44.0   1031.8
     1     1    15    11    25     8     0     0   -40.0   52.080 -133.994     48.6   1032.3
     1     1    15    11    25     7     0     0   -41.0   52.358 -133.961     52.9   1032.9
     1     1    15    11    25     6     0     0   -42.0   52.624 -133.959     57.1   1032.4
     1     1    15    11    25     5     0     0   -43.0   52.883 -133.976     61.9   1030.4
     1     1    15    11    25     4     0     0   -44.0   53.139 -134.005     68.4   1028.3
     1     1    15    11    25     3     0     0   -45.0   53.391 -134.048     77.2   1026.1
     1     1    15    11    25     2     0     0   -46.0   53.639 -134.106     89.1   1023.2
     1     1    15    11    25     1     0     0   -47.0   53.882 -134.179    104.5   1020.1
     1     1    15    11    25     0     0     0   -48.0   54.119 -134.268    124.3   1016.9
     1     1    15    11    24    23     0     0   -49.0   54.340 -134.368    146.3   1013.7
     1     1    15    11    24    22     0     0   -50.0   54.538 -134.473    167.8   1011.3
     1     1    15    11    24    21     0     0   -51.0   54.715 -134.585    187.6   1009.4
     1     1    15    11    24    20     0     0   -52.0   54.874 -134.705    205.0   1007.9
     1     1    15    11    24    19     0     0   -53.0   55.017 -134.834    219.0   1006.4
     1     1    15    11    24    18     0     0   -54.0   55.148 -134.967    228.5   1003.8
     1     1    15    11    24    17     0     0   -55.0   55.274 -135.097    236.2   1001.2
     1     1    15    11    24    16     0     0   -56.0   55.402 -135.221    245.0    997.9
     1     1    15    11    24    15     0     0   -57.0   55.529 -135.341    255.1    994.5
     1     1    15    11    24    14     0     0   -58.0   55.655 -135.461    266.6    991.0
     1     1    15    11    24    13     0     0   -59.0   55.779 -135.584    279.5    987.5
     1     1    15    11    24    12     0     0   -60.0   55.900 -135.716    294.0    984.0
     1     1    15    11    24    11     0     0   -61.0   56.017 -135.850    308.3    980.4
     1     1    15    11    24    10     0     0   -62.0   56.129 -135.978    320.3    977.4
     1     1    15    11    24     9     0     0   -63.0   56.236 -136.100    330.0    974.9
     1     1    15    11    24     8     0     0   -64.0   56.336 -136.214    337.6    972.7
     1     1    15    11    24     7     0     0   -65.0   56.430 -136.320    343.0    970.9
     1     1    15    11    24     6     0     0   -66.0   56.518 -136.415    346.5    969.5
     1     1    15    11    24     5     0     0   -67.0   56.605 -136.504    350.2    968.3
     1     1    15    11    24     4     0     0   -68.0   56.697 -136.591    356.3    966.5
     1     1    15    11    24     3     0     0   -69.0   56.794 -136.672    364.9    964.5
     1     1    15    11    24     2     0     0   -70.0   56.898 -136.746    376.2    962.0
     1     1    15    11    24     1     0     0   -71.0   57.008 -136.807    390.1    959.0
     1     1    15    11    24     0     0     0   -72.0   57.124 -136.854    406.9    955.3
