     1     1
    CDC1    15    12     1     0     0
     1 BACKWARD OMEGA   
    15    12    12    18   60.984 -139.059   750.0
     1 PRESSURE
     1     1    15    12    12    18     0     0     0.0   60.984 -139.059    750.0    793.6
     1     1    15    12    12    17     0     0    -1.0   60.846 -139.155    715.6    799.7
     1     1    15    12    12    16     0     0    -2.0   60.709 -139.249    682.8    805.6
     1     1    15    12    12    15     0     0    -3.0   60.573 -139.344    651.8    811.5
     1     1    15    12    12    14     0     0    -4.0   60.436 -139.443    622.7    817.4
     1     1    15    12    12    13     0     0    -5.0   60.298 -139.551    596.0    822.8
     1     1    15    12    12    12     0     0    -6.0   60.156 -139.669    572.2    827.9
     1     1    15    12    12    11     0     0    -7.0   60.008 -139.791    546.2    832.9
     1     1    15    12    12    10     0     0    -8.0   59.856 -139.900    513.5    841.9
     1     1    15    12    12     9     0     0    -9.0   59.705 -139.992    475.4    851.6
     1     1    15    12    12     8     0     0   -10.0   59.555 -140.067    433.0    862.1
     1     1    15    12    12     7     0     0   -11.0   59.406 -140.127    387.7    873.2
     1     1    15    12    12     6     0     0   -12.0   59.253 -140.164    342.0    883.9
     1     1    15    12    12     5     0     0   -13.0   59.091 -140.163    300.9    894.4
     1     1    15    12    12     4     0     0   -14.0   58.917 -140.126    265.7    904.5
     1     1    15    12    12     3     0     0   -15.0   58.730 -140.059    235.8    914.5
     1     1    15    12    12     2     0     0   -16.0   58.534 -139.970    210.7    924.6
     1     1    15    12    12     1     0     0   -17.0   58.329 -139.868    189.6    934.1
     1     1    15    12    12     0     0     0   -18.0   58.118 -139.759    171.8    943.1
     1     1    15    12    11    23     0     0   -19.0   57.915 -139.653    157.1    951.3
     1     1    15    12    11    22     0     0   -20.0   57.730 -139.552    145.6    958.4
     1     1    15    12    11    21     0     0   -21.0   57.564 -139.454    136.7    964.5
     1     1    15    12    11    20     0     0   -22.0   57.419 -139.362    129.8    967.4
     1     1    15    12    11    19     0     0   -23.0   57.296 -139.280    124.4    968.5
     1     1    15    12    11    18     0     0   -24.0   57.196 -139.212    120.7    969.2
     1     1    15    12    11    17     0     0   -25.0   57.112 -139.160    117.4    969.9
     1     1    15    12    11    16     0     0   -26.0   57.038 -139.128    113.2    970.8
     1     1    15    12    11    15     0     0   -27.0   56.973 -139.114    108.3    971.8
     1     1    15    12    11    14     0     0   -28.0   56.913 -139.117    102.5    973.0
     1     1    15    12    11    13     0     0   -29.0   56.860 -139.135     96.0    974.2
     1     1    15    12    11    12     0     0   -30.0   56.812 -139.168     88.9    975.5
     1     1    15    12    11    11     0     0   -31.0   56.769 -139.214     82.8    976.8
     1     1    15    12    11    10     0     0   -32.0   56.733 -139.275     78.9    977.4
     1     1    15    12    11     9     0     0   -33.0   56.702 -139.349     76.7    977.8
     1     1    15    12    11     8     0     0   -34.0   56.676 -139.436     76.1    978.0
     1     1    15    12    11     7     0     0   -35.0   56.652 -139.536     76.9    977.9
     1     1    15    12    11     6     0     0   -36.0   56.629 -139.649     78.7    977.6
     1     1    15    12    11     5     0     0   -37.0   56.610 -139.763     80.9    977.3
     1     1    15    12    11     4     0     0   -38.0   56.594 -139.867     82.7    977.1
     1     1    15    12    11     3     0     0   -39.0   56.583 -139.960     84.1    976.9
     1     1    15    12    11     2     0     0   -40.0   56.577 -140.040     85.5    976.8
     1     1    15    12    11     1     0     0   -41.0   56.576 -140.107     86.9    976.6
     1     1    15    12    11     0     0     0   -42.0   56.579 -140.158     88.3    976.3
     1     1    15    12    10    23     0     0   -43.0   56.576 -140.177     89.6    975.8
     1     1    15    12    10    22     0     0   -44.0   56.556 -140.149     90.5    975.3
     1     1    15    12    10    21     0     0   -45.0   56.523 -140.076     91.1    974.9
     1     1    15    12    10    20     0     0   -46.0   56.479 -139.956     91.3    974.5
     1     1    15    12    10    19     0     0   -47.0   56.427 -139.790     91.2    974.2
     1     1    15    12    10    18     0     0   -48.0   56.370 -139.579     91.2    973.9
     1     1    15    12    10    17     0     0   -49.0   56.311 -139.347     90.4    974.0
     1     1    15    12    10    16     0     0   -50.0   56.252 -139.120     88.0    974.5
     1     1    15    12    10    15     0     0   -51.0   56.190 -138.896     84.3    975.3
     1     1    15    12    10    14     0     0   -52.0   56.127 -138.671     79.4    976.4
     1     1    15    12    10    13     0     0   -53.0   56.060 -138.444     73.7    977.8
     1     1    15    12    10    12     0     0   -54.0   55.991 -138.210     67.2    978.9
     1     1    15    12    10    11     0     0   -55.0   55.915 -137.979     60.9    980.3
     1     1    15    12    10    10     0     0   -56.0   55.828 -137.763     55.4    981.8
     1     1    15    12    10     9     0     0   -57.0   55.728 -137.564     50.6    983.5
     1     1    15    12    10     8     0     0   -58.0   55.612 -137.387     46.4    985.1
     1     1    15    12    10     7     0     0   -59.0   55.473 -137.236     42.7    987.0
     1     1    15    12    10     6     0     0   -60.0   55.309 -137.116     39.4    989.4
     1     1    15    12    10     5     0     0   -61.0   55.125 -137.036     36.4    991.5
     1     1    15    12    10     4     0     0   -62.0   54.932 -136.997     33.6    992.8
     1     1    15    12    10     3     0     0   -63.0   54.736 -136.987     30.8    991.9
     1     1    15    12    10     2     0     0   -64.0   54.535 -137.004     28.1    991.2
     1     1    15    12    10     1     0     0   -65.0   54.327 -137.057     25.5    990.6
     1     1    15    12    10     0     0     0   -66.0   54.108 -137.154     23.0    989.9
     1     1    15    12     9    23     0     0   -67.0   53.882 -137.282     20.9    988.8
     1     1    15    12     9    22     0     0   -68.0   53.657 -137.426     19.2    987.5
     1     1    15    12     9    21     0     0   -69.0   53.432 -137.592     18.0    986.0
     1     1    15    12     9    20     0     0   -70.0   53.205 -137.789     17.1    984.6
     1     1    15    12     9    19     0     0   -71.0   52.978 -138.022     16.7    983.2
     1     1    15    12     9    18     0     0   -72.0   52.754 -138.301     16.6    982.0
