     1     1
    CDC1    15    11     1     0     0
     1 BACKWARD OMEGA   
    15    11    14    18   60.984 -139.059   750.0
     1 PRESSURE
     1     1    15    11    14    18     0     0     0.0   60.984 -139.059    750.0    791.7
     1     1    15    11    14    17     0     0    -1.0   60.944 -138.869    710.2    796.1
     1     1    15    11    14    16     0     0    -2.0   60.901 -138.700    667.6    801.1
     1     1    15    11    14    15     0     0    -3.0   60.856 -138.552    622.6    806.7
     1     1    15    11    14    14     0     0    -4.0   60.810 -138.422    575.6    812.1
     1     1    15    11    14    13     0     0    -5.0   60.761 -138.309    526.8    817.5
     1     1    15    11    14    12     0     0    -6.0   60.710 -138.210    476.7    823.3
     1     1    15    11    14    11     0     0    -7.0   60.659 -138.118    426.4    828.9
     1     1    15    11    14    10     0     0    -8.0   60.610 -138.027    377.2    834.5
     1     1    15    11    14     9     0     0    -9.0   60.560 -137.939    330.5    839.3
     1     1    15    11    14     8     0     0   -10.0   60.508 -137.860    287.5    843.7
     1     1    15    11    14     7     0     0   -11.0   60.453 -137.795    248.1    848.0
     1     1    15    11    14     6     0     0   -12.0   60.396 -137.753    212.0    852.4
     1     1    15    11    14     5     0     0   -13.0   60.335 -137.715    177.8    856.4
     1     1    15    11    14     4     0     0   -14.0   60.269 -137.664    145.3    860.1
     1     1    15    11    14     3     0     0   -15.0   60.197 -137.599    115.7    863.7
     1     1    15    11    14     2     0     0   -16.0   60.122 -137.521     90.1    867.3
     1     1    15    11    14     1     0     0   -17.0   60.044 -137.428     68.6    870.2
     1     1    15    11    14     0     0     0   -18.0   59.963 -137.321     50.5    872.6
     1     1    15    11    13    23     0     0   -19.0   59.880 -137.200     35.6    876.0
     1     1    15    11    13    22     0     0   -20.0   59.797 -137.057     24.4    879.0
     1     1    15    11    13    21     0     0   -21.0   59.712 -136.890     16.4    881.7
     1     1    15    11    13    20     0     0   -22.0   59.623 -136.693     11.2    884.0
     1     1    15    11    13    19     0     0   -23.0   59.527 -136.464      7.0    885.4
     1     1    15    11    13    18     0     0   -24.0   59.420 -136.204      2.9    886.9
     1     1    15    11    13    17     0     0   -25.0   59.302 -135.918      0.0    889.0
     1     1    15    11    13    16     0     0   -26.0   59.175 -135.616      0.0    891.3
     1     1    15    11    13    15     0     0   -27.0   59.039 -135.308      0.0    893.6
     1     1    15    11    13    14     0     0   -28.0   58.896 -135.002      0.0    896.0
     1     1    15    11    13    13     0     0   -29.0   58.748 -134.711      0.0    896.6
     1     1    15    11    13    12     0     0   -30.0   58.597 -134.446      0.0    897.2
     1     1    15    11    13    11     0     0   -31.0   58.434 -134.202      0.0    898.0
     1     1    15    11    13    10     0     0   -32.0   58.248 -133.971      0.0    899.4
     1     1    15    11    13     9     0     0   -33.0   58.038 -133.750      0.0    901.3
     1     1    15    11    13     8     0     0   -34.0   57.805 -133.534      0.0    903.5
     1     1    15    11    13     7     0     0   -35.0   57.550 -133.317      0.0    905.8
     1     1    15    11    13     6     0     0   -36.0   57.280 -133.111      0.0    909.3
     1     1    15    11    13     5     0     0   -37.0   57.007 -132.951      0.0    914.1
     1     1    15    11    13     4     0     0   -38.0   56.736 -132.855      0.0    919.9
     1     1    15    11    13     3     0     0   -39.0   56.464 -132.824      0.0    926.6
     1     1    15    11    13     2     0     0   -40.0   56.191 -132.857      0.0    934.1
     1     1    15    11    13     1     0     0   -41.0   55.914 -132.961      0.0    942.5
     1     1    15    11    13     0     0     0   -42.0   55.627 -133.142      0.0    951.9
     1     1    15    11    12    23     0     0   -43.0   55.333 -133.409      0.0    962.2
     1     1    15    11    12    22     0     0   -44.0   55.036 -133.771      0.0    973.2
     1     1    15    11    12    21     0     0   -45.0   54.737 -134.236      0.0    981.1
     1     1    15    11    12    20     0     0   -46.0   54.441 -134.798      0.0    988.2
     1     1    15    11    12    19     0     0   -47.0   54.146 -135.452      0.0    990.6
     1     1    15    11    12    18     0     0   -48.0   53.848 -136.188      0.0    990.1
     1     1    15    11    12    17     0     0   -49.0   53.553 -137.008      0.0    988.6
     1     1    15    11    12    16     0     0   -50.0   53.270 -137.909      0.0    986.7
     1     1    15    11    12    15     0     0   -51.0   52.997 -138.870      0.0    985.2
     1     1    15    11    12    14     0     0   -52.0   52.719 -139.857      0.0    984.1
     1     1    15    11    12    13     0     0   -53.0   52.430 -140.860      0.0    985.7
     1     1    15    11    12    12     0     0   -54.0   52.123 -141.890      0.0    988.5
     1     1    15    11    12    11     0     0   -55.0   51.824 -142.970      0.0    991.9
     1     1    15    11    12    10     0     0   -56.0   51.560 -144.121      0.0    993.7
     1     1    15    11    12     9     0     0   -57.0   51.322 -145.320      0.0    994.3
     1     1    15    11    12     8     0     0   -58.0   51.099 -146.519      0.7    994.1
     1     1    15    11    12     7     0     0   -59.0   50.880 -147.680      1.3    993.9
     1     1    15    11    12     6     0     0   -60.0   50.677 -148.828      1.0    996.8
     1     1    15    11    12     5     0     0   -61.0   50.501 -150.001      0.0   1000.3
     1     1    15    11    12     4     0     0   -62.0   50.346 -151.177      0.0   1001.7
     1     1    15    11    12     3     0     0   -63.0   50.193 -152.337      0.0   1002.7
     1     1    15    11    12     2     0     0   -64.0   50.039 -153.496      0.0   1001.0
     1     1    15    11    12     1     0     0   -65.0   49.889 -154.679      0.0    998.8
     1     1    15    11    12     0     0     0   -66.0   49.750 -155.895      0.0    998.6
     1     1    15    11    11    23     0     0   -67.0   49.642 -157.099      0.3    999.3
     1     1    15    11    11    22     0     0   -68.0   49.569 -158.247      0.7   1001.8
     1     1    15    11    11    21     0     0   -69.0   49.516 -159.349      1.6   1004.9
     1     1    15    11    11    20     0     0   -70.0   49.478 -160.430      3.4   1007.1
     1     1    15    11    11    19     0     0   -71.0   49.457 -161.500      5.7   1008.4
     1     1    15    11    11    18     0     0   -72.0   49.455 -162.566      7.9   1009.3
