     1     1
    CDC1    15    11     1     0     0
     1 BACKWARD OMEGA   
    15    11    19     0   60.984 -139.059   750.0
     1 PRESSURE
     1     1    15    11    19     0     0     0     0.0   60.984 -139.059    750.0    801.3
     1     1    15    11    18    23     0     0    -1.0   61.081 -139.392    760.7    798.9
     1     1    15    11    18    22     0     0    -2.0   61.160 -139.706    778.1    795.5
     1     1    15    11    18    21     0     0    -3.0   61.225 -140.008    801.6    791.8
     1     1    15    11    18    20     0     0    -4.0   61.276 -140.302    830.7    788.4
     1     1    15    11    18    19     0     0    -5.0   61.316 -140.592    864.7    784.9
     1     1    15    11    18    18     0     0    -6.0   61.348 -140.885    903.5    780.9
     1     1    15    11    18    17     0     0    -7.0   61.378 -141.172    940.7    776.3
     1     1    15    11    18    16     0     0    -8.0   61.407 -141.436    969.0    773.2
     1     1    15    11    18    15     0     0    -9.0   61.435 -141.672    987.7    771.1
     1     1    15    11    18    14     0     0   -10.0   61.461 -141.876    996.3    770.0
     1     1    15    11    18    13     0     0   -11.0   61.482 -142.044    994.2    770.0
     1     1    15    11    18    12     0     0   -12.0   61.500 -142.174    981.0    771.1
     1     1    15    11    18    11     0     0   -13.0   61.517 -142.266    966.2    773.1
     1     1    15    11    18    10     0     0   -14.0   61.537 -142.324    958.9    773.1
     1     1    15    11    18     9     0     0   -15.0   61.557 -142.347    959.0    772.3
     1     1    15    11    18     8     0     0   -16.0   61.577 -142.335    966.2    770.5
     1     1    15    11    18     7     0     0   -17.0   61.595 -142.289    980.0    768.0
     1     1    15    11    18     6     0     0   -18.0   61.612 -142.211   1000.1    764.8
     1     1    15    11    18     5     0     0   -19.0   61.627 -142.113   1021.0    761.0
     1     1    15    11    18     4     0     0   -20.0   61.641 -142.004   1037.6    758.3
     1     1    15    11    18     3     0     0   -21.0   61.653 -141.882   1049.9    756.0
     1     1    15    11    18     2     0     0   -22.0   61.662 -141.746   1058.0    754.2
     1     1    15    11    18     1     0     0   -23.0   61.668 -141.594   1061.9    752.8
     1     1    15    11    18     0     0     0   -24.0   61.671 -141.425   1061.6    751.9
     1     1    15    11    17    23     0     0   -25.0   61.671 -141.247   1059.0    751.4
     1     1    15    11    17    22     0     0   -26.0   61.669 -141.066   1055.8    750.8
     1     1    15    11    17    21     0     0   -27.0   61.665 -140.884   1052.1    750.3
     1     1    15    11    17    20     0     0   -28.0   61.657 -140.702   1047.8    750.0
     1     1    15    11    17    19     0     0   -29.0   61.646 -140.523   1043.0    749.8
     1     1    15    11    17    18     0     0   -30.0   61.630 -140.349   1037.8    749.7
     1     1    15    11    17    17     0     0   -31.0   61.605 -140.183   1028.7    750.1
     1     1    15    11    17    16     0     0   -32.0   61.568 -140.030   1013.4    751.6
     1     1    15    11    17    15     0     0   -33.0   61.522 -139.892    992.3    754.2
     1     1    15    11    17    14     0     0   -34.0   61.470 -139.771    965.8    757.5
     1     1    15    11    17    13     0     0   -35.0   61.415 -139.667    934.5    761.5
     1     1    15    11    17    12     0     0   -36.0   61.359 -139.581    898.8    766.1
     1     1    15    11    17    11     0     0   -37.0   61.307 -139.497    864.2    770.7
     1     1    15    11    17    10     0     0   -38.0   61.262 -139.401    836.3    773.9
     1     1    15    11    17     9     0     0   -39.0   61.223 -139.294    814.8    776.4
     1     1    15    11    17     8     0     0   -40.0   61.190 -139.172    799.4    778.1
     1     1    15    11    17     7     0     0   -41.0   61.162 -139.035    790.0    779.1
     1     1    15    11    17     6     0     0   -42.0   61.138 -138.881    786.5    779.4
     1     1    15    11    17     5     0     0   -43.0   61.121 -138.725    787.4    779.4
     1     1    15    11    17     4     0     0   -44.0   61.110 -138.581    790.7    779.3
     1     1    15    11    17     3     0     0   -45.0   61.106 -138.448    796.8    778.8
     1     1    15    11    17     2     0     0   -46.0   61.108 -138.322    806.0    777.9
     1     1    15    11    17     1     0     0   -47.0   61.116 -138.202    818.5    776.6
     1     1    15    11    17     0     0     0   -48.0   61.127 -138.088    834.3    774.9
     1     1    15    11    16    23     0     0   -49.0   61.137 -137.974    851.7    773.0
     1     1    15    11    16    22     0     0   -50.0   61.139 -137.855    868.5    771.5
     1     1    15    11    16    21     0     0   -51.0   61.135 -137.733    884.6    770.2
     1     1    15    11    16    20     0     0   -52.0   61.123 -137.608    899.8    769.0
     1     1    15    11    16    19     0     0   -53.0   61.104 -137.480    913.9    767.8
     1     1    15    11    16    18     0     0   -54.0   61.077 -137.348    926.6    766.9
     1     1    15    11    16    17     0     0   -55.0   61.033 -137.223    937.6    767.0
     1     1    15    11    16    16     0     0   -56.0   60.966 -137.118    945.4    767.9
     1     1    15    11    16    15     0     0   -57.0   60.877 -137.033    950.5    769.4
     1     1    15    11    16    14     0     0   -58.0   60.767 -136.963    953.2    771.6
     1     1    15    11    16    13     0     0   -59.0   60.636 -136.908    953.5    774.3
     1     1    15    11    16    12     0     0   -60.0   60.484 -136.862    951.5    777.7
     1     1    15    11    16    11     0     0   -61.0   60.324 -136.823    947.2    780.8
     1     1    15    11    16    10     0     0   -62.0   60.171 -136.789    941.3    783.9
     1     1    15    11    16     9     0     0   -63.0   60.024 -136.765    933.4    787.2
     1     1    15    11    16     8     0     0   -64.0   59.885 -136.751    924.2    792.2
     1     1    15    11    16     7     0     0   -65.0   59.752 -136.744    913.0    797.6
     1     1    15    11    16     6     0     0   -66.0   59.625 -136.744    900.1    803.1
     1     1    15    11    16     5     0     0   -67.0   59.498 -136.751    886.0    808.4
     1     1    15    11    16     4     0     0   -68.0   59.364 -136.770    870.0    814.1
     1     1    15    11    16     3     0     0   -69.0   59.224 -136.804    852.6    820.4
     1     1    15    11    16     2     0     0   -70.0   59.079 -136.860    834.2    827.1
     1     1    15    11    16     1     0     0   -71.0   58.929 -136.945    815.2    834.3
     1     1    15    11    16     0     0     0   -72.0   58.775 -137.065    796.0    842.0
