     1     1
    CDC1    16     1     1     0     0
     1 BACKWARD OMEGA   
    16     1     7    18   60.984 -139.059   750.0
     1 PRESSURE
     1     1    16     1     7    18     0     0     0.0   60.984 -139.059    750.0    808.4
     1     1    16     1     7    17     0     0    -1.0   60.796 -139.036    738.6    812.2
     1     1    16     1     7    16     0     0    -2.0   60.602 -138.992    722.3    816.9
     1     1    16     1     7    15     0     0    -3.0   60.399 -138.931    700.7    822.3
     1     1    16     1     7    14     0     0    -4.0   60.190 -138.856    673.0    828.4
     1     1    16     1     7    13     0     0    -5.0   59.972 -138.770    638.6    835.9
     1     1    16     1     7    12     0     0    -6.0   59.756 -138.668    599.5    847.2
     1     1    16     1     7    11     0     0    -7.0   59.561 -138.540    562.1    857.8
     1     1    16     1     7    10     0     0    -8.0   59.398 -138.390    531.6    865.9
     1     1    16     1     7     9     0     0    -9.0   59.263 -138.221    508.1    872.4
     1     1    16     1     7     8     0     0   -10.0   59.152 -138.038    491.2    877.3
     1     1    16     1     7     7     0     0   -11.0   59.062 -137.843    480.6    880.7
     1     1    16     1     7     6     0     0   -12.0   58.990 -137.639    476.3    882.8
     1     1    16     1     7     5     0     0   -13.0   58.927 -137.422    476.6    883.6
     1     1    16     1     7     4     0     0   -14.0   58.862 -137.184    480.1    883.6
     1     1    16     1     7     3     0     0   -15.0   58.796 -136.924    487.0    883.1
     1     1    16     1     7     2     0     0   -16.0   58.729 -136.640    497.6    882.1
     1     1    16     1     7     1     0     0   -17.0   58.663 -136.330    512.2    880.3
     1     1    16     1     7     0     0     0   -18.0   58.598 -135.992    531.4    877.8
     1     1    16     1     6    23     0     0   -19.0   58.531 -135.640    553.6    874.9
     1     1    16     1     6    22     0     0   -20.0   58.461 -135.288    576.6    872.1
     1     1    16     1     6    21     0     0   -21.0   58.384 -134.936    600.2    869.1
     1     1    16     1     6    20     0     0   -22.0   58.298 -134.589    623.2    864.3
     1     1    16     1     6    19     0     0   -23.0   58.200 -134.245    645.3    859.5
     1     1    16     1     6    18     0     0   -24.0   58.090 -133.902    665.8    855.0
     1     1    16     1     6    17     0     0   -25.0   57.975 -133.567    683.5    850.3
     1     1    16     1     6    16     0     0   -26.0   57.865 -133.246    698.0    846.0
     1     1    16     1     6    15     0     0   -27.0   57.760 -132.942    709.3    842.0
     1     1    16     1     6    14     0     0   -28.0   57.658 -132.656    717.9    838.3
     1     1    16     1     6    13     0     0   -29.0   57.562 -132.390    724.1    834.8
     1     1    16     1     6    12     0     0   -30.0   57.471 -132.143    728.4    831.4
     1     1    16     1     6    11     0     0   -31.0   57.383 -131.890    730.5    828.3
     1     1    16     1     6    10     0     0   -32.0   57.290 -131.606    729.6    825.2
     1     1    16     1     6     9     0     0   -33.0   57.190 -131.294    725.8    822.0
     1     1    16     1     6     8     0     0   -34.0   57.084 -130.951    719.6    818.8
     1     1    16     1     6     7     0     0   -35.0   56.969 -130.578    711.1    815.4
     1     1    16     1     6     6     0     0   -36.0   56.843 -130.173    701.0    811.9
     1     1    16     1     6     5     0     0   -37.0   56.711 -129.763    692.4    810.5
     1     1    16     1     6     4     0     0   -38.0   56.580 -129.377    687.9    809.6
     1     1    16     1     6     3     0     0   -39.0   56.452 -129.011    685.5    808.3
     1     1    16     1     6     2     0     0   -40.0   56.327 -128.658    683.9    806.7
     1     1    16     1     6     1     0     0   -41.0   56.201 -128.313    681.7    805.0
     1     1    16     1     6     0     0     0   -42.0   56.074 -127.969    677.7    803.4
     1     1    16     1     5    23     0     0   -43.0   55.945 -127.618    675.7    802.1
     1     1    16     1     5    22     0     0   -44.0   55.812 -127.256    680.5    802.2
     1     1    16     1     5    21     0     0   -45.0   55.675 -126.883    693.4    802.4
     1     1    16     1     5    20     0     0   -46.0   55.534 -126.498    715.1    801.3
     1     1    16     1     5    19     0     0   -47.0   55.392 -126.096    746.6    798.6
     1     1    16     1     5    18     0     0   -48.0   55.252 -125.676    789.0    794.3
     1     1    16     1     5    17     0     0   -49.0   55.122 -125.248    839.2    788.9
     1     1    16     1     5    16     0     0   -50.0   55.010 -124.830    891.7    784.6
     1     1    16     1     5    15     0     0   -51.0   54.916 -124.427    943.9    780.4
     1     1    16     1     5    14     0     0   -52.0   54.838 -124.040    993.2    776.2
     1     1    16     1     5    13     0     0   -53.0   54.774 -123.668   1038.6    772.2
     1     1    16     1     5    12     0     0   -54.0   54.721 -123.308   1079.3    768.4
     1     1    16     1     5    11     0     0   -55.0   54.664 -122.949   1116.0    764.7
     1     1    16     1     5    10     0     0   -56.0   54.585 -122.584   1150.1    760.7
     1     1    16     1     5     9     0     0   -57.0   54.485 -122.217   1181.4    756.8
     1     1    16     1     5     8     0     0   -58.0   54.360 -121.856   1209.0    752.7
     1     1    16     1     5     7     0     0   -59.0   54.209 -121.505   1232.9    748.3
     1     1    16     1     5     6     0     0   -60.0   54.028 -121.169   1253.5    743.0
     1     1    16     1     5     5     0     0   -61.0   53.829 -120.849   1265.3    737.3
     1     1    16     1     5     4     0     0   -62.0   53.622 -120.544   1263.7    732.8
     1     1    16     1     5     3     0     0   -63.0   53.410 -120.252   1249.1    728.9
     1     1    16     1     5     2     0     0   -64.0   53.195 -119.973   1222.2    725.9
     1     1    16     1     5     1     0     0   -65.0   52.985 -119.707   1186.2    724.8
     1     1    16     1     5     0     0     0   -66.0   52.786 -119.457   1143.0    724.4
     1     1    16     1     4    23     0     0   -67.0   52.595 -119.229   1101.9    724.4
     1     1    16     1     4    22     0     0   -68.0   52.409 -119.031   1071.1    725.4
     1     1    16     1     4    21     0     0   -69.0   52.227 -118.863   1050.0    728.1
     1     1    16     1     4    20     0     0   -70.0   52.049 -118.723   1036.8    730.0
     1     1    16     1     4    19     0     0   -71.0   51.873 -118.609   1031.1    731.0
     1     1    16     1     4    18     0     0   -72.0   51.696 -118.519   1032.7    731.4
