     1     1
    CDC1    16     3     1     0     0
     1 BACKWARD OMEGA   
    16     3    26     6   60.984 -139.059   750.0
     1 PRESSURE
     1     1    16     3    26     6     0     0     0.0   60.984 -139.059    750.0    804.5
     1     1    16     3    26     5     0     0    -1.0   60.650 -139.061    688.7    816.6
     1     1    16     3    26     4     0     0    -2.0   60.314 -138.991    621.3    830.2
     1     1    16     3    26     3     0     0    -3.0   59.976 -138.859    549.6    844.3
     1     1    16     3    26     2     0     0    -4.0   59.643 -138.683    481.2    863.1
     1     1    16     3    26     1     0     0    -5.0   59.316 -138.484    419.6    881.1
     1     1    16     3    26     0     0     0    -6.0   58.991 -138.268    365.5    898.2
     1     1    16     3    25    23     0     0    -7.0   58.670 -138.055    319.7    913.6
     1     1    16     3    25    22     0     0    -8.0   58.362 -137.856    281.7    927.8
     1     1    16     3    25    21     0     0    -9.0   58.067 -137.667    249.5    941.2
     1     1    16     3    25    20     0     0   -10.0   57.787 -137.485    221.7    953.7
     1     1    16     3    25    19     0     0   -11.0   57.523 -137.307    197.1    964.5
     1     1    16     3    25    18     0     0   -12.0   57.274 -137.134    173.6    969.4
     1     1    16     3    25    17     0     0   -13.0   57.046 -136.975    151.1    973.8
     1     1    16     3    25    16     0     0   -14.0   56.845 -136.837    130.9    978.2
     1     1    16     3    25    15     0     0   -15.0   56.669 -136.720    113.4    982.3
     1     1    16     3    25    14     0     0   -16.0   56.519 -136.628     98.7    986.1
     1     1    16     3    25    13     0     0   -17.0   56.394 -136.559     86.6    989.5
     1     1    16     3    25    12     0     0   -18.0   56.294 -136.516     76.9    992.4
     1     1    16     3    25    11     0     0   -19.0   56.216 -136.496     69.2    994.3
     1     1    16     3    25    10     0     0   -20.0   56.153 -136.497     63.4    995.8
     1     1    16     3    25     9     0     0   -21.0   56.107 -136.518     59.1    997.1
     1     1    16     3    25     8     0     0   -22.0   56.078 -136.558     56.2    998.0
     1     1    16     3    25     7     0     0   -23.0   56.065 -136.615     54.5    998.7
     1     1    16     3    25     6     0     0   -24.0   56.069 -136.690     54.0    999.1
     1     1    16     3    25     5     0     0   -25.0   56.086 -136.781     54.1    998.7
     1     1    16     3    25     4     0     0   -26.0   56.112 -136.889     54.1    998.4
     1     1    16     3    25     3     0     0   -27.0   56.147 -137.013     54.1    998.1
     1     1    16     3    25     2     0     0   -28.0   56.192 -137.155     54.1    997.7
     1     1    16     3    25     1     0     0   -29.0   56.248 -137.314     54.0    997.3
     1     1    16     3    25     0     0     0   -30.0   56.316 -137.493     53.8    996.8
     1     1    16     3    24    23     0     0   -31.0   56.390 -137.668     53.5    995.7
     1     1    16     3    24    22     0     0   -32.0   56.460 -137.813     52.9    994.6
     1     1    16     3    24    21     0     0   -33.0   56.529 -137.926     52.3    993.6
     1     1    16     3    24    20     0     0   -34.0   56.596 -138.004     51.5    992.6
     1     1    16     3    24    19     0     0   -35.0   56.660 -138.046     50.6    991.7
     1     1    16     3    24    18     0     0   -36.0   56.724 -138.049     49.7    990.6
     1     1    16     3    24    17     0     0   -37.0   56.793 -138.026     49.5    989.0
     1     1    16     3    24    16     0     0   -38.0   56.870 -137.988     50.3    987.0
     1     1    16     3    24    15     0     0   -39.0   56.956 -137.935     52.1    984.9
     1     1    16     3    24    14     0     0   -40.0   57.052 -137.865     54.7    982.4
     1     1    16     3    24    13     0     0   -41.0   57.158 -137.776     57.8    979.8
     1     1    16     3    24    12     0     0   -42.0   57.274 -137.669     61.2    976.9
     1     1    16     3    24    11     0     0   -43.0   57.384 -137.522     64.2    974.3
     1     1    16     3    24    10     0     0   -44.0   57.467 -137.320     66.6    971.2
     1     1    16     3    24     9     0     0   -45.0   57.518 -137.071     68.6    967.6
     1     1    16     3    24     8     0     0   -46.0   57.539 -136.784     70.4    964.0
     1     1    16     3    24     7     0     0   -47.0   57.532 -136.469     72.1    961.1
     1     1    16     3    24     6     0     0   -48.0   57.502 -136.131     73.5    958.9
     1     1    16     3    24     5     0     0   -49.0   57.458 -135.786     74.5    956.3
     1     1    16     3    24     4     0     0   -50.0   57.410 -135.447     74.6    954.1
     1     1    16     3    24     3     0     0   -51.0   57.354 -135.116     73.8    952.2
     1     1    16     3    24     2     0     0   -52.0   57.288 -134.793     71.8    949.2
     1     1    16     3    24     1     0     0   -53.0   57.213 -134.474     68.7    945.6
     1     1    16     3    24     0     0     0   -54.0   57.127 -134.160     64.5    942.6
     1     1    16     3    23    23     0     0   -55.0   57.037 -133.853     59.8    940.0
     1     1    16     3    23    22     0     0   -56.0   56.955 -133.554     55.0    937.5
     1     1    16     3    23    21     0     0   -57.0   56.883 -133.265     50.3    935.0
     1     1    16     3    23    20     0     0   -58.0   56.823 -132.984     45.5    932.4
     1     1    16     3    23    19     0     0   -59.0   56.777 -132.710     40.8    929.7
     1     1    16     3    23    18     0     0   -60.0   56.749 -132.440     36.0    926.4
     1     1    16     3    23    17     0     0   -61.0   56.718 -132.157     30.6    923.6
     1     1    16     3    23    16     0     0   -62.0   56.665 -131.847     24.5    921.0
     1     1    16     3    23    15     0     0   -63.0   56.595 -131.516     18.5    918.5
     1     1    16     3    23    14     0     0   -64.0   56.512 -131.163     13.2    916.1
     1     1    16     3    23    13     0     0   -65.0   56.423 -130.795      8.9    913.1
     1     1    16     3    23    12     0     0   -66.0   56.332 -130.417      5.1    909.6
     1     1    16     3    23    11     0     0   -67.0   56.240 -130.066      1.1    906.0
     1     1    16     3    23    10     0     0   -68.0   56.148 -129.770      0.0    904.6
     1     1    16     3    23     9     0     0   -69.0   56.053 -129.527      0.0    904.2
     1     1    16     3    23     8     0     0   -70.0   55.954 -129.332      0.0    904.2
     1     1    16     3    23     7     0     0   -71.0   55.848 -129.181      0.0    904.9
     1     1    16     3    23     6     0     0   -72.0   55.736 -129.072      0.0    906.3
