     1     1
    CDC1    16     3     1     0     0
     1 BACKWARD OMEGA   
    16     3    22    18   60.984 -139.059   750.0
     1 PRESSURE
     1     1    16     3    22    18     0     0     0.0   60.984 -139.059    750.0    807.8
     1     1    16     3    22    17     0     0    -1.0   60.875 -138.965    737.8    810.6
     1     1    16     3    22    16     0     0    -2.0   60.771 -138.852    725.7    813.1
     1     1    16     3    22    15     0     0    -3.0   60.673 -138.723    713.1    815.7
     1     1    16     3    22    14     0     0    -4.0   60.580 -138.579    699.1    818.2
     1     1    16     3    22    13     0     0    -5.0   60.491 -138.425    682.9    821.0
     1     1    16     3    22    12     0     0    -6.0   60.407 -138.262    663.8    824.0
     1     1    16     3    22    11     0     0    -7.0   60.322 -138.090    642.1    827.4
     1     1    16     3    22    10     0     0    -8.0   60.233 -137.905    618.8    831.0
     1     1    16     3    22     9     0     0    -9.0   60.140 -137.707    594.2    834.6
     1     1    16     3    22     8     0     0   -10.0   60.045 -137.497    568.9    838.0
     1     1    16     3    22     7     0     0   -11.0   59.949 -137.275    544.0    841.8
     1     1    16     3    22     6     0     0   -12.0   59.852 -137.045    520.5    846.2
     1     1    16     3    22     5     0     0   -13.0   59.757 -136.814    501.2    850.5
     1     1    16     3    22     4     0     0   -14.0   59.669 -136.585    488.1    853.6
     1     1    16     3    22     3     0     0   -15.0   59.588 -136.354    481.3    855.8
     1     1    16     3    22     2     0     0   -16.0   59.512 -136.119    480.7    857.0
     1     1    16     3    22     1     0     0   -17.0   59.442 -135.878    486.5    857.3
     1     1    16     3    22     0     0     0   -18.0   59.378 -135.629    498.7    856.6
     1     1    16     3    21    23     0     0   -19.0   59.316 -135.373    514.9    854.9
     1     1    16     3    21    22     0     0   -20.0   59.256 -135.115    533.0    853.3
     1     1    16     3    21    21     0     0   -21.0   59.196 -134.855    552.7    850.6
     1     1    16     3    21    20     0     0   -22.0   59.137 -134.594    573.5    847.2
     1     1    16     3    21    19     0     0   -23.0   59.077 -134.334    595.6    843.7
     1     1    16     3    21    18     0     0   -24.0   59.015 -134.074    619.0    839.8
     1     1    16     3    21    17     0     0   -25.0   58.952 -133.814    641.1    835.6
     1     1    16     3    21    16     0     0   -26.0   58.889 -133.556    658.8    832.1
     1     1    16     3    21    15     0     0   -27.0   58.826 -133.298    671.8    829.1
     1     1    16     3    21    14     0     0   -28.0   58.763 -133.040    679.6    826.6
     1     1    16     3    21    13     0     0   -29.0   58.700 -132.782    681.9    824.6
     1     1    16     3    21    12     0     0   -30.0   58.637 -132.524    678.2    823.1
     1     1    16     3    21    11     0     0   -31.0   58.569 -132.253    671.7    821.9
     1     1    16     3    21    10     0     0   -32.0   58.489 -131.959    666.3    819.9
     1     1    16     3    21     9     0     0   -33.0   58.396 -131.642    661.5    817.5
     1     1    16     3    21     8     0     0   -34.0   58.290 -131.303    656.7    814.8
     1     1    16     3    21     7     0     0   -35.0   58.168 -130.940    651.6    811.7
     1     1    16     3    21     6     0     0   -36.0   58.028 -130.554    645.5    808.1
     1     1    16     3    21     5     0     0   -37.0   57.879 -130.165    638.1    804.5
     1     1    16     3    21     4     0     0   -38.0   57.730 -129.793    631.8    802.3
     1     1    16     3    21     3     0     0   -39.0   57.587 -129.433    628.1    800.9
     1     1    16     3    21     2     0     0   -40.0   57.452 -129.085    627.9    799.6
     1     1    16     3    21     1     0     0   -41.0   57.324 -128.748    631.9    799.0
     1     1    16     3    21     0     0     0   -42.0   57.201 -128.418    640.0    797.8
     1     1    16     3    20    23     0     0   -43.0   57.079 -128.099    649.7    796.0
     1     1    16     3    20    22     0     0   -44.0   56.955 -127.795    658.1    794.5
     1     1    16     3    20    21     0     0   -45.0   56.828 -127.504    665.4    793.2
     1     1    16     3    20    20     0     0   -46.0   56.701 -127.224    672.0    795.3
     1     1    16     3    20    19     0     0   -47.0   56.572 -126.955    676.7    797.3
     1     1    16     3    20    18     0     0   -48.0   56.442 -126.695    679.7    799.3
     1     1    16     3    20    17     0     0   -49.0   56.314 -126.450    680.4    801.3
     1     1    16     3    20    16     0     0   -50.0   56.188 -126.225    677.8    803.5
     1     1    16     3    20    15     0     0   -51.0   56.067 -126.019    672.5    805.8
     1     1    16     3    20    14     0     0   -52.0   55.949 -125.833    664.5    808.1
     1     1    16     3    20    13     0     0   -53.0   55.835 -125.666    654.1    810.6
     1     1    16     3    20    12     0     0   -54.0   55.725 -125.518    641.5    813.2
     1     1    16     3    20    11     0     0   -55.0   55.616 -125.390    627.2    815.8
     1     1    16     3    20    10     0     0   -56.0   55.505 -125.280    610.8    818.6
     1     1    16     3    20     9     0     0   -57.0   55.395 -125.187    592.5    821.5
     1     1    16     3    20     8     0     0   -58.0   55.287 -125.112    572.3    824.3
     1     1    16     3    20     7     0     0   -59.0   55.181 -125.053    550.4    827.3
     1     1    16     3    20     6     0     0   -60.0   55.078 -125.010    526.6    830.5
     1     1    16     3    20     5     0     0   -61.0   54.976 -124.976    501.8    834.0
     1     1    16     3    20     4     0     0   -62.0   54.867 -124.947    476.5    837.3
     1     1    16     3    20     3     0     0   -63.0   54.751 -124.925    451.1    840.6
     1     1    16     3    20     2     0     0   -64.0   54.627 -124.907    425.8    844.0
     1     1    16     3    20     1     0     0   -65.0   54.496 -124.894    400.7    847.5
     1     1    16     3    20     0     0     0   -66.0   54.357 -124.882    376.2    851.0
     1     1    16     3    19    23     0     0   -67.0   54.214 -124.873    353.1    853.7
     1     1    16     3    19    22     0     0   -68.0   54.072 -124.869    331.9    855.9
     1     1    16     3    19    21     0     0   -69.0   53.932 -124.873    312.3    858.2
     1     1    16     3    19    20     0     0   -70.0   53.794 -124.885    294.0    860.4
     1     1    16     3    19    19     0     0   -71.0   53.659 -124.907    276.7    862.7
     1     1    16     3    19    18     0     0   -72.0   53.527 -124.941    260.1    865.1
