     1     1
    CDC1    16     3     1     0     0
     1 BACKWARD OMEGA   
    16     3    12    18   60.984 -139.059   750.0
     1 PRESSURE
     1     1    16     3    12    18     0     0     0.0   60.984 -139.059    750.0    791.3
     1     1    16     3    12    17     0     0    -1.0   60.975 -138.652    789.7    787.4
     1     1    16     3    12    16     0     0    -2.0   60.966 -138.249    827.8    783.9
     1     1    16     3    12    15     0     0    -3.0   60.960 -137.855    864.3    780.7
     1     1    16     3    12    14     0     0    -4.0   60.959 -137.475    899.4    777.5
     1     1    16     3    12    13     0     0    -5.0   60.965 -137.118    932.8    773.7
     1     1    16     3    12    12     0     0    -6.0   60.977 -136.790    964.8    770.1
     1     1    16     3    12    11     0     0    -7.0   60.989 -136.497    998.4    766.3
     1     1    16     3    12    10     0     0    -8.0   60.993 -136.239   1037.1    762.1
     1     1    16     3    12     9     0     0    -9.0   60.991 -136.018   1081.4    757.5
     1     1    16     3    12     8     0     0   -10.0   60.987 -135.834   1131.6    752.5
     1     1    16     3    12     7     0     0   -11.0   60.982 -135.685   1188.0    747.2
     1     1    16     3    12     6     0     0   -12.0   60.978 -135.573   1250.7    741.5
     1     1    16     3    12     5     0     0   -13.0   60.963 -135.502   1316.0    735.0
     1     1    16     3    12     4     0     0   -14.0   60.921 -135.472   1380.4    729.5
     1     1    16     3    12     3     0     0   -15.0   60.852 -135.482   1444.1    724.7
     1     1    16     3    12     2     0     0   -16.0   60.752 -135.528   1506.7    720.7
     1     1    16     3    12     1     0     0   -17.0   60.619 -135.602   1568.0    717.4
     1     1    16     3    12     0     0     0   -18.0   60.448 -135.696   1627.5    714.9
     1     1    16     3    11    23     0     0   -19.0   60.243 -135.788   1681.7    712.5
     1     1    16     3    11    22     0     0   -20.0   60.009 -135.859   1728.6    711.1
     1     1    16     3    11    21     0     0   -21.0   59.747 -135.902   1768.7    713.3
     1     1    16     3    11    20     0     0   -22.0   59.459 -135.913   1799.5    717.3
     1     1    16     3    11    19     0     0   -23.0   59.145 -135.891   1820.8    722.9
     1     1    16     3    11    18     0     0   -24.0   58.803 -135.834   1833.0    730.0
     1     1    16     3    11    17     0     0   -25.0   58.434 -135.749   1832.9    738.1
     1     1    16     3    11    16     0     0   -26.0   58.038 -135.646   1817.1    748.7
     1     1    16     3    11    15     0     0   -27.0   57.618 -135.533   1786.5    761.3
     1     1    16     3    11    14     0     0   -28.0   57.175 -135.423   1742.1    773.1
     1     1    16     3    11    13     0     0   -29.0   56.712 -135.326   1690.5    785.1
     1     1    16     3    11    12     0     0   -30.0   56.224 -135.244   1636.0    798.0
     1     1    16     3    11    11     0     0   -31.0   55.729 -135.177   1585.4    811.3
     1     1    16     3    11    10     0     0   -32.0   55.245 -135.136   1544.9    823.0
     1     1    16     3    11     9     0     0   -33.0   54.774 -135.138   1510.6    830.6
     1     1    16     3    11     8     0     0   -34.0   54.320 -135.186   1481.5    833.9
     1     1    16     3    11     7     0     0   -35.0   53.883 -135.277   1459.4    836.7
     1     1    16     3    11     6     0     0   -36.0   53.464 -135.415   1444.5    838.6
     1     1    16     3    11     5     0     0   -37.0   53.060 -135.593   1435.5    838.8
     1     1    16     3    11     4     0     0   -38.0   52.668 -135.808   1431.4    838.0
     1     1    16     3    11     3     0     0   -39.0   52.290 -136.062   1432.0    835.8
     1     1    16     3    11     2     0     0   -40.0   51.928 -136.349   1437.2    832.8
     1     1    16     3    11     1     0     0   -41.0   51.586 -136.662   1447.7    829.6
     1     1    16     3    11     0     0     0   -42.0   51.263 -136.994   1464.5    825.9
     1     1    16     3    10    23     0     0   -43.0   50.964 -137.337   1487.8    821.6
     1     1    16     3    10    22     0     0   -44.0   50.692 -137.692   1512.2    818.1
     1     1    16     3    10    21     0     0   -45.0   50.442 -138.070   1537.3    815.3
     1     1    16     3    10    20     0     0   -46.0   50.213 -138.477   1561.3    813.0
     1     1    16     3    10    19     0     0   -47.0   50.002 -138.916   1583.5    811.2
     1     1    16     3    10    18     0     0   -48.0   49.806 -139.381   1603.3    810.0
     1     1    16     3    10    17     0     0   -49.0   49.623 -139.853   1620.2    809.1
     1     1    16     3    10    16     0     0   -50.0   49.452 -140.320   1632.5    808.4
     1     1    16     3    10    15     0     0   -51.0   49.295 -140.786   1639.9    808.0
     1     1    16     3    10    14     0     0   -52.0   49.149 -141.249   1642.3    808.1
     1     1    16     3    10    13     0     0   -53.0   49.010 -141.707   1640.0    808.5
     1     1    16     3    10    12     0     0   -54.0   48.872 -142.157   1632.9    809.4
     1     1    16     3    10    11     0     0   -55.0   48.736 -142.588   1620.7    810.8
     1     1    16     3    10    10     0     0   -56.0   48.607 -142.996   1604.0    811.7
     1     1    16     3    10     9     0     0   -57.0   48.493 -143.387   1583.3    813.0
     1     1    16     3    10     8     0     0   -58.0   48.390 -143.767   1558.3    814.8
     1     1    16     3    10     7     0     0   -59.0   48.293 -144.137   1528.8    817.1
     1     1    16     3    10     6     0     0   -60.0   48.200 -144.501   1494.6    820.0
     1     1    16     3    10     5     0     0   -61.0   48.105 -144.875   1461.1    823.2
     1     1    16     3    10     4     0     0   -62.0   48.013 -145.269   1435.2    825.3
     1     1    16     3    10     3     0     0   -63.0   47.933 -145.678   1416.9    826.7
     1     1    16     3    10     2     0     0   -64.0   47.870 -146.103   1405.4    827.3
     1     1    16     3    10     1     0     0   -65.0   47.820 -146.539   1399.3    827.2
     1     1    16     3    10     0     0     0   -66.0   47.782 -146.987   1397.2    826.7
     1     1    16     3     9    23     0     0   -67.0   47.760 -147.441   1394.1    826.1
     1     1    16     3     9    22     0     0   -68.0   47.764 -147.894   1386.7    827.3
     1     1    16     3     9    21     0     0   -69.0   47.797 -148.340   1374.6    829.1
     1     1    16     3     9    20     0     0   -70.0   47.862 -148.776   1358.7    831.4
     1     1    16     3     9    19     0     0   -71.0   47.957 -149.197   1339.6    834.0
     1     1    16     3     9    18     0     0   -72.0   48.085 -149.598   1318.3    836.8
