     1     1
    CDC1    16     2     1     0     0
     1 BACKWARD OMEGA   
    16     2    18    12   60.984 -139.059   750.0
     1 PRESSURE
     1     1    16     2    18    12     0     0     0.0   60.984 -139.059    750.0    786.9
     1     1    16     2    18    11     0     0    -1.0   60.996 -138.991    760.3    786.1
     1     1    16     2    18    10     0     0    -2.0   61.009 -138.922    772.0    784.9
     1     1    16     2    18     9     0     0    -3.0   61.023 -138.854    785.3    783.6
     1     1    16     2    18     8     0     0    -4.0   61.039 -138.788    800.0    782.2
     1     1    16     2    18     7     0     0    -5.0   61.057 -138.725    816.3    780.6
     1     1    16     2    18     6     0     0    -6.0   61.077 -138.667    834.1    778.8
     1     1    16     2    18     5     0     0    -7.0   61.102 -138.620    853.0    777.2
     1     1    16     2    18     4     0     0    -8.0   61.135 -138.587    872.0    775.5
     1     1    16     2    18     3     0     0    -9.0   61.175 -138.566    891.5    773.7
     1     1    16     2    18     2     0     0   -10.0   61.220 -138.555    911.8    771.6
     1     1    16     2    18     1     0     0   -11.0   61.269 -138.552    933.3    769.2
     1     1    16     2    18     0     0     0   -12.0   61.323 -138.556    956.5    766.6
     1     1    16     2    17    23     0     0   -13.0   61.376 -138.564    981.2    763.8
     1     1    16     2    17    22     0     0   -14.0   61.425 -138.575   1006.0    761.1
     1     1    16     2    17    21     0     0   -15.0   61.471 -138.592   1030.7    758.5
     1     1    16     2    17    20     0     0   -16.0   61.514 -138.617   1055.0    756.0
     1     1    16     2    17    19     0     0   -17.0   61.556 -138.652   1078.5    753.7
     1     1    16     2    17    18     0     0   -18.0   61.597 -138.698   1101.0    751.5
     1     1    16     2    17    17     0     0   -19.0   61.636 -138.748   1121.9    749.3
     1     1    16     2    17    16     0     0   -20.0   61.672 -138.793   1141.1    747.3
     1     1    16     2    17    15     0     0   -21.0   61.704 -138.829   1158.8    745.6
     1     1    16     2    17    14     0     0   -22.0   61.732 -138.855   1175.2    744.0
     1     1    16     2    17    13     0     0   -23.0   61.757 -138.869   1190.6    742.5
     1     1    16     2    17    12     0     0   -24.0   61.776 -138.871   1204.9    741.2
     1     1    16     2    17    11     0     0   -25.0   61.791 -138.851   1216.7    739.9
     1     1    16     2    17    10     0     0   -26.0   61.800 -138.800   1224.4    739.2
     1     1    16     2    17     9     0     0   -27.0   61.803 -138.721   1227.4    738.9
     1     1    16     2    17     8     0     0   -28.0   61.799 -138.611   1225.5    739.2
     1     1    16     2    17     7     0     0   -29.0   61.790 -138.472   1218.4    740.0
     1     1    16     2    17     6     0     0   -30.0   61.773 -138.302   1206.0    741.3
     1     1    16     2    17     5     0     0   -31.0   61.760 -138.114   1194.4    743.2
     1     1    16     2    17     4     0     0   -32.0   61.760 -137.923   1190.2    743.6
     1     1    16     2    17     3     0     0   -33.0   61.776 -137.730   1193.7    743.1
     1     1    16     2    17     2     0     0   -34.0   61.808 -137.537   1205.5    741.7
     1     1    16     2    17     1     0     0   -35.0   61.858 -137.345   1225.9    738.9
     1     1    16     2    17     0     0     0   -36.0   61.926 -137.159   1255.3    734.9
     1     1    16     2    16    23     0     0   -37.0   62.011 -136.997   1289.3    729.1
     1     1    16     2    16    22     0     0   -38.0   62.111 -136.872   1324.5    723.5
     1     1    16     2    16    21     0     0   -39.0   62.227 -136.788   1360.4    717.9
     1     1    16     2    16    20     0     0   -40.0   62.360 -136.745   1396.8    712.2
     1     1    16     2    16    19     0     0   -41.0   62.509 -136.747   1434.1    706.6
     1     1    16     2    16    18     0     0   -42.0   62.673 -136.792   1474.7    705.6
     1     1    16     2    16    17     0     0   -43.0   62.840 -136.873   1515.5    704.9
     1     1    16     2    16    16     0     0   -44.0   63.002 -136.984   1557.5    704.1
     1     1    16     2    16    15     0     0   -45.0   63.158 -137.123   1601.5    703.2
     1     1    16     2    16    14     0     0   -46.0   63.312 -137.290   1648.3    702.0
     1     1    16     2    16    13     0     0   -47.0   63.461 -137.484   1698.3    700.1
     1     1    16     2    16    12     0     0   -48.0   63.608 -137.705   1751.3    697.7
     1     1    16     2    16    11     0     0   -49.0   63.752 -137.951   1800.6    695.1
     1     1    16     2    16    10     0     0   -50.0   63.897 -138.216   1838.6    694.3
     1     1    16     2    16     9     0     0   -51.0   64.044 -138.494   1865.2    694.6
     1     1    16     2    16     8     0     0   -52.0   64.193 -138.779   1879.8    696.1
     1     1    16     2    16     7     0     0   -53.0   64.345 -139.066   1881.8    698.8
     1     1    16     2    16     6     0     0   -54.0   64.500 -139.348   1870.7    702.7
     1     1    16     2    16     5     0     0   -55.0   64.653 -139.646   1851.5    708.2
     1     1    16     2    16     4     0     0   -56.0   64.797 -139.978   1828.1    713.4
     1     1    16     2    16     3     0     0   -57.0   64.931 -140.342   1800.9    719.0
     1     1    16     2    16     2     0     0   -58.0   65.053 -140.728   1769.7    724.3
     1     1    16     2    16     1     0     0   -59.0   65.164 -141.123   1735.3    729.0
     1     1    16     2    16     0     0     0   -60.0   65.262 -141.520   1698.8    733.7
     1     1    16     2    15    23     0     0   -61.0   65.348 -141.909   1660.8    738.0
     1     1    16     2    15    22     0     0   -62.0   65.423 -142.282   1624.6    741.6
     1     1    16     2    15    21     0     0   -63.0   65.485 -142.646   1590.4    745.1
     1     1    16     2    15    20     0     0   -64.0   65.533 -143.007   1558.6    748.5
     1     1    16     2    15    19     0     0   -65.0   65.568 -143.370   1529.6    751.5
     1     1    16     2    15    18     0     0   -66.0   65.590 -143.739   1503.5    754.1
     1     1    16     2    15    17     0     0   -67.0   65.602 -144.091   1480.5    756.7
     1     1    16     2    15    16     0     0   -68.0   65.609 -144.403   1460.2    759.0
     1     1    16     2    15    15     0     0   -69.0   65.611 -144.678   1442.0    761.0
     1     1    16     2    15    14     0     0   -70.0   65.607 -144.917   1425.4    762.8
     1     1    16     2    15    13     0     0   -71.0   65.597 -145.121   1410.2    764.7
     1     1    16     2    15    12     0     0   -72.0   65.582 -145.291   1396.1    766.4
