     1     1
    CDC1    15    11     1     0     0
     1 BACKWARD OMEGA   
    15    11    25    12   60.984 -139.059   750.0
     1 PRESSURE
     1     1    15    11    25    12     0     0     0.0   60.984 -139.059    750.0    820.7
     1     1    15    11    25    11     0     0    -1.0   60.761 -139.596    745.4    825.7
     1     1    15    11    25    10     0     0    -2.0   60.510 -140.101    727.9    833.7
     1     1    15    11    25     9     0     0    -3.0   60.236 -140.564    697.2    844.6
     1     1    15    11    25     8     0     0    -4.0   59.950 -140.981    653.6    858.3
     1     1    15    11    25     7     0     0    -5.0   59.662 -141.359    603.0    876.6
     1     1    15    11    25     6     0     0    -6.0   59.380 -141.712    550.0    894.1
     1     1    15    11    25     5     0     0    -7.0   59.105 -142.018    497.1    911.6
     1     1    15    11    25     4     0     0    -8.0   58.836 -142.257    445.3    929.0
     1     1    15    11    25     3     0     0    -9.0   58.569 -142.445    395.8    946.4
     1     1    15    11    25     2     0     0   -10.0   58.303 -142.598    350.0    962.6
     1     1    15    11    25     1     0     0   -11.0   58.039 -142.735    309.8    978.1
     1     1    15    11    25     0     0     0   -12.0   57.777 -142.873    276.4    992.8
     1     1    15    11    24    23     0     0   -13.0   57.523 -143.031    249.9   1006.2
     1     1    15    11    24    22     0     0   -14.0   57.279 -143.218    227.9   1009.9
     1     1    15    11    24    21     0     0   -15.0   57.039 -143.435    209.2   1012.6
     1     1    15    11    24    20     0     0   -16.0   56.801 -143.682    193.4   1014.5
     1     1    15    11    24    19     0     0   -17.0   56.563 -143.962    180.2   1015.7
     1     1    15    11    24    18     0     0   -18.0   56.324 -144.271    169.5   1016.3
     1     1    15    11    24    17     0     0   -19.0   56.081 -144.615    162.5   1016.5
     1     1    15    11    24    16     0     0   -20.0   55.829 -144.998    160.3   1015.4
     1     1    15    11    24    15     0     0   -21.0   55.569 -145.415    162.3   1012.3
     1     1    15    11    24    14     0     0   -22.0   55.299 -145.863    168.3   1008.4
     1     1    15    11    24    13     0     0   -23.0   55.016 -146.345    178.9   1003.5
     1     1    15    11    24    12     0     0   -24.0   54.716 -146.846    193.9   1001.9
     1     1    15    11    24    11     0     0   -25.0   54.398 -147.342    209.1   1000.1
     1     1    15    11    24    10     0     0   -26.0   54.057 -147.820    220.5    999.7
     1     1    15    11    24     9     0     0   -27.0   53.698 -148.273    227.9   1000.7
     1     1    15    11    24     8     0     0   -28.0   53.320 -148.702    231.9   1002.8
     1     1    15    11    24     7     0     0   -29.0   52.922 -149.106    233.3   1005.9
     1     1    15    11    24     6     0     0   -30.0   52.502 -149.487    233.2   1009.9
     1     1    15    11    24     5     0     0   -31.0   52.074 -149.817    232.7   1009.9
     1     1    15    11    24     4     0     0   -32.0   51.660 -150.075    233.3   1009.5
     1     1    15    11    24     3     0     0   -33.0   51.266 -150.272    235.0   1008.8
     1     1    15    11    24     2     0     0   -34.0   50.899 -150.418    237.9   1008.0
     1     1    15    11    24     1     0     0   -35.0   50.560 -150.523    242.2   1007.1
     1     1    15    11    24     0     0     0   -36.0   50.256 -150.594    248.2   1006.2
     1     1    15    11    23    23     0     0   -37.0   49.979 -150.642    254.7   1004.7
     1     1    15    11    23    22     0     0   -38.0   49.724 -150.670    261.1   1003.7
     1     1    15    11    23    21     0     0   -39.0   49.496 -150.675    267.3   1002.7
     1     1    15    11    23    20     0     0   -40.0   49.293 -150.660    273.3   1001.7
     1     1    15    11    23    19     0     0   -41.0   49.116 -150.627    279.1   1000.9
     1     1    15    11    23    18     0     0   -42.0   48.964 -150.578    284.5   1000.0
     1     1    15    11    23    17     0     0   -43.0   48.843 -150.507    291.1    999.3
     1     1    15    11    23    16     0     0   -44.0   48.760 -150.412    300.2    998.1
     1     1    15    11    23    15     0     0   -45.0   48.713 -150.299    311.8    996.6
     1     1    15    11    23    14     0     0   -46.0   48.702 -150.173    326.2    994.8
     1     1    15    11    23    13     0     0   -47.0   48.725 -150.041    343.6    992.7
     1     1    15    11    23    12     0     0   -48.0   48.781 -149.908    364.3    990.3
     1     1    15    11    23    11     0     0   -49.0   48.865 -149.775    387.1    987.3
     1     1    15    11    23    10     0     0   -50.0   48.970 -149.644    410.5    983.9
     1     1    15    11    23     9     0     0   -51.0   49.095 -149.517    434.2    980.5
     1     1    15    11    23     8     0     0   -52.0   49.239 -149.397    458.3    977.3
     1     1    15    11    23     7     0     0   -53.0   49.400 -149.286    482.5    974.2
     1     1    15    11    23     6     0     0   -54.0   49.577 -149.184    506.7    971.2
     1     1    15    11    23     5     0     0   -55.0   49.764 -149.099    531.0    968.3
     1     1    15    11    23     4     0     0   -56.0   49.959 -149.034    556.1    965.4
     1     1    15    11    23     3     0     0   -57.0   50.161 -148.992    582.0    962.4
     1     1    15    11    23     2     0     0   -58.0   50.366 -148.981    608.7    959.5
     1     1    15    11    23     1     0     0   -59.0   50.573 -149.003    636.4    956.6
     1     1    15    11    23     0     0     0   -60.0   50.781 -149.059    665.4    953.1
     1     1    15    11    22    23     0     0   -61.0   50.977 -149.144    694.9    949.7
     1     1    15    11    22    22     0     0   -62.0   51.149 -149.248    724.4    946.5
     1     1    15    11    22    21     0     0   -63.0   51.299 -149.364    753.5    943.4
     1     1    15    11    22    20     0     0   -64.0   51.426 -149.486    782.0    940.4
     1     1    15    11    22    19     0     0   -65.0   51.531 -149.608    809.8    937.5
     1     1    15    11    22    18     0     0   -66.0   51.615 -149.725    836.7    934.8
     1     1    15    11    22    17     0     0   -67.0   51.686 -149.837    862.9    932.1
     1     1    15    11    22    16     0     0   -68.0   51.756 -149.949    889.6    929.4
     1     1    15    11    22    15     0     0   -69.0   51.826 -150.059    916.5    926.7
     1     1    15    11    22    14     0     0   -70.0   51.895 -150.164    943.9    923.7
     1     1    15    11    22    13     0     0   -71.0   51.967 -150.266    971.6    920.5
     1     1    15    11    22    12     0     0   -72.0   52.041 -150.366    999.9    917.1
