     1     1
    CDC1    16     2     1     0     0
     1 BACKWARD OMEGA   
    16     2     5     0   60.984 -139.059   750.0
     1 PRESSURE
     1     1    16     2     5     0     0     0     0.0   60.984 -139.059    750.0    791.3
     1     1    16     2     4    23     0     0    -1.0   60.633 -138.868    683.0    803.1
     1     1    16     2     4    22     0     0    -2.0   60.255 -138.653    601.9    818.1
     1     1    16     2     4    21     0     0    -3.0   59.853 -138.396    510.2    836.2
     1     1    16     2     4    20     0     0    -4.0   59.436 -138.104    419.1    860.1
     1     1    16     2     4    19     0     0    -5.0   59.020 -137.773    339.1    882.0
     1     1    16     2     4    18     0     0    -6.0   58.616 -137.381    273.9    900.8
     1     1    16     2     4    17     0     0    -7.0   58.233 -136.923    224.3    916.9
     1     1    16     2     4    16     0     0    -8.0   57.869 -136.410    186.4    929.4
     1     1    16     2     4    15     0     0    -9.0   57.521 -135.843    155.7    939.7
     1     1    16     2     4    14     0     0   -10.0   57.189 -135.254    131.1    945.8
     1     1    16     2     4    13     0     0   -11.0   56.868 -134.677    113.0    949.1
     1     1    16     2     4    12     0     0   -12.0   56.555 -134.127    100.5    950.3
     1     1    16     2     4    11     0     0   -13.0   56.252 -133.640     90.5    951.6
     1     1    16     2     4    10     0     0   -14.0   55.964 -133.232     81.6    954.4
     1     1    16     2     4     9     0     0   -15.0   55.691 -132.887     74.1    957.8
     1     1    16     2     4     8     0     0   -16.0   55.437 -132.598     68.1    961.2
     1     1    16     2     4     7     0     0   -17.0   55.200 -132.359     63.2    963.6
     1     1    16     2     4     6     0     0   -18.0   54.982 -132.168     58.8    965.5
     1     1    16     2     4     5     0     0   -19.0   54.775 -132.007     54.9    965.4
     1     1    16     2     4     4     0     0   -20.0   54.569 -131.864     51.6    965.8
     1     1    16     2     4     3     0     0   -21.0   54.365 -131.740     49.0    966.7
     1     1    16     2     4     2     0     0   -22.0   54.163 -131.639     47.5    967.9
     1     1    16     2     4     1     0     0   -23.0   53.964 -131.563     47.0    969.5
     1     1    16     2     4     0     0     0   -24.0   53.771 -131.518     47.8    971.4
     1     1    16     2     3    23     0     0   -25.0   53.576 -131.475     48.8    973.4
     1     1    16     2     3    22     0     0   -26.0   53.372 -131.405     48.8    975.3
     1     1    16     2     3    21     0     0   -27.0   53.154 -131.308     47.7    977.3
     1     1    16     2     3    20     0     0   -28.0   52.920 -131.184     45.4    979.4
     1     1    16     2     3    19     0     0   -29.0   52.662 -131.032     42.2    981.9
     1     1    16     2     3    18     0     0   -30.0   52.376 -130.851     37.9    983.6
     1     1    16     2     3    17     0     0   -31.0   52.070 -130.632     33.2    984.8
     1     1    16     2     3    16     0     0   -32.0   51.749 -130.367     28.2    986.2
     1     1    16     2     3    15     0     0   -33.0   51.410 -130.052     23.1    987.9
     1     1    16     2     3    14     0     0   -34.0   51.055 -129.688     18.2    987.7
     1     1    16     2     3    13     0     0   -35.0   50.690 -129.280     14.2    987.1
     1     1    16     2     3    12     0     0   -36.0   50.320 -128.824     11.4    986.5
     1     1    16     2     3    11     0     0   -37.0   49.954 -128.336      9.3    986.3
     1     1    16     2     3    10     0     0   -38.0   49.601 -127.844      7.6    986.8
     1     1    16     2     3     9     0     0   -39.0   49.265 -127.372      6.2    988.3
     1     1    16     2     3     8     0     0   -40.0   48.950 -126.935      4.6    989.5
     1     1    16     2     3     7     0     0   -41.0   48.662 -126.544      3.0    991.9
     1     1    16     2     3     6     0     0   -42.0   48.400 -126.191      1.4    995.2
     1     1    16     2     3     5     0     0   -43.0   48.169 -125.877      0.0    998.3
     1     1    16     2     3     4     0     0   -44.0   47.971 -125.596      0.0   1001.3
     1     1    16     2     3     3     0     0   -45.0   47.802 -125.340      0.0   1004.0
     1     1    16     2     3     2     0     0   -46.0   47.660 -125.101      0.0   1006.3
     1     1    16     2     3     1     0     0   -47.0   47.542 -124.874      0.0   1007.3
     1     1    16     2     3     0     0     0   -48.0   47.444 -124.658      0.0   1005.6
     1     1    16     2     2    23     0     0   -49.0   47.359 -124.450      0.0   1003.1
     1     1    16     2     2    22     0     0   -50.0   47.280 -124.247      0.0   1000.5
     1     1    16     2     2    21     0     0   -51.0   47.205 -124.048      0.0    997.8
     1     1    16     2     2    20     0     0   -52.0   47.132 -123.853      0.0    994.9
     1     1    16     2     2    19     0     0   -53.0   47.059 -123.663      0.0    991.9
     1     1    16     2     2    18     0     0   -54.0   46.984 -123.478      0.0    988.8
     1     1    16     2     2    17     0     0   -55.0   46.906 -123.299      0.0    985.1
     1     1    16     2     2    16     0     0   -56.0   46.824 -123.129      0.0    981.4
     1     1    16     2     2    15     0     0   -57.0   46.738 -122.966      0.0    977.7
     1     1    16     2     2    14     0     0   -58.0   46.649 -122.808      0.0    973.8
     1     1    16     2     2    13     0     0   -59.0   46.558 -122.656      0.0    969.8
     1     1    16     2     2    12     0     0   -60.0   46.466 -122.507      0.1    965.6
     1     1    16     2     2    11     0     0   -61.0   46.370 -122.365      0.1    962.5
     1     1    16     2     2    10     0     0   -62.0   46.268 -122.238      0.0    959.4
     1     1    16     2     2     9     0     0   -63.0   46.162 -122.125      0.0    956.5
     1     1    16     2     2     8     0     0   -64.0   46.051 -122.029      0.0    953.7
     1     1    16     2     2     7     0     0   -65.0   45.937 -121.950      0.0    951.1
     1     1    16     2     2     6     0     0   -66.0   45.820 -121.889      0.0    948.7
     1     1    16     2     2     5     0     0   -67.0   45.704 -121.849      0.0    946.7
     1     1    16     2     2     4     0     0   -68.0   45.594 -121.830      0.0    945.1
     1     1    16     2     2     3     0     0   -69.0   45.490 -121.831      0.0    943.9
     1     1    16     2     2     2     0     0   -70.0   45.394 -121.850      0.0    943.1
     1     1    16     2     2     1     0     0   -71.0   45.304 -121.886      0.0    942.8
     1     1    16     2     2     0     0     0   -72.0   45.222 -121.939      0.0    942.8
