     1     1
    CDC1    16     2     1     0     0
     1 BACKWARD OMEGA   
    16     2     8     0   60.984 -139.059   750.0
     1 PRESSURE
     1     1    16     2     8     0     0     0     0.0   60.984 -139.059    750.0    808.8
     1     1    16     2     7    23     0     0    -1.0   60.632 -139.013    644.3    825.6
     1     1    16     2     7    22     0     0    -2.0   60.281 -138.913    541.8    842.6
     1     1    16     2     7    21     0     0    -3.0   59.952 -138.736    451.3    859.0
     1     1    16     2     7    20     0     0    -4.0   59.657 -138.489    378.5    877.3
     1     1    16     2     7    19     0     0    -5.0   59.394 -138.192    322.6    890.8
     1     1    16     2     7    18     0     0    -6.0   59.159 -137.846    279.1    902.1
     1     1    16     2     7    17     0     0    -7.0   58.948 -137.455    246.2    912.3
     1     1    16     2     7    16     0     0    -8.0   58.755 -137.019    221.8    919.4
     1     1    16     2     7    15     0     0    -9.0   58.581 -136.537    203.8    924.9
     1     1    16     2     7    14     0     0   -10.0   58.423 -136.008    190.7    928.4
     1     1    16     2     7    13     0     0   -11.0   58.280 -135.435    181.5    930.4
     1     1    16     2     7    12     0     0   -12.0   58.146 -134.825    175.4    930.2
     1     1    16     2     7    11     0     0   -13.0   58.006 -134.249    172.1    927.0
     1     1    16     2     7    10     0     0   -14.0   57.856 -133.749    172.2    924.4
     1     1    16     2     7     9     0     0   -15.0   57.699 -133.311    177.3    921.8
     1     1    16     2     7     8     0     0   -16.0   57.538 -132.920    189.2    918.8
     1     1    16     2     7     7     0     0   -17.0   57.375 -132.568    209.3    915.4
     1     1    16     2     7     6     0     0   -18.0   57.219 -132.268    236.4    910.6
     1     1    16     2     7     5     0     0   -19.0   57.070 -132.042    265.0    905.8
     1     1    16     2     7     4     0     0   -20.0   56.923 -131.892    290.8    903.6
     1     1    16     2     7     3     0     0   -21.0   56.778 -131.804    314.6    902.9
     1     1    16     2     7     2     0     0   -22.0   56.634 -131.767    336.9    903.3
     1     1    16     2     7     1     0     0   -23.0   56.495 -131.773    358.0    904.6
     1     1    16     2     7     0     0     0   -24.0   56.361 -131.814    378.2    906.6
     1     1    16     2     6    23     0     0   -25.0   56.234 -131.876    395.0    907.6
     1     1    16     2     6    22     0     0   -26.0   56.115 -131.952    406.2    909.7
     1     1    16     2     6    21     0     0   -27.0   56.007 -132.045    412.2    912.7
     1     1    16     2     6    20     0     0   -28.0   55.911 -132.161    413.3    916.4
     1     1    16     2     6    19     0     0   -29.0   55.828 -132.302    409.9    920.9
     1     1    16     2     6    18     0     0   -30.0   55.760 -132.471    402.6    926.2
     1     1    16     2     6    17     0     0   -31.0   55.696 -132.649    392.5    930.7
     1     1    16     2     6    16     0     0   -32.0   55.627 -132.821    381.3    935.1
     1     1    16     2     6    15     0     0   -33.0   55.552 -132.991    369.3    939.4
     1     1    16     2     6    14     0     0   -34.0   55.472 -133.164    356.7    943.8
     1     1    16     2     6    13     0     0   -35.0   55.388 -133.344    343.8    948.3
     1     1    16     2     6    12     0     0   -36.0   55.299 -133.537    331.2    953.0
     1     1    16     2     6    11     0     0   -37.0   55.216 -133.741    319.4    957.4
     1     1    16     2     6    10     0     0   -38.0   55.145 -133.951    308.8    961.3
     1     1    16     2     6     9     0     0   -39.0   55.087 -134.166    299.1    964.9
     1     1    16     2     6     8     0     0   -40.0   55.040 -134.386    290.1    968.3
     1     1    16     2     6     7     0     0   -41.0   55.005 -134.609    281.5    971.4
     1     1    16     2     6     6     0     0   -42.0   54.981 -134.835    273.3    974.1
     1     1    16     2     6     5     0     0   -43.0   54.966 -135.076    265.5    976.3
     1     1    16     2     6     4     0     0   -44.0   54.959 -135.341    258.1    976.7
     1     1    16     2     6     3     0     0   -45.0   54.957 -135.631    251.1    977.1
     1     1    16     2     6     2     0     0   -46.0   54.961 -135.948    244.1    977.6
     1     1    16     2     6     1     0     0   -47.0   54.972 -136.292    236.8    978.3
     1     1    16     2     6     0     0     0   -48.0   54.990 -136.665    228.9    979.3
     1     1    16     2     5    23     0     0   -49.0   55.002 -137.045    220.2    980.6
     1     1    16     2     5    22     0     0   -50.0   54.999 -137.408    210.9    981.9
     1     1    16     2     5    21     0     0   -51.0   54.978 -137.750    201.4    982.2
     1     1    16     2     5    20     0     0   -52.0   54.936 -138.068    192.3    981.8
     1     1    16     2     5    19     0     0   -53.0   54.871 -138.358    184.2    981.3
     1     1    16     2     5    18     0     0   -54.0   54.785 -138.621    177.5    980.6
     1     1    16     2     5    17     0     0   -55.0   54.678 -138.866    172.4    980.2
     1     1    16     2     5    16     0     0   -56.0   54.551 -139.103    168.5    979.6
     1     1    16     2     5    15     0     0   -57.0   54.404 -139.333    165.7    978.8
     1     1    16     2     5    14     0     0   -58.0   54.236 -139.554    163.8    978.0
     1     1    16     2     5    13     0     0   -59.0   54.047 -139.764    162.7    977.1
     1     1    16     2     5    12     0     0   -60.0   53.836 -139.958    162.4    976.2
     1     1    16     2     5    11     0     0   -61.0   53.615 -140.146    162.7    975.4
     1     1    16     2     5    10     0     0   -62.0   53.397 -140.341    163.3    974.7
     1     1    16     2     5     9     0     0   -63.0   53.181 -140.543    164.1    974.1
     1     1    16     2     5     8     0     0   -64.0   52.963 -140.750    165.1    973.5
     1     1    16     2     5     7     0     0   -65.0   52.742 -140.959    166.2    973.1
     1     1    16     2     5     6     0     0   -66.0   52.512 -141.169    167.5    972.8
     1     1    16     2     5     5     0     0   -67.0   52.278 -141.385    168.9    973.2
     1     1    16     2     5     4     0     0   -68.0   52.043 -141.615    170.3    973.6
     1     1    16     2     5     3     0     0   -69.0   51.808 -141.857    171.7    974.0
     1     1    16     2     5     2     0     0   -70.0   51.572 -142.106    173.1    974.5
     1     1    16     2     5     1     0     0   -71.0   51.332 -142.360    174.5    975.0
     1     1    16     2     5     0     0     0   -72.0   51.088 -142.612    175.8    975.4
