     1     1
    CDC1    16     2     1     0     0
     1 BACKWARD OMEGA   
    16     2    15    18   60.984 -139.059   750.0
     1 PRESSURE
     1     1    16     2    15    18     0     0     0.0   60.984 -139.059    750.0    803.1
     1     1    16     2    15    17     0     0    -1.0   60.881 -139.409    738.7    805.9
     1     1    16     2    15    16     0     0    -2.0   60.780 -139.750    722.6    809.6
     1     1    16     2    15    15     0     0    -3.0   60.681 -140.088    701.7    814.0
     1     1    16     2    15    14     0     0    -4.0   60.587 -140.433    676.6    819.8
     1     1    16     2    15    13     0     0    -5.0   60.498 -140.793    647.4    826.2
     1     1    16     2    15    12     0     0    -6.0   60.413 -141.177    614.5    833.3
     1     1    16     2    15    11     0     0    -7.0   60.326 -141.559    580.3    840.2
     1     1    16     2    15    10     0     0    -8.0   60.230 -141.909    547.7    846.9
     1     1    16     2    15     9     0     0    -9.0   60.126 -142.222    517.3    853.6
     1     1    16     2    15     8     0     0   -10.0   60.012 -142.496    489.5    860.1
     1     1    16     2    15     7     0     0   -11.0   59.891 -142.735    464.6    868.6
     1     1    16     2    15     6     0     0   -12.0   59.764 -142.951    442.2    877.0
     1     1    16     2    15     5     0     0   -13.0   59.635 -143.141    422.0    885.1
     1     1    16     2    15     4     0     0   -14.0   59.509 -143.299    403.6    892.6
     1     1    16     2    15     3     0     0   -15.0   59.384 -143.427    386.8    899.6
     1     1    16     2    15     2     0     0   -16.0   59.260 -143.529    371.6    906.0
     1     1    16     2    15     1     0     0   -17.0   59.136 -143.608    358.0    911.9
     1     1    16     2    15     0     0     0   -18.0   59.012 -143.668    346.0    917.4
     1     1    16     2    14    23     0     0   -19.0   58.880 -143.716    332.9    923.0
     1     1    16     2    14    22     0     0   -20.0   58.733 -143.757    316.2    929.8
     1     1    16     2    14    21     0     0   -21.0   58.574 -143.792    296.4    937.3
     1     1    16     2    14    20     0     0   -22.0   58.401 -143.817    273.8    945.7
     1     1    16     2    14    19     0     0   -23.0   58.217 -143.831    248.4    954.8
     1     1    16     2    14    18     0     0   -24.0   58.021 -143.829    220.4    964.8
     1     1    16     2    14    17     0     0   -25.0   57.812 -143.815    192.4    975.1
     1     1    16     2    14    16     0     0   -26.0   57.581 -143.798    167.3    984.8
     1     1    16     2    14    15     0     0   -27.0   57.330 -143.788    144.6    988.7
     1     1    16     2    14    14     0     0   -28.0   57.068 -143.788    124.7    989.4
     1     1    16     2    14    13     0     0   -29.0   56.803 -143.796    107.4    990.0
     1     1    16     2    14    12     0     0   -30.0   56.541 -143.806     92.4    990.4
     1     1    16     2    14    11     0     0   -31.0   56.286 -143.828     80.3    991.2
     1     1    16     2    14    10     0     0   -32.0   56.037 -143.875     71.1    991.0
     1     1    16     2    14     9     0     0   -33.0   55.789 -143.960     64.2    990.2
     1     1    16     2    14     8     0     0   -34.0   55.535 -144.097     58.9    989.2
     1     1    16     2    14     7     0     0   -35.0   55.267 -144.303     54.7    987.6
     1     1    16     2    14     6     0     0   -36.0   54.977 -144.598     51.2    985.4
     1     1    16     2    14     5     0     0   -37.0   54.670 -144.943     48.1    985.4
     1     1    16     2    14     4     0     0   -38.0   54.359 -145.296     45.4    985.2
     1     1    16     2    14     3     0     0   -39.0   54.045 -145.661     43.1    985.2
     1     1    16     2    14     2     0     0   -40.0   53.727 -146.043     41.3    985.6
     1     1    16     2    14     1     0     0   -41.0   53.405 -146.448     39.9    986.2
     1     1    16     2    14     0     0     0   -42.0   53.078 -146.875     38.9    987.3
     1     1    16     2    13    23     0     0   -43.0   52.751 -147.322     38.2    988.3
     1     1    16     2    13    22     0     0   -44.0   52.430 -147.796     38.0    989.3
     1     1    16     2    13    21     0     0   -45.0   52.118 -148.286     38.1    989.1
     1     1    16     2    13    20     0     0   -46.0   51.814 -148.776     38.5    988.9
     1     1    16     2    13    19     0     0   -47.0   51.513 -149.272     39.1    988.8
     1     1    16     2    13    18     0     0   -48.0   51.207 -149.774     39.7    988.8
     1     1    16     2    13    17     0     0   -49.0   50.898 -150.262     40.2    988.6
     1     1    16     2    13    16     0     0   -50.0   50.589 -150.727     40.4    988.2
     1     1    16     2    13    15     0     0   -51.0   50.276 -151.197     40.2    987.6
     1     1    16     2    13    14     0     0   -52.0   49.955 -151.692     39.9    987.0
     1     1    16     2    13    13     0     0   -53.0   49.629 -152.193     39.4    986.9
     1     1    16     2    13    12     0     0   -54.0   49.300 -152.676     38.6    986.8
     1     1    16     2    13    11     0     0   -55.0   48.974 -153.136     37.9    986.1
     1     1    16     2    13    10     0     0   -56.0   48.654 -153.577     37.5    985.8
     1     1    16     2    13     9     0     0   -57.0   48.339 -154.011     37.3    985.9
     1     1    16     2    13     8     0     0   -58.0   48.027 -154.449     37.6    986.4
     1     1    16     2    13     7     0     0   -59.0   47.715 -154.899     38.4    987.3
     1     1    16     2    13     6     0     0   -60.0   47.400 -155.361     39.7    987.8
     1     1    16     2    13     5     0     0   -61.0   47.084 -155.826     41.1    986.5
     1     1    16     2    13     4     0     0   -62.0   46.767 -156.288     42.2    985.8
     1     1    16     2    13     3     0     0   -63.0   46.451 -156.753     43.1    985.3
     1     1    16     2    13     2     0     0   -64.0   46.141 -157.226     44.0    985.0
     1     1    16     2    13     1     0     0   -65.0   45.836 -157.707     44.9    984.6
     1     1    16     2    13     0     0     0   -66.0   45.536 -158.198     46.0    984.0
     1     1    16     2    12    23     0     0   -67.0   45.236 -158.696     47.0    983.0
     1     1    16     2    12    22     0     0   -68.0   44.935 -159.208     47.9    982.3
     1     1    16     2    12    21     0     0   -69.0   44.639 -159.736     48.8    982.2
     1     1    16     2    12    20     0     0   -70.0   44.355 -160.267     49.6    982.1
     1     1    16     2    12    19     0     0   -71.0   44.085 -160.790     50.4    981.9
     1     1    16     2    12    18     0     0   -72.0   43.827 -161.296     51.3    982.0
