     1     1
    CDC1    16     3     1     0     0
     1 BACKWARD OMEGA   
    16     3     8    18   60.984 -139.059   750.0
     1 PRESSURE
     1     1    16     3     8    18     0     0     0.0   60.984 -139.059    750.0    797.0
     1     1    16     3     8    17     0     0    -1.0   60.806 -138.982    746.8    800.0
     1     1    16     3     8    16     0     0    -2.0   60.631 -138.875    745.8    802.5
     1     1    16     3     8    15     0     0    -3.0   60.459 -138.750    746.0    804.9
     1     1    16     3     8    14     0     0    -4.0   60.290 -138.617    746.9    807.1
     1     1    16     3     8    13     0     0    -5.0   60.123 -138.487    747.4    809.2
     1     1    16     3     8    12     0     0    -6.0   59.958 -138.365    747.1    812.1
     1     1    16     3     8    11     0     0    -7.0   59.795 -138.242    743.1    817.3
     1     1    16     3     8    10     0     0    -8.0   59.631 -138.108    730.5    823.7
     1     1    16     3     8     9     0     0    -9.0   59.467 -137.967    710.8    830.9
     1     1    16     3     8     8     0     0   -10.0   59.305 -137.825    685.0    838.7
     1     1    16     3     8     7     0     0   -11.0   59.146 -137.686    653.9    847.0
     1     1    16     3     8     6     0     0   -12.0   58.990 -137.555    618.5    855.9
     1     1    16     3     8     5     0     0   -13.0   58.845 -137.439    583.6    863.6
     1     1    16     3     8     4     0     0   -14.0   58.714 -137.343    552.6    870.0
     1     1    16     3     8     3     0     0   -15.0   58.599 -137.275    525.4    875.7
     1     1    16     3     8     2     0     0   -16.0   58.500 -137.240    501.3    880.7
     1     1    16     3     8     1     0     0   -17.0   58.419 -137.244    480.3    885.2
     1     1    16     3     8     0     0     0   -18.0   58.356 -137.290    462.2    889.2
     1     1    16     3     7    23     0     0   -19.0   58.302 -137.342    446.6    892.6
     1     1    16     3     7    22     0     0   -20.0   58.246 -137.363    432.9    895.7
     1     1    16     3     7    21     0     0   -21.0   58.190 -137.353    421.2    898.5
     1     1    16     3     7    20     0     0   -22.0   58.132 -137.312    411.6    900.8
     1     1    16     3     7    19     0     0   -23.0   58.073 -137.240    404.5    902.6
     1     1    16     3     7    18     0     0   -24.0   58.015 -137.136    399.9    903.9
     1     1    16     3     7    17     0     0   -25.0   57.964 -136.994    399.4    904.3
     1     1    16     3     7    16     0     0   -26.0   57.929 -136.808    404.4    903.0
     1     1    16     3     7    15     0     0   -27.0   57.906 -136.571    414.5    900.4
     1     1    16     3     7    14     0     0   -28.0   57.893 -136.283    429.3    896.7
     1     1    16     3     7    13     0     0   -29.0   57.885 -135.940    448.5    891.9
     1     1    16     3     7    12     0     0   -30.0   57.880 -135.544    472.2    886.2
     1     1    16     3     7    11     0     0   -31.0   57.864 -135.115    496.6    880.3
     1     1    16     3     7    10     0     0   -32.0   57.827 -134.682    516.6    873.5
     1     1    16     3     7     9     0     0   -33.0   57.767 -134.258    531.4    867.0
     1     1    16     3     7     8     0     0   -34.0   57.686 -133.844    541.2    861.6
     1     1    16     3     7     7     0     0   -35.0   57.586 -133.441    546.2    857.0
     1     1    16     3     7     6     0     0   -36.0   57.469 -133.052    546.6    853.2
     1     1    16     3     7     5     0     0   -37.0   57.336 -132.669    543.8    850.1
     1     1    16     3     7     4     0     0   -38.0   57.186 -132.282    539.5    847.1
     1     1    16     3     7     3     0     0   -39.0   57.015 -131.895    534.2    844.4
     1     1    16     3     7     2     0     0   -40.0   56.823 -131.506    527.8    842.1
     1     1    16     3     7     1     0     0   -41.0   56.608 -131.115    520.0    840.5
     1     1    16     3     7     0     0     0   -42.0   56.369 -130.719    510.7    839.5
     1     1    16     3     6    23     0     0   -43.0   56.112 -130.319    498.3    839.0
     1     1    16     3     6    22     0     0   -44.0   55.846 -129.921    481.3    839.7
     1     1    16     3     6    21     0     0   -45.0   55.576 -129.527    459.8    842.4
     1     1    16     3     6    20     0     0   -46.0   55.303 -129.138    433.9    845.2
     1     1    16     3     6    19     0     0   -47.0   55.022 -128.748    403.5    848.2
     1     1    16     3     6    18     0     0   -48.0   54.729 -128.364    368.4    851.3
     1     1    16     3     6    17     0     0   -49.0   54.432 -127.981    334.8    854.0
     1     1    16     3     6    16     0     0   -50.0   54.134 -127.583    308.8    855.0
     1     1    16     3     6    15     0     0   -51.0   53.836 -127.172    288.5    856.7
     1     1    16     3     6    14     0     0   -52.0   53.538 -126.754    270.2    857.4
     1     1    16     3     6    13     0     0   -53.0   53.235 -126.326    250.5    856.9
     1     1    16     3     6    12     0     0   -54.0   52.917 -125.878    226.2    855.4
     1     1    16     3     6    11     0     0   -55.0   52.590 -125.425    197.7    855.4
     1     1    16     3     6    10     0     0   -56.0   52.276 -124.996    172.2    856.2
     1     1    16     3     6     9     0     0   -57.0   52.000 -124.601    154.5    858.1
     1     1    16     3     6     8     0     0   -58.0   51.768 -124.241    143.1    858.3
     1     1    16     3     6     7     0     0   -59.0   51.563 -123.901    135.1    857.8
     1     1    16     3     6     6     0     0   -60.0   51.374 -123.575    129.5    856.8
     1     1    16     3     6     5     0     0   -61.0   51.192 -123.275    124.2    856.4
     1     1    16     3     6     4     0     0   -62.0   51.015 -123.015    118.3    856.7
     1     1    16     3     6     3     0     0   -63.0   50.850 -122.791    113.3    857.2
     1     1    16     3     6     2     0     0   -64.0   50.698 -122.599    110.3    857.6
     1     1    16     3     6     1     0     0   -65.0   50.563 -122.439    109.9    858.2
     1     1    16     3     6     0     0     0   -66.0   50.443 -122.310    112.7    859.0
     1     1    16     3     5    23     0     0   -67.0   50.324 -122.218    114.9    859.0
     1     1    16     3     5    22     0     0   -68.0   50.192 -122.170    112.0    860.8
     1     1    16     3     5    21     0     0   -69.0   50.050 -122.163    104.0    863.8
     1     1    16     3     5    20     0     0   -70.0   49.902 -122.192     92.2    870.0
     1     1    16     3     5    19     0     0   -71.0   49.750 -122.248     78.5    878.2
     1     1    16     3     5    18     0     0   -72.0   49.594 -122.322     64.3    886.4
