     1     1
    CDC1    16     2     1     0     0
     1 BACKWARD OMEGA   
    16     2     6    12   60.984 -139.059   750.0
     1 PRESSURE
     1     1    16     2     6    12     0     0     0.0   60.984 -139.059    750.0    802.9
     1     1    16     2     6    11     0     0    -1.0   60.854 -139.313    704.5    809.6
     1     1    16     2     6    10     0     0    -2.0   60.721 -139.540    663.7    816.0
     1     1    16     2     6     9     0     0    -3.0   60.588 -139.747    628.6    821.9
     1     1    16     2     6     8     0     0    -4.0   60.454 -139.941    600.3    827.0
     1     1    16     2     6     7     0     0    -5.0   60.322 -140.129    579.9    831.3
     1     1    16     2     6     6     0     0    -6.0   60.192 -140.316    568.2    834.9
     1     1    16     2     6     5     0     0    -7.0   60.065 -140.507    558.3    838.1
     1     1    16     2     6     4     0     0    -8.0   59.944 -140.699    543.5    843.3
     1     1    16     2     6     3     0     0    -9.0   59.828 -140.897    524.6    849.9
     1     1    16     2     6     2     0     0   -10.0   59.716 -141.100    502.4    856.7
     1     1    16     2     6     1     0     0   -11.0   59.608 -141.311    477.6    863.8
     1     1    16     2     6     0     0     0   -12.0   59.502 -141.530    450.9    871.1
     1     1    16     2     5    23     0     0   -13.0   59.389 -141.748    424.3    878.8
     1     1    16     2     5    22     0     0   -14.0   59.259 -141.957    399.5    886.8
     1     1    16     2     5    21     0     0   -15.0   59.110 -142.158    376.3    895.3
     1     1    16     2     5    20     0     0   -16.0   58.942 -142.352    354.7    903.9
     1     1    16     2     5    19     0     0   -17.0   58.753 -142.544    334.8    913.2
     1     1    16     2     5    18     0     0   -18.0   58.543 -142.736    316.4    923.4
     1     1    16     2     5    17     0     0   -19.0   58.318 -142.928    298.9    934.3
     1     1    16     2     5    16     0     0   -20.0   58.079 -143.118    281.9    945.5
     1     1    16     2     5    15     0     0   -21.0   57.826 -143.311    265.5    957.1
     1     1    16     2     5    14     0     0   -22.0   57.557 -143.508    249.7    969.0
     1     1    16     2     5    13     0     0   -23.0   57.276 -143.713    233.7    972.7
     1     1    16     2     5    12     0     0   -24.0   56.987 -143.927    218.1    973.8
     1     1    16     2     5    11     0     0   -25.0   56.690 -144.144    202.6    974.5
     1     1    16     2     5    10     0     0   -26.0   56.381 -144.358    186.7    974.3
     1     1    16     2     5     9     0     0   -27.0   56.058 -144.572    170.8    973.5
     1     1    16     2     5     8     0     0   -28.0   55.719 -144.787    155.7    972.1
     1     1    16     2     5     7     0     0   -29.0   55.359 -145.002    142.3    969.8
     1     1    16     2     5     6     0     0   -30.0   54.974 -145.223    132.2    966.5
     1     1    16     2     5     5     0     0   -31.0   54.572 -145.474    124.7    967.5
     1     1    16     2     5     4     0     0   -32.0   54.161 -145.775    118.0    968.7
     1     1    16     2     5     3     0     0   -33.0   53.745 -146.122    112.1    969.9
     1     1    16     2     5     2     0     0   -34.0   53.329 -146.509    106.8    971.3
     1     1    16     2     5     1     0     0   -35.0   52.914 -146.929    102.1    972.8
     1     1    16     2     5     0     0     0   -36.0   52.502 -147.373     97.9    974.6
     1     1    16     2     4    23     0     0   -37.0   52.106 -147.859     94.3    974.8
     1     1    16     2     4    22     0     0   -38.0   51.739 -148.402     91.6    975.1
     1     1    16     2     4    21     0     0   -39.0   51.397 -148.985     89.6    975.3
     1     1    16     2     4    20     0     0   -40.0   51.076 -149.594     88.2    975.4
     1     1    16     2     4    19     0     0   -41.0   50.769 -150.218     87.4    975.1
     1     1    16     2     4    18     0     0   -42.0   50.471 -150.846     87.0    974.4
     1     1    16     2     4    17     0     0   -43.0   50.184 -151.485     87.2    973.7
     1     1    16     2     4    16     0     0   -44.0   49.909 -152.154     88.0    973.2
     1     1    16     2     4    15     0     0   -45.0   49.647 -152.850     89.1    972.2
     1     1    16     2     4    14     0     0   -46.0   49.398 -153.567     90.2    970.6
     1     1    16     2     4    13     0     0   -47.0   49.161 -154.297     91.2    969.2
     1     1    16     2     4    12     0     0   -48.0   48.938 -155.028     91.5    968.2
     1     1    16     2     4    11     0     0   -49.0   48.738 -155.766     91.5    968.7
     1     1    16     2     4    10     0     0   -50.0   48.572 -156.522     91.3    969.2
     1     1    16     2     4     9     0     0   -51.0   48.434 -157.291     90.9    969.5
     1     1    16     2     4     8     0     0   -52.0   48.318 -158.061     90.5    970.5
     1     1    16     2     4     7     0     0   -53.0   48.225 -158.820     90.0    971.5
     1     1    16     2     4     6     0     0   -54.0   48.156 -159.558     89.4    972.3
     1     1    16     2     4     5     0     0   -55.0   48.115 -160.286     88.8    972.6
     1     1    16     2     4     4     0     0   -56.0   48.101 -161.025     88.3    972.2
     1     1    16     2     4     3     0     0   -57.0   48.110 -161.775     87.7    971.7
     1     1    16     2     4     2     0     0   -58.0   48.137 -162.524     86.7    971.4
     1     1    16     2     4     1     0     0   -59.0   48.176 -163.268     85.2    971.5
     1     1    16     2     4     0     0     0   -60.0   48.230 -164.001     83.2    971.7
     1     1    16     2     3    23     0     0   -61.0   48.305 -164.718     80.8    971.9
     1     1    16     2     3    22     0     0   -62.0   48.408 -165.418     78.7    972.4
     1     1    16     2     3    21     0     0   -63.0   48.537 -166.101     76.9    972.9
     1     1    16     2     3    20     0     0   -64.0   48.693 -166.765     75.1    973.2
     1     1    16     2     3    19     0     0   -65.0   48.876 -167.410     73.2    973.1
     1     1    16     2     3    18     0     0   -66.0   49.084 -168.034     71.1    973.6
     1     1    16     2     3    17     0     0   -67.0   49.308 -168.638     69.2    974.7
     1     1    16     2     3    16     0     0   -68.0   49.546 -169.229     68.1    975.7
     1     1    16     2     3    15     0     0   -69.0   49.802 -169.809     67.5    976.6
     1     1    16     2     3    14     0     0   -70.0   50.074 -170.368     67.3    977.9
     1     1    16     2     3    13     0     0   -71.0   50.354 -170.885     67.5    979.2
     1     1    16     2     3    12     0     0   -72.0   50.639 -171.349     67.8    980.4
