     1     1
    CDC1    16     4     1     0     0
     1 BACKWARD OMEGA   
    16     4    19     6   60.984 -139.059   750.0
     1 PRESSURE
     1     1    16     4    19     6     0     0     0.0   60.984 -139.059    750.0    813.7
     1     1    16     4    19     5     0     0    -1.0   60.957 -139.540    711.7    818.5
     1     1    16     4    19     4     0     0    -2.0   60.927 -139.990    676.5    823.1
     1     1    16     4    19     3     0     0    -3.0   60.896 -140.410    645.7    828.5
     1     1    16     4    19     2     0     0    -4.0   60.865 -140.800    620.1    833.4
     1     1    16     4    19     1     0     0    -5.0   60.835 -141.161    599.9    837.3
     1     1    16     4    19     0     0     0    -6.0   60.805 -141.495    585.6    840.4
     1     1    16     4    18    23     0     0    -7.0   60.777 -141.797    574.7    842.5
     1     1    16     4    18    22     0     0    -8.0   60.753 -142.061    565.0    844.4
     1     1    16     4    18    21     0     0    -9.0   60.737 -142.294    555.5    846.0
     1     1    16     4    18    20     0     0   -10.0   60.728 -142.500    545.8    847.3
     1     1    16     4    18    19     0     0   -11.0   60.729 -142.682    535.5    849.0
     1     1    16     4    18    18     0     0   -12.0   60.739 -142.842    523.9    850.4
     1     1    16     4    18    17     0     0   -13.0   60.748 -142.969    513.3    852.8
     1     1    16     4    18    16     0     0   -14.0   60.742 -143.057    505.4    854.7
     1     1    16     4    18    15     0     0   -15.0   60.722 -143.105    500.1    856.2
     1     1    16     4    18    14     0     0   -16.0   60.689 -143.115    497.3    857.6
     1     1    16     4    18    13     0     0   -17.0   60.643 -143.086    496.7    858.7
     1     1    16     4    18    12     0     0   -18.0   60.583 -143.017    498.2    859.7
     1     1    16     4    18    11     0     0   -19.0   60.510 -142.930    500.4    860.3
     1     1    16     4    18    10     0     0   -20.0   60.424 -142.847    501.8    861.4
     1     1    16     4    18     9     0     0   -21.0   60.325 -142.770    502.3    863.0
     1     1    16     4    18     8     0     0   -22.0   60.213 -142.702    502.0    865.1
     1     1    16     4    18     7     0     0   -23.0   60.086 -142.646    500.6    867.6
     1     1    16     4    18     6     0     0   -24.0   59.944 -142.606    498.6    871.3
     1     1    16     4    18     5     0     0   -25.0   59.804 -142.562    493.1    876.1
     1     1    16     4    18     4     0     0   -26.0   59.679 -142.489    481.4    881.3
     1     1    16     4    18     3     0     0   -27.0   59.566 -142.388    464.1    886.7
     1     1    16     4    18     2     0     0   -28.0   59.464 -142.259    442.0    892.1
     1     1    16     4    18     1     0     0   -29.0   59.370 -142.105    415.9    897.7
     1     1    16     4    18     0     0     0   -30.0   59.284 -141.923    386.8    903.4
     1     1    16     4    17    23     0     0   -31.0   59.206 -141.726    359.0    908.4
     1     1    16     4    17    22     0     0   -32.0   59.139 -141.523    336.1    911.8
     1     1    16     4    17    21     0     0   -33.0   59.084 -141.314    317.5    914.3
     1     1    16     4    17    20     0     0   -34.0   59.042 -141.098    302.8    916.0
     1     1    16     4    17    19     0     0   -35.0   59.013 -140.874    291.6    916.8
     1     1    16     4    17    18     0     0   -36.0   58.998 -140.641    283.9    916.7
     1     1    16     4    17    17     0     0   -37.0   58.989 -140.402    278.2    916.7
     1     1    16     4    17    16     0     0   -38.0   58.979 -140.158    272.8    916.8
     1     1    16     4    17    15     0     0   -39.0   58.969 -139.912    268.0    917.1
     1     1    16     4    17    14     0     0   -40.0   58.963 -139.665    263.8    917.7
     1     1    16     4    17    13     0     0   -41.0   58.961 -139.420    260.4    918.1
     1     1    16     4    17    12     0     0   -42.0   58.964 -139.176    257.7    918.1
     1     1    16     4    17    11     0     0   -43.0   58.966 -138.937    255.8    918.0
     1     1    16     4    17    10     0     0   -44.0   58.957 -138.708    254.3    918.2
     1     1    16     4    17     9     0     0   -45.0   58.938 -138.488    253.2    918.8
     1     1    16     4    17     8     0     0   -46.0   58.908 -138.280    252.4    919.6
     1     1    16     4    17     7     0     0   -47.0   58.868 -138.082    251.7    920.8
     1     1    16     4    17     6     0     0   -48.0   58.816 -137.895    251.0    922.4
     1     1    16     4    17     5     0     0   -49.0   58.752 -137.716    249.2    923.9
     1     1    16     4    17     4     0     0   -50.0   58.674 -137.540    245.4    926.3
     1     1    16     4    17     3     0     0   -51.0   58.586 -137.366    239.8    928.9
     1     1    16     4    17     2     0     0   -52.0   58.488 -137.193    232.9    931.8
     1     1    16     4    17     1     0     0   -53.0   58.381 -137.022    224.8    935.1
     1     1    16     4    17     0     0     0   -54.0   58.266 -136.851    215.8    938.8
     1     1    16     4    16    23     0     0   -55.0   58.149 -136.680    206.2    942.1
     1     1    16     4    16    22     0     0   -56.0   58.036 -136.509    196.5    945.3
     1     1    16     4    16    21     0     0   -57.0   57.925 -136.339    186.6    948.0
     1     1    16     4    16    20     0     0   -58.0   57.817 -136.172    176.5    950.7
     1     1    16     4    16    19     0     0   -59.0   57.712 -136.007    166.1    953.3
     1     1    16     4    16    18     0     0   -60.0   57.610 -135.846    155.7    955.9
     1     1    16     4    16    17     0     0   -61.0   57.508 -135.690    144.8    958.7
     1     1    16     4    16    16     0     0   -62.0   57.404 -135.545    133.3    960.6
     1     1    16     4    16    15     0     0   -63.0   57.296 -135.413    121.5    962.8
     1     1    16     4    16    14     0     0   -64.0   57.183 -135.291    109.8    965.3
     1     1    16     4    16    13     0     0   -65.0   57.067 -135.180     98.4    968.1
     1     1    16     4    16    12     0     0   -66.0   56.948 -135.078     87.7    971.1
     1     1    16     4    16    11     0     0   -67.0   56.825 -134.982     78.6    973.7
     1     1    16     4    16    10     0     0   -68.0   56.700 -134.888     71.1    975.1
     1     1    16     4    16     9     0     0   -69.0   56.570 -134.798     64.7    976.5
     1     1    16     4    16     8     0     0   -70.0   56.436 -134.713     59.4    978.1
     1     1    16     4    16     7     0     0   -71.0   56.296 -134.635     55.1    980.0
     1     1    16     4    16     6     0     0   -72.0   56.149 -134.566     51.8    982.0
