     1     1
    CDC1    16     3     1     0     0
     1 BACKWARD OMEGA   
    16     3    25    12   60.984 -139.059   750.0
     1 PRESSURE
     1     1    16     3    25    12     0     0     0.0   60.984 -139.059    750.0    808.7
     1     1    16     3    25    11     0     0    -1.0   60.895 -139.116    724.8    813.1
     1     1    16     3    25    10     0     0    -2.0   60.809 -139.193    703.9    817.1
     1     1    16     3    25     9     0     0    -3.0   60.724 -139.290    688.3    820.5
     1     1    16     3    25     8     0     0    -4.0   60.640 -139.408    679.0    823.4
     1     1    16     3    25     7     0     0    -5.0   60.555 -139.547    676.8    825.5
     1     1    16     3    25     6     0     0    -6.0   60.469 -139.708    682.9    826.9
     1     1    16     3    25     5     0     0    -7.0   60.382 -139.865    692.3    827.1
     1     1    16     3    25     4     0     0    -8.0   60.298 -139.995    698.7    828.1
     1     1    16     3    25     3     0     0    -9.0   60.216 -140.097    702.1    829.7
     1     1    16     3    25     2     0     0   -10.0   60.138 -140.174    702.2    831.5
     1     1    16     3    25     1     0     0   -11.0   60.064 -140.226    699.1    833.5
     1     1    16     3    25     0     0     0   -12.0   59.994 -140.252    692.8    835.6
     1     1    16     3    24    23     0     0   -13.0   59.932 -140.260    686.2    838.2
     1     1    16     3    24    22     0     0   -14.0   59.876 -140.255    683.8    839.7
     1     1    16     3    24    21     0     0   -15.0   59.829 -140.235    684.7    840.5
     1     1    16     3    24    20     0     0   -16.0   59.789 -140.198    689.1    840.6
     1     1    16     3    24    19     0     0   -17.0   59.757 -140.146    697.0    839.9
     1     1    16     3    24    18     0     0   -18.0   59.732 -140.076    708.7    838.4
     1     1    16     3    24    17     0     0   -19.0   59.714 -139.993    723.3    836.3
     1     1    16     3    24    16     0     0   -20.0   59.700 -139.898    739.8    834.2
     1     1    16     3    24    15     0     0   -21.0   59.690 -139.791    757.8    831.8
     1     1    16     3    24    14     0     0   -22.0   59.684 -139.670    777.1    829.1
     1     1    16     3    24    13     0     0   -23.0   59.682 -139.534    797.3    826.3
     1     1    16     3    24    12     0     0   -24.0   59.681 -139.381    817.9    823.3
     1     1    16     3    24    11     0     0   -25.0   59.672 -139.202    838.7    821.0
     1     1    16     3    24    10     0     0   -26.0   59.643 -138.989    858.6    819.4
     1     1    16     3    24     9     0     0   -27.0   59.595 -138.742    878.3    818.4
     1     1    16     3    24     8     0     0   -28.0   59.525 -138.461    898.0    818.0
     1     1    16     3    24     7     0     0   -29.0   59.431 -138.147    918.2    818.0
     1     1    16     3    24     6     0     0   -30.0   59.312 -137.798    939.2    818.4
     1     1    16     3    24     5     0     0   -31.0   59.173 -137.424    957.5    818.9
     1     1    16     3    24     4     0     0   -32.0   59.020 -137.038    968.3    820.0
     1     1    16     3    24     3     0     0   -33.0   58.851 -136.639    970.6    822.2
     1     1    16     3    24     2     0     0   -34.0   58.664 -136.229    963.1    825.7
     1     1    16     3    24     1     0     0   -35.0   58.458 -135.805    944.7    830.6
     1     1    16     3    24     0     0     0   -36.0   58.228 -135.368    914.4    837.1
     1     1    16     3    23    23     0     0   -37.0   57.974 -134.921    875.6    844.3
     1     1    16     3    23    22     0     0   -38.0   57.697 -134.472    831.8    848.9
     1     1    16     3    23    21     0     0   -39.0   57.402 -134.030    783.1    853.5
     1     1    16     3    23    20     0     0   -40.0   57.091 -133.617    730.8    859.0
     1     1    16     3    23    19     0     0   -41.0   56.767 -133.242    676.2    866.2
     1     1    16     3    23    18     0     0   -42.0   56.432 -132.902    619.3    875.0
     1     1    16     3    23    17     0     0   -43.0   56.096 -132.584    562.3    884.8
     1     1    16     3    23    16     0     0   -44.0   55.765 -132.270    506.2    893.8
     1     1    16     3    23    15     0     0   -45.0   55.433 -131.949    450.4    902.6
     1     1    16     3    23    14     0     0   -46.0   55.097 -131.609    394.1    911.8
     1     1    16     3    23    13     0     0   -47.0   54.760 -131.258    337.6    918.7
     1     1    16     3    23    12     0     0   -48.0   54.424 -130.909    282.5    925.4
     1     1    16     3    23    11     0     0   -49.0   54.088 -130.575    232.7    933.5
     1     1    16     3    23    10     0     0   -50.0   53.748 -130.263    191.5    941.4
     1     1    16     3    23     9     0     0   -51.0   53.404 -129.966    159.1    948.2
     1     1    16     3    23     8     0     0   -52.0   53.063 -129.690    134.3    953.9
     1     1    16     3    23     7     0     0   -53.0   52.732 -129.438    115.6    959.2
     1     1    16     3    23     6     0     0   -54.0   52.413 -129.212    101.5    963.5
     1     1    16     3    23     5     0     0   -55.0   52.118 -129.038     90.2    965.4
     1     1    16     3    23     4     0     0   -56.0   51.855 -128.934     80.7    968.4
     1     1    16     3    23     3     0     0   -57.0   51.621 -128.892     72.8    971.9
     1     1    16     3    23     2     0     0   -58.0   51.415 -128.907     66.5    975.4
     1     1    16     3    23     1     0     0   -59.0   51.235 -128.978     61.3    979.5
     1     1    16     3    23     0     0     0   -60.0   51.079 -129.101     57.3    984.0
     1     1    16     3    22    23     0     0   -61.0   50.942 -129.252     53.9    988.1
     1     1    16     3    22    22     0     0   -62.0   50.819 -129.406     50.6    992.0
     1     1    16     3    22    21     0     0   -63.0   50.710 -129.566     47.6    995.7
     1     1    16     3    22    20     0     0   -64.0   50.618 -129.737     44.8    999.3
     1     1    16     3    22    19     0     0   -65.0   50.544 -129.923     42.4   1002.8
     1     1    16     3    22    18     0     0   -66.0   50.489 -130.126     40.4   1005.1
     1     1    16     3    22    17     0     0   -67.0   50.448 -130.341     38.4   1006.1
     1     1    16     3    22    16     0     0   -68.0   50.418 -130.567     36.5   1007.0
     1     1    16     3    22    15     0     0   -69.0   50.400 -130.810     34.6   1007.9
     1     1    16     3    22    14     0     0   -70.0   50.394 -131.073     32.7   1008.7
     1     1    16     3    22    13     0     0   -71.0   50.402 -131.360     31.0   1009.6
     1     1    16     3    22    12     0     0   -72.0   50.425 -131.679     29.3   1010.6
