     1     1
    CDC1    15    10     1     0     0
     1 BACKWARD OMEGA   
    15    10    12    18   60.984 -139.059   750.0
     1 PRESSURE
     1     1    15    10    12    18     0     0     0.0   60.984 -139.059    750.0    791.7
     1     1    15    10    12    17     0     0    -1.0   60.700 -138.946    704.3    799.4
     1     1    15    10    12    16     0     0    -2.0   60.409 -138.824    642.9    809.8
     1     1    15    10    12    15     0     0    -3.0   60.112 -138.698    565.3    821.5
     1     1    15    10    12    14     0     0    -4.0   59.813 -138.577    475.9    837.8
     1     1    15    10    12    13     0     0    -5.0   59.516 -138.474    382.4    857.5
     1     1    15    10    12    12     0     0    -6.0   59.215 -138.395    296.5    875.9
     1     1    15    10    12    11     0     0    -7.0   58.909 -138.344    226.7    893.8
     1     1    15    10    12    10     0     0    -8.0   58.603 -138.314    173.1    908.6
     1     1    15    10    12     9     0     0    -9.0   58.299 -138.299    132.7    921.5
     1     1    15    10    12     8     0     0   -10.0   57.998 -138.291    102.5    933.3
     1     1    15    10    12     7     0     0   -11.0   57.699 -138.281     80.4    944.1
     1     1    15    10    12     6     0     0   -12.0   57.404 -138.264     63.2    951.2
     1     1    15    10    12     5     0     0   -13.0   57.112 -138.214     50.7    955.8
     1     1    15    10    12     4     0     0   -14.0   56.816 -138.113     42.5    959.6
     1     1    15    10    12     3     0     0   -15.0   56.503 -137.991     37.4    963.0
     1     1    15    10    12     2     0     0   -16.0   56.159 -137.889     34.3    966.3
     1     1    15    10    12     1     0     0   -17.0   55.769 -137.862     32.7    969.5
     1     1    15    10    12     0     0     0   -18.0   55.320 -137.981     32.0    972.2
     1     1    15    10    11    23     0     0   -19.0   54.835 -138.222     31.1    974.5
     1     1    15    10    11    22     0     0   -20.0   54.359 -138.480     29.5    973.9
     1     1    15    10    11    21     0     0   -21.0   53.905 -138.753     27.3    972.6
     1     1    15    10    11    20     0     0   -22.0   53.456 -139.113     24.9    970.5
     1     1    15    10    11    19     0     0   -23.0   53.011 -139.650     22.3    967.5
     1     1    15    10    11    18     0     0   -24.0   52.594 -140.467     19.9    965.7
     1     1    15    10    11    17     0     0   -25.0   52.290 -141.365     18.3    970.5
     1     1    15    10    11    16     0     0   -26.0   52.098 -142.106     17.1    973.9
     1     1    15    10    11    15     0     0   -27.0   51.979 -142.681     16.0    975.8
     1     1    15    10    11    14     0     0   -28.0   51.901 -143.107     14.9    976.8
     1     1    15    10    11    13     0     0   -29.0   51.845 -143.397     13.8    977.3
     1     1    15    10    11    12     0     0   -30.0   51.801 -143.565     12.6    977.5
     1     1    15    10    11    11     0     0   -31.0   51.745 -143.639     11.5    979.5
     1     1    15    10    11    10     0     0   -32.0   51.655 -143.655     10.6    981.3
     1     1    15    10    11     9     0     0   -33.0   51.522 -143.609      9.9    983.0
     1     1    15    10    11     8     0     0   -34.0   51.338 -143.487      9.2    984.6
     1     1    15    10    11     7     0     0   -35.0   51.093 -143.272      8.6    986.3
     1     1    15    10    11     6     0     0   -36.0   50.772 -142.927      7.8    988.3
     1     1    15    10    11     5     0     0   -37.0   50.378 -142.552      7.4    990.9
     1     1    15    10    11     4     0     0   -38.0   49.945 -142.292      7.6    993.2
     1     1    15    10    11     3     0     0   -39.0   49.496 -142.179      8.4    995.1
     1     1    15    10    11     2     0     0   -40.0   49.043 -142.208      9.8    997.0
     1     1    15    10    11     1     0     0   -41.0   48.598 -142.339     11.8    998.7
     1     1    15    10    11     0     0     0   -42.0   48.164 -142.525     14.4   1000.2
     1     1    15    10    10    23     0     0   -43.0   47.741 -142.726     17.4    999.4
     1     1    15    10    10    22     0     0   -44.0   47.332 -142.933     20.4    998.8
     1     1    15    10    10    21     0     0   -45.0   46.945 -143.164     23.8    998.3
     1     1    15    10    10    20     0     0   -46.0   46.586 -143.428     28.0    998.2
     1     1    15    10    10    19     0     0   -47.0   46.258 -143.725     33.5    998.3
     1     1    15    10    10    18     0     0   -48.0   45.965 -144.056     41.3    998.6
     1     1    15    10    10    17     0     0   -49.0   45.700 -144.407     50.9    997.8
     1     1    15    10    10    16     0     0   -50.0   45.456 -144.765     60.8    997.5
     1     1    15    10    10    15     0     0   -51.0   45.229 -145.130     70.8    997.5
     1     1    15    10    10    14     0     0   -52.0   45.023 -145.506     80.4    997.0
     1     1    15    10    10    13     0     0   -53.0   44.839 -145.904     88.7    995.7
     1     1    15    10    10    12     0     0   -54.0   44.679 -146.336     95.6    994.6
     1     1    15    10    10    11     0     0   -55.0   44.536 -146.790    103.6    993.4
     1     1    15    10    10    10     0     0   -56.0   44.404 -147.248    114.2    991.4
     1     1    15    10    10     9     0     0   -57.0   44.285 -147.707    126.4    989.1
     1     1    15    10    10     8     0     0   -58.0   44.182 -148.164    139.4    986.6
     1     1    15    10    10     7     0     0   -59.0   44.096 -148.621    152.5    984.4
     1     1    15    10    10     6     0     0   -60.0   44.027 -149.074    165.1    982.5
     1     1    15    10    10     5     0     0   -61.0   43.972 -149.525    176.5    980.5
     1     1    15    10    10     4     0     0   -62.0   43.930 -149.971    186.0    978.9
     1     1    15    10    10     3     0     0   -63.0   43.902 -150.415    193.6    977.2
     1     1    15    10    10     2     0     0   -64.0   43.886 -150.854    199.8    975.7
     1     1    15    10    10     1     0     0   -65.0   43.883 -151.289    204.7    974.3
     1     1    15    10    10     0     0     0   -66.0   43.892 -151.717    208.3    973.1
     1     1    15    10     9    23     0     0   -67.0   43.911 -152.138    211.5    972.0
     1     1    15    10     9    22     0     0   -68.0   43.939 -152.547    214.8    970.7
     1     1    15    10     9    21     0     0   -69.0   43.978 -152.948    218.5    969.5
     1     1    15    10     9    20     0     0   -70.0   44.027 -153.340    222.9    968.3
     1     1    15    10     9    19     0     0   -71.0   44.088 -153.721    228.2    967.0
     1     1    15    10     9    18     0     0   -72.0   44.159 -154.090    234.5    965.6
