     1     1
    CDC1    16     3     1     0     0
     1 BACKWARD OMEGA   
    16     3     5     0   60.984 -139.059   750.0
     1 PRESSURE
     1     1    16     3     5     0     0     0     0.0   60.984 -139.059    750.0    789.3
     1     1    16     3     4    23     0     0    -1.0   60.828 -138.654    748.6    791.3
     1     1    16     3     4    22     0     0    -2.0   60.669 -138.241    742.9    794.0
     1     1    16     3     4    21     0     0    -3.0   60.508 -137.820    733.4    797.0
     1     1    16     3     4    20     0     0    -4.0   60.346 -137.390    720.9    800.2
     1     1    16     3     4    19     0     0    -5.0   60.184 -136.950    705.9    803.2
     1     1    16     3     4    18     0     0    -6.0   60.025 -136.500    689.5    806.2
     1     1    16     3     4    17     0     0    -7.0   59.866 -136.052    674.6    811.6
     1     1    16     3     4    16     0     0    -8.0   59.706 -135.616    662.2    816.4
     1     1    16     3     4    15     0     0    -9.0   59.541 -135.192    652.1    820.8
     1     1    16     3     4    14     0     0   -10.0   59.369 -134.778    643.5    823.9
     1     1    16     3     4    13     0     0   -11.0   59.184 -134.375    635.6    826.0
     1     1    16     3     4    12     0     0   -12.0   58.983 -133.977    627.9    828.0
     1     1    16     3     4    11     0     0   -13.0   58.769 -133.581    618.1    830.1
     1     1    16     3     4    10     0     0   -14.0   58.547 -133.183    603.4    832.6
     1     1    16     3     4     9     0     0   -15.0   58.318 -132.784    584.2    834.7
     1     1    16     3     4     8     0     0   -16.0   58.085 -132.387    560.6    836.7
     1     1    16     3     4     7     0     0   -17.0   57.849 -132.002    533.3    838.1
     1     1    16     3     4     6     0     0   -18.0   57.610 -131.632    502.8    839.3
     1     1    16     3     4     5     0     0   -19.0   57.364 -131.278    470.8    841.5
     1     1    16     3     4     4     0     0   -20.0   57.107 -130.939    439.3    845.0
     1     1    16     3     4     3     0     0   -21.0   56.837 -130.606    407.9    849.1
     1     1    16     3     4     2     0     0   -22.0   56.552 -130.272    376.2    853.9
     1     1    16     3     4     1     0     0   -23.0   56.250 -129.934    344.1    858.9
     1     1    16     3     4     0     0     0   -24.0   55.938 -129.597    312.0    865.8
     1     1    16     3     3    23     0     0   -25.0   55.630 -129.276    279.7    871.5
     1     1    16     3     3    22     0     0   -26.0   55.334 -128.986    247.5    877.2
     1     1    16     3     3    21     0     0   -27.0   55.052 -128.733    216.4    882.7
     1     1    16     3     3    20     0     0   -28.0   54.787 -128.523    187.5    887.6
     1     1    16     3     3    19     0     0   -29.0   54.534 -128.356    161.3    891.7
     1     1    16     3     3    18     0     0   -30.0   54.291 -128.228    137.7    896.2
     1     1    16     3     3    17     0     0   -31.0   54.058 -128.110    116.9    900.4
     1     1    16     3     3    16     0     0   -32.0   53.835 -127.976     98.1    904.1
     1     1    16     3     3    15     0     0   -33.0   53.618 -127.831     80.6    907.4
     1     1    16     3     3    14     0     0   -34.0   53.407 -127.676     64.1    909.9
     1     1    16     3     3    13     0     0   -35.0   53.201 -127.519     48.7    911.8
     1     1    16     3     3    12     0     0   -36.0   52.998 -127.374     35.3    914.1
     1     1    16     3     3    11     0     0   -37.0   52.797 -127.227     25.0    916.1
     1     1    16     3     3    10     0     0   -38.0   52.595 -127.042     17.9    916.7
     1     1    16     3     3     9     0     0   -39.0   52.394 -126.802     13.3    916.0
     1     1    16     3     3     8     0     0   -40.0   52.200 -126.504     10.5    914.1
     1     1    16     3     3     7     0     0   -41.0   52.012 -126.153      8.6    910.8
     1     1    16     3     3     6     0     0   -42.0   51.827 -125.753      7.5    906.6
     1     1    16     3     3     5     0     0   -43.0   51.651 -125.352      6.1    903.3
     1     1    16     3     3     4     0     0   -44.0   51.485 -124.997      2.9    900.6
     1     1    16     3     3     3     0     0   -45.0   51.324 -124.688      0.0    899.5
     1     1    16     3     3     2     0     0   -46.0   51.165 -124.420      0.0    898.9
     1     1    16     3     3     1     0     0   -47.0   51.009 -124.188      0.0    898.6
     1     1    16     3     3     0     0     0   -48.0   50.857 -123.989      0.0    898.8
     1     1    16     3     2    23     0     0   -49.0   50.709 -123.807      0.0    899.2
     1     1    16     3     2    22     0     0   -50.0   50.563 -123.625      0.0    899.4
     1     1    16     3     2    21     0     0   -51.0   50.421 -123.446      0.0    899.5
     1     1    16     3     2    20     0     0   -52.0   50.281 -123.267      0.0    899.4
     1     1    16     3     2    19     0     0   -53.0   50.142 -123.088      0.0    899.2
     1     1    16     3     2    18     0     0   -54.0   50.001 -122.905      0.0    898.8
     1     1    16     3     2    17     0     0   -55.0   49.859 -122.725      0.0    899.9
     1     1    16     3     2    16     0     0   -56.0   49.714 -122.552      0.0    901.5
     1     1    16     3     2    15     0     0   -57.0   49.563 -122.390      0.0    903.8
     1     1    16     3     2    14     0     0   -58.0   49.402 -122.246      0.0    906.8
     1     1    16     3     2    13     0     0   -59.0   49.229 -122.124      0.0    910.6
     1     1    16     3     2    12     0     0   -60.0   49.042 -122.029      0.0    915.3
     1     1    16     3     2    11     0     0   -61.0   48.843 -121.945      0.0    920.2
     1     1    16     3     2    10     0     0   -62.0   48.642 -121.860      0.0    925.2
     1     1    16     3     2     9     0     0   -63.0   48.438 -121.777      0.0    930.3
     1     1    16     3     2     8     0     0   -64.0   48.234 -121.701      0.0    935.4
     1     1    16     3     2     7     0     0   -65.0   48.033 -121.632      0.0    940.6
     1     1    16     3     2     6     0     0   -66.0   47.837 -121.574      0.0    945.8
     1     1    16     3     2     5     0     0   -67.0   47.635 -121.545      0.0    951.6
     1     1    16     3     2     4     0     0   -68.0   47.414 -121.568      0.0    954.7
     1     1    16     3     2     3     0     0   -69.0   47.173 -121.640      0.0    952.0
     1     1    16     3     2     2     0     0   -70.0   46.915 -121.756      0.0    949.8
     1     1    16     3     2     1     0     0   -71.0   46.639 -121.917      0.0    948.3
     1     1    16     3     2     0     0     0   -72.0   46.347 -122.123      0.0    947.5
