     1     1
    CDC1    15    11     1     0     0
     1 BACKWARD OMEGA   
    15    11    23     0   60.984 -139.059   750.0
     1 PRESSURE
     1     1    15    11    23     0     0     0     0.0   60.984 -139.059    750.0    812.3
     1     1    15    11    22    23     0     0    -1.0   61.095 -139.507    758.0    809.8
     1     1    15    11    22    22     0     0    -2.0   61.203 -139.989    767.6    807.1
     1     1    15    11    22    21     0     0    -3.0   61.311 -140.510    780.9    805.2
     1     1    15    11    22    20     0     0    -4.0   61.419 -141.073    799.2    802.9
     1     1    15    11    22    19     0     0    -5.0   61.532 -141.682    825.7    799.8
     1     1    15    11    22    18     0     0    -6.0   61.657 -142.342    864.2    795.3
     1     1    15    11    22    17     0     0    -7.0   61.773 -143.042    906.3    790.8
     1     1    15    11    22    16     0     0    -8.0   61.865 -143.761    940.8    789.0
     1     1    15    11    22    15     0     0    -9.0   61.938 -144.501    970.0    788.1
     1     1    15    11    22    14     0     0   -10.0   62.000 -145.262    996.2    788.1
     1     1    15    11    22    13     0     0   -11.0   62.053 -146.042   1020.2    789.4
     1     1    15    11    22    12     0     0   -12.0   62.099 -146.841   1043.3    791.2
     1     1    15    11    22    11     0     0   -13.0   62.149 -147.654   1067.7    792.6
     1     1    15    11    22    10     0     0   -14.0   62.205 -148.468   1092.8    793.2
     1     1    15    11    22     9     0     0   -15.0   62.267 -149.288   1119.3    794.0
     1     1    15    11    22     8     0     0   -16.0   62.341 -150.124   1150.2    794.2
     1     1    15    11    22     7     0     0   -17.0   62.429 -150.985   1186.8    793.7
     1     1    15    11    22     6     0     0   -18.0   62.532 -151.880   1231.7    793.8
     1     1    15    11    22     5     0     0   -19.0   62.635 -152.806   1281.6    794.3
     1     1    15    11    22     4     0     0   -20.0   62.720 -153.748   1327.2    795.2
     1     1    15    11    22     3     0     0   -21.0   62.787 -154.702   1367.5    796.6
     1     1    15    11    22     2     0     0   -22.0   62.838 -155.665   1401.3    798.8
     1     1    15    11    22     1     0     0   -23.0   62.874 -156.632   1427.0    802.0
     1     1    15    11    22     0     0     0   -24.0   62.897 -157.606   1444.3    806.0
     1     1    15    11    21    23     0     0   -25.0   62.918 -158.573   1452.7    810.0
     1     1    15    11    21    22     0     0   -26.0   62.945 -159.518   1454.1    814.9
     1     1    15    11    21    21     0     0   -27.0   62.984 -160.448   1450.1    819.5
     1     1    15    11    21    20     0     0   -28.0   63.039 -161.364   1443.1    823.2
     1     1    15    11    21    19     0     0   -29.0   63.114 -162.268   1436.0    826.7
     1     1    15    11    21    18     0     0   -30.0   63.209 -163.161   1431.0    828.4
     1     1    15    11    21    17     0     0   -31.0   63.313 -164.020   1426.7    828.7
     1     1    15    11    21    16     0     0   -32.0   63.414 -164.830   1421.0    829.3
     1     1    15    11    21    15     0     0   -33.0   63.516 -165.588   1412.2    829.4
     1     1    15    11    21    14     0     0   -34.0   63.622 -166.290   1400.0    829.7
     1     1    15    11    21    13     0     0   -35.0   63.735 -166.939   1383.8    830.5
     1     1    15    11    21    12     0     0   -36.0   63.859 -167.535   1363.0    831.9
     1     1    15    11    21    11     0     0   -37.0   63.996 -168.070   1342.7    834.8
     1     1    15    11    21    10     0     0   -38.0   64.150 -168.536   1329.1    836.1
     1     1    15    11    21     9     0     0   -39.0   64.317 -168.932   1321.0    836.7
     1     1    15    11    21     8     0     0   -40.0   64.497 -169.255   1317.3    836.8
     1     1    15    11    21     7     0     0   -41.0   64.688 -169.505   1317.4    836.3
     1     1    15    11    21     6     0     0   -42.0   64.890 -169.682   1320.5    835.4
     1     1    15    11    21     5     0     0   -43.0   65.099 -169.800   1325.4    834.4
     1     1    15    11    21     4     0     0   -44.0   65.313 -169.869   1331.5    833.7
     1     1    15    11    21     3     0     0   -45.0   65.533 -169.887   1338.4    832.8
     1     1    15    11    21     2     0     0   -46.0   65.759 -169.851   1345.4    831.8
     1     1    15    11    21     1     0     0   -47.0   65.990 -169.762   1352.1    830.8
     1     1    15    11    21     0     0     0   -48.0   66.225 -169.616   1358.0    829.8
     1     1    15    11    20    23     0     0   -49.0   66.470 -169.406   1363.2    829.3
     1     1    15    11    20    22     0     0   -50.0   66.727 -169.123   1367.1    828.9
     1     1    15    11    20    21     0     0   -51.0   66.996 -168.764   1370.5    828.3
     1     1    15    11    20    20     0     0   -52.0   67.273 -168.328   1373.3    827.7
     1     1    15    11    20    19     0     0   -53.0   67.556 -167.811   1376.1    827.0
     1     1    15    11    20    18     0     0   -54.0   67.839 -167.226   1379.7    826.0
     1     1    15    11    20    17     0     0   -55.0   68.108 -166.575   1381.9    823.5
     1     1    15    11    20    16     0     0   -56.0   68.357 -165.852   1378.7    821.6
     1     1    15    11    20    15     0     0   -57.0   68.583 -165.058   1369.6    820.2
     1     1    15    11    20    14     0     0   -58.0   68.784 -164.207   1353.5    819.0
     1     1    15    11    20    13     0     0   -59.0   68.958 -163.313   1330.3    818.4
     1     1    15    11    20    12     0     0   -60.0   69.103 -162.380   1299.6    818.4
     1     1    15    11    20    11     0     0   -61.0   69.215 -161.444   1268.3    819.3
     1     1    15    11    20    10     0     0   -62.0   69.289 -160.542   1244.2    818.8
     1     1    15    11    20     9     0     0   -63.0   69.325 -159.680   1227.5    817.8
     1     1    15    11    20     8     0     0   -64.0   69.321 -158.872   1219.0    816.4
     1     1    15    11    20     7     0     0   -65.0   69.276 -158.132   1218.5    814.0
     1     1    15    11    20     6     0     0   -66.0   69.190 -157.465   1226.0    810.4
     1     1    15    11    20     5     0     0   -67.0   69.067 -156.885   1236.9    807.1
     1     1    15    11    20     4     0     0   -68.0   68.916 -156.392   1247.0    804.2
     1     1    15    11    20     3     0     0   -69.0   68.740 -155.975   1255.1    801.3
     1     1    15    11    20     2     0     0   -70.0   68.541 -155.620   1260.6    798.7
     1     1    15    11    20     1     0     0   -71.0   68.320 -155.316   1263.0    796.3
     1     1    15    11    20     0     0     0   -72.0   68.079 -155.048   1262.2    794.1
