     1     1
    CDC1    16     1     1     0     0
     1 BACKWARD OMEGA   
    16     1    13     6   60.984 -139.059   750.0
     1 PRESSURE
     1     1    16     1    13     6     0     0     0.0   60.984 -139.059    750.0    793.8
     1     1    16     1    13     5     0     0    -1.0   60.873 -138.804    772.7    792.6
     1     1    16     1    13     4     0     0    -2.0   60.760 -138.557    787.5    792.6
     1     1    16     1    13     3     0     0    -3.0   60.645 -138.317    794.2    793.4
     1     1    16     1    13     2     0     0    -4.0   60.528 -138.079    792.8    795.1
     1     1    16     1    13     1     0     0    -5.0   60.409 -137.844    783.4    797.6
     1     1    16     1    13     0     0     0    -6.0   60.285 -137.608    766.5    801.1
     1     1    16     1    12    23     0     0    -7.0   60.148 -137.391    746.8    805.7
     1     1    16     1    12    22     0     0    -8.0   59.990 -137.209    728.6    810.2
     1     1    16     1    12    21     0     0    -9.0   59.814 -137.054    712.7    817.2
     1     1    16     1    12    20     0     0   -10.0   59.621 -136.911    698.3    824.4
     1     1    16     1    12    19     0     0   -11.0   59.414 -136.772    685.1    831.9
     1     1    16     1    12    18     0     0   -12.0   59.193 -136.626    672.9    839.7
     1     1    16     1    12    17     0     0   -13.0   58.956 -136.475    656.1    847.3
     1     1    16     1    12    16     0     0   -14.0   58.698 -136.324    628.8    857.3
     1     1    16     1    12    15     0     0   -15.0   58.419 -136.171    591.8    868.7
     1     1    16     1    12    14     0     0   -16.0   58.120 -136.017    546.4    881.3
     1     1    16     1    12    13     0     0   -17.0   57.802 -135.861    493.9    895.4
     1     1    16     1    12    12     0     0   -18.0   57.466 -135.703    436.0    910.6
     1     1    16     1    12    11     0     0   -19.0   57.127 -135.524    376.9    922.6
     1     1    16     1    12    10     0     0   -20.0   56.800 -135.314    321.0    933.0
     1     1    16     1    12     9     0     0   -21.0   56.488 -135.084    269.8    943.5
     1     1    16     1    12     8     0     0   -22.0   56.188 -134.846    223.8    953.0
     1     1    16     1    12     7     0     0   -23.0   55.898 -134.614    183.9    960.8
     1     1    16     1    12     6     0     0   -24.0   55.615 -134.400    149.7    967.9
     1     1    16     1    12     5     0     0   -25.0   55.333 -134.193    121.6    974.1
     1     1    16     1    12     4     0     0   -26.0   55.054 -133.981    100.3    979.9
     1     1    16     1    12     3     0     0   -27.0   54.775 -133.767     84.2    982.0
     1     1    16     1    12     2     0     0   -28.0   54.499 -133.551     72.2    983.4
     1     1    16     1    12     1     0     0   -29.0   54.222 -133.346     63.3    984.8
     1     1    16     1    12     0     0     0   -30.0   53.939 -133.169     57.1    987.0
     1     1    16     1    11    23     0     0   -31.0   53.648 -133.004     51.9    989.5
     1     1    16     1    11    22     0     0   -32.0   53.346 -132.828     46.1    992.5
     1     1    16     1    11    21     0     0   -33.0   53.027 -132.641     39.9    996.2
     1     1    16     1    11    20     0     0   -34.0   52.684 -132.442     33.4    999.9
     1     1    16     1    11    19     0     0   -35.0   52.314 -132.222     26.8   1000.4
     1     1    16     1    11    18     0     0   -36.0   51.928 -131.978     20.6    999.3
     1     1    16     1    11    17     0     0   -37.0   51.538 -131.713     15.4    999.5
     1     1    16     1    11    16     0     0   -38.0   51.147 -131.423     11.3   1000.1
     1     1    16     1    11    15     0     0   -39.0   50.758 -131.105      7.5   1000.6
     1     1    16     1    11    14     0     0   -40.0   50.369 -130.745      3.3   1001.7
     1     1    16     1    11    13     0     0   -41.0   49.977 -130.326      0.0   1003.4
     1     1    16     1    11    12     0     0   -42.0   49.583 -129.846      0.0   1002.4
     1     1    16     1    11    11     0     0   -43.0   49.197 -129.332      0.0   1000.2
     1     1    16     1    11    10     0     0   -44.0   48.817 -128.791      0.0   1000.2
     1     1    16     1    11     9     0     0   -45.0   48.436 -128.204      0.0   1002.5
     1     1    16     1    11     8     0     0   -46.0   48.049 -127.555      0.0   1007.6
     1     1    16     1    11     7     0     0   -47.0   47.674 -126.877      0.0   1010.9
     1     1    16     1    11     6     0     0   -48.0   47.343 -126.238      0.0   1011.8
     1     1    16     1    11     5     0     0   -49.0   47.070 -125.681      0.7   1009.4
     1     1    16     1    11     4     0     0   -50.0   46.856 -125.212      2.4   1007.1
     1     1    16     1    11     3     0     0   -51.0   46.687 -124.811      4.2   1003.2
     1     1    16     1    11     2     0     0   -52.0   46.550 -124.462      5.6    997.6
     1     1    16     1    11     1     0     0   -53.0   46.440 -124.154      6.3    992.4
     1     1    16     1    11     0     0     0   -54.0   46.354 -123.879      6.3    987.5
     1     1    16     1    10    23     0     0   -55.0   46.285 -123.629      6.2    983.5
     1     1    16     1    10    22     0     0   -56.0   46.228 -123.397      6.3    979.7
     1     1    16     1    10    21     0     0   -57.0   46.182 -123.181      6.7    976.1
     1     1    16     1    10    20     0     0   -58.0   46.146 -122.981      7.3    972.9
     1     1    16     1    10    19     0     0   -59.0   46.119 -122.794      8.0    969.9
     1     1    16     1    10    18     0     0   -60.0   46.101 -122.620      8.9    967.3
     1     1    16     1    10    17     0     0   -61.0   46.089 -122.456      9.9    964.2
     1     1    16     1    10    16     0     0   -62.0   46.075 -122.296     11.0    961.2
     1     1    16     1    10    15     0     0   -63.0   46.055 -122.135     12.3    958.1
     1     1    16     1    10    14     0     0   -64.0   46.027 -121.974     13.7    954.8
     1     1    16     1    10    13     0     0   -65.0   45.994 -121.812     15.4    951.3
     1     1    16     1    10    12     0     0   -66.0   45.953 -121.648     17.4    947.7
     1     1    16     1    10    11     0     0   -67.0   45.906 -121.492     19.4    944.1
     1     1    16     1    10    10     0     0   -68.0   45.854 -121.352     21.4    940.7
     1     1    16     1    10     9     0     0   -69.0   45.796 -121.229     23.4    937.5
     1     1    16     1    10     8     0     0   -70.0   45.731 -121.121     25.1    934.5
     1     1    16     1    10     7     0     0   -71.0   45.661 -121.029     26.7    931.6
     1     1    16     1    10     6     0     0   -72.0   45.583 -120.950     28.1    928.9
