     1     1
    CDC1    15    11     1     0     0
     1 BACKWARD OMEGA   
    15    11    24     0   60.984 -139.059   750.0
     1 PRESSURE
     1     1    15    11    24     0     0     0     0.0   60.984 -139.059    750.0    817.6
     1     1    15    11    23    23     0     0    -1.0   60.908 -139.448    748.5    819.4
     1     1    15    11    23    22     0     0    -2.0   60.846 -139.827    749.3    820.7
     1     1    15    11    23    21     0     0    -3.0   60.801 -140.190    752.8    821.9
     1     1    15    11    23    20     0     0    -4.0   60.771 -140.537    759.5    823.0
     1     1    15    11    23    19     0     0    -5.0   60.757 -140.866    769.6    823.4
     1     1    15    11    23    18     0     0    -6.0   60.758 -141.176    783.7    823.1
     1     1    15    11    23    17     0     0    -7.0   60.769 -141.494    798.2    822.2
     1     1    15    11    23    16     0     0    -8.0   60.785 -141.845    809.2    822.1
     1     1    15    11    23    15     0     0    -9.0   60.805 -142.228    816.8    822.4
     1     1    15    11    23    14     0     0   -10.0   60.830 -142.643    821.4    823.3
     1     1    15    11    23    13     0     0   -11.0   60.860 -143.084    823.9    825.5
     1     1    15    11    23    12     0     0   -12.0   60.896 -143.549    824.8    827.8
     1     1    15    11    23    11     0     0   -13.0   60.930 -144.025    828.4    830.0
     1     1    15    11    23    10     0     0   -14.0   60.955 -144.503    836.7    831.7
     1     1    15    11    23     9     0     0   -15.0   60.972 -144.983    849.9    833.0
     1     1    15    11    23     8     0     0   -16.0   60.985 -145.463    868.0    834.0
     1     1    15    11    23     7     0     0   -17.0   60.998 -145.941    890.9    834.5
     1     1    15    11    23     6     0     0   -18.0   61.015 -146.420    918.8    834.3
     1     1    15    11    23     5     0     0   -19.0   61.026 -146.901    942.8    833.5
     1     1    15    11    23     4     0     0   -20.0   61.016 -147.378    953.4    835.8
     1     1    15    11    23     3     0     0   -21.0   60.982 -147.852    949.2    839.2
     1     1    15    11    23     2     0     0   -22.0   60.923 -148.321    930.5    844.3
     1     1    15    11    23     1     0     0   -23.0   60.840 -148.785    897.3    851.5
     1     1    15    11    23     0     0     0   -24.0   60.734 -149.245    850.0    860.1
     1     1    15    11    22    23     0     0   -25.0   60.627 -149.702    802.9    870.5
     1     1    15    11    22    22     0     0   -26.0   60.535 -150.166    768.9    877.0
     1     1    15    11    22    21     0     0   -27.0   60.452 -150.636    746.5    880.8
     1     1    15    11    22    20     0     0   -28.0   60.374 -151.110    734.3    883.2
     1     1    15    11    22    19     0     0   -29.0   60.292 -151.587    730.0    884.5
     1     1    15    11    22    18     0     0   -30.0   60.199 -152.064    731.7    884.9
     1     1    15    11    22    17     0     0   -31.0   60.091 -152.544    735.8    885.2
     1     1    15    11    22    16     0     0   -32.0   59.970 -153.034    738.0    886.2
     1     1    15    11    22    15     0     0   -33.0   59.834 -153.537    738.6    887.9
     1     1    15    11    22    14     0     0   -34.0   59.676 -154.057    736.1    890.2
     1     1    15    11    22    13     0     0   -35.0   59.487 -154.591    729.3    893.2
     1     1    15    11    22    12     0     0   -36.0   59.260 -155.139    717.0    897.8
     1     1    15    11    22    11     0     0   -37.0   59.027 -155.710    706.3    904.3
     1     1    15    11    22    10     0     0   -38.0   58.825 -156.306    701.8    908.3
     1     1    15    11    22     9     0     0   -39.0   58.647 -156.917    702.5    911.2
     1     1    15    11    22     8     0     0   -40.0   58.489 -157.529    707.2    913.1
     1     1    15    11    22     7     0     0   -41.0   58.349 -158.129    715.2    915.3
     1     1    15    11    22     6     0     0   -42.0   58.221 -158.704    724.2    917.0
     1     1    15    11    22     5     0     0   -43.0   58.094 -159.260    732.6    918.5
     1     1    15    11    22     4     0     0   -44.0   57.959 -159.808    739.9    920.1
     1     1    15    11    22     3     0     0   -45.0   57.822 -160.351    748.0    921.6
     1     1    15    11    22     2     0     0   -46.0   57.684 -160.891    758.4    922.6
     1     1    15    11    22     1     0     0   -47.0   57.544 -161.429    771.8    923.1
     1     1    15    11    22     0     0     0   -48.0   57.399 -161.961    788.2    923.1
     1     1    15    11    21    23     0     0   -49.0   57.256 -162.490    805.3    921.5
     1     1    15    11    21    22     0     0   -50.0   57.126 -163.023    822.8    919.7
     1     1    15    11    21    21     0     0   -51.0   57.015 -163.561    842.8    917.7
     1     1    15    11    21    20     0     0   -52.0   56.924 -164.102    866.6    915.3
     1     1    15    11    21    19     0     0   -53.0   56.855 -164.643    895.3    912.5
     1     1    15    11    21    18     0     0   -54.0   56.809 -165.184    929.8    909.1
     1     1    15    11    21    17     0     0   -55.0   56.773 -165.749    964.8    904.0
     1     1    15    11    21    16     0     0   -56.0   56.732 -166.361    994.2    900.5
     1     1    15    11    21    15     0     0   -57.0   56.687 -167.016   1018.8    897.9
     1     1    15    11    21    14     0     0   -58.0   56.640 -167.714   1039.8    895.8
     1     1    15    11    21    13     0     0   -59.0   56.593 -168.451   1058.8    893.5
     1     1    15    11    21    12     0     0   -60.0   56.545 -169.223   1077.9    891.4
     1     1    15    11    21    11     0     0   -61.0   56.495 -169.993   1098.1    888.6
     1     1    15    11    21    10     0     0   -62.0   56.443 -170.727   1120.1    884.4
     1     1    15    11    21     9     0     0   -63.0   56.392 -171.428   1143.6    880.4
     1     1    15    11    21     8     0     0   -64.0   56.345 -172.101   1168.7    876.3
     1     1    15    11    21     7     0     0   -65.0   56.305 -172.750   1195.2    872.2
     1     1    15    11    21     6     0     0   -66.0   56.277 -173.381   1222.2    868.0
     1     1    15    11    21     5     0     0   -67.0   56.265 -174.006   1247.6    863.5
     1     1    15    11    21     4     0     0   -68.0   56.271 -174.632   1272.0    859.4
     1     1    15    11    21     3     0     0   -69.0   56.288 -175.260   1294.7    856.0
     1     1    15    11    21     2     0     0   -70.0   56.311 -175.890   1315.4    853.2
     1     1    15    11    21     1     0     0   -71.0   56.333 -176.522   1333.6    850.8
     1     1    15    11    21     0     0     0   -72.0   56.348 -177.154   1349.6    848.8
