     1     1
    CDC1    15    12     1     0     0
     1 BACKWARD OMEGA   
    15    12    30     0   60.984 -139.059   750.0
     1 PRESSURE
     1     1    15    12    30     0     0     0     0.0   60.984 -139.059    750.0    814.2
     1     1    15    12    29    23     0     0    -1.0   60.941 -139.374    791.9    810.4
     1     1    15    12    29    22     0     0    -2.0   60.886 -139.698    823.6    808.2
     1     1    15    12    29    21     0     0    -3.0   60.817 -140.027    843.8    807.6
     1     1    15    12    29    20     0     0    -4.0   60.729 -140.356    851.4    809.2
     1     1    15    12    29    19     0     0    -5.0   60.619 -140.675    844.7    812.8
     1     1    15    12    29    18     0     0    -6.0   60.486 -140.974    822.3    818.5
     1     1    15    12    29    17     0     0    -7.0   60.333 -141.229    791.7    826.0
     1     1    15    12    29    16     0     0    -8.0   60.163 -141.433    761.8    832.9
     1     1    15    12    29    15     0     0    -9.0   59.980 -141.589    732.7    840.3
     1     1    15    12    29    14     0     0   -10.0   59.790 -141.720    707.2    849.8
     1     1    15    12    29    13     0     0   -11.0   59.596 -141.846    686.3    858.9
     1     1    15    12    29    12     0     0   -12.0   59.401 -141.975    670.2    867.6
     1     1    15    12    29    11     0     0   -13.0   59.206 -142.101    652.4    875.6
     1     1    15    12    29    10     0     0   -14.0   59.009 -142.213    627.5    885.4
     1     1    15    12    29     9     0     0   -15.0   58.815 -142.311    596.6    895.4
     1     1    15    12    29     8     0     0   -16.0   58.627 -142.400    561.4    905.5
     1     1    15    12    29     7     0     0   -17.0   58.447 -142.480    522.8    915.7
     1     1    15    12    29     6     0     0   -18.0   58.276 -142.554    481.3    926.2
     1     1    15    12    29     5     0     0   -19.0   58.108 -142.613    438.1    936.9
     1     1    15    12    29     4     0     0   -20.0   57.936 -142.655    395.2    947.6
     1     1    15    12    29     3     0     0   -21.0   57.763 -142.684    352.6    957.5
     1     1    15    12    29     2     0     0   -22.0   57.588 -142.709    310.1    967.4
     1     1    15    12    29     1     0     0   -23.0   57.411 -142.735    268.2    974.4
     1     1    15    12    29     0     0     0   -24.0   57.234 -142.767    228.3    978.4
     1     1    15    12    28    23     0     0   -25.0   57.043 -142.783    190.6    982.8
     1     1    15    12    28    22     0     0   -26.0   56.826 -142.765    154.4    986.0
     1     1    15    12    28    21     0     0   -27.0   56.581 -142.716    120.4    989.3
     1     1    15    12    28    20     0     0   -28.0   56.305 -142.637     90.0    992.5
     1     1    15    12    28    19     0     0   -29.0   55.992 -142.529     65.2    994.6
     1     1    15    12    28    18     0     0   -30.0   55.629 -142.395     47.4    995.4
     1     1    15    12    28    17     0     0   -31.0   55.227 -142.254     34.4    997.3
     1     1    15    12    28    16     0     0   -32.0   54.801 -142.121     23.4    999.8
     1     1    15    12    28    15     0     0   -33.0   54.355 -141.985     14.8   1002.6
     1     1    15    12    28    14     0     0   -34.0   53.889 -141.838      8.3   1004.4
     1     1    15    12    28    13     0     0   -35.0   53.400 -141.678      3.1   1005.4
     1     1    15    12    28    12     0     0   -36.0   52.885 -141.503      0.0   1006.2
     1     1    15    12    28    11     0     0   -37.0   52.370 -141.345      0.0   1007.4
     1     1    15    12    28    10     0     0   -38.0   51.883 -141.235      0.0   1009.9
     1     1    15    12    28     9     0     0   -39.0   51.429 -141.164      0.0   1012.3
     1     1    15    12    28     8     0     0   -40.0   51.009 -141.128      0.0   1014.5
     1     1    15    12    28     7     0     0   -41.0   50.621 -141.124      0.0   1016.7
     1     1    15    12    28     6     0     0   -42.0   50.266 -141.147      0.1   1018.8
     1     1    15    12    28     5     0     0   -43.0   49.941 -141.204      0.2   1019.9
     1     1    15    12    28     4     0     0   -44.0   49.644 -141.309      0.3   1020.6
     1     1    15    12    28     3     0     0   -45.0   49.375 -141.464      0.3   1021.1
     1     1    15    12    28     2     0     0   -46.0   49.132 -141.669      0.3   1021.7
     1     1    15    12    28     1     0     0   -47.0   48.914 -141.925      0.3   1022.2
     1     1    15    12    28     0     0     0   -48.0   48.719 -142.231      0.2   1022.6
     1     1    15    12    27    23     0     0   -49.0   48.535 -142.567      0.2   1022.6
     1     1    15    12    27    22     0     0   -50.0   48.352 -142.905      0.0   1021.7
     1     1    15    12    27    21     0     0   -51.0   48.171 -143.240      0.0   1020.8
     1     1    15    12    27    20     0     0   -52.0   47.992 -143.573      0.0   1020.0
     1     1    15    12    27    19     0     0   -53.0   47.820 -143.905      0.0   1019.2
     1     1    15    12    27    18     0     0   -54.0   47.657 -144.237      0.0   1018.5
     1     1    15    12    27    17     0     0   -55.0   47.503 -144.580      0.0   1017.2
     1     1    15    12    27    16     0     0   -56.0   47.354 -144.945      0.0   1016.5
     1     1    15    12    27    15     0     0   -57.0   47.209 -145.335      0.0   1016.1
     1     1    15    12    27    14     0     0   -58.0   47.071 -145.750      0.0   1015.7
     1     1    15    12    27    13     0     0   -59.0   46.941 -146.193      0.0   1015.4
     1     1    15    12    27    12     0     0   -60.0   46.821 -146.671      0.0   1015.1
     1     1    15    12    27    11     0     0   -61.0   46.706 -147.163      0.2   1014.9
     1     1    15    12    27    10     0     0   -62.0   46.590 -147.652      0.5   1015.2
     1     1    15    12    27     9     0     0   -63.0   46.472 -148.138      0.9   1016.1
     1     1    15    12    27     8     0     0   -64.0   46.356 -148.629      1.4   1016.9
     1     1    15    12    27     7     0     0   -65.0   46.247 -149.133      2.0   1017.6
     1     1    15    12    27     6     0     0   -66.0   46.150 -149.658      2.7   1018.1
     1     1    15    12    27     5     0     0   -67.0   46.061 -150.203      3.5   1017.8
     1     1    15    12    27     4     0     0   -68.0   45.969 -150.757      4.3   1017.4
     1     1    15    12    27     3     0     0   -69.0   45.875 -151.321      5.0   1016.9
     1     1    15    12    27     2     0     0   -70.0   45.786 -151.902      5.7   1016.3
     1     1    15    12    27     1     0     0   -71.0   45.705 -152.508      6.2   1015.6
     1     1    15    12    27     0     0     0   -72.0   45.631 -153.138      6.6   1014.7
