     1     1
    CDC1    16     2     1     0     0
     1 BACKWARD OMEGA   
    16     2    24    18   60.984 -139.059   750.0
     1 PRESSURE
     1     1    16     2    24    18     0     0     0.0   60.984 -139.059    750.0    806.6
     1     1    16     2    24    17     0     0    -1.0   60.555 -138.904    688.5    818.7
     1     1    16     2    24    16     0     0    -2.0   60.109 -138.622    605.9    835.0
     1     1    16     2    24    15     0     0    -3.0   59.665 -138.241    515.5    857.5
     1     1    16     2    24    14     0     0    -4.0   59.245 -137.794    433.1    879.9
     1     1    16     2    24    13     0     0    -5.0   58.852 -137.297    362.2    899.3
     1     1    16     2    24    12     0     0    -6.0   58.490 -136.764    303.5    914.0
     1     1    16     2    24    11     0     0    -7.0   58.168 -136.192    256.9    925.8
     1     1    16     2    24    10     0     0    -8.0   57.890 -135.583    220.2    934.6
     1     1    16     2    24     9     0     0    -9.0   57.651 -134.952    190.9    940.1
     1     1    16     2    24     8     0     0   -10.0   57.435 -134.312    166.5    938.3
     1     1    16     2    24     7     0     0   -11.0   57.224 -133.667    146.8    935.4
     1     1    16     2    24     6     0     0   -12.0   57.017 -133.018    132.2    932.4
     1     1    16     2    24     5     0     0   -13.0   56.815 -132.381    122.5    928.9
     1     1    16     2    24     4     0     0   -14.0   56.629 -131.795    118.5    923.1
     1     1    16     2    24     3     0     0   -15.0   56.462 -131.264    120.3    917.0
     1     1    16     2    24     2     0     0   -16.0   56.311 -130.774    127.4    910.7
     1     1    16     2    24     1     0     0   -17.0   56.167 -130.308    139.8    904.1
     1     1    16     2    24     0     0     0   -18.0   56.024 -129.854    158.0    897.9
     1     1    16     2    23    23     0     0   -19.0   55.882 -129.408    181.7    893.6
     1     1    16     2    23    22     0     0   -20.0   55.755 -128.980    208.9    888.2
     1     1    16     2    23    21     0     0   -21.0   55.650 -128.575    238.5    881.9
     1     1    16     2    23    20     0     0   -22.0   55.574 -128.193    270.2    875.2
     1     1    16     2    23    19     0     0   -23.0   55.529 -127.829    304.5    867.9
     1     1    16     2    23    18     0     0   -24.0   55.520 -127.479    342.3    860.3
     1     1    16     2    23    17     0     0   -25.0   55.534 -127.175    383.9    855.2
     1     1    16     2    23    16     0     0   -26.0   55.553 -126.950    427.8    849.5
     1     1    16     2    23    15     0     0   -27.0   55.577 -126.810    473.6    843.9
     1     1    16     2    23    14     0     0   -28.0   55.607 -126.754    520.8    838.6
     1     1    16     2    23    13     0     0   -29.0   55.638 -126.781    569.2    833.5
     1     1    16     2    23    12     0     0   -30.0   55.670 -126.885    618.1    828.4
     1     1    16     2    23    11     0     0   -31.0   55.708 -127.024    668.2    822.9
     1     1    16     2    23    10     0     0   -32.0   55.761 -127.163    719.8    817.0
     1     1    16     2    23     9     0     0   -33.0   55.830 -127.305    773.1    810.9
     1     1    16     2    23     8     0     0   -34.0   55.913 -127.455    827.8    804.6
     1     1    16     2    23     7     0     0   -35.0   56.011 -127.616    883.6    799.2
     1     1    16     2    23     6     0     0   -36.0   56.120 -127.788    939.2    793.7
     1     1    16     2    23     5     0     0   -37.0   56.228 -127.986    994.7    788.3
     1     1    16     2    23     4     0     0   -38.0   56.324 -128.217   1050.4    783.5
     1     1    16     2    23     3     0     0   -39.0   56.405 -128.478   1106.8    779.4
     1     1    16     2    23     2     0     0   -40.0   56.471 -128.766   1164.1    775.8
     1     1    16     2    23     1     0     0   -41.0   56.519 -129.077   1223.2    772.8
     1     1    16     2    23     0     0     0   -42.0   56.549 -129.410   1284.7    769.8
     1     1    16     2    22    23     0     0   -43.0   56.567 -129.744   1344.8    766.2
     1     1    16     2    22    22     0     0   -44.0   56.578 -130.058   1398.1    763.9
     1     1    16     2    22    21     0     0   -45.0   56.585 -130.352   1444.1    763.7
     1     1    16     2    22    20     0     0   -46.0   56.586 -130.627   1480.7    764.3
     1     1    16     2    22    19     0     0   -47.0   56.584 -130.886   1507.8    765.6
     1     1    16     2    22    18     0     0   -48.0   56.580 -131.131   1525.3    767.7
     1     1    16     2    22    17     0     0   -49.0   56.565 -131.378   1539.8    770.7
     1     1    16     2    22    16     0     0   -50.0   56.530 -131.638   1558.8    773.3
     1     1    16     2    22    15     0     0   -51.0   56.479 -131.909   1581.0    776.2
     1     1    16     2    22    14     0     0   -52.0   56.414 -132.193   1605.2    779.4
     1     1    16     2    22    13     0     0   -53.0   56.340 -132.489   1630.0    783.0
     1     1    16     2    22    12     0     0   -54.0   56.257 -132.797   1652.4    785.9
     1     1    16     2    22    11     0     0   -55.0   56.161 -133.100   1666.5    788.8
     1     1    16     2    22    10     0     0   -56.0   56.049 -133.384   1670.4    793.4
     1     1    16     2    22     9     0     0   -57.0   55.925 -133.651   1665.4    798.8
     1     1    16     2    22     8     0     0   -58.0   55.791 -133.905   1653.9    804.8
     1     1    16     2    22     7     0     0   -59.0   55.650 -134.147   1638.0    811.2
     1     1    16     2    22     6     0     0   -60.0   55.504 -134.380   1619.9    817.7
     1     1    16     2    22     5     0     0   -61.0   55.345 -134.572   1597.4    823.9
     1     1    16     2    22     4     0     0   -62.0   55.163 -134.695   1570.6    830.5
     1     1    16     2    22     3     0     0   -63.0   54.957 -134.754   1539.9    836.4
     1     1    16     2    22     2     0     0   -64.0   54.729 -134.763   1505.7    839.8
     1     1    16     2    22     1     0     0   -65.0   54.477 -134.741   1470.8    843.0
     1     1    16     2    22     0     0     0   -66.0   54.204 -134.701   1436.0    846.2
     1     1    16     2    21    23     0     0   -67.0   53.914 -134.673   1403.5    850.1
     1     1    16     2    21    22     0     0   -68.0   53.611 -134.677   1375.3    853.5
     1     1    16     2    21    21     0     0   -69.0   53.297 -134.718   1351.5    856.5
     1     1    16     2    21    20     0     0   -70.0   52.975 -134.798   1332.2    859.1
     1     1    16     2    21    19     0     0   -71.0   52.646 -134.922   1317.3    860.9
     1     1    16     2    21    18     0     0   -72.0   52.312 -135.090   1306.0    861.1
