     1     1
    CDC1    16     2     1     0     0
     1 BACKWARD OMEGA   
    16     2    16    18   60.984 -139.059   750.0
     1 PRESSURE
     1     1    16     2    16    18     0     0     0.0   60.984 -139.059    750.0    799.2
     1     1    16     2    16    17     0     0    -1.0   61.095 -138.927    788.6    793.4
     1     1    16     2    16    16     0     0    -2.0   61.214 -138.806    826.4    787.6
     1     1    16     2    16    15     0     0    -3.0   61.340 -138.700    863.7    781.9
     1     1    16     2    16    14     0     0    -4.0   61.471 -138.613    900.7    776.2
     1     1    16     2    16    13     0     0    -5.0   61.605 -138.550    937.6    770.2
     1     1    16     2    16    12     0     0    -6.0   61.743 -138.517    974.8    764.3
     1     1    16     2    16    11     0     0    -7.0   61.881 -138.524   1009.3    758.3
     1     1    16     2    16    10     0     0    -8.0   62.017 -138.580   1037.1    753.5
     1     1    16     2    16     9     0     0    -9.0   62.154 -138.686   1057.9    749.4
     1     1    16     2    16     8     0     0   -10.0   62.290 -138.842   1071.4    746.1
     1     1    16     2    16     7     0     0   -11.0   62.426 -139.047   1077.1    743.5
     1     1    16     2    16     6     0     0   -12.0   62.563 -139.295   1075.6    743.8
     1     1    16     2    16     5     0     0   -13.0   62.693 -139.582   1069.0    747.6
     1     1    16     2    16     4     0     0   -14.0   62.807 -139.911   1057.7    751.4
     1     1    16     2    16     3     0     0   -15.0   62.906 -140.278   1042.1    755.5
     1     1    16     2    16     2     0     0   -16.0   62.989 -140.679   1022.3    759.9
     1     1    16     2    16     1     0     0   -17.0   63.056 -141.109    998.3    764.5
     1     1    16     2    16     0     0     0   -18.0   63.109 -141.564    970.0    769.3
     1     1    16     2    15    23     0     0   -19.0   63.146 -142.022    939.6    773.8
     1     1    16     2    15    22     0     0   -20.0   63.163 -142.465    910.5    777.6
     1     1    16     2    15    21     0     0   -21.0   63.161 -142.896    883.3    781.8
     1     1    16     2    15    20     0     0   -22.0   63.141 -143.318    857.7    785.4
     1     1    16     2    15    19     0     0   -23.0   63.103 -143.732    833.6    788.6
     1     1    16     2    15    18     0     0   -24.0   63.050 -144.139    810.9    791.4
     1     1    16     2    15    17     0     0   -25.0   62.989 -144.523    786.7    794.1
     1     1    16     2    15    16     0     0   -26.0   62.929 -144.866    758.2    797.2
     1     1    16     2    15    15     0     0   -27.0   62.869 -145.172    725.5    801.0
     1     1    16     2    15    14     0     0   -28.0   62.809 -145.443    688.5    805.3
     1     1    16     2    15    13     0     0   -29.0   62.750 -145.679    647.4    810.0
     1     1    16     2    15    12     0     0   -30.0   62.691 -145.882    602.1    815.1
     1     1    16     2    15    11     0     0   -31.0   62.628 -146.074    554.1    819.8
     1     1    16     2    15    10     0     0   -32.0   62.555 -146.276    504.8    824.6
     1     1    16     2    15     9     0     0   -33.0   62.473 -146.485    454.5    830.9
     1     1    16     2    15     8     0     0   -34.0   62.380 -146.699    404.1    840.2
     1     1    16     2    15     7     0     0   -35.0   62.278 -146.911    354.6    849.6
     1     1    16     2    15     6     0     0   -36.0   62.173 -147.104    308.0    858.1
     1     1    16     2    15     5     0     0   -37.0   62.077 -147.232    267.5    865.8
     1     1    16     2    15     4     0     0   -38.0   61.999 -147.270    233.3    871.7
     1     1    16     2    15     3     0     0   -39.0   61.935 -147.232    204.1    876.4
     1     1    16     2    15     2     0     0   -40.0   61.884 -147.131    178.8    879.4
     1     1    16     2    15     1     0     0   -41.0   61.845 -146.975    156.6    881.1
     1     1    16     2    15     0     0     0   -42.0   61.816 -146.772    137.2    882.2
     1     1    16     2    14    23     0     0   -43.0   61.790 -146.552    118.8    882.9
     1     1    16     2    14    22     0     0   -44.0   61.763 -146.339    100.1    884.2
     1     1    16     2    14    21     0     0   -45.0   61.738 -146.133     81.3    885.7
     1     1    16     2    14    20     0     0   -46.0   61.714 -145.930     62.8    886.8
     1     1    16     2    14    19     0     0   -47.0   61.692 -145.730     45.2    887.4
     1     1    16     2    14    18     0     0   -48.0   61.673 -145.528     29.9    888.1
     1     1    16     2    14    17     0     0   -49.0   61.656 -145.322     19.1    888.8
     1     1    16     2    14    16     0     0   -50.0   61.641 -145.106     12.5    888.8
     1     1    16     2    14    15     0     0   -51.0   61.623 -144.881      7.9    887.8
     1     1    16     2    14    14     0     0   -52.0   61.599 -144.644      4.1    887.0
     1     1    16     2    14    13     0     0   -53.0   61.567 -144.388      0.4    886.2
     1     1    16     2    14    12     0     0   -54.0   61.526 -144.110      0.0    885.5
     1     1    16     2    14    11     0     0   -55.0   61.475 -143.827      0.0    885.0
     1     1    16     2    14    10     0     0   -56.0   61.415 -143.560      0.0    884.8
     1     1    16     2    14     9     0     0   -57.0   61.347 -143.305      0.0    884.9
     1     1    16     2    14     8     0     0   -58.0   61.271 -143.059      0.0    885.1
     1     1    16     2    14     7     0     0   -59.0   61.187 -142.817      0.0    885.6
     1     1    16     2    14     6     0     0   -60.0   61.096 -142.576      0.0    886.1
     1     1    16     2    14     5     0     0   -61.0   60.999 -142.326      0.0    887.5
     1     1    16     2    14     4     0     0   -62.0   60.895 -142.062      0.0    889.1
     1     1    16     2    14     3     0     0   -63.0   60.783 -141.784      0.0    890.7
     1     1    16     2    14     2     0     0   -64.0   60.665 -141.493      0.0    892.2
     1     1    16     2    14     1     0     0   -65.0   60.538 -141.189      0.0    893.8
     1     1    16     2    14     0     0     0   -66.0   60.403 -140.873      0.0    895.3
     1     1    16     2    13    23     0     0   -67.0   60.263 -140.558      0.0    896.9
     1     1    16     2    13    22     0     0   -68.0   60.126 -140.260      0.0    898.4
     1     1    16     2    13    21     0     0   -69.0   59.994 -139.983      0.0    899.9
     1     1    16     2    13    20     0     0   -70.0   59.869 -139.732      0.0    904.1
     1     1    16     2    13    19     0     0   -71.0   59.749 -139.504      0.0    908.1
     1     1    16     2    13    18     0     0   -72.0   59.635 -139.296      0.0    912.0
