     1     1
    CDC1    16     1     1     0     0
     1 BACKWARD OMEGA   
    16     1    31     6   60.984 -139.059   750.0
     1 PRESSURE
     1     1    16     1    31     6     0     0     0.0   60.984 -139.059    750.0    807.6
     1     1    16     1    31     5     0     0    -1.0   61.110 -139.175    767.3    803.9
     1     1    16     1    31     4     0     0    -2.0   61.229 -139.297    788.6    799.6
     1     1    16     1    31     3     0     0    -3.0   61.344 -139.422    814.1    795.1
     1     1    16     1    31     2     0     0    -4.0   61.453 -139.546    844.2    790.3
     1     1    16     1    31     1     0     0    -5.0   61.558 -139.668    879.0    785.1
     1     1    16     1    31     0     0     0    -6.0   61.660 -139.786    918.9    779.4
     1     1    16     1    30    23     0     0    -7.0   61.763 -139.908    958.8    772.5
     1     1    16     1    30    22     0     0    -8.0   61.870 -140.042    992.9    766.8
     1     1    16     1    30    21     0     0    -9.0   61.981 -140.190   1020.8    761.9
     1     1    16     1    30    20     0     0   -10.0   62.096 -140.351   1042.0    757.6
     1     1    16     1    30    19     0     0   -11.0   62.217 -140.526   1055.8    753.9
     1     1    16     1    30    18     0     0   -12.0   62.343 -140.716   1061.8    750.9
     1     1    16     1    30    17     0     0   -13.0   62.463 -140.927   1063.5    748.9
     1     1    16     1    30    16     0     0   -14.0   62.563 -141.163   1066.3    749.2
     1     1    16     1    30    15     0     0   -15.0   62.645 -141.426   1069.6    750.4
     1     1    16     1    30    14     0     0   -16.0   62.711 -141.713   1073.0    751.4
     1     1    16     1    30    13     0     0   -17.0   62.760 -142.018   1077.0    752.0
     1     1    16     1    30    12     0     0   -18.0   62.793 -142.339   1081.9    752.2
     1     1    16     1    30    11     0     0   -19.0   62.818 -142.657   1087.8    752.5
     1     1    16     1    30    10     0     0   -20.0   62.844 -142.958   1094.7    753.1
     1     1    16     1    30     9     0     0   -21.0   62.869 -143.243   1102.5    753.4
     1     1    16     1    30     8     0     0   -22.0   62.893 -143.513   1111.2    753.6
     1     1    16     1    30     7     0     0   -23.0   62.917 -143.767   1120.9    753.6
     1     1    16     1    30     6     0     0   -24.0   62.939 -144.006   1131.5    753.5
     1     1    16     1    30     5     0     0   -25.0   62.953 -144.235   1142.1    753.1
     1     1    16     1    30     4     0     0   -26.0   62.954 -144.456   1151.8    752.6
     1     1    16     1    30     3     0     0   -27.0   62.939 -144.665   1159.8    752.0
     1     1    16     1    30     2     0     0   -28.0   62.907 -144.859   1165.8    751.2
     1     1    16     1    30     1     0     0   -29.0   62.857 -145.035   1169.2    750.4
     1     1    16     1    30     0     0     0   -30.0   62.788 -145.191   1169.7    749.9
     1     1    16     1    29    23     0     0   -31.0   62.704 -145.338   1168.4    749.6
     1     1    16     1    29    22     0     0   -32.0   62.612 -145.487   1166.8    749.0
     1     1    16     1    29    21     0     0   -33.0   62.511 -145.636   1165.0    748.4
     1     1    16     1    29    20     0     0   -34.0   62.401 -145.788   1165.2    751.4
     1     1    16     1    29    19     0     0   -35.0   62.285 -145.945   1165.7    754.9
     1     1    16     1    29    18     0     0   -36.0   62.161 -146.108   1166.5    758.6
     1     1    16     1    29    17     0     0   -37.0   62.036 -146.269   1163.4    762.2
     1     1    16     1    29    16     0     0   -38.0   61.919 -146.425   1153.3    766.5
     1     1    16     1    29    15     0     0   -39.0   61.810 -146.578   1136.3    771.3
     1     1    16     1    29    14     0     0   -40.0   61.710 -146.727   1112.4    776.6
     1     1    16     1    29    13     0     0   -41.0   61.620 -146.875   1081.9    782.4
     1     1    16     1    29    12     0     0   -42.0   61.539 -147.023   1045.0    788.6
     1     1    16     1    29    11     0     0   -43.0   61.464 -147.171   1005.8    795.2
     1     1    16     1    29    10     0     0   -44.0   61.389 -147.318    967.5    801.5
     1     1    16     1    29     9     0     0   -45.0   61.315 -147.463    930.4    807.6
     1     1    16     1    29     8     0     0   -46.0   61.243 -147.609    894.7    813.1
     1     1    16     1    29     7     0     0   -47.0   61.172 -147.756    860.6    818.1
     1     1    16     1    29     6     0     0   -48.0   61.105 -147.903    828.3    822.8
     1     1    16     1    29     5     0     0   -49.0   61.036 -148.030    797.9    827.3
     1     1    16     1    29     4     0     0   -50.0   60.962 -148.111    768.8    831.6
     1     1    16     1    29     3     0     0   -51.0   60.884 -148.147    740.7    835.9
     1     1    16     1    29     2     0     0   -52.0   60.804 -148.138    713.1    840.0
     1     1    16     1    29     1     0     0   -53.0   60.720 -148.085    685.8    844.2
     1     1    16     1    29     0     0     0   -54.0   60.633 -147.987    658.8    848.3
     1     1    16     1    28    23     0     0   -55.0   60.542 -147.862    631.4    852.5
     1     1    16     1    28    22     0     0   -56.0   60.444 -147.732    602.9    856.7
     1     1    16     1    28    21     0     0   -57.0   60.341 -147.596    573.0    861.0
     1     1    16     1    28    20     0     0   -58.0   60.232 -147.456    541.5    865.4
     1     1    16     1    28    19     0     0   -59.0   60.117 -147.309    507.8    869.8
     1     1    16     1    28    18     0     0   -60.0   59.996 -147.157    472.1    874.5
     1     1    16     1    28    17     0     0   -61.0   59.867 -146.986    435.6    880.7
     1     1    16     1    28    16     0     0   -62.0   59.727 -146.785    399.6    887.0
     1     1    16     1    28    15     0     0   -63.0   59.573 -146.555    364.2    893.3
     1     1    16     1    28    14     0     0   -64.0   59.405 -146.299    329.5    899.7
     1     1    16     1    28    13     0     0   -65.0   59.219 -146.017    295.6    906.7
     1     1    16     1    28    12     0     0   -66.0   59.014 -145.710    263.0    914.5
     1     1    16     1    28    11     0     0   -67.0   58.790 -145.386    232.7    923.3
     1     1    16     1    28    10     0     0   -68.0   58.551 -145.049    205.6    932.6
     1     1    16     1    28     9     0     0   -69.0   58.290 -144.691    181.0    940.6
     1     1    16     1    28     8     0     0   -70.0   58.001 -144.310    158.2    949.2
     1     1    16     1    28     7     0     0   -71.0   57.676 -143.893    137.6    959.0
     1     1    16     1    28     6     0     0   -72.0   57.309 -143.443    119.2    963.3
