     1     1
    CDC1    16     1     1     0     0
     1 BACKWARD OMEGA   
    16     1     8     0   60.984 -139.059   750.0
     1 PRESSURE
     1     1    16     1     8     0     0     0     0.0   60.984 -139.059    750.0    809.7
     1     1    16     1     7    23     0     0    -1.0   60.831 -139.156    770.6    809.8
     1     1    16     1     7    22     0     0    -2.0   60.674 -139.226    785.9    810.8
     1     1    16     1     7    21     0     0    -3.0   60.513 -139.272    795.6    812.3
     1     1    16     1     7    20     0     0    -4.0   60.348 -139.297    799.2    814.5
     1     1    16     1     7    19     0     0    -5.0   60.179 -139.305    796.3    817.4
     1     1    16     1     7    18     0     0    -6.0   60.006 -139.296    786.5    821.0
     1     1    16     1     7    17     0     0    -7.0   59.829 -139.263    771.5    828.2
     1     1    16     1     7    16     0     0    -8.0   59.649 -139.198    752.9    835.8
     1     1    16     1     7    15     0     0    -9.0   59.468 -139.105    730.0    843.8
     1     1    16     1     7    14     0     0   -10.0   59.288 -138.989    702.7    852.2
     1     1    16     1     7    13     0     0   -11.0   59.113 -138.856    670.6    861.1
     1     1    16     1     7    12     0     0   -12.0   58.945 -138.708    633.7    870.4
     1     1    16     1     7    11     0     0   -13.0   58.794 -138.544    598.3    879.4
     1     1    16     1     7    10     0     0   -14.0   58.669 -138.361    570.9    885.7
     1     1    16     1     7     9     0     0   -15.0   58.564 -138.163    551.5    890.4
     1     1    16     1     7     8     0     0   -16.0   58.477 -137.951    539.7    893.6
     1     1    16     1     7     7     0     0   -17.0   58.405 -137.729    535.3    895.4
     1     1    16     1     7     6     0     0   -18.0   58.348 -137.496    538.3    895.9
     1     1    16     1     7     5     0     0   -19.0   58.298 -137.247    545.6    894.4
     1     1    16     1     7     4     0     0   -20.0   58.249 -136.974    554.5    892.9
     1     1    16     1     7     3     0     0   -21.0   58.202 -136.675    565.4    890.8
     1     1    16     1     7     2     0     0   -22.0   58.157 -136.351    578.7    888.2
     1     1    16     1     7     1     0     0   -23.0   58.114 -135.999    595.1    885.0
     1     1    16     1     7     0     0     0   -24.0   58.071 -135.621    615.1    881.1
     1     1    16     1     6    23     0     0   -25.0   58.022 -135.234    638.1    876.7
     1     1    16     1     6    22     0     0   -26.0   57.962 -134.855    661.5    871.7
     1     1    16     1     6    21     0     0   -27.0   57.889 -134.485    684.6    865.6
     1     1    16     1     6    20     0     0   -28.0   57.800 -134.124    707.1    859.9
     1     1    16     1     6    19     0     0   -29.0   57.697 -133.767    728.6    854.5
     1     1    16     1     6    18     0     0   -30.0   57.577 -133.412    748.4    849.3
     1     1    16     1     6    17     0     0   -31.0   57.453 -133.065    765.4    844.1
     1     1    16     1     6    16     0     0   -32.0   57.333 -132.734    779.6    839.8
     1     1    16     1     6    15     0     0   -33.0   57.219 -132.418    791.1    836.0
     1     1    16     1     6    14     0     0   -34.0   57.112 -132.116    800.1    831.9
     1     1    16     1     6    13     0     0   -35.0   57.012 -131.827    807.1    828.1
     1     1    16     1     6    12     0     0   -36.0   56.917 -131.548    812.7    824.5
     1     1    16     1     6    11     0     0   -37.0   56.823 -131.262    816.5    820.8
     1     1    16     1     6    10     0     0   -38.0   56.721 -130.951    817.8    817.2
     1     1    16     1     6     9     0     0   -39.0   56.611 -130.615    817.1    813.5
     1     1    16     1     6     8     0     0   -40.0   56.492 -130.253    814.9    809.7
     1     1    16     1     6     7     0     0   -41.0   56.363 -129.867    812.0    806.7
     1     1    16     1     6     6     0     0   -42.0   56.228 -129.465    810.4    805.1
     1     1    16     1     6     5     0     0   -43.0   56.089 -129.069    810.5    803.1
     1     1    16     1     6     4     0     0   -44.0   55.948 -128.691    812.5    800.9
     1     1    16     1     6     3     0     0   -45.0   55.802 -128.322    814.8    798.5
     1     1    16     1     6     2     0     0   -46.0   55.650 -127.956    816.0    796.1
     1     1    16     1     6     1     0     0   -47.0   55.490 -127.587    815.0    793.6
     1     1    16     1     6     0     0     0   -48.0   55.319 -127.213    812.0    794.2
     1     1    16     1     5    23     0     0   -49.0   55.144 -126.835    812.3    796.2
     1     1    16     1     5    22     0     0   -50.0   54.967 -126.445    822.2    795.9
     1     1    16     1     5    21     0     0   -51.0   54.794 -126.046    841.2    793.7
     1     1    16     1     5    20     0     0   -52.0   54.627 -125.638    868.8    790.0
     1     1    16     1     5    19     0     0   -53.0   54.466 -125.223    905.2    784.7
     1     1    16     1     5    18     0     0   -54.0   54.313 -124.802    950.7    778.5
     1     1    16     1     5    17     0     0   -55.0   54.174 -124.393   1000.0    772.8
     1     1    16     1     5    16     0     0   -56.0   54.049 -124.008   1045.0    767.5
     1     1    16     1     5    15     0     0   -57.0   53.935 -123.643   1084.8    762.3
     1     1    16     1     5    14     0     0   -58.0   53.831 -123.295   1118.1    757.4
     1     1    16     1     5    13     0     0   -59.0   53.734 -122.962   1143.7    753.1
     1     1    16     1     5    12     0     0   -60.0   53.644 -122.639   1160.3    749.3
     1     1    16     1     5    11     0     0   -61.0   53.546 -122.326   1171.7    746.1
     1     1    16     1     5    10     0     0   -62.0   53.425 -122.022   1181.6    742.5
     1     1    16     1     5     9     0     0   -63.0   53.281 -121.732   1189.7    738.4
     1     1    16     1     5     8     0     0   -64.0   53.112 -121.459   1196.3    733.7
     1     1    16     1     5     7     0     0   -65.0   52.916 -121.206   1201.7    728.5
     1     1    16     1     5     6     0     0   -66.0   52.692 -120.977   1206.2    722.5
     1     1    16     1     5     5     0     0   -67.0   52.452 -120.769   1205.4    717.4
     1     1    16     1     5     4     0     0   -68.0   52.213 -120.578   1197.1    718.9
     1     1    16     1     5     3     0     0   -69.0   51.979 -120.406   1179.5    721.2
     1     1    16     1     5     2     0     0   -70.0   51.753 -120.251   1153.1    724.3
     1     1    16     1     5     1     0     0   -71.0   51.537 -120.115   1118.6    728.1
     1     1    16     1     5     0     0     0   -72.0   51.332 -119.996   1076.6    732.8
