     1     1
    CDC1    15    10     1     0     0
     1 BACKWARD OMEGA   
    15    10    29    18   60.984 -139.059   750.0
     1 PRESSURE
     1     1    15    10    29    18     0     0     0.0   60.984 -139.059    750.0    796.2
     1     1    15    10    29    17     0     0    -1.0   60.812 -139.144    739.6    800.1
     1     1    15    10    29    16     0     0    -2.0   60.630 -139.215    725.3    804.9
     1     1    15    10    29    15     0     0    -3.0   60.439 -139.274    707.0    810.3
     1     1    15    10    29    14     0     0    -4.0   60.239 -139.325    684.7    816.3
     1     1    15    10    29    13     0     0    -5.0   60.032 -139.370    658.4    822.9
     1     1    15    10    29    12     0     0    -6.0   59.820 -139.421    629.3    832.8
     1     1    15    10    29    11     0     0    -7.0   59.606 -139.485    597.8    843.4
     1     1    15    10    29    10     0     0    -8.0   59.384 -139.554    564.4    854.2
     1     1    15    10    29     9     0     0    -9.0   59.156 -139.629    529.8    865.6
     1     1    15    10    29     8     0     0   -10.0   58.921 -139.712    494.8    877.5
     1     1    15    10    29     7     0     0   -11.0   58.680 -139.802    460.3    889.7
     1     1    15    10    29     6     0     0   -12.0   58.434 -139.903    427.1    902.3
     1     1    15    10    29     5     0     0   -13.0   58.187 -139.992    394.9    914.7
     1     1    15    10    29     4     0     0   -14.0   57.941 -140.051    363.9    926.5
     1     1    15    10    29     3     0     0   -15.0   57.699 -140.080    334.7    937.4
     1     1    15    10    29     2     0     0   -16.0   57.461 -140.085    307.2    947.0
     1     1    15    10    29     1     0     0   -17.0   57.228 -140.083    280.8    950.9
     1     1    15    10    29     0     0     0   -18.0   57.000 -140.092    256.1    954.9
     1     1    15    10    28    23     0     0   -19.0   56.779 -140.101    233.6    959.2
     1     1    15    10    28    22     0     0   -20.0   56.562 -140.098    213.2    963.1
     1     1    15    10    28    21     0     0   -21.0   56.350 -140.076    194.6    966.4
     1     1    15    10    28    20     0     0   -22.0   56.140 -140.035    177.2    969.0
     1     1    15    10    28    19     0     0   -23.0   55.932 -139.970    160.5    971.6
     1     1    15    10    28    18     0     0   -24.0   55.723 -139.879    144.3    974.2
     1     1    15    10    28    17     0     0   -25.0   55.508 -139.788    128.6    976.9
     1     1    15    10    28    16     0     0   -26.0   55.279 -139.730    113.9    979.8
     1     1    15    10    28    15     0     0   -27.0   55.034 -139.712    100.5    982.7
     1     1    15    10    28    14     0     0   -28.0   54.773 -139.732     88.9    983.8
     1     1    15    10    28    13     0     0   -29.0   54.498 -139.783     79.5    984.2
     1     1    15    10    28    12     0     0   -30.0   54.208 -139.864     72.0    984.0
     1     1    15    10    28    11     0     0   -31.0   53.912 -139.959     65.9    983.9
     1     1    15    10    28    10     0     0   -32.0   53.622 -140.051     61.0    983.7
     1     1    15    10    28     9     0     0   -33.0   53.338 -140.147     57.1    983.5
     1     1    15    10    28     8     0     0   -34.0   53.059 -140.260     53.9    983.3
     1     1    15    10    28     7     0     0   -35.0   52.786 -140.401     51.3    983.1
     1     1    15    10    28     6     0     0   -36.0   52.518 -140.586     49.3    983.1
     1     1    15    10    28     5     0     0   -37.0   52.255 -140.807     47.7    984.3
     1     1    15    10    28     4     0     0   -38.0   51.994 -141.049     46.6    985.5
     1     1    15    10    28     3     0     0   -39.0   51.734 -141.309     46.0    986.6
     1     1    15    10    28     2     0     0   -40.0   51.473 -141.586     45.8    987.7
     1     1    15    10    28     1     0     0   -41.0   51.211 -141.880     45.9    988.6
     1     1    15    10    28     0     0     0   -42.0   50.949 -142.188     46.5    989.5
     1     1    15    10    27    23     0     0   -43.0   50.686 -142.491     47.2    990.3
     1     1    15    10    27    22     0     0   -44.0   50.418 -142.773     48.0    990.1
     1     1    15    10    27    21     0     0   -45.0   50.143 -143.045     48.8    989.6
     1     1    15    10    27    20     0     0   -46.0   49.862 -143.314     49.7    988.8
     1     1    15    10    27    19     0     0   -47.0   49.579 -143.582     50.7    987.7
     1     1    15    10    27    18     0     0   -48.0   49.298 -143.854     51.7    986.5
     1     1    15    10    27    17     0     0   -49.0   49.025 -144.127     52.9    985.7
     1     1    15    10    27    16     0     0   -50.0   48.758 -144.397     54.1    984.7
     1     1    15    10    27    15     0     0   -51.0   48.490 -144.660     55.4    983.6
     1     1    15    10    27    14     0     0   -52.0   48.217 -144.914     56.7    982.5
     1     1    15    10    27    13     0     0   -53.0   47.932 -145.163     57.9    981.3
     1     1    15    10    27    12     0     0   -54.0   47.632 -145.411     59.1    979.9
     1     1    15    10    27    11     0     0   -55.0   47.327 -145.677     60.4    980.1
     1     1    15    10    27    10     0     0   -56.0   47.027 -145.969     61.6    981.0
     1     1    15    10    27     9     0     0   -57.0   46.732 -146.276     63.0    982.0
     1     1    15    10    27     8     0     0   -58.0   46.442 -146.594     64.6    982.9
     1     1    15    10    27     7     0     0   -59.0   46.156 -146.921     66.5    983.8
     1     1    15    10    27     6     0     0   -60.0   45.874 -147.254     68.6    984.8
     1     1    15    10    27     5     0     0   -61.0   45.593 -147.607     70.8    985.8
     1     1    15    10    27     4     0     0   -62.0   45.314 -147.999     72.7    986.7
     1     1    15    10    27     3     0     0   -63.0   45.042 -148.440     74.4    987.2
     1     1    15    10    27     2     0     0   -64.0   44.778 -148.930     75.8    986.0
     1     1    15    10    27     1     0     0   -65.0   44.522 -149.468     76.8    984.5
     1     1    15    10    27     0     0     0   -66.0   44.283 -150.063     77.4    983.1
     1     1    15    10    26    23     0     0   -67.0   44.059 -150.703     77.5    982.6
     1     1    15    10    26    22     0     0   -68.0   43.848 -151.373     76.7    982.2
     1     1    15    10    26    21     0     0   -69.0   43.652 -152.082     75.3    982.1
     1     1    15    10    26    20     0     0   -70.0   43.478 -152.840     73.4    981.9
     1     1    15    10    26    19     0     0   -71.0   43.333 -153.650     71.3    981.8
     1     1    15    10    26    18     0     0   -72.0   43.229 -154.526     69.4    981.8
