     1     1
    CDC1    16     3     1     0     0
     1 BACKWARD OMEGA   
    16     3    12     6   60.984 -139.059   750.0
     1 PRESSURE
     1     1    16     3    12     6     0     0     0.0   60.984 -139.059    750.0    796.5
     1     1    16     3    12     5     0     0    -1.0   60.911 -138.896    782.0    794.2
     1     1    16     3    12     4     0     0    -2.0   60.810 -138.727    811.5    792.8
     1     1    16     3    12     3     0     0    -3.0   60.682 -138.548    838.1    792.2
     1     1    16     3    12     2     0     0    -4.0   60.527 -138.354    861.2    792.5
     1     1    16     3    12     1     0     0    -5.0   60.343 -138.141    879.8    793.7
     1     1    16     3    12     0     0     0    -6.0   60.132 -137.902    892.8    796.1
     1     1    16     3    11    23     0     0    -7.0   59.899 -137.644    902.1    800.1
     1     1    16     3    11    22     0     0    -8.0   59.650 -137.381    910.1    805.8
     1     1    16     3    11    21     0     0    -9.0   59.385 -137.118    915.2    811.8
     1     1    16     3    11    20     0     0   -10.0   59.104 -136.853    916.7    818.7
     1     1    16     3    11    19     0     0   -11.0   58.807 -136.585    914.0    826.3
     1     1    16     3    11    18     0     0   -12.0   58.492 -136.313    906.7    834.8
     1     1    16     3    11    17     0     0   -13.0   58.160 -136.033    890.5    843.4
     1     1    16     3    11    16     0     0   -14.0   57.814 -135.746    862.2    853.9
     1     1    16     3    11    15     0     0   -15.0   57.454 -135.461    823.2    865.3
     1     1    16     3    11    14     0     0   -16.0   57.084 -135.194    777.1    875.0
     1     1    16     3    11    13     0     0   -17.0   56.706 -134.958    729.2    885.5
     1     1    16     3    11    12     0     0   -18.0   56.319 -134.755    680.9    895.7
     1     1    16     3    11    11     0     0   -19.0   55.937 -134.588    638.6    906.3
     1     1    16     3    11    10     0     0   -20.0   55.574 -134.465    606.0    915.0
     1     1    16     3    11     9     0     0   -21.0   55.226 -134.390    581.1    923.4
     1     1    16     3    11     8     0     0   -22.0   54.889 -134.366    562.0    929.8
     1     1    16     3    11     7     0     0   -23.0   54.560 -134.387    547.0    932.8
     1     1    16     3    11     6     0     0   -24.0   54.237 -134.448    536.1    935.8
     1     1    16     3    11     5     0     0   -25.0   53.920 -134.549    529.2    937.9
     1     1    16     3    11     4     0     0   -26.0   53.607 -134.695    525.5    939.5
     1     1    16     3    11     3     0     0   -27.0   53.296 -134.892    525.1    940.6
     1     1    16     3    11     2     0     0   -28.0   52.985 -135.149    527.8    940.1
     1     1    16     3    11     1     0     0   -29.0   52.669 -135.473    533.0    937.9
     1     1    16     3    11     0     0     0   -30.0   52.349 -135.864    540.6    934.3
     1     1    16     3    10    23     0     0   -31.0   52.035 -136.292    550.5    930.1
     1     1    16     3    10    22     0     0   -32.0   51.739 -136.733    559.8    926.3
     1     1    16     3    10    21     0     0   -33.0   51.457 -137.189    568.9    922.7
     1     1    16     3    10    20     0     0   -34.0   51.186 -137.661    577.1    920.1
     1     1    16     3    10    19     0     0   -35.0   50.925 -138.149    583.1    919.2
     1     1    16     3    10    18     0     0   -36.0   50.675 -138.652    585.8    919.0
     1     1    16     3    10    17     0     0   -37.0   50.439 -139.155    586.0    919.6
     1     1    16     3    10    16     0     0   -38.0   50.217 -139.651    584.4    920.6
     1     1    16     3    10    15     0     0   -39.0   50.005 -140.151    580.7    922.1
     1     1    16     3    10    14     0     0   -40.0   49.807 -140.653    574.7    923.6
     1     1    16     3    10    13     0     0   -41.0   49.626 -141.153    566.0    925.3
     1     1    16     3    10    12     0     0   -42.0   49.456 -141.651    554.7    927.0
     1     1    16     3    10    11     0     0   -43.0   49.291 -142.130    542.1    929.3
     1     1    16     3    10    10     0     0   -44.0   49.131 -142.578    529.1    931.0
     1     1    16     3    10     9     0     0   -45.0   48.981 -143.004    515.7    931.6
     1     1    16     3    10     8     0     0   -46.0   48.848 -143.415    502.1    932.3
     1     1    16     3    10     7     0     0   -47.0   48.725 -143.815    488.1    933.0
     1     1    16     3    10     6     0     0   -48.0   48.608 -144.207    473.3    933.9
     1     1    16     3    10     5     0     0   -49.0   48.490 -144.603    459.1    934.7
     1     1    16     3    10     4     0     0   -50.0   48.371 -145.013    446.6    935.1
     1     1    16     3    10     3     0     0   -51.0   48.260 -145.430    436.4    935.8
     1     1    16     3    10     2     0     0   -52.0   48.166 -145.851    428.2    936.1
     1     1    16     3    10     1     0     0   -53.0   48.088 -146.272    421.6    936.3
     1     1    16     3    10     0     0     0   -54.0   48.023 -146.691    415.9    936.3
     1     1    16     3     9    23     0     0   -55.0   47.974 -147.112    409.6    936.4
     1     1    16     3     9    22     0     0   -56.0   47.946 -147.538    401.4    937.0
     1     1    16     3     9    21     0     0   -57.0   47.945 -147.966    391.8    938.8
     1     1    16     3     9    20     0     0   -58.0   47.974 -148.393    380.9    940.7
     1     1    16     3     9    19     0     0   -59.0   48.036 -148.819    369.3    942.5
     1     1    16     3     9    18     0     0   -60.0   48.132 -149.241    357.4    944.2
     1     1    16     3     9    17     0     0   -61.0   48.256 -149.669    345.4    946.0
     1     1    16     3     9    16     0     0   -62.0   48.401 -150.110    333.3    947.8
     1     1    16     3     9    15     0     0   -63.0   48.565 -150.563    321.4    949.6
     1     1    16     3     9    14     0     0   -64.0   48.747 -151.022    309.7    951.3
     1     1    16     3     9    13     0     0   -65.0   48.950 -151.482    298.5    953.0
     1     1    16     3     9    12     0     0   -66.0   49.178 -151.940    287.7    954.7
     1     1    16     3     9    11     0     0   -67.0   49.435 -152.389    278.0    956.6
     1     1    16     3     9    10     0     0   -68.0   49.720 -152.826    269.6    957.3
     1     1    16     3     9     9     0     0   -69.0   50.025 -153.247    262.6    957.4
     1     1    16     3     9     8     0     0   -70.0   50.349 -153.629    257.0    958.2
     1     1    16     3     9     7     0     0   -71.0   50.689 -153.958    252.9    959.1
     1     1    16     3     9     6     0     0   -72.0   51.042 -154.240    249.8    959.9
