     1     1
    CDC1    16     2     1     0     0
     1 BACKWARD OMEGA   
    16     2    11    12   60.984 -139.059   750.0
     1 PRESSURE
     1     1    16     2    11    12     0     0     0.0   60.984 -139.059    750.0    806.9
     1     1    16     2    11    11     0     0    -1.0   60.590 -138.815    673.8    820.3
     1     1    16     2    11    10     0     0    -2.0   60.186 -138.524    588.8    835.9
     1     1    16     2    11     9     0     0    -3.0   59.782 -138.205    506.3    854.3
     1     1    16     2    11     8     0     0    -4.0   59.379 -137.885    436.0    874.0
     1     1    16     2    11     7     0     0    -5.0   58.977 -137.578    377.9    892.4
     1     1    16     2    11     6     0     0    -6.0   58.571 -137.283    330.6    907.8
     1     1    16     2    11     5     0     0    -7.0   58.170 -136.968    293.7    922.0
     1     1    16     2    11     4     0     0    -8.0   57.782 -136.598    266.1    934.0
     1     1    16     2    11     3     0     0    -9.0   57.410 -136.174    245.9    942.5
     1     1    16     2    11     2     0     0   -10.0   57.048 -135.714    232.7    946.1
     1     1    16     2    11     1     0     0   -11.0   56.685 -135.238    227.1    949.4
     1     1    16     2    11     0     0     0   -12.0   56.312 -134.749    228.7    950.4
     1     1    16     2    10    23     0     0   -13.0   55.944 -134.276    232.1    950.8
     1     1    16     2    10    22     0     0   -14.0   55.599 -133.835    232.5    953.0
     1     1    16     2    10    21     0     0   -15.0   55.276 -133.415    230.7    955.8
     1     1    16     2    10    20     0     0   -16.0   54.977 -133.002    227.1    958.9
     1     1    16     2    10    19     0     0   -17.0   54.700 -132.603    222.5    959.3
     1     1    16     2    10    18     0     0   -18.0   54.440 -132.224    217.9    957.7
     1     1    16     2    10    17     0     0   -19.0   54.177 -131.880    212.8    956.3
     1     1    16     2    10    16     0     0   -20.0   53.900 -131.575    206.9    956.6
     1     1    16     2    10    15     0     0   -21.0   53.613 -131.297    200.3    958.1
     1     1    16     2    10    14     0     0   -22.0   53.319 -131.034    193.1    960.4
     1     1    16     2    10    13     0     0   -23.0   53.019 -130.781    186.0    963.4
     1     1    16     2    10    12     0     0   -24.0   52.714 -130.535    179.6    967.1
     1     1    16     2    10    11     0     0   -25.0   52.399 -130.309    174.0    969.9
     1     1    16     2    10    10     0     0   -26.0   52.072 -130.114    168.2    971.2
     1     1    16     2    10     9     0     0   -27.0   51.736 -129.946    161.1    973.1
     1     1    16     2    10     8     0     0   -28.0   51.398 -129.809    152.5    975.1
     1     1    16     2    10     7     0     0   -29.0   51.063 -129.706    142.4    978.1
     1     1    16     2    10     6     0     0   -30.0   50.733 -129.641    131.1    982.0
     1     1    16     2    10     5     0     0   -31.0   50.409 -129.588    120.0    986.1
     1     1    16     2    10     4     0     0   -32.0   50.089 -129.519    110.2    989.6
     1     1    16     2    10     3     0     0   -33.0   49.769 -129.432    101.9    991.7
     1     1    16     2    10     2     0     0   -34.0   49.446 -129.329     95.1    993.3
     1     1    16     2    10     1     0     0   -35.0   49.120 -129.215     89.7    995.1
     1     1    16     2    10     0     0     0   -36.0   48.789 -129.097     85.4    997.2
     1     1    16     2     9    23     0     0   -37.0   48.455 -128.971     81.1   1000.1
     1     1    16     2     9    22     0     0   -38.0   48.117 -128.827     76.3   1003.8
     1     1    16     2     9    21     0     0   -39.0   47.775 -128.662     71.2   1007.8
     1     1    16     2     9    20     0     0   -40.0   47.428 -128.477     66.4   1011.6
     1     1    16     2     9    19     0     0   -41.0   47.083 -128.276     62.5   1012.5
     1     1    16     2     9    18     0     0   -42.0   46.748 -128.067     60.4   1013.5
     1     1    16     2     9    17     0     0   -43.0   46.426 -127.852     60.0   1014.3
     1     1    16     2     9    16     0     0   -44.0   46.121 -127.638     61.4   1015.3
     1     1    16     2     9    15     0     0   -45.0   45.830 -127.432     64.3   1015.4
     1     1    16     2     9    14     0     0   -46.0   45.553 -127.242     69.2   1014.0
     1     1    16     2     9    13     0     0   -47.0   45.289 -127.071     76.7   1012.3
     1     1    16     2     9    12     0     0   -48.0   45.040 -126.921     86.8   1009.7
     1     1    16     2     9    11     0     0   -49.0   44.806 -126.779     98.2   1007.0
     1     1    16     2     9    10     0     0   -50.0   44.591 -126.631    109.0   1004.3
     1     1    16     2     9     9     0     0   -51.0   44.390 -126.479    118.9   1001.7
     1     1    16     2     9     8     0     0   -52.0   44.201 -126.323    127.8    999.0
     1     1    16     2     9     7     0     0   -53.0   44.021 -126.166    135.7    996.4
     1     1    16     2     9     6     0     0   -54.0   43.849 -126.011    142.8    993.7
     1     1    16     2     9     5     0     0   -55.0   43.693 -125.853    149.6    991.1
     1     1    16     2     9     4     0     0   -56.0   43.567 -125.687    156.9    988.2
     1     1    16     2     9     3     0     0   -57.0   43.465 -125.511    164.4    985.1
     1     1    16     2     9     2     0     0   -58.0   43.387 -125.324    172.0    981.9
     1     1    16     2     9     1     0     0   -59.0   43.329 -125.124    179.6    978.4
     1     1    16     2     9     0     0     0   -60.0   43.289 -124.910    187.1    973.3
     1     1    16     2     8    23     0     0   -61.0   43.252 -124.691    194.7    966.4
     1     1    16     2     8    22     0     0   -62.0   43.203 -124.474    203.0    959.0
     1     1    16     2     8    21     0     0   -63.0   43.140 -124.260    211.7    951.3
     1     1    16     2     8    20     0     0   -64.0   43.061 -124.047    220.9    943.4
     1     1    16     2     8    19     0     0   -65.0   42.964 -123.835    230.5    935.1
     1     1    16     2     8    18     0     0   -66.0   42.847 -123.624    240.4    926.4
     1     1    16     2     8    17     0     0   -67.0   42.720 -123.412    251.5    916.8
     1     1    16     2     8    16     0     0   -68.0   42.595 -123.198    265.1    906.7
     1     1    16     2     8    15     0     0   -69.0   42.470 -122.984    281.9    896.9
     1     1    16     2     8    14     0     0   -70.0   42.348 -122.771    303.9    889.0
     1     1    16     2     8    13     0     0   -71.0   42.228 -122.561    332.0    880.8
     1     1    16     2     8    12     0     0   -72.0   42.116 -122.358    367.2    873.7
