     1     1
    CDC1    15    10     1     0     0
     1 BACKWARD OMEGA   
    15    10    22    12   60.984 -139.059   750.0
     1 PRESSURE
     1     1    15    10    22    12     0     0     0.0   60.984 -139.059    750.0    801.1
     1     1    15    10    22    11     0     0    -1.0   60.795 -139.124    681.0    811.0
     1     1    15    10    22    10     0     0    -2.0   60.602 -139.170    615.0    821.0
     1     1    15    10    22     9     0     0    -3.0   60.407 -139.198    552.5    830.0
     1     1    15    10    22     8     0     0    -4.0   60.213 -139.206    493.9    838.7
     1     1    15    10    22     7     0     0    -5.0   60.022 -139.196    438.8    847.4
     1     1    15    10    22     6     0     0    -6.0   59.839 -139.180    388.3    858.7
     1     1    15    10    22     5     0     0    -7.0   59.661 -139.144    341.3    869.3
     1     1    15    10    22     4     0     0    -8.0   59.480 -139.069    296.5    879.8
     1     1    15    10    22     3     0     0    -9.0   59.290 -138.954    255.3    890.3
     1     1    15    10    22     2     0     0   -10.0   59.088 -138.805    218.1    901.0
     1     1    15    10    22     1     0     0   -11.0   58.866 -138.628    184.8    911.3
     1     1    15    10    22     0     0     0   -12.0   58.619 -138.435    154.8    921.3
     1     1    15    10    21    23     0     0   -13.0   58.350 -138.247    129.1    932.2
     1     1    15    10    21    22     0     0   -14.0   58.068 -138.076    108.6    942.8
     1     1    15    10    21    21     0     0   -15.0   57.770 -137.908     92.4    953.7
     1     1    15    10    21    20     0     0   -16.0   57.452 -137.730     79.4    963.9
     1     1    15    10    21    19     0     0   -17.0   57.126 -137.559     68.3    968.6
     1     1    15    10    21    18     0     0   -18.0   56.803 -137.422     58.5    972.9
     1     1    15    10    21    17     0     0   -19.0   56.480 -137.351     49.6    977.6
     1     1    15    10    21    16     0     0   -20.0   56.148 -137.373     41.5    982.7
     1     1    15    10    21    15     0     0   -21.0   55.800 -137.488     34.3    988.1
     1     1    15    10    21    14     0     0   -22.0   55.429 -137.703     28.1    992.7
     1     1    15    10    21    13     0     0   -23.0   55.022 -138.027     22.7    996.8
     1     1    15    10    21    12     0     0   -24.0   54.577 -138.433     18.7    995.7
     1     1    15    10    21    11     0     0   -25.0   54.115 -138.890     15.9    994.6
     1     1    15    10    21    10     0     0   -26.0   53.650 -139.401     13.9    993.7
     1     1    15    10    21     9     0     0   -27.0   53.178 -139.968     12.8    992.7
     1     1    15    10    21     8     0     0   -28.0   52.708 -140.601     12.3    993.1
     1     1    15    10    21     7     0     0   -29.0   52.245 -141.293     11.9    995.0
     1     1    15    10    21     6     0     0   -30.0   51.783 -142.013     11.4    997.9
     1     1    15    10    21     5     0     0   -31.0   51.336 -142.762     10.9   1000.5
     1     1    15    10    21     4     0     0   -32.0   50.930 -143.567     10.2   1001.2
     1     1    15    10    21     3     0     0   -33.0   50.563 -144.443      8.8   1001.0
     1     1    15    10    21     2     0     0   -34.0   50.225 -145.397      6.5    999.9
     1     1    15    10    21     1     0     0   -35.0   49.910 -146.434      4.3    998.1
     1     1    15    10    21     0     0     0   -36.0   49.610 -147.548      3.4    995.9
     1     1    15    10    20    23     0     0   -37.0   49.339 -148.689      3.3    997.1
     1     1    15    10    20    22     0     0   -38.0   49.105 -149.830      3.3    998.2
     1     1    15    10    20    21     0     0   -39.0   48.907 -150.971      3.7    999.7
     1     1    15    10    20    20     0     0   -40.0   48.750 -152.108      4.4   1000.9
     1     1    15    10    20    19     0     0   -41.0   48.633 -153.247      5.3   1000.9
     1     1    15    10    20    18     0     0   -42.0   48.562 -154.383      6.5   1000.6
     1     1    15    10    20    17     0     0   -43.0   48.533 -155.508      7.9   1000.2
     1     1    15    10    20    16     0     0   -44.0   48.544 -156.620      9.6   1000.0
     1     1    15    10    20    15     0     0   -45.0   48.599 -157.725     11.7    999.5
     1     1    15    10    20    14     0     0   -46.0   48.691 -158.816     14.7   1000.1
     1     1    15    10    20    13     0     0   -47.0   48.815 -159.876     18.7   1000.8
     1     1    15    10    20    12     0     0   -48.0   48.966 -160.904     23.2   1000.7
     1     1    15    10    20    11     0     0   -49.0   49.141 -161.884     28.9   1000.5
     1     1    15    10    20    10     0     0   -50.0   49.351 -162.813     35.4   1000.2
     1     1    15    10    20     9     0     0   -51.0   49.590 -163.697     41.2    999.0
     1     1    15    10    20     8     0     0   -52.0   49.853 -164.542     45.2    998.6
     1     1    15    10    20     7     0     0   -53.0   50.135 -165.346     47.5    997.7
     1     1    15    10    20     6     0     0   -54.0   50.424 -166.098     48.1    995.9
     1     1    15    10    20     5     0     0   -55.0   50.705 -166.792     48.0    994.4
     1     1    15    10    20     4     0     0   -56.0   50.974 -167.431     47.8    993.5
     1     1    15    10    20     3     0     0   -57.0   51.237 -168.023     47.1    993.7
     1     1    15    10    20     2     0     0   -58.0   51.497 -168.577     45.4    994.1
     1     1    15    10    20     1     0     0   -59.0   51.755 -169.101     43.1    994.7
     1     1    15    10    20     0     0     0   -60.0   52.007 -169.601     40.9    995.2
     1     1    15    10    19    23     0     0   -61.0   52.248 -170.072     39.2    995.8
     1     1    15    10    19    22     0     0   -62.0   52.485 -170.512     37.0    996.6
     1     1    15    10    19    21     0     0   -63.0   52.719 -170.929     33.6    997.8
     1     1    15    10    19    20     0     0   -64.0   52.949 -171.330     29.7    998.9
     1     1    15    10    19    19     0     0   -65.0   53.175 -171.719     26.1    999.8
     1     1    15    10    19    18     0     0   -66.0   53.397 -172.100     23.0   1000.5
     1     1    15    10    19    17     0     0   -67.0   53.612 -172.472     20.7   1000.6
     1     1    15    10    19    16     0     0   -68.0   53.814 -172.826     19.1   1000.1
     1     1    15    10    19    15     0     0   -69.0   54.006 -173.162     18.3    999.5
     1     1    15    10    19    14     0     0   -70.0   54.192 -173.482     17.9    998.9
     1     1    15    10    19    13     0     0   -71.0   54.374 -173.788     17.8    998.2
     1     1    15    10    19    12     0     0   -72.0   54.556 -174.081     18.0    997.4
