     1     1
    CDC1    16     3     1     0     0
     1 BACKWARD OMEGA   
    16     3    23    12   60.984 -139.059   750.0
     1 PRESSURE
     1     1    16     3    23    12     0     0     0.0   60.984 -139.059    750.0    803.4
     1     1    16     3    23    11     0     0    -1.0   60.838 -138.692    754.8    805.1
     1     1    16     3    23    10     0     0    -2.0   60.680 -138.347    755.7    807.8
     1     1    16     3    23     9     0     0    -3.0   60.510 -138.023    753.6    811.0
     1     1    16     3    23     8     0     0    -4.0   60.328 -137.722    749.8    814.6
     1     1    16     3    23     7     0     0    -5.0   60.135 -137.443    745.4    818.3
     1     1    16     3    23     6     0     0    -6.0   59.930 -137.183    741.4    822.8
     1     1    16     3    23     5     0     0    -7.0   59.723 -136.935    738.0    828.6
     1     1    16     3    23     4     0     0    -8.0   59.523 -136.696    734.9    834.2
     1     1    16     3    23     3     0     0    -9.0   59.334 -136.468    732.4    839.3
     1     1    16     3    23     2     0     0   -10.0   59.155 -136.253    730.8    844.0
     1     1    16     3    23     1     0     0   -11.0   58.989 -136.055    730.7    848.1
     1     1    16     3    23     0     0     0   -12.0   58.837 -135.874    732.4    851.6
     1     1    16     3    22    23     0     0   -13.0   58.695 -135.708    735.0    854.2
     1     1    16     3    22    22     0     0   -14.0   58.558 -135.552    737.1    856.8
     1     1    16     3    22    21     0     0   -15.0   58.428 -135.407    738.6    859.3
     1     1    16     3    22    20     0     0   -16.0   58.307 -135.276    739.6    861.7
     1     1    16     3    22    19     0     0   -17.0   58.195 -135.159    739.9    863.9
     1     1    16     3    22    18     0     0   -18.0   58.095 -135.057    739.5    865.9
     1     1    16     3    22    17     0     0   -19.0   57.998 -134.966    736.7    867.4
     1     1    16     3    22    16     0     0   -20.0   57.898 -134.883    728.9    869.4
     1     1    16     3    22    15     0     0   -21.0   57.794 -134.807    716.8    872.1
     1     1    16     3    22    14     0     0   -22.0   57.685 -134.739    700.6    875.5
     1     1    16     3    22    13     0     0   -23.0   57.571 -134.681    680.7    879.5
     1     1    16     3    22    12     0     0   -24.0   57.452 -134.632    657.5    883.8
     1     1    16     3    22    11     0     0   -25.0   57.330 -134.584    633.8    888.2
     1     1    16     3    22    10     0     0   -26.0   57.207 -134.527    611.9    891.7
     1     1    16     3    22     9     0     0   -27.0   57.083 -134.464    591.9    894.9
     1     1    16     3    22     8     0     0   -28.0   56.957 -134.396    573.7    897.8
     1     1    16     3    22     7     0     0   -29.0   56.828 -134.323    557.3    900.6
     1     1    16     3    22     6     0     0   -30.0   56.698 -134.247    542.6    903.3
     1     1    16     3    22     5     0     0   -31.0   56.566 -134.158    532.8    905.6
     1     1    16     3    22     4     0     0   -32.0   56.435 -134.049    530.3    906.5
     1     1    16     3    22     3     0     0   -33.0   56.304 -133.917    534.9    906.5
     1     1    16     3    22     2     0     0   -34.0   56.171 -133.764    546.4    905.5
     1     1    16     3    22     1     0     0   -35.0   56.038 -133.590    564.7    903.6
     1     1    16     3    22     0     0     0   -36.0   55.902 -133.394    590.1    900.9
     1     1    16     3    21    23     0     0   -37.0   55.765 -133.191    619.6    897.8
     1     1    16     3    21    22     0     0   -38.0   55.628 -132.997    649.7    894.6
     1     1    16     3    21    21     0     0   -39.0   55.490 -132.811    680.1    891.7
     1     1    16     3    21    20     0     0   -40.0   55.351 -132.634    710.7    889.0
     1     1    16     3    21    19     0     0   -41.0   55.210 -132.465    741.3    886.4
     1     1    16     3    21    18     0     0   -42.0   55.066 -132.303    770.9    883.3
     1     1    16     3    21    17     0     0   -43.0   54.913 -132.136    796.6    879.6
     1     1    16     3    21    16     0     0   -44.0   54.749 -131.952    815.3    876.3
     1     1    16     3    21    15     0     0   -45.0   54.572 -131.753    827.6    873.7
     1     1    16     3    21    14     0     0   -46.0   54.382 -131.542    833.8    872.0
     1     1    16     3    21    13     0     0   -47.0   54.179 -131.322    834.2    871.0
     1     1    16     3    21    12     0     0   -48.0   53.960 -131.094    829.2    871.0
     1     1    16     3    21    11     0     0   -49.0   53.724 -130.862    820.7    872.1
     1     1    16     3    21    10     0     0   -50.0   53.469 -130.631    810.2    873.9
     1     1    16     3    21     9     0     0   -51.0   53.193 -130.402    798.1    876.6
     1     1    16     3    21     8     0     0   -52.0   52.895 -130.180    784.5    880.3
     1     1    16     3    21     7     0     0   -53.0   52.574 -129.971    770.0    884.9
     1     1    16     3    21     6     0     0   -54.0   52.231 -129.783    753.0    887.0
     1     1    16     3    21     5     0     0   -55.0   51.879 -129.599    737.8    889.7
     1     1    16     3    21     4     0     0   -56.0   51.530 -129.408    726.5    891.5
     1     1    16     3    21     3     0     0   -57.0   51.181 -129.216    718.4    893.2
     1     1    16     3    21     2     0     0   -58.0   50.830 -129.029    712.7    894.9
     1     1    16     3    21     1     0     0   -59.0   50.473 -128.855    708.3    896.9
     1     1    16     3    21     0     0     0   -60.0   50.109 -128.699    704.3    899.3
     1     1    16     3    20    23     0     0   -61.0   49.734 -128.569    695.8    902.7
     1     1    16     3    20    22     0     0   -62.0   49.349 -128.469    678.5    908.4
     1     1    16     3    20    21     0     0   -63.0   48.956 -128.395    654.3    915.5
     1     1    16     3    20    20     0     0   -64.0   48.554 -128.343    624.5    923.8
     1     1    16     3    20    19     0     0   -65.0   48.143 -128.309    590.1    932.2
     1     1    16     3    20    18     0     0   -66.0   47.726 -128.289    552.0    941.3
     1     1    16     3    20    17     0     0   -67.0   47.312 -128.270    515.5    948.7
     1     1    16     3    20    16     0     0   -68.0   46.909 -128.240    485.2    952.2
     1     1    16     3    20    15     0     0   -69.0   46.518 -128.196    460.7    955.2
     1     1    16     3    20    14     0     0   -70.0   46.136 -128.134    440.8    957.9
     1     1    16     3    20    13     0     0   -71.0   45.760 -128.047    424.2    960.5
     1     1    16     3    20    12     0     0   -72.0   45.391 -127.930    409.9    963.1
