     1     1
    CDC1    16     3     1     0     0
     1 BACKWARD OMEGA   
    16     3    17    18   60.984 -139.059   750.0
     1 PRESSURE
     1     1    16     3    17    18     0     0     0.0   60.984 -139.059    750.0    821.3
     1     1    16     3    17    17     0     0    -1.0   60.796 -139.202    713.0    829.0
     1     1    16     3    17    16     0     0    -2.0   60.616 -139.313    680.2    836.1
     1     1    16     3    17    15     0     0    -3.0   60.446 -139.393    651.7    842.7
     1     1    16     3    17    14     0     0    -4.0   60.286 -139.441    627.6    848.5
     1     1    16     3    17    13     0     0    -5.0   60.137 -139.462    607.9    853.7
     1     1    16     3    17    12     0     0    -6.0   59.999 -139.456    592.9    857.8
     1     1    16     3    17    11     0     0    -7.0   59.862 -139.452    579.2    863.4
     1     1    16     3    17    10     0     0    -8.0   59.718 -139.471    562.1    870.1
     1     1    16     3    17     9     0     0    -9.0   59.566 -139.510    542.0    877.5
     1     1    16     3    17     8     0     0   -10.0   59.408 -139.567    518.8    885.5
     1     1    16     3    17     7     0     0   -11.0   59.246 -139.637    492.8    894.1
     1     1    16     3    17     6     0     0   -12.0   59.079 -139.719    463.8    903.3
     1     1    16     3    17     5     0     0   -13.0   58.913 -139.790    432.5    912.7
     1     1    16     3    17     4     0     0   -14.0   58.752 -139.836    399.7    922.1
     1     1    16     3    17     3     0     0   -15.0   58.594 -139.861    365.9    931.4
     1     1    16     3    17     2     0     0   -16.0   58.439 -139.875    331.3    940.2
     1     1    16     3    17     1     0     0   -17.0   58.285 -139.884    296.0    949.3
     1     1    16     3    17     0     0     0   -18.0   58.130 -139.894    260.4    958.7
     1     1    16     3    16    23     0     0   -19.0   57.977 -139.923    225.6    968.5
     1     1    16     3    16    22     0     0   -20.0   57.828 -139.985    192.5    977.9
     1     1    16     3    16    21     0     0   -21.0   57.686 -140.089    161.7    986.5
     1     1    16     3    16    20     0     0   -22.0   57.554 -140.238    134.0    995.0
     1     1    16     3    16    19     0     0   -23.0   57.432 -140.430    109.8   1001.1
     1     1    16     3    16    18     0     0   -24.0   57.323 -140.657     89.4   1005.3
     1     1    16     3    16    17     0     0   -25.0   57.222 -140.905     73.0   1008.4
     1     1    16     3    16    16     0     0   -26.0   57.124 -141.160     60.1   1010.3
     1     1    16     3    16    15     0     0   -27.0   57.030 -141.427     50.2   1012.0
     1     1    16     3    16    14     0     0   -28.0   56.942 -141.708     42.7   1013.5
     1     1    16     3    16    13     0     0   -29.0   56.859 -142.010     37.1   1014.8
     1     1    16     3    16    12     0     0   -30.0   56.784 -142.338     32.8   1016.1
     1     1    16     3    16    11     0     0   -31.0   56.716 -142.698     29.8   1016.9
     1     1    16     3    16    10     0     0   -32.0   56.653 -143.093     28.0   1017.4
     1     1    16     3    16     9     0     0   -33.0   56.594 -143.521     27.0   1017.9
     1     1    16     3    16     8     0     0   -34.0   56.540 -143.981     26.8   1018.2
     1     1    16     3    16     7     0     0   -35.0   56.492 -144.474     27.4   1018.6
     1     1    16     3    16     6     0     0   -36.0   56.450 -144.997     28.8   1018.8
     1     1    16     3    16     5     0     0   -37.0   56.413 -145.521     31.2   1017.3
     1     1    16     3    16     4     0     0   -38.0   56.378 -146.019     34.1   1015.7
     1     1    16     3    16     3     0     0   -39.0   56.348 -146.495     37.3   1013.9
     1     1    16     3    16     2     0     0   -40.0   56.326 -146.952     40.3   1012.1
     1     1    16     3    16     1     0     0   -41.0   56.315 -147.392     42.4   1010.5
     1     1    16     3    16     0     0     0   -42.0   56.315 -147.813     43.4   1008.5
     1     1    16     3    15    23     0     0   -43.0   56.317 -148.212     43.9   1006.8
     1     1    16     3    15    22     0     0   -44.0   56.315 -148.590     44.5   1005.0
     1     1    16     3    15    21     0     0   -45.0   56.310 -148.950     45.5   1003.2
     1     1    16     3    15    20     0     0   -46.0   56.306 -149.295     47.0   1001.4
     1     1    16     3    15    19     0     0   -47.0   56.303 -149.628     49.2    999.6
     1     1    16     3    15    18     0     0   -48.0   56.304 -149.950     52.5    997.8
     1     1    16     3    15    17     0     0   -49.0   56.310 -150.263     55.6    996.0
     1     1    16     3    15    16     0     0   -50.0   56.320 -150.567     57.3    994.6
     1     1    16     3    15    15     0     0   -51.0   56.335 -150.862     57.7    993.3
     1     1    16     3    15    14     0     0   -52.0   56.356 -151.146     56.9    992.2
     1     1    16     3    15    13     0     0   -53.0   56.382 -151.419     55.3    991.1
     1     1    16     3    15    12     0     0   -54.0   56.415 -151.678     53.0    990.2
     1     1    16     3    15    11     0     0   -55.0   56.450 -151.921     50.7    989.5
     1     1    16     3    15    10     0     0   -56.0   56.483 -152.148     49.1    988.7
     1     1    16     3    15     9     0     0   -57.0   56.517 -152.357     47.9    987.8
     1     1    16     3    15     8     0     0   -58.0   56.550 -152.548     47.0    987.0
     1     1    16     3    15     7     0     0   -59.0   56.585 -152.722     46.4    986.4
     1     1    16     3    15     6     0     0   -60.0   56.622 -152.879     46.0    985.9
     1     1    16     3    15     5     0     0   -61.0   56.660 -153.022     45.7    985.3
     1     1    16     3    15     4     0     0   -62.0   56.695 -153.154     45.2    984.7
     1     1    16     3    15     3     0     0   -63.0   56.727 -153.275     44.5    984.2
     1     1    16     3    15     2     0     0   -64.0   56.757 -153.384     43.7    983.6
     1     1    16     3    15     1     0     0   -65.0   56.784 -153.482     42.6    983.2
     1     1    16     3    15     0     0     0   -66.0   56.808 -153.570     41.4    982.7
     1     1    16     3    14    23     0     0   -67.0   56.826 -153.655     40.3    982.5
     1     1    16     3    14    22     0     0   -68.0   56.839 -153.745     39.7    982.2
     1     1    16     3    14    21     0     0   -69.0   56.844 -153.841     39.6    981.8
     1     1    16     3    14    20     0     0   -70.0   56.843 -153.946     39.8    981.4
     1     1    16     3    14    19     0     0   -71.0   56.835 -154.060     40.5    980.9
     1     1    16     3    14    18     0     0   -72.0   56.821 -154.184     41.6    980.4
