     1     1
    CDC1    15    10     1     0     0
     1 BACKWARD OMEGA   
    15    10    27    18   60.984 -139.059   750.0
     1 PRESSURE
     1     1    15    10    27    18     0     0     0.0   60.984 -139.059    750.0    811.2
     1     1    15    10    27    17     0     0    -1.0   60.845 -139.038    731.9    815.4
     1     1    15    10    27    16     0     0    -2.0   60.691 -138.993    712.5    820.1
     1     1    15    10    27    15     0     0    -3.0   60.519 -138.922    691.6    825.3
     1     1    15    10    27    14     0     0    -4.0   60.329 -138.827    668.8    831.0
     1     1    15    10    27    13     0     0    -5.0   60.118 -138.709    643.6    837.3
     1     1    15    10    27    12     0     0    -6.0   59.885 -138.565    616.6    845.9
     1     1    15    10    27    11     0     0    -7.0   59.649 -138.395    593.2    856.2
     1     1    15    10    27    10     0     0    -8.0   59.426 -138.201    576.8    864.6
     1     1    15    10    27     9     0     0    -9.0   59.218 -137.991    566.6    871.9
     1     1    15    10    27     8     0     0   -10.0   59.025 -137.769    562.1    878.0
     1     1    15    10    27     7     0     0   -11.0   58.846 -137.539    562.8    883.2
     1     1    15    10    27     6     0     0   -12.0   58.679 -137.305    568.4    886.8
     1     1    15    10    27     5     0     0   -13.0   58.514 -137.068    577.8    889.5
     1     1    15    10    27     4     0     0   -14.0   58.340 -136.827    590.5    892.2
     1     1    15    10    27     3     0     0   -15.0   58.158 -136.579    607.1    894.6
     1     1    15    10    27     2     0     0   -16.0   57.967 -136.322    628.4    896.5
     1     1    15    10    27     1     0     0   -17.0   57.767 -136.050    654.6    897.4
     1     1    15    10    27     0     0     0   -18.0   57.558 -135.758    686.1    897.8
     1     1    15    10    26    23     0     0   -19.0   57.356 -135.437    721.0    895.1
     1     1    15    10    26    22     0     0   -20.0   57.179 -135.083    759.2    891.3
     1     1    15    10    26    21     0     0   -21.0   57.036 -134.703    800.5    884.5
     1     1    15    10    26    20     0     0   -22.0   56.934 -134.301    846.0    875.9
     1     1    15    10    26    19     0     0   -23.0   56.881 -133.881    897.1    865.8
     1     1    15    10    26    18     0     0   -24.0   56.885 -133.450    955.1    853.6
     1     1    15    10    26    17     0     0   -25.0   56.944 -133.058   1021.0    839.4
     1     1    15    10    26    16     0     0   -26.0   57.052 -132.747   1094.6    824.7
     1     1    15    10    26    15     0     0   -27.0   57.206 -132.511   1174.5    809.7
     1     1    15    10    26    14     0     0   -28.0   57.402 -132.344   1258.0    794.3
     1     1    15    10    26    13     0     0   -29.0   57.635 -132.237   1343.7    779.2
     1     1    15    10    26    12     0     0   -30.0   57.902 -132.181   1430.7    765.4
     1     1    15    10    26    11     0     0   -31.0   58.185 -132.172   1518.8    752.5
     1     1    15    10    26    10     0     0   -32.0   58.469 -132.212   1606.8    740.7
     1     1    15    10    26     9     0     0   -33.0   58.754 -132.304   1696.9    729.1
     1     1    15    10    26     8     0     0   -34.0   59.042 -132.449   1790.7    717.4
     1     1    15    10    26     7     0     0   -35.0   59.331 -132.647   1889.7    705.5
     1     1    15    10    26     6     0     0   -36.0   59.622 -132.894   1994.8    693.4
     1     1    15    10    26     5     0     0   -37.0   59.900 -133.164   2103.0    680.8
     1     1    15    10    26     4     0     0   -38.0   60.147 -133.437   2209.5    669.6
     1     1    15    10    26     3     0     0   -39.0   60.365 -133.710   2313.5    659.6
     1     1    15    10    26     2     0     0   -40.0   60.552 -133.982   2414.0    650.3
     1     1    15    10    26     1     0     0   -41.0   60.710 -134.253   2511.3    641.5
     1     1    15    10    26     0     0     0   -42.0   60.843 -134.523   2605.2    633.3
     1     1    15    10    25    23     0     0   -43.0   60.956 -134.806   2690.3    625.8
     1     1    15    10    25    22     0     0   -44.0   61.053 -135.117   2760.3    619.9
     1     1    15    10    25    21     0     0   -45.0   61.130 -135.453   2813.6    615.3
     1     1    15    10    25    20     0     0   -46.0   61.185 -135.810   2850.9    612.4
     1     1    15    10    25    19     0     0   -47.0   61.219 -136.183   2872.2    611.0
     1     1    15    10    25    18     0     0   -48.0   61.230 -136.569   2877.9    611.2
     1     1    15    10    25    17     0     0   -49.0   61.214 -136.953   2875.4    612.9
     1     1    15    10    25    16     0     0   -50.0   61.160 -137.316   2873.2    614.3
     1     1    15    10    25    15     0     0   -51.0   61.069 -137.656   2870.1    616.2
     1     1    15    10    25    14     0     0   -52.0   60.940 -137.971   2865.7    618.4
     1     1    15    10    25    13     0     0   -53.0   60.773 -138.260   2859.6    621.3
     1     1    15    10    25    12     0     0   -54.0   60.567 -138.523   2850.7    624.9
     1     1    15    10    25    11     0     0   -55.0   60.339 -138.753   2837.7    629.1
     1     1    15    10    25    10     0     0   -56.0   60.106 -138.940   2817.4    634.0
     1     1    15    10    25     9     0     0   -57.0   59.869 -139.082   2792.1    641.1
     1     1    15    10    25     8     0     0   -58.0   59.632 -139.183   2762.1    649.9
     1     1    15    10    25     7     0     0   -59.0   59.397 -139.249   2725.8    659.2
     1     1    15    10    25     6     0     0   -60.0   59.164 -139.283   2682.7    669.1
     1     1    15    10    25     5     0     0   -61.0   58.929 -139.313   2638.7    679.8
     1     1    15    10    25     4     0     0   -62.0   58.686 -139.363   2598.3    689.9
     1     1    15    10    25     3     0     0   -63.0   58.431 -139.429   2560.2    700.3
     1     1    15    10    25     2     0     0   -64.0   58.162 -139.505   2522.6    711.0
     1     1    15    10    25     1     0     0   -65.0   57.878 -139.585   2483.6    722.4
     1     1    15    10    25     0     0     0   -66.0   57.578 -139.662   2440.8    734.6
     1     1    15    10    24    23     0     0   -67.0   57.263 -139.722   2383.7    743.1
     1     1    15    10    24    22     0     0   -68.0   56.934 -139.760   2314.9    751.4
     1     1    15    10    24    21     0     0   -69.0   56.592 -139.781   2238.1    760.6
     1     1    15    10    24    20     0     0   -70.0   56.235 -139.794   2154.9    770.6
     1     1    15    10    24    19     0     0   -71.0   55.862 -139.804   2067.0    781.2
     1     1    15    10    24    18     0     0   -72.0   55.474 -139.819   1976.3    792.5
