     1     1
    CDC1    15    10     1     0     0
     1 BACKWARD OMEGA   
    15    10    28     0   60.984 -139.059   750.0
     1 PRESSURE
     1     1    15    10    28     0     0     0     0.0   60.984 -139.059    750.0    809.0
     1     1    15    10    27    23     0     0    -1.0   60.791 -138.893    718.9    815.6
     1     1    15    10    27    22     0     0    -2.0   60.602 -138.734    689.0    822.1
     1     1    15    10    27    21     0     0    -3.0   60.416 -138.587    660.7    828.5
     1     1    15    10    27    20     0     0    -4.0   60.236 -138.452    634.5    834.6
     1     1    15    10    27    19     0     0    -5.0   60.063 -138.332    610.8    840.4
     1     1    15    10    27    18     0     0    -6.0   59.900 -138.221    591.1    846.7
     1     1    15    10    27    17     0     0    -7.0   59.735 -138.095    573.6    853.1
     1     1    15    10    27    16     0     0    -8.0   59.555 -137.936    556.9    860.1
     1     1    15    10    27    15     0     0    -9.0   59.364 -137.749    540.7    867.4
     1     1    15    10    27    14     0     0   -10.0   59.163 -137.540    525.3    874.8
     1     1    15    10    27    13     0     0   -11.0   58.956 -137.315    510.4    882.0
     1     1    15    10    27    12     0     0   -12.0   58.743 -137.078    496.2    889.0
     1     1    15    10    27    11     0     0   -13.0   58.538 -136.831    485.2    895.7
     1     1    15    10    27    10     0     0   -14.0   58.347 -136.575    479.4    900.7
     1     1    15    10    27     9     0     0   -15.0   58.169 -136.315    478.6    904.6
     1     1    15    10    27     8     0     0   -16.0   58.004 -136.052    482.8    907.3
     1     1    15    10    27     7     0     0   -17.0   57.849 -135.789    492.1    909.0
     1     1    15    10    27     6     0     0   -18.0   57.702 -135.526    506.6    909.6
     1     1    15    10    27     5     0     0   -19.0   57.554 -135.261    526.1    909.7
     1     1    15    10    27     4     0     0   -20.0   57.395 -134.989    549.6    908.6
     1     1    15    10    27     3     0     0   -21.0   57.223 -134.705    576.5    905.0
     1     1    15    10    27     2     0     0   -22.0   57.041 -134.410    607.4    901.2
     1     1    15    10    27     1     0     0   -23.0   56.854 -134.104    642.7    896.8
     1     1    15    10    27     0     0     0   -24.0   56.669 -133.790    682.9    891.6
     1     1    15    10    26    23     0     0   -25.0   56.505 -133.463    727.0    885.3
     1     1    15    10    26    22     0     0   -26.0   56.381 -133.119    774.5    878.1
     1     1    15    10    26    21     0     0   -27.0   56.300 -132.763    826.1    869.7
     1     1    15    10    26    20     0     0   -28.0   56.270 -132.398    882.3    859.5
     1     1    15    10    26    19     0     0   -29.0   56.299 -132.035    943.8    846.0
     1     1    15    10    26    18     0     0   -30.0   56.393 -131.687   1011.8    830.4
     1     1    15    10    26    17     0     0   -31.0   56.542 -131.396   1085.8    813.9
     1     1    15    10    26    16     0     0   -32.0   56.729 -131.186   1163.9    798.1
     1     1    15    10    26    15     0     0   -33.0   56.951 -131.043   1244.3    783.1
     1     1    15    10    26    14     0     0   -34.0   57.201 -130.953   1325.2    767.9
     1     1    15    10    26    13     0     0   -35.0   57.479 -130.899   1404.8    753.2
     1     1    15    10    26    12     0     0   -36.0   57.780 -130.870   1483.9    741.9
     1     1    15    10    26    11     0     0   -37.0   58.086 -130.880   1563.5    732.1
     1     1    15    10    26    10     0     0   -38.0   58.383 -130.942   1645.0    722.9
     1     1    15    10    26     9     0     0   -39.0   58.672 -131.059   1729.5    713.4
     1     1    15    10    26     8     0     0   -40.0   58.955 -131.231   1817.5    704.1
     1     1    15    10    26     7     0     0   -41.0   59.233 -131.456   1910.0    694.7
     1     1    15    10    26     6     0     0   -42.0   59.510 -131.727   2008.4    684.9
     1     1    15    10    26     5     0     0   -43.0   59.774 -132.021   2109.8    674.4
     1     1    15    10    26     4     0     0   -44.0   60.010 -132.314   2210.7    663.9
     1     1    15    10    26     3     0     0   -45.0   60.213 -132.605   2311.1    654.7
     1     1    15    10    26     2     0     0   -46.0   60.381 -132.891   2407.5    646.4
     1     1    15    10    26     1     0     0   -47.0   60.512 -133.170   2499.6    638.9
     1     1    15    10    26     0     0     0   -48.0   60.610 -133.442   2587.6    631.9
     1     1    15    10    25    23     0     0   -49.0   60.687 -133.720   2666.7    625.7
     1     1    15    10    25    22     0     0   -50.0   60.753 -134.019   2732.4    621.0
     1     1    15    10    25    21     0     0   -51.0   60.808 -134.335   2782.7    617.7
     1     1    15    10    25    20     0     0   -52.0   60.849 -134.666   2816.7    616.0
     1     1    15    10    25    19     0     0   -53.0   60.875 -135.012   2833.2    615.9
     1     1    15    10    25    18     0     0   -54.0   60.883 -135.372   2831.4    616.7
     1     1    15    10    25    17     0     0   -55.0   60.863 -135.731   2822.2    619.3
     1     1    15    10    25    16     0     0   -56.0   60.806 -136.074   2814.5    621.3
     1     1    15    10    25    15     0     0   -57.0   60.710 -136.397   2807.6    623.7
     1     1    15    10    25    14     0     0   -58.0   60.572 -136.697   2800.8    626.6
     1     1    15    10    25    13     0     0   -59.0   60.391 -136.972   2793.8    630.1
     1     1    15    10    25    12     0     0   -60.0   60.163 -137.218   2786.4    634.2
     1     1    15    10    25    11     0     0   -61.0   59.909 -137.432   2777.3    639.6
     1     1    15    10    25    10     0     0   -62.0   59.656 -137.610   2764.9    647.1
     1     1    15    10    25     9     0     0   -63.0   59.408 -137.753   2746.8    654.9
     1     1    15    10    25     8     0     0   -64.0   59.164 -137.865   2722.0    663.2
     1     1    15    10    25     7     0     0   -65.0   58.924 -137.947   2689.8    672.2
     1     1    15    10    25     6     0     0   -66.0   58.686 -138.001   2649.6    681.6
     1     1    15    10    25     5     0     0   -67.0   58.446 -138.049   2607.3    692.2
     1     1    15    10    25     4     0     0   -68.0   58.197 -138.109   2567.9    702.3
     1     1    15    10    25     3     0     0   -69.0   57.936 -138.175   2530.2    712.7
     1     1    15    10    25     2     0     0   -70.0   57.661 -138.243   2492.5    723.5
     1     1    15    10    25     1     0     0   -71.0   57.374 -138.310   2450.9    732.7
     1     1    15    10    25     0     0     0   -72.0   57.079 -138.379   2404.5    739.3
