     1     1
    CDC1    15    12     1     0     0
     1 BACKWARD OMEGA   
    15    12    10     0   60.984 -139.059   750.0
     1 PRESSURE
     1     1    15    12    10     0     0     0     0.0   60.984 -139.059    750.0    786.8
     1     1    15    12     9    23     0     0    -1.0   60.661 -138.981    698.9    796.6
     1     1    15    12     9    22     0     0    -2.0   60.320 -138.862    638.7    808.4
     1     1    15    12     9    21     0     0    -3.0   59.962 -138.712    569.8    821.7
     1     1    15    12     9    20     0     0    -4.0   59.594 -138.556    497.9    840.6
     1     1    15    12     9    19     0     0    -5.0   59.222 -138.410    426.9    859.7
     1     1    15    12     9    18     0     0    -6.0   58.849 -138.266    358.9    878.8
     1     1    15    12     9    17     0     0    -7.0   58.476 -138.109    297.8    896.6
     1     1    15    12     9    16     0     0    -8.0   58.104 -137.930    246.5    913.4
     1     1    15    12     9    15     0     0    -9.0   57.732 -137.735    204.3    929.5
     1     1    15    12     9    14     0     0   -10.0   57.358 -137.543    170.4    940.5
     1     1    15    12     9    13     0     0   -11.0   56.986 -137.388    143.8    946.4
     1     1    15    12     9    12     0     0   -12.0   56.614 -137.292    123.4    952.2
     1     1    15    12     9    11     0     0   -13.0   56.239 -137.261    108.3    958.5
     1     1    15    12     9    10     0     0   -14.0   55.854 -137.302     97.4    964.4
     1     1    15    12     9     9     0     0   -15.0   55.449 -137.432     89.3    970.2
     1     1    15    12     9     8     0     0   -16.0   55.012 -137.677     83.1    975.1
     1     1    15    12     9     7     0     0   -17.0   54.555 -138.033     77.4    973.4
     1     1    15    12     9     6     0     0   -18.0   54.097 -138.472     71.9    971.5
     1     1    15    12     9     5     0     0   -19.0   53.641 -138.990     66.8    969.5
     1     1    15    12     9     4     0     0   -20.0   53.185 -139.580     62.3    967.7
     1     1    15    12     9     3     0     0   -21.0   52.724 -140.265     58.5    966.6
     1     1    15    12     9     2     0     0   -22.0   52.266 -141.045     55.4    968.2
     1     1    15    12     9     1     0     0   -23.0   51.823 -141.875     53.0    970.7
     1     1    15    12     9     0     0     0   -24.0   51.406 -142.724     51.2    972.7
     1     1    15    12     8    23     0     0   -25.0   51.023 -143.586     49.8    972.6
     1     1    15    12     8    22     0     0   -26.0   50.675 -144.466     48.8    971.9
     1     1    15    12     8    21     0     0   -27.0   50.359 -145.378     48.4    970.6
     1     1    15    12     8    20     0     0   -28.0   50.076 -146.325     48.5    969.4
     1     1    15    12     8    19     0     0   -29.0   49.828 -147.307     49.2    967.5
     1     1    15    12     8    18     0     0   -30.0   49.612 -148.302     50.4    968.0
     1     1    15    12     8    17     0     0   -31.0   49.415 -149.281     51.7    969.2
     1     1    15    12     8    16     0     0   -32.0   49.237 -150.244     52.7    970.4
     1     1    15    12     8    15     0     0   -33.0   49.086 -151.190     53.5    970.9
     1     1    15    12     8    14     0     0   -34.0   48.962 -152.114     54.0    971.6
     1     1    15    12     8    13     0     0   -35.0   48.864 -153.012     54.4    971.5
     1     1    15    12     8    12     0     0   -36.0   48.777 -153.876     54.6    971.0
     1     1    15    12     8    11     0     0   -37.0   48.696 -154.686     54.6    970.6
     1     1    15    12     8    10     0     0   -38.0   48.624 -155.444     54.3    970.6
     1     1    15    12     8     9     0     0   -39.0   48.559 -156.162     53.5    970.7
     1     1    15    12     8     8     0     0   -40.0   48.499 -156.846     52.3    971.1
     1     1    15    12     8     7     0     0   -41.0   48.445 -157.493     50.9    971.7
     1     1    15    12     8     6     0     0   -42.0   48.389 -158.109     49.2    972.4
     1     1    15    12     8     5     0     0   -43.0   48.323 -158.710     47.3    972.1
     1     1    15    12     8     4     0     0   -44.0   48.251 -159.306     45.5    971.9
     1     1    15    12     8     3     0     0   -45.0   48.184 -159.905     43.8    971.7
     1     1    15    12     8     2     0     0   -46.0   48.128 -160.519     42.1    971.1
     1     1    15    12     8     1     0     0   -47.0   48.088 -161.158     40.6    970.4
     1     1    15    12     8     0     0     0   -48.0   48.065 -161.823     39.4    969.9
     1     1    15    12     7    23     0     0   -49.0   48.050 -162.483     38.2    969.0
     1     1    15    12     7    22     0     0   -50.0   48.039 -163.117     37.2    967.8
     1     1    15    12     7    21     0     0   -51.0   48.041 -163.734     36.1    966.7
     1     1    15    12     7    20     0     0   -52.0   48.069 -164.338     35.1    965.7
     1     1    15    12     7    19     0     0   -53.0   48.134 -164.930     34.2    964.9
     1     1    15    12     7    18     0     0   -54.0   48.238 -165.508     33.3    965.1
     1     1    15    12     7    17     0     0   -55.0   48.355 -166.073     32.4    965.4
     1     1    15    12     7    16     0     0   -56.0   48.465 -166.631     31.7    965.5
     1     1    15    12     7    15     0     0   -57.0   48.583 -167.183     31.0    965.3
     1     1    15    12     7    14     0     0   -58.0   48.716 -167.727     30.6    965.1
     1     1    15    12     7    13     0     0   -59.0   48.868 -168.258     30.3    965.1
     1     1    15    12     7    12     0     0   -60.0   49.042 -168.773     30.3    965.1
     1     1    15    12     7    11     0     0   -61.0   49.227 -169.263     30.3    965.1
     1     1    15    12     7    10     0     0   -62.0   49.414 -169.718     30.3    964.9
     1     1    15    12     7     9     0     0   -63.0   49.607 -170.129     30.2    964.6
     1     1    15    12     7     8     0     0   -64.0   49.807 -170.489     29.9    964.7
     1     1    15    12     7     7     0     0   -65.0   50.014 -170.792     29.4    964.8
     1     1    15    12     7     6     0     0   -66.0   50.231 -171.037     28.7    965.1
     1     1    15    12     7     5     0     0   -67.0   50.449 -171.238     28.0    965.8
     1     1    15    12     7     4     0     0   -68.0   50.660 -171.407     27.6    966.3
     1     1    15    12     7     3     0     0   -69.0   50.864 -171.540     27.4    966.7
     1     1    15    12     7     2     0     0   -70.0   51.061 -171.637     27.5    967.1
     1     1    15    12     7     1     0     0   -71.0   51.249 -171.697     27.9    967.3
     1     1    15    12     7     0     0     0   -72.0   51.428 -171.719     28.7    967.5
