     1     1
    CDC1    16     3     1     0     0
     1 BACKWARD OMEGA   
    16     3     4     0   60.984 -139.059   750.0
     1 PRESSURE
     1     1    16     3     4     0     0     0     0.0   60.984 -139.059    750.0    798.8
     1     1    16     3     3    23     0     0    -1.0   60.871 -138.764    740.0    801.0
     1     1    16     3     3    22     0     0    -2.0   60.755 -138.458    730.9    803.0
     1     1    16     3     3    21     0     0    -3.0   60.636 -138.142    722.5    804.9
     1     1    16     3     3    20     0     0    -4.0   60.511 -137.819    714.9    806.7
     1     1    16     3     3    19     0     0    -5.0   60.379 -137.488    707.9    808.4
     1     1    16     3     3    18     0     0    -6.0   60.239 -137.155    701.5    809.8
     1     1    16     3     3    17     0     0    -7.0   60.103 -136.817    700.1    812.1
     1     1    16     3     3    16     0     0    -8.0   59.980 -136.464    707.4    812.9
     1     1    16     3     3    15     0     0    -9.0   59.872 -136.095    724.0    813.5
     1     1    16     3     3    14     0     0   -10.0   59.778 -135.709    749.4    812.4
     1     1    16     3     3    13     0     0   -11.0   59.697 -135.308    783.7    809.9
     1     1    16     3     3    12     0     0   -12.0   59.628 -134.890    826.7    805.5
     1     1    16     3     3    11     0     0   -13.0   59.564 -134.459    872.9    799.0
     1     1    16     3     3    10     0     0   -14.0   59.503 -134.017    918.6    792.6
     1     1    16     3     3     9     0     0   -15.0   59.444 -133.558    963.4    785.6
     1     1    16     3     3     8     0     0   -16.0   59.390 -133.078   1007.0    778.4
     1     1    16     3     3     7     0     0   -17.0   59.339 -132.572   1049.2    770.9
     1     1    16     3     3     6     0     0   -18.0   59.293 -132.037   1090.1    763.2
     1     1    16     3     3     5     0     0   -19.0   59.251 -131.528   1128.2    755.9
     1     1    16     3     3     4     0     0   -20.0   59.213 -131.095   1162.1    749.8
     1     1    16     3     3     3     0     0   -21.0   59.184 -130.738   1193.1    744.6
     1     1    16     3     3     2     0     0   -22.0   59.166 -130.457   1222.1    740.0
     1     1    16     3     3     1     0     0   -23.0   59.163 -130.251   1249.8    736.0
     1     1    16     3     3     0     0     0   -24.0   59.176 -130.120   1276.9    732.5
     1     1    16     3     2    23     0     0   -25.0   59.197 -130.009   1305.4    729.2
     1     1    16     3     2    22     0     0   -26.0   59.218 -129.865   1336.7    726.1
     1     1    16     3     2    21     0     0   -27.0   59.240 -129.687   1369.8    722.9
     1     1    16     3     2    20     0     0   -28.0   59.263 -129.473   1403.8    719.6
     1     1    16     3     2    19     0     0   -29.0   59.288 -129.219   1437.4    716.4
     1     1    16     3     2    18     0     0   -30.0   59.317 -128.922   1469.1    713.4
     1     1    16     3     2    17     0     0   -31.0   59.361 -128.601   1495.4    710.3
     1     1    16     3     2    16     0     0   -32.0   59.432 -128.279   1512.9    708.4
     1     1    16     3     2    15     0     0   -33.0   59.528 -127.954   1521.4    707.6
     1     1    16     3     2    14     0     0   -34.0   59.648 -127.628   1521.2    707.9
     1     1    16     3     2    13     0     0   -35.0   59.790 -127.305   1514.4    711.0
     1     1    16     3     2    12     0     0   -36.0   59.948 -126.992   1502.5    716.0
     1     1    16     3     2    11     0     0   -37.0   60.110 -126.702   1487.1    721.0
     1     1    16     3     2    10     0     0   -38.0   60.263 -126.447   1471.9    725.6
     1     1    16     3     2     9     0     0   -39.0   60.409 -126.221   1456.0    730.0
     1     1    16     3     2     8     0     0   -40.0   60.547 -126.018   1439.8    734.3
     1     1    16     3     2     7     0     0   -41.0   60.678 -125.831   1423.3    738.5
     1     1    16     3     2     6     0     0   -42.0   60.804 -125.655   1406.4    742.7
     1     1    16     3     2     5     0     0   -43.0   60.925 -125.500   1387.9    746.6
     1     1    16     3     2     4     0     0   -44.0   61.041 -125.383   1367.0    750.5
     1     1    16     3     2     3     0     0   -45.0   61.156 -125.301   1343.1    754.2
     1     1    16     3     2     2     0     0   -46.0   61.269 -125.256   1315.7    758.0
     1     1    16     3     2     1     0     0   -47.0   61.381 -125.247   1285.0    761.7
     1     1    16     3     2     0     0     0   -48.0   61.493 -125.274   1250.7    765.3
     1     1    16     3     1    23     0     0   -49.0   61.603 -125.314   1219.0    768.9
     1     1    16     3     1    22     0     0   -50.0   61.707 -125.339   1195.8    771.3
     1     1    16     3     1    21     0     0   -51.0   61.805 -125.349   1180.9    773.1
     1     1    16     3     1    20     0     0   -52.0   61.896 -125.342   1174.3    774.2
     1     1    16     3     1    19     0     0   -53.0   61.981 -125.320   1176.2    774.7
     1     1    16     3     1    18     0     0   -54.0   62.061 -125.280   1186.7    774.5
     1     1    16     3     1    17     0     0   -55.0   62.147 -125.272   1198.1    773.3
     1     1    16     3     1    16     0     0   -56.0   62.254 -125.341   1201.2    772.8
     1     1    16     3     1    15     0     0   -57.0   62.382 -125.485   1196.4    772.0
     1     1    16     3     1    14     0     0   -58.0   62.530 -125.706   1184.0    771.2
     1     1    16     3     1    13     0     0   -59.0   62.695 -126.004   1165.5    771.3
     1     1    16     3     1    12     0     0   -60.0   62.878 -126.380   1141.3    771.4
     1     1    16     3     1    11     0     0   -61.0   63.056 -126.783   1115.9    771.6
     1     1    16     3     1    10     0     0   -62.0   63.208 -127.164   1093.6    771.1
     1     1    16     3     1     9     0     0   -63.0   63.335 -127.523   1073.5    770.7
     1     1    16     3     1     8     0     0   -64.0   63.436 -127.857   1055.5    771.9
     1     1    16     3     1     7     0     0   -65.0   63.511 -128.165   1038.4    772.8
     1     1    16     3     1     6     0     0   -66.0   63.562 -128.447   1021.5    773.3
     1     1    16     3     1     5     0     0   -67.0   63.604 -128.729   1005.8    773.9
     1     1    16     3     1     4     0     0   -68.0   63.654 -129.037    991.5    774.2
     1     1    16     3     1     3     0     0   -69.0   63.711 -129.369    978.5    774.3
     1     1    16     3     1     2     0     0   -70.0   63.775 -129.725    966.4    774.4
     1     1    16     3     1     1     0     0   -71.0   63.845 -130.103    955.1    775.0
     1     1    16     3     1     0     0     0   -72.0   63.921 -130.504    945.1    777.2
