     1     1
    CDC1    16     1     1     0     0
     1 BACKWARD OMEGA   
    16     1    21    18   60.984 -139.059   750.0
     1 PRESSURE
     1     1    16     1    21    18     0     0     0.0   60.984 -139.059    750.0    794.3
     1     1    16     1    21    17     0     0    -1.0   60.724 -138.504    733.7    799.7
     1     1    16     1    21    16     0     0    -2.0   60.467 -137.940    712.3    805.8
     1     1    16     1    21    15     0     0    -3.0   60.217 -137.376    683.5    812.2
     1     1    16     1    21    14     0     0    -4.0   59.979 -136.824    645.4    819.1
     1     1    16     1    21    13     0     0    -5.0   59.759 -136.293    598.7    829.3
     1     1    16     1    21    12     0     0    -6.0   59.557 -135.790    543.7    839.0
     1     1    16     1    21    11     0     0    -7.0   59.363 -135.291    488.2    849.5
     1     1    16     1    21    10     0     0    -8.0   59.164 -134.780    439.7    857.5
     1     1    16     1    21     9     0     0    -9.0   58.959 -134.262    398.8    863.0
     1     1    16     1    21     8     0     0   -10.0   58.748 -133.747    365.9    866.8
     1     1    16     1    21     7     0     0   -11.0   58.533 -133.244    340.2    869.0
     1     1    16     1    21     6     0     0   -12.0   58.316 -132.765    321.2    870.1
     1     1    16     1    21     5     0     0   -13.0   58.105 -132.324    307.2    869.8
     1     1    16     1    21     4     0     0   -14.0   57.901 -131.923    297.9    868.1
     1     1    16     1    21     3     0     0   -15.0   57.696 -131.551    293.3    865.6
     1     1    16     1    21     2     0     0   -16.0   57.486 -131.198    293.8    862.5
     1     1    16     1    21     1     0     0   -17.0   57.270 -130.856    300.6    860.9
     1     1    16     1    21     0     0     0   -18.0   57.045 -130.517    314.1    858.9
     1     1    16     1    20    23     0     0   -19.0   56.809 -130.192    330.1    856.7
     1     1    16     1    20    22     0     0   -20.0   56.562 -129.895    344.0    856.6
     1     1    16     1    20    21     0     0   -21.0   56.314 -129.628    355.5    858.4
     1     1    16     1    20    20     0     0   -22.0   56.069 -129.391    364.2    860.5
     1     1    16     1    20    19     0     0   -23.0   55.830 -129.178    370.5    862.7
     1     1    16     1    20    18     0     0   -24.0   55.596 -128.987    374.5    865.0
     1     1    16     1    20    17     0     0   -25.0   55.368 -128.811    377.4    867.0
     1     1    16     1    20    16     0     0   -26.0   55.149 -128.646    380.5    868.7
     1     1    16     1    20    15     0     0   -27.0   54.940 -128.497    384.9    870.0
     1     1    16     1    20    14     0     0   -28.0   54.744 -128.373    391.5    870.9
     1     1    16     1    20    13     0     0   -29.0   54.563 -128.278    400.9    871.4
     1     1    16     1    20    12     0     0   -30.0   54.402 -128.213    413.9    871.7
     1     1    16     1    20    11     0     0   -31.0   54.252 -128.162    425.7    870.9
     1     1    16     1    20    10     0     0   -32.0   54.109 -128.107    431.5    871.2
     1     1    16     1    20     9     0     0   -33.0   53.973 -128.049    431.1    872.0
     1     1    16     1    20     8     0     0   -34.0   53.846 -127.990    424.7    873.3
     1     1    16     1    20     7     0     0   -35.0   53.729 -127.930    412.2    875.0
     1     1    16     1    20     6     0     0   -36.0   53.623 -127.870    393.7    877.4
     1     1    16     1    20     5     0     0   -37.0   53.523 -127.808    374.4    880.8
     1     1    16     1    20     4     0     0   -38.0   53.423 -127.743    359.7    882.5
     1     1    16     1    20     3     0     0   -39.0   53.323 -127.674    349.0    883.8
     1     1    16     1    20     2     0     0   -40.0   53.222 -127.600    341.8    884.6
     1     1    16     1    20     1     0     0   -41.0   53.119 -127.522    337.5    885.1
     1     1    16     1    20     0     0     0   -42.0   53.014 -127.437    335.6    885.5
     1     1    16     1    19    23     0     0   -43.0   52.903 -127.350    333.0    885.8
     1     1    16     1    19    22     0     0   -44.0   52.786 -127.265    327.0    886.9
     1     1    16     1    19    21     0     0   -45.0   52.662 -127.180    317.7    888.2
     1     1    16     1    19    20     0     0   -46.0   52.533 -127.095    305.1    889.9
     1     1    16     1    19    19     0     0   -47.0   52.397 -127.008    289.7    892.0
     1     1    16     1    19    18     0     0   -48.0   52.254 -126.918    272.0    894.6
     1     1    16     1    19    17     0     0   -49.0   52.093 -126.831    253.0    898.0
     1     1    16     1    19    16     0     0   -50.0   51.906 -126.750    233.4    902.0
     1     1    16     1    19    15     0     0   -51.0   51.697 -126.673    213.7    906.6
     1     1    16     1    19    14     0     0   -52.0   51.467 -126.599    194.6    911.5
     1     1    16     1    19    13     0     0   -53.0   51.220 -126.528    176.1    916.1
     1     1    16     1    19    12     0     0   -54.0   50.958 -126.461    158.5    921.0
     1     1    16     1    19    11     0     0   -55.0   50.692 -126.398    140.4    925.5
     1     1    16     1    19    10     0     0   -56.0   50.433 -126.339    120.3    930.6
     1     1    16     1    19     9     0     0   -57.0   50.180 -126.289     98.1    936.2
     1     1    16     1    19     8     0     0   -58.0   49.931 -126.253     73.7    943.3
     1     1    16     1    19     7     0     0   -59.0   49.695 -126.228     50.1    950.7
     1     1    16     1    19     6     0     0   -60.0   49.475 -126.215     30.1    958.1
     1     1    16     1    19     5     0     0   -61.0   49.261 -126.191     16.1    965.1
     1     1    16     1    19     4     0     0   -62.0   49.038 -126.134      5.6    969.7
     1     1    16     1    19     3     0     0   -63.0   48.801 -126.052      0.0    974.0
     1     1    16     1    19     2     0     0   -64.0   48.548 -125.952      0.0    978.6
     1     1    16     1    19     1     0     0   -65.0   48.276 -125.837      0.0    983.7
     1     1    16     1    19     0     0     0   -66.0   47.984 -125.712      0.0    989.5
     1     1    16     1    18    23     0     0   -67.0   47.678 -125.576      0.0    997.0
     1     1    16     1    18    22     0     0   -68.0   47.365 -125.426      0.0   1001.4
     1     1    16     1    18    21     0     0   -69.0   47.047 -125.261      0.0   1000.8
     1     1    16     1    18    20     0     0   -70.0   46.726 -125.083      0.2   1000.0
     1     1    16     1    18    19     0     0   -71.0   46.401 -124.894      0.8    998.0
     1     1    16     1    18    18     0     0   -72.0   46.075 -124.698      1.6    994.4
