     1     1
    CDC1    16     4     1     0     0
     1 BACKWARD OMEGA   
    16     4    14    12   60.984 -139.059   750.0
     1 PRESSURE
     1     1    16     4    14    12     0     0     0.0   60.984 -139.059    750.0    807.0
     1     1    16     4    14    11     0     0    -1.0   60.887 -138.982    743.2    809.5
     1     1    16     4    14    10     0     0    -2.0   60.785 -138.908    734.5    812.3
     1     1    16     4    14     9     0     0    -3.0   60.678 -138.835    723.8    815.5
     1     1    16     4    14     8     0     0    -4.0   60.566 -138.766    711.1    819.0
     1     1    16     4    14     7     0     0    -5.0   60.448 -138.699    696.3    822.8
     1     1    16     4    14     6     0     0    -6.0   60.326 -138.636    679.3    826.9
     1     1    16     4    14     5     0     0    -7.0   60.195 -138.571    660.2    831.3
     1     1    16     4    14     4     0     0    -8.0   60.051 -138.499    639.3    836.1
     1     1    16     4    14     3     0     0    -9.0   59.892 -138.420    617.5    842.8
     1     1    16     4    14     2     0     0   -10.0   59.721 -138.333    595.6    850.4
     1     1    16     4    14     1     0     0   -11.0   59.535 -138.237    573.8    858.2
     1     1    16     4    14     0     0     0   -12.0   59.335 -138.127    552.3    866.4
     1     1    16     4    13    23     0     0   -13.0   59.124 -138.006    533.3    874.5
     1     1    16     4    13    22     0     0   -14.0   58.909 -137.876    518.8    882.0
     1     1    16     4    13    21     0     0   -15.0   58.690 -137.737    508.4    889.3
     1     1    16     4    13    20     0     0   -16.0   58.469 -137.592    501.5    896.2
     1     1    16     4    13    19     0     0   -17.0   58.248 -137.440    497.8    902.5
     1     1    16     4    13    18     0     0   -18.0   58.031 -137.286    496.9    908.0
     1     1    16     4    13    17     0     0   -19.0   57.820 -137.127    497.5    912.5
     1     1    16     4    13    16     0     0   -20.0   57.617 -136.964    498.8    916.7
     1     1    16     4    13    15     0     0   -21.0   57.418 -136.799    500.7    919.1
     1     1    16     4    13    14     0     0   -22.0   57.225 -136.632    503.1    919.3
     1     1    16     4    13    13     0     0   -23.0   57.034 -136.463    506.6    919.6
     1     1    16     4    13    12     0     0   -24.0   56.842 -136.291    511.4    919.9
     1     1    16     4    13    11     0     0   -25.0   56.644 -136.123    514.6    920.5
     1     1    16     4    13    10     0     0   -26.0   56.439 -135.965    512.5    922.5
     1     1    16     4    13     9     0     0   -27.0   56.227 -135.820    505.2    925.4
     1     1    16     4    13     8     0     0   -28.0   56.009 -135.694    492.4    929.3
     1     1    16     4    13     7     0     0   -29.0   55.785 -135.593    474.2    934.2
     1     1    16     4    13     6     0     0   -30.0   55.555 -135.522    450.5    940.1
     1     1    16     4    13     5     0     0   -31.0   55.317 -135.461    426.8    946.9
     1     1    16     4    13     4     0     0   -32.0   55.066 -135.393    408.2    952.7
     1     1    16     4    13     3     0     0   -33.0   54.800 -135.322    393.4    955.3
     1     1    16     4    13     2     0     0   -34.0   54.518 -135.258    382.2    956.5
     1     1    16     4    13     1     0     0   -35.0   54.224 -135.217    375.1    957.2
     1     1    16     4    13     0     0     0   -36.0   53.921 -135.215    372.4    957.5
     1     1    16     4    12    23     0     0   -37.0   53.616 -135.257    372.0    957.2
     1     1    16     4    12    22     0     0   -38.0   53.312 -135.339    371.0    956.7
     1     1    16     4    12    21     0     0   -39.0   53.007 -135.470    368.8    955.9
     1     1    16     4    12    20     0     0   -40.0   52.695 -135.659    364.9    954.8
     1     1    16     4    12    19     0     0   -41.0   52.377 -135.914    358.9    953.3
     1     1    16     4    12    18     0     0   -42.0   52.065 -136.235    351.4    951.9
     1     1    16     4    12    17     0     0   -43.0   51.769 -136.594    343.7    951.0
     1     1    16     4    12    16     0     0   -44.0   51.493 -136.966    336.3    949.9
     1     1    16     4    12    15     0     0   -45.0   51.238 -137.359    328.7    948.6
     1     1    16     4    12    14     0     0   -46.0   51.006 -137.780    320.8    948.7
     1     1    16     4    12    13     0     0   -47.0   50.800 -138.237    312.7    949.9
     1     1    16     4    12    12     0     0   -48.0   50.623 -138.740    304.6    951.5
     1     1    16     4    12    11     0     0   -49.0   50.461 -139.274    296.4    954.0
     1     1    16     4    12    10     0     0   -50.0   50.300 -139.824    288.3    956.7
     1     1    16     4    12     9     0     0   -51.0   50.134 -140.391    280.5    959.2
     1     1    16     4    12     8     0     0   -52.0   49.959 -140.976    272.9    961.5
     1     1    16     4    12     7     0     0   -53.0   49.775 -141.571    266.0    963.7
     1     1    16     4    12     6     0     0   -54.0   49.587 -142.176    259.8    965.5
     1     1    16     4    12     5     0     0   -55.0   49.394 -142.790    255.0    966.7
     1     1    16     4    12     4     0     0   -56.0   49.196 -143.412    251.6    966.1
     1     1    16     4    12     3     0     0   -57.0   48.997 -144.050    249.5    965.1
     1     1    16     4    12     2     0     0   -58.0   48.799 -144.716    248.4    963.6
     1     1    16     4    12     1     0     0   -59.0   48.606 -145.414    247.9    962.3
     1     1    16     4    12     0     0     0   -60.0   48.417 -146.144    247.5    961.1
     1     1    16     4    11    23     0     0   -61.0   48.236 -146.899    245.7    959.9
     1     1    16     4    11    22     0     0   -62.0   48.067 -147.682    242.2    959.6
     1     1    16     4    11    21     0     0   -63.0   47.914 -148.497    237.9    961.0
     1     1    16     4    11    20     0     0   -64.0   47.780 -149.348    233.6    962.2
     1     1    16     4    11    19     0     0   -65.0   47.661 -150.245    230.4    963.3
     1     1    16     4    11    18     0     0   -66.0   47.554 -151.186    228.5    964.5
     1     1    16     4    11    17     0     0   -67.0   47.460 -152.144    227.1    965.8
     1     1    16     4    11    16     0     0   -68.0   47.390 -153.087    225.1    967.0
     1     1    16     4    11    15     0     0   -69.0   47.354 -154.012    222.0    968.2
     1     1    16     4    11    14     0     0   -70.0   47.362 -154.927    217.7    969.5
     1     1    16     4    11    13     0     0   -71.0   47.409 -155.828    212.1    971.4
     1     1    16     4    11    12     0     0   -72.0   47.482 -156.709    204.6    973.8
