     1     1
    CDC1    16     4     1     0     0
     1 BACKWARD OMEGA   
    16     4    12     6   60.984 -139.059   750.0
     1 PRESSURE
     1     1    16     4    12     6     0     0     0.0   60.984 -139.059    750.0    806.1
     1     1    16     4    12     5     0     0    -1.0   60.877 -138.990    738.7    809.0
     1     1    16     4    12     4     0     0    -2.0   60.760 -138.914    726.7    812.2
     1     1    16     4    12     3     0     0    -3.0   60.633 -138.831    714.2    815.6
     1     1    16     4    12     2     0     0    -4.0   60.495 -138.743    701.2    819.2
     1     1    16     4    12     1     0     0    -5.0   60.347 -138.650    688.1    823.0
     1     1    16     4    12     0     0     0    -6.0   60.187 -138.553    674.8    827.0
     1     1    16     4    11    23     0     0    -7.0   60.021 -138.473    662.9    831.4
     1     1    16     4    11    22     0     0    -8.0   59.851 -138.423    653.1    837.8
     1     1    16     4    11    21     0     0    -9.0   59.677 -138.399    645.7    844.4
     1     1    16     4    11    20     0     0   -10.0   59.501 -138.397    640.4    850.8
     1     1    16     4    11    19     0     0   -11.0   59.323 -138.415    637.4    857.1
     1     1    16     4    11    18     0     0   -12.0   59.144 -138.451    636.5    863.2
     1     1    16     4    11    17     0     0   -13.0   58.965 -138.488    635.2    868.9
     1     1    16     4    11    16     0     0   -14.0   58.787 -138.512    631.2    875.1
     1     1    16     4    11    15     0     0   -15.0   58.612 -138.528    624.6    881.6
     1     1    16     4    11    14     0     0   -16.0   58.440 -138.540    615.2    888.2
     1     1    16     4    11    13     0     0   -17.0   58.272 -138.551    603.1    894.9
     1     1    16     4    11    12     0     0   -18.0   58.109 -138.563    588.6    901.6
     1     1    16     4    11    11     0     0   -19.0   57.948 -138.578    574.5    908.9
     1     1    16     4    11    10     0     0   -20.0   57.788 -138.593    562.5    915.6
     1     1    16     4    11     9     0     0   -21.0   57.631 -138.608    552.7    922.1
     1     1    16     4    11     8     0     0   -22.0   57.476 -138.625    544.8    927.7
     1     1    16     4    11     7     0     0   -23.0   57.324 -138.648    537.6    930.2
     1     1    16     4    11     6     0     0   -24.0   57.176 -138.682    531.1    932.5
     1     1    16     4    11     5     0     0   -25.0   57.032 -138.719    524.5    934.6
     1     1    16     4    11     4     0     0   -26.0   56.890 -138.752    516.5    936.9
     1     1    16     4    11     3     0     0   -27.0   56.754 -138.783    507.8    939.2
     1     1    16     4    11     2     0     0   -28.0   56.622 -138.816    498.8    941.5
     1     1    16     4    11     1     0     0   -29.0   56.497 -138.852    489.8    943.8
     1     1    16     4    11     0     0     0   -30.0   56.379 -138.894    481.2    945.9
     1     1    16     4    10    23     0     0   -31.0   56.256 -138.948    472.8    947.9
     1     1    16     4    10    22     0     0   -32.0   56.116 -139.021    464.0    950.2
     1     1    16     4    10    21     0     0   -33.0   55.958 -139.114    454.9    952.6
     1     1    16     4    10    20     0     0   -34.0   55.782 -139.227    445.7    955.1
     1     1    16     4    10    19     0     0   -35.0   55.586 -139.361    436.4    957.7
     1     1    16     4    10    18     0     0   -36.0   55.368 -139.518    427.1    960.2
     1     1    16     4    10    17     0     0   -37.0   55.131 -139.682    419.3    962.5
     1     1    16     4    10    16     0     0   -38.0   54.880 -139.833    413.9    963.2
     1     1    16     4    10    15     0     0   -39.0   54.614 -139.970    410.7    962.5
     1     1    16     4    10    14     0     0   -40.0   54.336 -140.091    409.6    961.5
     1     1    16     4    10    13     0     0   -41.0   54.047 -140.198    409.9    960.4
     1     1    16     4    10    12     0     0   -42.0   53.747 -140.295    411.2    959.1
     1     1    16     4    10    11     0     0   -43.0   53.438 -140.389    412.2    958.3
     1     1    16     4    10    10     0     0   -44.0   53.119 -140.484    411.5    957.8
     1     1    16     4    10     9     0     0   -45.0   52.786 -140.581    409.2    957.6
     1     1    16     4    10     8     0     0   -46.0   52.436 -140.681    404.7    957.9
     1     1    16     4    10     7     0     0   -47.0   52.073 -140.774    397.8    959.8
     1     1    16     4    10     6     0     0   -48.0   51.698 -140.854    387.7    962.0
     1     1    16     4    10     5     0     0   -49.0   51.322 -140.910    375.7    964.4
     1     1    16     4    10     4     0     0   -50.0   50.950 -140.935    362.7    966.7
     1     1    16     4    10     3     0     0   -51.0   50.580 -140.932    349.0    969.0
     1     1    16     4    10     2     0     0   -52.0   50.209 -140.901    334.6    971.4
     1     1    16     4    10     1     0     0   -53.0   49.835 -140.845    320.0    973.7
     1     1    16     4    10     0     0     0   -54.0   49.458 -140.770    305.9    975.7
     1     1    16     4     9    23     0     0   -55.0   49.084 -140.689    292.5    978.1
     1     1    16     4     9    22     0     0   -56.0   48.714 -140.609    278.8    980.7
     1     1    16     4     9    21     0     0   -57.0   48.348 -140.525    264.4    983.4
     1     1    16     4     9    20     0     0   -58.0   47.985 -140.436    248.8    986.4
     1     1    16     4     9    19     0     0   -59.0   47.625 -140.336    231.8    989.8
     1     1    16     4     9    18     0     0   -60.0   47.268 -140.228    213.5    992.7
     1     1    16     4     9    17     0     0   -61.0   46.919 -140.117    195.8    995.1
     1     1    16     4     9    16     0     0   -62.0   46.583 -140.005    180.1    996.5
     1     1    16     4     9    15     0     0   -63.0   46.265 -139.891    166.3    997.8
     1     1    16     4     9    14     0     0   -64.0   45.969 -139.774    154.1    999.0
     1     1    16     4     9    13     0     0   -65.0   45.699 -139.650    143.1   1000.2
     1     1    16     4     9    12     0     0   -66.0   45.458 -139.519    133.1   1001.5
     1     1    16     4     9    11     0     0   -67.0   45.253 -139.392    124.4   1002.9
     1     1    16     4     9    10     0     0   -68.0   45.086 -139.280    117.7   1004.2
     1     1    16     4     9     9     0     0   -69.0   44.957 -139.183    112.7   1005.4
     1     1    16     4     9     8     0     0   -70.0   44.864 -139.097    109.4   1006.7
     1     1    16     4     9     7     0     0   -71.0   44.804 -139.022    107.6   1007.7
     1     1    16     4     9     6     0     0   -72.0   44.775 -138.958    107.4   1008.4
