     1     1
    CDC1    16     4     1     0     0
     1 BACKWARD OMEGA   
    16     4     5    12   60.984 -139.059   750.0
     1 PRESSURE
     1     1    16     4     5    12     0     0     0.0   60.984 -139.059    750.0    800.5
     1     1    16     4     5    11     0     0    -1.0   60.710 -138.699    668.1    813.2
     1     1    16     4     5    10     0     0    -2.0   60.430 -138.371    584.8    826.8
     1     1    16     4     5     9     0     0    -3.0   60.145 -138.074    502.9    840.1
     1     1    16     4     5     8     0     0    -4.0   59.859 -137.820    426.8    855.9
     1     1    16     4     5     7     0     0    -5.0   59.574 -137.617    361.5    873.1
     1     1    16     4     5     6     0     0    -6.0   59.288 -137.458    308.9    888.1
     1     1    16     4     5     5     0     0    -7.0   59.013 -137.298    267.6    900.7
     1     1    16     4     5     4     0     0    -8.0   58.758 -137.107    234.8    911.9
     1     1    16     4     5     3     0     0    -9.0   58.522 -136.897    208.5    921.5
     1     1    16     4     5     2     0     0   -10.0   58.302 -136.678    187.4    929.5
     1     1    16     4     5     1     0     0   -11.0   58.096 -136.461    170.4    936.1
     1     1    16     4     5     0     0     0   -12.0   57.902 -136.254    156.8    942.0
     1     1    16     4     4    23     0     0   -13.0   57.726 -136.075    145.5    946.8
     1     1    16     4     4    22     0     0   -14.0   57.572 -135.933    135.6    951.0
     1     1    16     4     4    21     0     0   -15.0   57.442 -135.822    126.6    953.9
     1     1    16     4     4    20     0     0   -16.0   57.336 -135.739    118.2    955.8
     1     1    16     4     4    19     0     0   -17.0   57.252 -135.681    110.4    957.5
     1     1    16     4     4    18     0     0   -18.0   57.191 -135.647    103.4    958.9
     1     1    16     4     4    17     0     0   -19.0   57.146 -135.615     98.2    960.1
     1     1    16     4     4    16     0     0   -20.0   57.106 -135.562     95.6    960.6
     1     1    16     4     4    15     0     0   -21.0   57.073 -135.487     95.6    960.5
     1     1    16     4     4    14     0     0   -22.0   57.045 -135.392     98.5    959.8
     1     1    16     4     4    13     0     0   -23.0   57.023 -135.276    104.4    958.4
     1     1    16     4     4    12     0     0   -24.0   57.007 -135.140    113.8    956.4
     1     1    16     4     4    11     0     0   -25.0   56.994 -134.992    124.0    954.4
     1     1    16     4     4    10     0     0   -26.0   56.981 -134.840    131.2    951.8
     1     1    16     4     4     9     0     0   -27.0   56.969 -134.682    134.8    949.6
     1     1    16     4     4     8     0     0   -28.0   56.959 -134.522    134.9    947.8
     1     1    16     4     4     7     0     0   -29.0   56.953 -134.359    131.8    946.2
     1     1    16     4     4     6     0     0   -30.0   56.953 -134.196    125.9    944.8
     1     1    16     4     4     5     0     0   -31.0   56.959 -134.026    119.0    943.7
     1     1    16     4     4     4     0     0   -32.0   56.964 -133.834    112.9    942.0
     1     1    16     4     4     3     0     0   -33.0   56.966 -133.619    107.4    940.1
     1     1    16     4     4     2     0     0   -34.0   56.962 -133.378    102.5    937.8
     1     1    16     4     4     1     0     0   -35.0   56.950 -133.107     97.9    935.3
     1     1    16     4     4     0     0     0   -36.0   56.923 -132.802     93.7    932.7
     1     1    16     4     3    23     0     0   -37.0   56.886 -132.483     88.9    929.7
     1     1    16     4     3    22     0     0   -38.0   56.849 -132.185     83.0    926.1
     1     1    16     4     3    21     0     0   -39.0   56.819 -131.920     76.5    923.1
     1     1    16     4     3    20     0     0   -40.0   56.797 -131.686     69.3    920.4
     1     1    16     4     3    19     0     0   -41.0   56.782 -131.484     61.9    918.0
     1     1    16     4     3    18     0     0   -42.0   56.777 -131.312     54.3    916.1
     1     1    16     4     3    17     0     0   -43.0   56.777 -131.165     48.1    914.4
     1     1    16     4     3    16     0     0   -44.0   56.775 -131.035     44.2    912.7
     1     1    16     4     3    15     0     0   -45.0   56.770 -130.918     42.1    911.1
     1     1    16     4     3    14     0     0   -46.0   56.759 -130.814     41.5    909.8
     1     1    16     4     3    13     0     0   -47.0   56.741 -130.721     42.2    908.7
     1     1    16     4     3    12     0     0   -48.0   56.717 -130.637     44.1    907.9
     1     1    16     4     3    11     0     0   -49.0   56.692 -130.571     45.9    907.1
     1     1    16     4     3    10     0     0   -50.0   56.674 -130.531     46.4    906.9
     1     1    16     4     3     9     0     0   -51.0   56.665 -130.517     45.7    907.1
     1     1    16     4     3     8     0     0   -52.0   56.664 -130.528     43.8    907.7
     1     1    16     4     3     7     0     0   -53.0   56.670 -130.563     40.9    908.7
     1     1    16     4     3     6     0     0   -54.0   56.684 -130.621     37.2    910.0
     1     1    16     4     3     5     0     0   -55.0   56.699 -130.697     33.4    911.5
     1     1    16     4     3     4     0     0   -56.0   56.710 -130.787     30.5    913.1
     1     1    16     4     3     3     0     0   -57.0   56.716 -130.891     28.1    915.1
     1     1    16     4     3     2     0     0   -58.0   56.718 -131.007     26.3    917.4
     1     1    16     4     3     1     0     0   -59.0   56.715 -131.134     25.0    919.9
     1     1    16     4     3     0     0     0   -60.0   56.709 -131.272     24.0    922.7
     1     1    16     4     2    23     0     0   -61.0   56.698 -131.416     22.5    926.0
     1     1    16     4     2    22     0     0   -62.0   56.678 -131.559     19.9    929.9
     1     1    16     4     2    21     0     0   -63.0   56.649 -131.699     16.5    934.0
     1     1    16     4     2    20     0     0   -64.0   56.613 -131.831     12.9    938.4
     1     1    16     4     2    19     0     0   -65.0   56.569 -131.956      9.6    942.9
     1     1    16     4     2    18     0     0   -66.0   56.519 -132.080      6.3    946.8
     1     1    16     4     2    17     0     0   -67.0   56.467 -132.198      2.8    950.1
     1     1    16     4     2    16     0     0   -68.0   56.415 -132.304      0.0    953.1
     1     1    16     4     2    15     0     0   -69.0   56.363 -132.400      0.0    955.9
     1     1    16     4     2    14     0     0   -70.0   56.310 -132.486      0.0    958.6
     1     1    16     4     2    13     0     0   -71.0   56.258 -132.566      0.0    960.7
     1     1    16     4     2    12     0     0   -72.0   56.206 -132.643      0.0    962.8
