     1     1
    CDC1    15    11     1     0     0
     1 BACKWARD OMEGA   
    15    11    24    18   60.984 -139.059   750.0
     1 PRESSURE
     1     1    15    11    24    18     0     0     0.0   60.984 -139.059    750.0    820.5
     1     1    15    11    24    17     0     0    -1.0   60.917 -139.725    713.6    825.8
     1     1    15    11    24    16     0     0    -2.0   60.833 -140.347    672.9    833.5
     1     1    15    11    24    15     0     0    -3.0   60.736 -140.926    629.6    842.8
     1     1    15    11    24    14     0     0    -4.0   60.635 -141.469    585.6    852.1
     1     1    15    11    24    13     0     0    -5.0   60.534 -141.986    543.3    861.0
     1     1    15    11    24    12     0     0    -6.0   60.442 -142.489    504.2    869.6
     1     1    15    11    24    11     0     0    -7.0   60.345 -142.964    464.6    879.1
     1     1    15    11    24    10     0     0    -8.0   60.236 -143.386    420.1    890.0
     1     1    15    11    24     9     0     0    -9.0   60.121 -143.753    370.7    901.6
     1     1    15    11    24     8     0     0   -10.0   60.004 -144.063    318.3    912.6
     1     1    15    11    24     7     0     0   -11.0   59.882 -144.325    266.7    924.9
     1     1    15    11    24     6     0     0   -12.0   59.752 -144.554    218.8    937.3
     1     1    15    11    24     5     0     0   -13.0   59.615 -144.740    179.0    949.2
     1     1    15    11    24     4     0     0   -14.0   59.474 -144.885    149.0    959.0
     1     1    15    11    24     3     0     0   -15.0   59.330 -145.009    127.1    967.8
     1     1    15    11    24     2     0     0   -16.0   59.185 -145.127    111.1    975.6
     1     1    15    11    24     1     0     0   -17.0   59.040 -145.249     99.3    982.9
     1     1    15    11    24     0     0     0   -18.0   58.895 -145.383     90.7    989.7
     1     1    15    11    23    23     0     0   -19.0   58.752 -145.541     84.4    995.9
     1     1    15    11    23    22     0     0   -20.0   58.615 -145.727     80.0   1001.8
     1     1    15    11    23    21     0     0   -21.0   58.481 -145.943     76.9   1007.5
     1     1    15    11    23    20     0     0   -22.0   58.348 -146.185     74.9   1012.9
     1     1    15    11    23    19     0     0   -23.0   58.214 -146.451     73.7   1018.2
     1     1    15    11    23    18     0     0   -24.0   58.075 -146.738     73.2   1023.6
     1     1    15    11    23    17     0     0   -25.0   57.941 -147.052     73.0   1028.2
     1     1    15    11    23    16     0     0   -26.0   57.831 -147.396     72.8   1032.1
     1     1    15    11    23    15     0     0   -27.0   57.748 -147.757     72.5   1033.5
     1     1    15    11    23    14     0     0   -28.0   57.696 -148.121     72.1   1033.4
     1     1    15    11    23    13     0     0   -29.0   57.674 -148.480     71.5   1032.5
     1     1    15    11    23    12     0     0   -30.0   57.680 -148.828     70.7   1031.0
     1     1    15    11    23    11     0     0   -31.0   57.700 -149.168     70.2   1028.7
     1     1    15    11    23    10     0     0   -32.0   57.718 -149.510     70.6   1026.4
     1     1    15    11    23     9     0     0   -33.0   57.743 -149.857     71.9   1024.0
     1     1    15    11    23     8     0     0   -34.0   57.778 -150.209     74.1   1020.9
     1     1    15    11    23     7     0     0   -35.0   57.825 -150.562     77.5   1017.0
     1     1    15    11    23     6     0     0   -36.0   57.887 -150.918     82.4   1012.7
     1     1    15    11    23     5     0     0   -37.0   57.941 -151.275     87.9   1008.3
     1     1    15    11    23     4     0     0   -38.0   57.968 -151.643     92.3   1004.8
     1     1    15    11    23     3     0     0   -39.0   57.973 -152.032     95.1   1001.9
     1     1    15    11    23     2     0     0   -40.0   57.959 -152.450     96.0    999.4
     1     1    15    11    23     1     0     0   -41.0   57.930 -152.903     94.7    998.2
     1     1    15    11    23     0     0     0   -42.0   57.890 -153.392     91.0    997.4
     1     1    15    11    22    23     0     0   -43.0   57.837 -153.887     86.4    997.3
     1     1    15    11    22    22     0     0   -44.0   57.768 -154.359     82.9    997.0
     1     1    15    11    22    21     0     0   -45.0   57.683 -154.818     80.7    996.8
     1     1    15    11    22    20     0     0   -46.0   57.584 -155.268     80.1    997.4
     1     1    15    11    22    19     0     0   -47.0   57.474 -155.716     81.9    998.0
     1     1    15    11    22    18     0     0   -48.0   57.354 -156.164     86.3    997.5
     1     1    15    11    22    17     0     0   -49.0   57.222 -156.609     91.1    997.7
     1     1    15    11    22    16     0     0   -50.0   57.068 -157.048     93.6    998.8
     1     1    15    11    22    15     0     0   -51.0   56.888 -157.474     93.3   1000.6
     1     1    15    11    22    14     0     0   -52.0   56.681 -157.887     90.4   1003.4
     1     1    15    11    22    13     0     0   -53.0   56.450 -158.284     85.2   1006.3
     1     1    15    11    22    12     0     0   -54.0   56.193 -158.664     78.1   1009.3
     1     1    15    11    22    11     0     0   -55.0   55.937 -159.021     71.4   1012.1
     1     1    15    11    22    10     0     0   -56.0   55.701 -159.344     66.4   1013.8
     1     1    15    11    22     9     0     0   -57.0   55.478 -159.627     62.4   1015.4
     1     1    15    11    22     8     0     0   -58.0   55.262 -159.865     58.9   1016.7
     1     1    15    11    22     7     0     0   -59.0   55.047 -160.054     55.5   1017.9
     1     1    15    11    22     6     0     0   -60.0   54.830 -160.194     52.3   1018.5
     1     1    15    11    22     5     0     0   -61.0   54.622 -160.326     49.8   1019.2
     1     1    15    11    22     4     0     0   -62.0   54.434 -160.481     48.3   1019.7
     1     1    15    11    22     3     0     0   -63.0   54.262 -160.649     47.8   1020.1
     1     1    15    11    22     2     0     0   -64.0   54.102 -160.820     48.0   1020.5
     1     1    15    11    22     1     0     0   -65.0   53.949 -160.983     48.8   1020.9
     1     1    15    11    22     0     0     0   -66.0   53.798 -161.131     50.2   1021.3
     1     1    15    11    21    23     0     0   -67.0   53.660 -161.283     52.5   1020.9
     1     1    15    11    21    22     0     0   -68.0   53.541 -161.459     56.1   1020.4
     1     1    15    11    21    21     0     0   -69.0   53.443 -161.659     61.4   1019.8
     1     1    15    11    21    20     0     0   -70.0   53.367 -161.880     68.6   1018.9
     1     1    15    11    21    19     0     0   -71.0   53.312 -162.119     78.2   1017.8
     1     1    15    11    21    18     0     0   -72.0   53.279 -162.373     91.4   1015.5
