     1     1
    CDC1    16     1     1     0     0
     1 BACKWARD OMEGA   
    16     1    12     0   60.984 -139.059   750.0
     1 PRESSURE
     1     1    16     1    12     0     0     0     0.0   60.984 -139.059    750.0    797.5
     1     1    16     1    11    23     0     0    -1.0   60.751 -138.787    690.0    807.9
     1     1    16     1    11    22     0     0    -2.0   60.528 -138.473    635.1    817.6
     1     1    16     1    11    21     0     0    -3.0   60.319 -138.121    585.2    826.3
     1     1    16     1    11    20     0     0    -4.0   60.125 -137.734    540.9    833.8
     1     1    16     1    11    19     0     0    -5.0   59.950 -137.324    503.8    841.0
     1     1    16     1    11    18     0     0    -6.0   59.795 -136.903    475.8    848.1
     1     1    16     1    11    17     0     0    -7.0   59.636 -136.481    451.9    854.0
     1     1    16     1    11    16     0     0    -8.0   59.453 -136.059    427.5    861.4
     1     1    16     1    11    15     0     0    -9.0   59.248 -135.632    404.0    869.0
     1     1    16     1    11    14     0     0   -10.0   59.025 -135.196    383.2    876.6
     1     1    16     1    11    13     0     0   -11.0   58.789 -134.754    366.3    882.0
     1     1    16     1    11    12     0     0   -12.0   58.550 -134.316    353.8    885.0
     1     1    16     1    11    11     0     0   -13.0   58.319 -133.891    342.1    886.6
     1     1    16     1    11    10     0     0   -14.0   58.102 -133.486    327.4    888.1
     1     1    16     1    11     9     0     0   -15.0   57.896 -133.100    308.6    889.5
     1     1    16     1    11     8     0     0   -16.0   57.695 -132.730    285.4    891.3
     1     1    16     1    11     7     0     0   -17.0   57.490 -132.373    257.9    893.2
     1     1    16     1    11     6     0     0   -18.0   57.282 -132.025    228.1    896.0
     1     1    16     1    11     5     0     0   -19.0   57.076 -131.687    200.6    898.6
     1     1    16     1    11     4     0     0   -20.0   56.872 -131.361    177.6    899.9
     1     1    16     1    11     3     0     0   -21.0   56.669 -131.052    159.1    901.0
     1     1    16     1    11     2     0     0   -22.0   56.464 -130.762    145.0    902.1
     1     1    16     1    11     1     0     0   -23.0   56.251 -130.488    135.4    903.3
     1     1    16     1    11     0     0     0   -24.0   56.023 -130.228    130.4    904.6
     1     1    16     1    10    23     0     0   -25.0   55.785 -129.982    130.0    906.0
     1     1    16     1    10    22     0     0   -26.0   55.551 -129.753    133.1    908.3
     1     1    16     1    10    21     0     0   -27.0   55.325 -129.536    138.2    910.3
     1     1    16     1    10    20     0     0   -28.0   55.105 -129.332    144.5    912.0
     1     1    16     1    10    19     0     0   -29.0   54.893 -129.142    150.8    913.3
     1     1    16     1    10    18     0     0   -30.0   54.686 -128.969    156.3    914.4
     1     1    16     1    10    17     0     0   -31.0   54.481 -128.802    161.0    915.1
     1     1    16     1    10    16     0     0   -32.0   54.275 -128.628    165.1    915.7
     1     1    16     1    10    15     0     0   -33.0   54.071 -128.446    168.4    916.1
     1     1    16     1    10    14     0     0   -34.0   53.867 -128.251    170.9    916.4
     1     1    16     1    10    13     0     0   -35.0   53.665 -128.042    172.6    916.3
     1     1    16     1    10    12     0     0   -36.0   53.462 -127.817    173.5    916.0
     1     1    16     1    10    11     0     0   -37.0   53.263 -127.596    172.6    915.2
     1     1    16     1    10    10     0     0   -38.0   53.071 -127.402    169.1    915.3
     1     1    16     1    10     9     0     0   -39.0   52.889 -127.236    163.1    916.0
     1     1    16     1    10     8     0     0   -40.0   52.721 -127.098    154.9    916.9
     1     1    16     1    10     7     0     0   -41.0   52.568 -126.988    144.7    918.0
     1     1    16     1    10     6     0     0   -42.0   52.431 -126.906    133.2    919.6
     1     1    16     1    10     5     0     0   -43.0   52.302 -126.833    123.3    921.8
     1     1    16     1    10     4     0     0   -44.0   52.170 -126.751    117.4    923.1
     1     1    16     1    10     3     0     0   -45.0   52.033 -126.660    114.7    923.9
     1     1    16     1    10     2     0     0   -46.0   51.894 -126.561    114.8    924.2
     1     1    16     1    10     1     0     0   -47.0   51.752 -126.454    117.3    924.2
     1     1    16     1    10     0     0     0   -48.0   51.610 -126.341    122.3    923.7
     1     1    16     1     9    23     0     0   -49.0   51.477 -126.228    127.3    922.7
     1     1    16     1     9    22     0     0   -50.0   51.358 -126.123    129.5    922.2
     1     1    16     1     9    21     0     0   -51.0   51.252 -126.024    128.8    922.0
     1     1    16     1     9    20     0     0   -52.0   51.158 -125.930    125.0    922.1
     1     1    16     1     9    19     0     0   -53.0   51.075 -125.840    118.2    922.4
     1     1    16     1     9    18     0     0   -54.0   51.003 -125.754    108.8    923.0
     1     1    16     1     9    17     0     0   -55.0   50.932 -125.655     98.3    923.5
     1     1    16     1     9    16     0     0   -56.0   50.851 -125.528     87.8    923.4
     1     1    16     1     9    15     0     0   -57.0   50.761 -125.373     77.3    923.0
     1     1    16     1     9    14     0     0   -58.0   50.666 -125.193     66.5    922.0
     1     1    16     1     9    13     0     0   -59.0   50.570 -124.992     55.8    920.3
     1     1    16     1     9    12     0     0   -60.0   50.482 -124.779     46.1    918.7
     1     1    16     1     9    11     0     0   -61.0   50.410 -124.577     37.7    917.4
     1     1    16     1     9    10     0     0   -62.0   50.357 -124.406     30.5    916.3
     1     1    16     1     9     9     0     0   -63.0   50.322 -124.261     24.3    915.3
     1     1    16     1     9     8     0     0   -64.0   50.306 -124.139     19.3    914.3
     1     1    16     1     9     7     0     0   -65.0   50.304 -124.037     15.4    913.4
     1     1    16     1     9     6     0     0   -66.0   50.317 -123.955     12.3    912.4
     1     1    16     1     9     5     0     0   -67.0   50.338 -123.882     10.3    911.3
     1     1    16     1     9     4     0     0   -68.0   50.359 -123.810      9.1    909.8
     1     1    16     1     9     3     0     0   -69.0   50.375 -123.738      8.3    908.4
     1     1    16     1     9     2     0     0   -70.0   50.386 -123.663      7.9    907.0
     1     1    16     1     9     1     0     0   -71.0   50.390 -123.586      7.8    905.7
     1     1    16     1     9     0     0     0   -72.0   50.387 -123.504      8.1    904.4
