     1     1
    CDC1    16     3     1     0     0
     1 BACKWARD OMEGA   
    16     3    30     0   60.984 -139.059   750.0
     1 PRESSURE
     1     1    16     3    30     0     0     0     0.0   60.984 -139.059    750.0    821.0
     1     1    16     3    29    23     0     0    -1.0   60.797 -139.639    691.9    829.7
     1     1    16     3    29    22     0     0    -2.0   60.569 -140.161    620.5    842.3
     1     1    16     3    29    21     0     0    -3.0   60.312 -140.610    540.4    857.3
     1     1    16     3    29    20     0     0    -4.0   60.038 -140.978    457.3    872.9
     1     1    16     3    29    19     0     0    -5.0   59.757 -141.282    376.0    893.1
     1     1    16     3    29    18     0     0    -6.0   59.476 -141.560    296.5    912.3
     1     1    16     3    29    17     0     0    -7.0   59.198 -141.794    221.7    932.8
     1     1    16     3    29    16     0     0    -8.0   58.925 -141.973    156.2    950.7
     1     1    16     3    29    15     0     0    -9.0   58.648 -142.124    102.2    968.1
     1     1    16     3    29    14     0     0   -10.0   58.361 -142.262     63.1    983.9
     1     1    16     3    29    13     0     0   -11.0   58.061 -142.395     39.0    997.8
     1     1    16     3    29    12     0     0   -12.0   57.742 -142.542     25.9   1011.1
     1     1    16     3    29    11     0     0   -13.0   57.394 -142.719     19.1   1021.1
     1     1    16     3    29    10     0     0   -14.0   57.014 -142.919     14.9   1021.8
     1     1    16     3    29     9     0     0   -15.0   56.610 -143.124     11.9   1022.0
     1     1    16     3    29     8     0     0   -16.0   56.186 -143.326      9.6   1021.5
     1     1    16     3    29     7     0     0   -17.0   55.743 -143.519      7.6   1020.1
     1     1    16     3    29     6     0     0   -18.0   55.287 -143.697      5.6   1018.4
     1     1    16     3    29     5     0     0   -19.0   54.820 -143.860      3.6   1017.0
     1     1    16     3    29     4     0     0   -20.0   54.337 -144.004      1.9   1017.5
     1     1    16     3    29     3     0     0   -21.0   53.835 -144.123      0.6   1018.3
     1     1    16     3    29     2     0     0   -22.0   53.313 -144.214      0.0   1019.4
     1     1    16     3    29     1     0     0   -23.0   52.769 -144.273      0.0   1020.7
     1     1    16     3    29     0     0     0   -24.0   52.201 -144.299      0.0   1021.6
     1     1    16     3    28    23     0     0   -25.0   51.617 -144.298      0.0   1022.0
     1     1    16     3    28    22     0     0   -26.0   51.025 -144.276      0.0   1022.5
     1     1    16     3    28    21     0     0   -27.0   50.430 -144.232      0.0   1023.3
     1     1    16     3    28    20     0     0   -28.0   49.838 -144.165      0.0   1024.1
     1     1    16     3    28    19     0     0   -29.0   49.263 -144.068      0.2   1024.4
     1     1    16     3    28    18     0     0   -30.0   48.712 -143.940      0.4   1025.0
     1     1    16     3    28    17     0     0   -31.0   48.183 -143.784      0.8   1025.8
     1     1    16     3    28    16     0     0   -32.0   47.678 -143.609      1.0   1026.6
     1     1    16     3    28    15     0     0   -33.0   47.199 -143.428      1.1   1027.3
     1     1    16     3    28    14     0     0   -34.0   46.746 -143.250      1.2   1027.6
     1     1    16     3    28    13     0     0   -35.0   46.317 -143.075      1.2   1027.7
     1     1    16     3    28    12     0     0   -36.0   45.910 -142.899      1.1   1027.5
     1     1    16     3    28    11     0     0   -37.0   45.526 -142.717      0.9   1027.0
     1     1    16     3    28    10     0     0   -38.0   45.167 -142.529      0.7   1026.5
     1     1    16     3    28     9     0     0   -39.0   44.836 -142.341      0.5   1026.6
     1     1    16     3    28     8     0     0   -40.0   44.536 -142.158      0.4   1027.3
     1     1    16     3    28     7     0     0   -41.0   44.266 -141.982      0.4   1027.9
     1     1    16     3    28     6     0     0   -42.0   44.024 -141.812      0.4   1028.4
     1     1    16     3    28     5     0     0   -43.0   43.814 -141.649      0.5   1028.5
     1     1    16     3    28     4     0     0   -44.0   43.639 -141.492      0.8   1028.6
     1     1    16     3    28     3     0     0   -45.0   43.496 -141.341      1.3   1028.7
     1     1    16     3    28     2     0     0   -46.0   43.386 -141.195      1.9   1028.6
     1     1    16     3    28     1     0     0   -47.0   43.305 -141.057      2.8   1028.5
     1     1    16     3    28     0     0     0   -48.0   43.254 -140.926      3.8   1028.4
     1     1    16     3    27    23     0     0   -49.0   43.228 -140.821      4.9   1028.3
     1     1    16     3    27    22     0     0   -50.0   43.223 -140.758      5.9   1028.2
     1     1    16     3    27    21     0     0   -51.0   43.233 -140.738      7.0   1028.1
     1     1    16     3    27    20     0     0   -52.0   43.258 -140.760      8.0   1028.0
     1     1    16     3    27    19     0     0   -53.0   43.295 -140.824      8.9   1028.0
     1     1    16     3    27    18     0     0   -54.0   43.343 -140.928      9.9   1028.0
     1     1    16     3    27    17     0     0   -55.0   43.392 -141.062     10.8   1027.5
     1     1    16     3    27    16     0     0   -56.0   43.432 -141.214     11.6   1027.0
     1     1    16     3    27    15     0     0   -57.0   43.465 -141.383     12.3   1026.6
     1     1    16     3    27    14     0     0   -58.0   43.491 -141.569     12.7   1026.2
     1     1    16     3    27    13     0     0   -59.0   43.510 -141.773     12.8   1025.9
     1     1    16     3    27    12     0     0   -60.0   43.525 -141.992     12.7   1025.7
     1     1    16     3    27    11     0     0   -61.0   43.540 -142.220     12.6   1025.9
     1     1    16     3    27    10     0     0   -62.0   43.560 -142.447     12.6   1026.0
     1     1    16     3    27     9     0     0   -63.0   43.582 -142.676     12.7   1026.0
     1     1    16     3    27     8     0     0   -64.0   43.606 -142.907     12.9   1026.1
     1     1    16     3    27     7     0     0   -65.0   43.632 -143.141     13.3   1026.2
     1     1    16     3    27     6     0     0   -66.0   43.661 -143.377     13.8   1026.3
     1     1    16     3    27     5     0     0   -67.0   43.689 -143.625     14.4   1026.2
     1     1    16     3    27     4     0     0   -68.0   43.711 -143.891     15.1   1026.2
     1     1    16     3    27     3     0     0   -69.0   43.728 -144.178     15.9   1026.2
     1     1    16     3    27     2     0     0   -70.0   43.743 -144.487     16.7   1026.2
     1     1    16     3    27     1     0     0   -71.0   43.755 -144.820     17.6   1026.3
     1     1    16     3    27     0     0     0   -72.0   43.766 -145.180     18.7   1026.2
