     1     1
    CDC1    15    10     1     0     0
     1 BACKWARD OMEGA   
    15    10    17    18   60.984 -139.059   750.0
     1 PRESSURE
     1     1    15    10    17    18     0     0     0.0   60.984 -139.059    750.0    800.8
     1     1    15    10    17    17     0     0    -1.0   60.743 -139.195    693.5    810.3
     1     1    15    10    17    16     0     0    -2.0   60.481 -139.264    637.7    820.4
     1     1    15    10    17    15     0     0    -3.0   60.201 -139.268    580.9    830.8
     1     1    15    10    17    14     0     0    -4.0   59.906 -139.211    523.3    842.8
     1     1    15    10    17    13     0     0    -5.0   59.607 -139.107    468.4    858.2
     1     1    15    10    17    12     0     0    -6.0   59.313 -138.966    418.4    873.1
     1     1    15    10    17    11     0     0    -7.0   59.029 -138.798    373.9    887.2
     1     1    15    10    17    10     0     0    -8.0   58.757 -138.611    336.2    899.3
     1     1    15    10    17     9     0     0    -9.0   58.490 -138.405    304.8    910.7
     1     1    15    10    17     8     0     0   -10.0   58.223 -138.178    278.3    921.6
     1     1    15    10    17     7     0     0   -11.0   57.950 -137.931    255.6    932.4
     1     1    15    10    17     6     0     0   -12.0   57.667 -137.666    235.8    943.3
     1     1    15    10    17     5     0     0   -13.0   57.384 -137.372    216.9    950.3
     1     1    15    10    17     4     0     0   -14.0   57.108 -137.045    198.0    953.5
     1     1    15    10    17     3     0     0   -15.0   56.838 -136.694    179.0    956.6
     1     1    15    10    17     2     0     0   -16.0   56.571 -136.324    160.3    960.2
     1     1    15    10    17     1     0     0   -17.0   56.306 -135.938    142.8    964.5
     1     1    15    10    17     0     0     0   -18.0   56.046 -135.534    127.5    969.1
     1     1    15    10    16    23     0     0   -19.0   55.798 -135.119    116.2    974.4
     1     1    15    10    16    22     0     0   -20.0   55.567 -134.703    109.4    976.2
     1     1    15    10    16    21     0     0   -21.0   55.345 -134.288    105.9    976.6
     1     1    15    10    16    20     0     0   -22.0   55.129 -133.874    104.4    977.1
     1     1    15    10    16    19     0     0   -23.0   54.916 -133.462    103.5    976.7
     1     1    15    10    16    18     0     0   -24.0   54.706 -133.062    102.6    975.5
     1     1    15    10    16    17     0     0   -25.0   54.502 -132.677    100.8    975.2
     1     1    15    10    16    16     0     0   -26.0   54.308 -132.306     97.8    973.9
     1     1    15    10    16    15     0     0   -27.0   54.123 -131.950     94.1    971.6
     1     1    15    10    16    14     0     0   -28.0   53.948 -131.606     89.7    969.8
     1     1    15    10    16    13     0     0   -29.0   53.784 -131.267     84.7    968.3
     1     1    15    10    16    12     0     0   -30.0   53.633 -130.929     79.3    967.0
     1     1    15    10    16    11     0     0   -31.0   53.497 -130.605     73.7    966.0
     1     1    15    10    16    10     0     0   -32.0   53.379 -130.303     68.1    964.7
     1     1    15    10    16     9     0     0   -33.0   53.284 -130.026     62.9    963.5
     1     1    15    10    16     8     0     0   -34.0   53.213 -129.774     58.3    961.2
     1     1    15    10    16     7     0     0   -35.0   53.166 -129.543     54.6    958.6
     1     1    15    10    16     6     0     0   -36.0   53.142 -129.335     51.6    955.9
     1     1    15    10    16     5     0     0   -37.0   53.131 -129.144     49.8    953.7
     1     1    15    10    16     4     0     0   -38.0   53.123 -128.962     49.6    951.4
     1     1    15    10    16     3     0     0   -39.0   53.117 -128.790     51.1    949.1
     1     1    15    10    16     2     0     0   -40.0   53.109 -128.626     54.5    946.8
     1     1    15    10    16     1     0     0   -41.0   53.099 -128.468     60.2    944.5
     1     1    15    10    16     0     0     0   -42.0   53.085 -128.316     68.7    942.1
     1     1    15    10    15    23     0     0   -43.0   53.066 -128.164     79.6    938.5
     1     1    15    10    15    22     0     0   -44.0   53.044 -128.007     92.1    934.6
     1     1    15    10    15    21     0     0   -45.0   53.018 -127.844    106.5    930.4
     1     1    15    10    15    20     0     0   -46.0   52.990 -127.673    122.9    926.0
     1     1    15    10    15    19     0     0   -47.0   52.965 -127.492    141.4    921.3
     1     1    15    10    15    18     0     0   -48.0   52.943 -127.303    161.2    916.9
     1     1    15    10    15    17     0     0   -49.0   52.919 -127.106    182.4    912.8
     1     1    15    10    15    16     0     0   -50.0   52.887 -126.906    206.0    908.1
     1     1    15    10    15    15     0     0   -51.0   52.847 -126.706    231.3    902.8
     1     1    15    10    15    14     0     0   -52.0   52.801 -126.507    258.4    897.6
     1     1    15    10    15    13     0     0   -53.0   52.748 -126.307    288.0    892.3
     1     1    15    10    15    12     0     0   -54.0   52.688 -126.107    320.8    886.7
     1     1    15    10    15    11     0     0   -55.0   52.623 -125.910    356.7    880.7
     1     1    15    10    15    10     0     0   -56.0   52.560 -125.725    395.2    874.2
     1     1    15    10    15     9     0     0   -57.0   52.499 -125.551    436.5    867.2
     1     1    15    10    15     8     0     0   -58.0   52.444 -125.387    481.3    860.6
     1     1    15    10    15     7     0     0   -59.0   52.396 -125.230    529.9    853.9
     1     1    15    10    15     6     0     0   -60.0   52.358 -125.078    582.7    846.9
     1     1    15    10    15     5     0     0   -61.0   52.327 -124.949    640.7    839.5
     1     1    15    10    15     4     0     0   -62.0   52.303 -124.868    703.5    832.0
     1     1    15    10    15     3     0     0   -63.0   52.287 -124.837    770.1    825.0
     1     1    15    10    15     2     0     0   -64.0   52.277 -124.857    840.5    818.4
     1     1    15    10    15     1     0     0   -65.0   52.274 -124.926    914.9    812.0
     1     1    15    10    15     0     0     0   -66.0   52.277 -125.046    993.3    805.4
     1     1    15    10    14    23     0     0   -67.0   52.290 -125.201   1070.3    799.5
     1     1    15    10    14    22     0     0   -68.0   52.316 -125.369   1138.5    795.2
     1     1    15    10    14    21     0     0   -69.0   52.354 -125.548   1198.0    792.0
     1     1    15    10    14    20     0     0   -70.0   52.403 -125.734   1248.8    789.5
     1     1    15    10    14    19     0     0   -71.0   52.463 -125.926   1290.9    787.5
     1     1    15    10    14    18     0     0   -72.0   52.534 -126.121   1324.7    786.4
