     1     1
    CDC1    15    12     1     0     0
     1 BACKWARD OMEGA   
    15    12     7    12   60.984 -139.059   750.0
     1 PRESSURE
     1     1    15    12     7    12     0     0     0.0   60.984 -139.059    750.0    788.6
     1     1    15    12     7    11     0     0    -1.0   60.941 -139.108    746.1    789.3
     1     1    15    12     7    10     0     0    -2.0   60.895 -139.122    741.4    790.1
     1     1    15    12     7     9     0     0    -3.0   60.846 -139.100    735.9    791.0
     1     1    15    12     7     8     0     0    -4.0   60.793 -139.042    729.4    792.0
     1     1    15    12     7     7     0     0    -5.0   60.734 -138.948    721.9    793.1
     1     1    15    12     7     6     0     0    -6.0   60.668 -138.820    713.5    794.4
     1     1    15    12     7     5     0     0    -7.0   60.601 -138.666    705.8    796.3
     1     1    15    12     7     4     0     0    -8.0   60.540 -138.497    700.4    797.7
     1     1    15    12     7     3     0     0    -9.0   60.484 -138.314    697.3    798.8
     1     1    15    12     7     2     0     0   -10.0   60.435 -138.118    696.5    799.5
     1     1    15    12     7     1     0     0   -11.0   60.393 -137.909    697.9    799.8
     1     1    15    12     7     0     0     0   -12.0   60.358 -137.688    701.5    799.7
     1     1    15    12     6    23     0     0   -13.0   60.320 -137.451    707.3    799.6
     1     1    15    12     6    22     0     0   -14.0   60.270 -137.194    714.4    799.3
     1     1    15    12     6    21     0     0   -15.0   60.205 -136.917    723.3    798.8
     1     1    15    12     6    20     0     0   -16.0   60.123 -136.617    734.1    798.3
     1     1    15    12     6    19     0     0   -17.0   60.022 -136.294    747.2    797.7
     1     1    15    12     6    18     0     0   -18.0   59.899 -135.944    762.7    798.2
     1     1    15    12     6    17     0     0   -19.0   59.758 -135.566    774.9    799.3
     1     1    15    12     6    16     0     0   -20.0   59.600 -135.154    778.9    801.9
     1     1    15    12     6    15     0     0   -21.0   59.423 -134.705    773.2    804.3
     1     1    15    12     6    14     0     0   -22.0   59.220 -134.223    757.4    806.8
     1     1    15    12     6    13     0     0   -23.0   58.987 -133.706    731.9    809.9
     1     1    15    12     6    12     0     0   -24.0   58.715 -133.148    696.6    813.4
     1     1    15    12     6    11     0     0   -25.0   58.414 -132.571    657.1    817.5
     1     1    15    12     6    10     0     0   -26.0   58.105 -132.012    620.3    819.5
     1     1    15    12     6     9     0     0   -27.0   57.799 -131.484    586.2    819.4
     1     1    15    12     6     8     0     0   -28.0   57.500 -130.982    553.3    817.7
     1     1    15    12     6     7     0     0   -29.0   57.210 -130.514    520.7    819.1
     1     1    15    12     6     6     0     0   -30.0   56.938 -130.087    486.6    821.0
     1     1    15    12     6     5     0     0   -31.0   56.680 -129.699    454.6    826.7
     1     1    15    12     6     4     0     0   -32.0   56.434 -129.343    426.7    831.9
     1     1    15    12     6     3     0     0   -33.0   56.198 -129.000    403.1    836.3
     1     1    15    12     6     2     0     0   -34.0   55.968 -128.655    384.1    839.6
     1     1    15    12     6     1     0     0   -35.0   55.737 -128.290    370.3    841.8
     1     1    15    12     6     0     0     0   -36.0   55.493 -127.891    363.0    842.4
     1     1    15    12     5    23     0     0   -37.0   55.210 -127.471    357.4    842.0
     1     1    15    12     5    22     0     0   -38.0   54.878 -127.068    348.6    846.7
     1     1    15    12     5    21     0     0   -39.0   54.519 -126.706    333.2    851.0
     1     1    15    12     5    20     0     0   -40.0   54.148 -126.391    308.3    855.8
     1     1    15    12     5    19     0     0   -41.0   53.770 -126.113    273.5    861.2
     1     1    15    12     5    18     0     0   -42.0   53.393 -125.858    230.0    867.3
     1     1    15    12     5    17     0     0   -43.0   53.041 -125.604    186.3    873.2
     1     1    15    12     5    16     0     0   -44.0   52.727 -125.337    149.1    875.6
     1     1    15    12     5    15     0     0   -45.0   52.455 -125.065    119.3    877.1
     1     1    15    12     5    14     0     0   -46.0   52.215 -124.797     96.4    880.4
     1     1    15    12     5    13     0     0   -47.0   51.991 -124.541     77.7    883.4
     1     1    15    12     5    12     0     0   -48.0   51.782 -124.295     62.0    885.4
     1     1    15    12     5    11     0     0   -49.0   51.584 -124.086     47.5    887.0
     1     1    15    12     5    10     0     0   -50.0   51.399 -123.935     33.7    889.4
     1     1    15    12     5     9     0     0   -51.0   51.234 -123.834     22.1    892.3
     1     1    15    12     5     8     0     0   -52.0   51.090 -123.778     13.8    895.5
     1     1    15    12     5     7     0     0   -53.0   50.957 -123.766      7.6    898.0
     1     1    15    12     5     6     0     0   -54.0   50.831 -123.797      2.5    900.7
     1     1    15    12     5     5     0     0   -55.0   50.698 -123.835      0.0    903.1
     1     1    15    12     5     4     0     0   -56.0   50.553 -123.848      0.0    905.4
     1     1    15    12     5     3     0     0   -57.0   50.400 -123.840      0.0    907.5
     1     1    15    12     5     2     0     0   -58.0   50.243 -123.815      0.0    909.4
     1     1    15    12     5     1     0     0   -59.0   50.088 -123.776      0.0    911.1
     1     1    15    12     5     0     0     0   -60.0   49.934 -123.730      0.0    913.7
     1     1    15    12     4    23     0     0   -61.0   49.784 -123.690      0.0    917.5
     1     1    15    12     4    22     0     0   -62.0   49.640 -123.666      0.0    921.5
     1     1    15    12     4    21     0     0   -63.0   49.502 -123.657      0.0    925.5
     1     1    15    12     4    20     0     0   -64.0   49.370 -123.664      0.0    929.6
     1     1    15    12     4    19     0     0   -65.0   49.244 -123.686      0.0    933.6
     1     1    15    12     4    18     0     0   -66.0   49.123 -123.724      0.0    937.7
     1     1    15    12     4    17     0     0   -67.0   49.005 -123.778      0.0    941.4
     1     1    15    12     4    16     0     0   -68.0   48.882 -123.850      0.0    945.3
     1     1    15    12     4    15     0     0   -69.0   48.753 -123.940      0.0    949.8
     1     1    15    12     4    14     0     0   -70.0   48.619 -124.050      0.0    954.6
     1     1    15    12     4    13     0     0   -71.0   48.476 -124.179      0.0    959.9
     1     1    15    12     4    12     0     0   -72.0   48.326 -124.329      0.0    965.8
