     1     1
    CDC1    16     4     1     0     0
     1 BACKWARD OMEGA   
    16     4     7    12   60.984 -139.059   750.0
     1 PRESSURE
     1     1    16     4     7    12     0     0     0.0   60.984 -139.059    750.0    811.6
     1     1    16     4     7    11     0     0    -1.0   60.826 -138.736    713.2    818.1
     1     1    16     4     7    10     0     0    -2.0   60.660 -138.446    676.1    825.3
     1     1    16     4     7     9     0     0    -3.0   60.488 -138.183    640.7    832.5
     1     1    16     4     7     8     0     0    -4.0   60.312 -137.943    609.4    839.5
     1     1    16     4     7     7     0     0    -5.0   60.136 -137.721    584.3    845.3
     1     1    16     4     7     6     0     0    -6.0   59.965 -137.518    567.8    850.8
     1     1    16     4     7     5     0     0    -7.0   59.801 -137.337    556.7    856.1
     1     1    16     4     7     4     0     0    -8.0   59.646 -137.181    547.4    861.4
     1     1    16     4     7     3     0     0    -9.0   59.498 -137.047    540.1    866.3
     1     1    16     4     7     2     0     0   -10.0   59.359 -136.934    534.8    870.9
     1     1    16     4     7     1     0     0   -11.0   59.226 -136.837    531.8    875.1
     1     1    16     4     7     0     0     0   -12.0   59.101 -136.756    531.3    879.0
     1     1    16     4     6    23     0     0   -13.0   58.973 -136.702    530.5    882.4
     1     1    16     4     6    22     0     0   -14.0   58.833 -136.683    526.0    887.0
     1     1    16     4     6    21     0     0   -15.0   58.682 -136.693    517.3    892.7
     1     1    16     4     6    20     0     0   -16.0   58.520 -136.729    504.3    899.4
     1     1    16     4     6    19     0     0   -17.0   58.350 -136.786    486.9    907.1
     1     1    16     4     6    18     0     0   -18.0   58.172 -136.863    465.2    915.9
     1     1    16     4     6    17     0     0   -19.0   57.991 -136.945    439.3    924.7
     1     1    16     4     6    16     0     0   -20.0   57.812 -137.024    410.0    934.1
     1     1    16     4     6    15     0     0   -21.0   57.635 -137.105    379.1    943.8
     1     1    16     4     6    14     0     0   -22.0   57.460 -137.193    347.7    952.1
     1     1    16     4     6    13     0     0   -23.0   57.286 -137.289    316.7    957.8
     1     1    16     4     6    12     0     0   -24.0   57.114 -137.397    287.1    963.5
     1     1    16     4     6    11     0     0   -25.0   56.939 -137.512    260.1    969.3
     1     1    16     4     6    10     0     0   -26.0   56.756 -137.633    235.4    974.6
     1     1    16     4     6     9     0     0   -27.0   56.564 -137.763    212.5    979.8
     1     1    16     4     6     8     0     0   -28.0   56.361 -137.906    191.2    984.7
     1     1    16     4     6     7     0     0   -29.0   56.146 -138.068    171.6    989.0
     1     1    16     4     6     6     0     0   -30.0   55.919 -138.256    153.9    993.2
     1     1    16     4     6     5     0     0   -31.0   55.680 -138.478    138.0    996.8
     1     1    16     4     6     4     0     0   -32.0   55.432 -138.743    123.8   1000.0
     1     1    16     4     6     3     0     0   -33.0   55.173 -139.047    111.5   1002.7
     1     1    16     4     6     2     0     0   -34.0   54.900 -139.383    101.1   1003.8
     1     1    16     4     6     1     0     0   -35.0   54.618 -139.740     92.9   1002.7
     1     1    16     4     6     0     0     0   -36.0   54.328 -140.111     87.5   1001.6
     1     1    16     4     5    23     0     0   -37.0   54.036 -140.495     84.0   1000.8
     1     1    16     4     5    22     0     0   -38.0   53.751 -140.889     81.3   1000.2
     1     1    16     4     5    21     0     0   -39.0   53.467 -141.297     79.3    999.7
     1     1    16     4     5    20     0     0   -40.0   53.182 -141.719     78.1    999.5
     1     1    16     4     5    19     0     0   -41.0   52.893 -142.156     77.7    999.3
     1     1    16     4     5    18     0     0   -42.0   52.595 -142.605     78.5    999.2
     1     1    16     4     5    17     0     0   -43.0   52.296 -143.062     80.6    998.9
     1     1    16     4     5    16     0     0   -44.0   52.007 -143.518     83.5    998.4
     1     1    16     4     5    15     0     0   -45.0   51.731 -143.977     87.3    997.5
     1     1    16     4     5    14     0     0   -46.0   51.469 -144.442     92.4    996.2
     1     1    16     4     5    13     0     0   -47.0   51.221 -144.917     98.9    994.5
     1     1    16     4     5    12     0     0   -48.0   50.982 -145.406    106.9    992.2
     1     1    16     4     5    11     0     0   -49.0   50.742 -145.902    115.7    989.8
     1     1    16     4     5    10     0     0   -50.0   50.498 -146.395    125.0    987.4
     1     1    16     4     5     9     0     0   -51.0   50.248 -146.884    134.2    985.1
     1     1    16     4     5     8     0     0   -52.0   49.993 -147.364    142.8    982.9
     1     1    16     4     5     7     0     0   -53.0   49.730 -147.835    151.3    981.3
     1     1    16     4     5     6     0     0   -54.0   49.460 -148.295    160.8    980.0
     1     1    16     4     5     5     0     0   -55.0   49.182 -148.749    171.5    978.7
     1     1    16     4     5     4     0     0   -56.0   48.900 -149.198    182.7    977.4
     1     1    16     4     5     3     0     0   -57.0   48.622 -149.644    194.3    976.2
     1     1    16     4     5     2     0     0   -58.0   48.352 -150.090    206.1    974.7
     1     1    16     4     5     1     0     0   -59.0   48.088 -150.543    217.7    973.0
     1     1    16     4     5     0     0     0   -60.0   47.827 -151.007    228.6    971.6
     1     1    16     4     4    23     0     0   -61.0   47.564 -151.476    239.4    970.7
     1     1    16     4     4    22     0     0   -62.0   47.296 -151.941    250.0    970.1
     1     1    16     4     4    21     0     0   -63.0   47.028 -152.403    260.3    969.3
     1     1    16     4     4    20     0     0   -64.0   46.765 -152.863    270.1    967.9
     1     1    16     4     4    19     0     0   -65.0   46.508 -153.327    279.7    966.3
     1     1    16     4     4    18     0     0   -66.0   46.260 -153.793    289.0    964.6
     1     1    16     4     4    17     0     0   -67.0   46.015 -154.281    298.0    963.0
     1     1    16     4     4    16     0     0   -68.0   45.768 -154.807    307.1    961.3
     1     1    16     4     4    15     0     0   -69.0   45.520 -155.369    316.8    960.0
     1     1    16     4     4    14     0     0   -70.0   45.268 -155.969    327.6    958.7
     1     1    16     4     4    13     0     0   -71.0   45.009 -156.608    339.9    957.5
     1     1    16     4     4    12     0     0   -72.0   44.744 -157.275    353.4    956.3
