     1     1
    CDC1    16     1     1     0     0
     1 BACKWARD OMEGA   
    16     1    14     0   60.984 -139.059   750.0
     1 PRESSURE
     1     1    16     1    14     0     0     0     0.0   60.984 -139.059    750.0    795.6
     1     1    16     1    13    23     0     0    -1.0   60.804 -138.719    756.2    797.1
     1     1    16     1    13    22     0     0    -2.0   60.615 -138.371    762.0    798.8
     1     1    16     1    13    21     0     0    -3.0   60.415 -138.013    766.9    800.6
     1     1    16     1    13    20     0     0    -4.0   60.207 -137.641    770.4    802.7
     1     1    16     1    13    19     0     0    -5.0   59.991 -137.257    771.9    804.8
     1     1    16     1    13    18     0     0    -6.0   59.774 -136.881    771.3    809.6
     1     1    16     1    13    17     0     0    -7.0   59.561 -136.521    768.8    814.4
     1     1    16     1    13    16     0     0    -8.0   59.353 -136.165    765.7    818.8
     1     1    16     1    13    15     0     0    -9.0   59.148 -135.807    761.5    822.9
     1     1    16     1    13    14     0     0   -10.0   58.942 -135.440    756.0    826.9
     1     1    16     1    13    13     0     0   -11.0   58.735 -135.060    749.1    830.7
     1     1    16     1    13    12     0     0   -12.0   58.525 -134.667    740.0    832.6
     1     1    16     1    13    11     0     0   -13.0   58.307 -134.276    727.4    834.4
     1     1    16     1    13    10     0     0   -14.0   58.073 -133.902    709.1    836.9
     1     1    16     1    13     9     0     0   -15.0   57.823 -133.539    684.4    840.1
     1     1    16     1    13     8     0     0   -16.0   57.556 -133.184    652.4    844.0
     1     1    16     1    13     7     0     0   -17.0   57.275 -132.846    612.9    849.4
     1     1    16     1    13     6     0     0   -18.0   56.989 -132.541    568.3    855.7
     1     1    16     1    13     5     0     0   -19.0   56.698 -132.249    523.8    862.4
     1     1    16     1    13     4     0     0   -20.0   56.392 -131.949    483.3    868.6
     1     1    16     1    13     3     0     0   -21.0   56.068 -131.632    446.5    874.7
     1     1    16     1    13     2     0     0   -22.0   55.725 -131.289    413.1    880.7
     1     1    16     1    13     1     0     0   -23.0   55.362 -130.911    382.9    886.4
     1     1    16     1    13     0     0     0   -24.0   54.984 -130.496    355.3    891.0
     1     1    16     1    12    23     0     0   -25.0   54.598 -130.085    328.9    894.6
     1     1    16     1    12    22     0     0   -26.0   54.208 -129.710    302.9    899.3
     1     1    16     1    12    21     0     0   -27.0   53.811 -129.360    275.6    904.6
     1     1    16     1    12    20     0     0   -28.0   53.409 -129.027    245.2    910.4
     1     1    16     1    12    19     0     0   -29.0   53.006 -128.701    210.2    916.9
     1     1    16     1    12    18     0     0   -30.0   52.598 -128.371    168.5    923.3
     1     1    16     1    12    17     0     0   -31.0   52.194 -128.032    126.3    929.6
     1     1    16     1    12    16     0     0   -32.0   51.813 -127.684     91.8    934.8
     1     1    16     1    12    15     0     0   -33.0   51.475 -127.329     66.5    938.3
     1     1    16     1    12    14     0     0   -34.0   51.183 -126.977     48.6    939.6
     1     1    16     1    12    13     0     0   -35.0   50.929 -126.632     35.3    940.2
     1     1    16     1    12    12     0     0   -36.0   50.711 -126.290     25.4    940.3
     1     1    16     1    12    11     0     0   -37.0   50.527 -125.973     17.2    939.4
     1     1    16     1    12    10     0     0   -38.0   50.378 -125.697     11.2    938.8
     1     1    16     1    12     9     0     0   -39.0   50.254 -125.465      5.9    937.1
     1     1    16     1    12     8     0     0   -40.0   50.147 -125.278      0.3    935.9
     1     1    16     1    12     7     0     0   -41.0   50.052 -125.137      0.0    935.3
     1     1    16     1    12     6     0     0   -42.0   49.967 -125.039      0.0    935.7
     1     1    16     1    12     5     0     0   -43.0   49.886 -124.947      0.0    936.5
     1     1    16     1    12     4     0     0   -44.0   49.806 -124.827      0.0    937.0
     1     1    16     1    12     3     0     0   -45.0   49.728 -124.680      0.0    937.1
     1     1    16     1    12     2     0     0   -46.0   49.651 -124.508      0.0    936.8
     1     1    16     1    12     1     0     0   -47.0   49.575 -124.313      0.0    936.2
     1     1    16     1    12     0     0     0   -48.0   49.501 -124.098      0.0    935.3
     1     1    16     1    11    23     0     0   -49.0   49.428 -123.873      0.0    934.5
     1     1    16     1    11    22     0     0   -50.0   49.360 -123.653      0.0    933.7
     1     1    16     1    11    21     0     0   -51.0   49.300 -123.440      0.0    932.8
     1     1    16     1    11    20     0     0   -52.0   49.251 -123.236      0.0    931.6
     1     1    16     1    11    19     0     0   -53.0   49.217 -123.042      0.0    930.2
     1     1    16     1    11    18     0     0   -54.0   49.201 -122.861      0.0    928.4
     1     1    16     1    11    17     0     0   -55.0   49.200 -122.689      0.0    926.1
     1     1    16     1    11    16     0     0   -56.0   49.212 -122.521      0.0    923.4
     1     1    16     1    11    15     0     0   -57.0   49.229 -122.354      0.0    920.6
     1     1    16     1    11    14     0     0   -58.0   49.243 -122.183      0.0    918.0
     1     1    16     1    11    13     0     0   -59.0   49.254 -122.006      0.0    915.4
     1     1    16     1    11    12     0     0   -60.0   49.261 -121.823      0.3    912.9
     1     1    16     1    11    11     0     0   -61.0   49.260 -121.642      0.9    910.7
     1     1    16     1    11    10     0     0   -62.0   49.249 -121.470      1.6    909.0
     1     1    16     1    11     9     0     0   -63.0   49.225 -121.309      2.2    907.8
     1     1    16     1    11     8     0     0   -64.0   49.189 -121.156      2.7    907.1
     1     1    16     1    11     7     0     0   -65.0   49.139 -121.013      3.1    907.0
     1     1    16     1    11     6     0     0   -66.0   49.073 -120.878      3.3    907.6
     1     1    16     1    11     5     0     0   -67.0   49.000 -120.753      3.5    908.6
     1     1    16     1    11     4     0     0   -68.0   48.927 -120.638      3.9    909.8
     1     1    16     1    11     3     0     0   -69.0   48.857 -120.534      4.5    911.1
     1     1    16     1    11     2     0     0   -70.0   48.791 -120.443      5.1    912.3
     1     1    16     1    11     1     0     0   -71.0   48.732 -120.363      5.9    913.5
     1     1    16     1    11     0     0     0   -72.0   48.681 -120.298      6.8    914.7
