     1     1
    CDC1    16     2     1     0     0
     1 BACKWARD OMEGA   
    16     2    25    18   60.984 -139.059   750.0
     1 PRESSURE
     1     1    16     2    25    18     0     0     0.0   60.984 -139.059    750.0    804.6
     1     1    16     2    25    17     0     0    -1.0   60.708 -139.144    744.2    809.5
     1     1    16     2    25    16     0     0    -2.0   60.405 -139.159    728.8    816.1
     1     1    16     2    25    15     0     0    -3.0   60.076 -139.104    700.8    824.4
     1     1    16     2    25    14     0     0    -4.0   59.726 -138.983    660.1    838.9
     1     1    16     2    25    13     0     0    -5.0   59.364 -138.802    608.4    856.3
     1     1    16     2    25    12     0     0    -6.0   58.998 -138.574    549.3    873.7
     1     1    16     2    25    11     0     0    -7.0   58.633 -138.307    485.9    891.4
     1     1    16     2    25    10     0     0    -8.0   58.271 -138.009    420.2    909.9
     1     1    16     2    25     9     0     0    -9.0   57.911 -137.684    356.4    927.9
     1     1    16     2    25     8     0     0   -10.0   57.549 -137.339    298.0    944.2
     1     1    16     2    25     7     0     0   -11.0   57.177 -136.984    245.5    953.6
     1     1    16     2    25     6     0     0   -12.0   56.795 -136.625    199.2    962.8
     1     1    16     2    25     5     0     0   -13.0   56.409 -136.231    160.2    970.8
     1     1    16     2    25     4     0     0   -14.0   56.024 -135.775    128.5    978.9
     1     1    16     2    25     3     0     0   -15.0   55.637 -135.260    103.3    987.4
     1     1    16     2    25     2     0     0   -16.0   55.244 -134.695     83.9    993.9
     1     1    16     2    25     1     0     0   -17.0   54.845 -134.093     70.0    995.2
     1     1    16     2    25     0     0     0   -18.0   54.443 -133.477     61.1    993.9
     1     1    16     2    24    23     0     0   -19.0   54.054 -132.887     55.4    994.8
     1     1    16     2    24    22     0     0   -20.0   53.692 -132.350     51.3    995.6
     1     1    16     2    24    21     0     0   -21.0   53.357 -131.875     47.5    993.7
     1     1    16     2    24    20     0     0   -22.0   53.046 -131.461     43.6    993.3
     1     1    16     2    24    19     0     0   -23.0   52.754 -131.100     39.7    993.9
     1     1    16     2    24    18     0     0   -24.0   52.477 -130.783     35.9    995.1
     1     1    16     2    24    17     0     0   -25.0   52.206 -130.483     32.6    994.3
     1     1    16     2    24    16     0     0   -26.0   51.937 -130.174     29.7    994.0
     1     1    16     2    24    15     0     0   -27.0   51.670 -129.851     27.4    992.7
     1     1    16     2    24    14     0     0   -28.0   51.407 -129.515     25.5    990.0
     1     1    16     2    24    13     0     0   -29.0   51.150 -129.165     24.2    987.3
     1     1    16     2    24    12     0     0   -30.0   50.899 -128.798     23.3    984.6
     1     1    16     2    24    11     0     0   -31.0   50.662 -128.434     22.8    982.3
     1     1    16     2    24    10     0     0   -32.0   50.446 -128.093     22.6    980.4
     1     1    16     2    24     9     0     0   -33.0   50.250 -127.775     22.5    978.9
     1     1    16     2    24     8     0     0   -34.0   50.073 -127.479     22.2    977.6
     1     1    16     2    24     7     0     0   -35.0   49.915 -127.215     22.0    975.5
     1     1    16     2    24     6     0     0   -36.0   49.776 -126.988     22.1    974.0
     1     1    16     2    24     5     0     0   -37.0   49.654 -126.777     22.6    972.7
     1     1    16     2    24     4     0     0   -38.0   49.546 -126.562     23.8    971.2
     1     1    16     2    24     3     0     0   -39.0   49.451 -126.340     25.8    969.5
     1     1    16     2    24     2     0     0   -40.0   49.368 -126.109     29.2    967.5
     1     1    16     2    24     1     0     0   -41.0   49.293 -125.864     34.7    965.1
     1     1    16     2    24     0     0     0   -42.0   49.223 -125.602     43.7    962.2
     1     1    16     2    23    23     0     0   -43.0   49.157 -125.318     57.4    959.6
     1     1    16     2    23    22     0     0   -44.0   49.093 -125.015     77.3    956.4
     1     1    16     2    23    21     0     0   -45.0   49.036 -124.698    101.6    950.4
     1     1    16     2    23    20     0     0   -46.0   48.990 -124.379    128.2    944.6
     1     1    16     2    23    19     0     0   -47.0   48.956 -124.059    157.8    938.5
     1     1    16     2    23    18     0     0   -48.0   48.932 -123.743    191.3    932.1
     1     1    16     2    23    17     0     0   -49.0   48.912 -123.448    226.9    924.3
     1     1    16     2    23    16     0     0   -50.0   48.891 -123.185    262.6    917.4
     1     1    16     2    23    15     0     0   -51.0   48.866 -122.949    298.4    911.2
     1     1    16     2    23    14     0     0   -52.0   48.837 -122.734    334.3    905.7
     1     1    16     2    23    13     0     0   -53.0   48.803 -122.535    369.9    900.8
     1     1    16     2    23    12     0     0   -54.0   48.767 -122.350    404.4    895.8
     1     1    16     2    23    11     0     0   -55.0   48.735 -122.179    439.2    890.9
     1     1    16     2    23    10     0     0   -56.0   48.717 -122.021    476.8    885.4
     1     1    16     2    23     9     0     0   -57.0   48.713 -121.876    517.5    879.5
     1     1    16     2    23     8     0     0   -58.0   48.726 -121.745    561.9    873.0
     1     1    16     2    23     7     0     0   -59.0   48.757 -121.627    610.6    865.8
     1     1    16     2    23     6     0     0   -60.0   48.805 -121.526    664.0    857.0
     1     1    16     2    23     5     0     0   -61.0   48.864 -121.448    718.9    847.7
     1     1    16     2    23     4     0     0   -62.0   48.925 -121.394    770.7    839.7
     1     1    16     2    23     3     0     0   -63.0   48.988 -121.363    819.8    832.4
     1     1    16     2    23     2     0     0   -64.0   49.052 -121.352    866.2    825.7
     1     1    16     2    23     1     0     0   -65.0   49.118 -121.361    909.9    819.4
     1     1    16     2    23     0     0     0   -66.0   49.186 -121.388    950.9    813.2
     1     1    16     2    22    23     0     0   -67.0   49.254 -121.439    984.3    807.6
     1     1    16     2    22    22     0     0   -68.0   49.321 -121.517   1004.5    804.3
     1     1    16     2    22    21     0     0   -69.0   49.384 -121.621   1010.9    802.9
     1     1    16     2    22    20     0     0   -70.0   49.444 -121.750   1003.0    803.5
     1     1    16     2    22    19     0     0   -71.0   49.499 -121.902    980.3    806.2
     1     1    16     2    22    18     0     0   -72.0   49.547 -122.079    942.9    811.0
