     1     1
    CDC1    15    10     1     0     0
     1 BACKWARD OMEGA   
    15    10     6    18   60.984 -139.059   750.0
     1 PRESSURE
     1     1    15    10     6    18     0     0     0.0   60.984 -139.059    750.0    811.3
     1     1    15    10     6    17     0     0    -1.0   60.910 -139.198    751.4    812.9
     1     1    15    10     6    16     0     0    -2.0   60.837 -139.311    756.5    813.8
     1     1    15    10     6    15     0     0    -3.0   60.768 -139.395    764.8    814.4
     1     1    15    10     6    14     0     0    -4.0   60.701 -139.452    776.0    814.6
     1     1    15    10     6    13     0     0    -5.0   60.636 -139.480    789.7    814.5
     1     1    15    10     6    12     0     0    -6.0   60.573 -139.480    806.0    814.0
     1     1    15    10     6    11     0     0    -7.0   60.516 -139.469    820.5    813.4
     1     1    15    10     6    10     0     0    -8.0   60.468 -139.462    828.8    813.7
     1     1    15    10     6     9     0     0    -9.0   60.430 -139.458    830.9    814.4
     1     1    15    10     6     8     0     0   -10.0   60.400 -139.456    826.9    815.6
     1     1    15    10     6     7     0     0   -11.0   60.379 -139.455    816.8    817.2
     1     1    15    10     6     6     0     0   -12.0   60.367 -139.457    800.9    819.3
     1     1    15    10     6     5     0     0   -13.0   60.359 -139.450    783.4    821.9
     1     1    15    10     6     4     0     0   -14.0   60.347 -139.424    768.3    823.9
     1     1    15    10     6     3     0     0   -15.0   60.333 -139.376    755.6    825.7
     1     1    15    10     6     2     0     0   -16.0   60.315 -139.309    745.4    827.3
     1     1    15    10     6     1     0     0   -17.0   60.295 -139.221    737.8    828.6
     1     1    15    10     6     0     0     0   -18.0   60.273 -139.115    732.8    829.7
     1     1    15    10     5    23     0     0   -19.0   60.253 -139.005    729.2    830.3
     1     1    15    10     5    22     0     0   -20.0   60.240 -138.904    725.7    831.0
     1     1    15    10     5    21     0     0   -21.0   60.232 -138.812    722.2    831.5
     1     1    15    10     5    20     0     0   -22.0   60.229 -138.730    718.6    832.0
     1     1    15    10     5    19     0     0   -23.0   60.231 -138.657    714.8    832.4
     1     1    15    10     5    18     0     0   -24.0   60.237 -138.592    710.8    832.8
     1     1    15    10     5    17     0     0   -25.0   60.248 -138.527    706.5    833.1
     1     1    15    10     5    16     0     0   -26.0   60.267 -138.451    702.2    833.3
     1     1    15    10     5    15     0     0   -27.0   60.292 -138.366    698.0    833.4
     1     1    15    10     5    14     0     0   -28.0   60.325 -138.274    693.8    833.3
     1     1    15    10     5    13     0     0   -29.0   60.366 -138.175    689.8    833.1
     1     1    15    10     5    12     0     0   -30.0   60.416 -138.072    686.1    832.8
     1     1    15    10     5    11     0     0   -31.0   60.472 -137.979    684.4    832.2
     1     1    15    10     5    10     0     0   -32.0   60.530 -137.910    686.4    831.0
     1     1    15    10     5     9     0     0   -33.0   60.591 -137.864    691.6    829.4
     1     1    15    10     5     8     0     0   -34.0   60.654 -137.840    699.7    827.5
     1     1    15    10     5     7     0     0   -35.0   60.719 -137.837    710.5    825.3
     1     1    15    10     5     6     0     0   -36.0   60.787 -137.853    723.6    822.9
     1     1    15    10     5     5     0     0   -37.0   60.857 -137.890    738.7    820.5
     1     1    15    10     5     4     0     0   -38.0   60.927 -137.950    755.5    818.0
     1     1    15    10     5     3     0     0   -39.0   60.999 -138.035    774.3    815.3
     1     1    15    10     5     2     0     0   -40.0   61.071 -138.145    795.3    812.4
     1     1    15    10     5     1     0     0   -41.0   61.143 -138.281    818.9    809.3
     1     1    15    10     5     0     0     0   -42.0   61.217 -138.444    845.0    805.9
     1     1    15    10     4    23     0     0   -43.0   61.298 -138.633    872.8    801.8
     1     1    15    10     4    22     0     0   -44.0   61.394 -138.850    901.6    797.4
     1     1    15    10     4    21     0     0   -45.0   61.506 -139.096    931.1    792.4
     1     1    15    10     4    20     0     0   -46.0   61.634 -139.370    961.2    787.2
     1     1    15    10     4    19     0     0   -47.0   61.777 -139.670    991.5    781.8
     1     1    15    10     4    18     0     0   -48.0   61.937 -139.997   1022.2    776.1
     1     1    15    10     4    17     0     0   -49.0   62.101 -140.363   1051.1    770.8
     1     1    15    10     4    16     0     0   -50.0   62.254 -140.784   1077.3    766.3
     1     1    15    10     4    15     0     0   -51.0   62.397 -141.262   1100.2    762.2
     1     1    15    10     4    14     0     0   -52.0   62.528 -141.799   1120.4    759.8
     1     1    15    10     4    13     0     0   -53.0   62.646 -142.396   1138.9    761.5
     1     1    15    10     4    12     0     0   -54.0   62.748 -143.045   1154.5    764.4
     1     1    15    10     4    11     0     0   -55.0   62.838 -143.719   1166.5    767.5
     1     1    15    10     4    10     0     0   -56.0   62.924 -144.391   1174.4    771.0
     1     1    15    10     4     9     0     0   -57.0   63.007 -145.065   1176.2    775.0
     1     1    15    10     4     8     0     0   -58.0   63.083 -145.738   1170.3    780.9
     1     1    15    10     4     7     0     0   -59.0   63.148 -146.408   1154.2    787.3
     1     1    15    10     4     6     0     0   -60.0   63.202 -147.075   1126.2    794.7
     1     1    15    10     4     5     0     0   -61.0   63.229 -147.723   1089.6    803.2
     1     1    15    10     4     4     0     0   -62.0   63.219 -148.335   1049.9    811.1
     1     1    15    10     4     3     0     0   -63.0   63.171 -148.905   1009.3    818.4
     1     1    15    10     4     2     0     0   -64.0   63.087 -149.431    968.8    825.1
     1     1    15    10     4     1     0     0   -65.0   62.969 -149.911    929.3    831.1
     1     1    15    10     4     0     0     0   -66.0   62.818 -150.346    891.6    835.9
     1     1    15    10     3    23     0     0   -67.0   62.639 -150.740    852.4    840.0
     1     1    15    10     3    22     0     0   -68.0   62.435 -151.096    807.5    846.5
     1     1    15    10     3    21     0     0   -69.0   62.215 -151.409    758.5    856.9
     1     1    15    10     3    20     0     0   -70.0   61.983 -151.679    704.5    867.6
     1     1    15    10     3    19     0     0   -71.0   61.743 -151.907    645.6    878.7
     1     1    15    10     3    18     0     0   -72.0   61.496 -152.090    581.9    889.7
