     1     1
    CDC1    16     1     1     0     0
     1 BACKWARD OMEGA   
    16     1    22     0   60.984 -139.059   750.0
     1 PRESSURE
     1     1    16     1    22     0     0     0     0.0   60.984 -139.059    750.0    791.9
     1     1    16     1    21    23     0     0    -1.0   60.740 -138.584    704.2    800.4
     1     1    16     1    21    22     0     0    -2.0   60.476 -138.063    660.7    809.2
     1     1    16     1    21    21     0     0    -3.0   60.193 -137.493    620.3    818.0
     1     1    16     1    21    20     0     0    -4.0   59.897 -136.884    585.0    826.4
     1     1    16     1    21    19     0     0    -5.0   59.599 -136.259    557.0    835.9
     1     1    16     1    21    18     0     0    -6.0   59.304 -135.626    535.6    844.1
     1     1    16     1    21    17     0     0    -7.0   59.020 -135.005    512.6    851.0
     1     1    16     1    21    16     0     0    -8.0   58.752 -134.415    480.1    855.3
     1     1    16     1    21    15     0     0    -9.0   58.503 -133.854    439.4    859.7
     1     1    16     1    21    14     0     0   -10.0   58.279 -133.311    392.1    864.0
     1     1    16     1    21    13     0     0   -11.0   58.089 -132.778    340.6    867.1
     1     1    16     1    21    12     0     0   -12.0   57.932 -132.248    287.2    868.5
     1     1    16     1    21    11     0     0   -13.0   57.785 -131.729    237.9    869.3
     1     1    16     1    21    10     0     0   -14.0   57.614 -131.226    195.7    868.8
     1     1    16     1    21     9     0     0   -15.0   57.419 -130.752    160.8    867.5
     1     1    16     1    21     8     0     0   -16.0   57.207 -130.319    134.3    867.9
     1     1    16     1    21     7     0     0   -17.0   56.985 -129.935    115.4    869.2
     1     1    16     1    21     6     0     0   -18.0   56.764 -129.599    102.7    872.8
     1     1    16     1    21     5     0     0   -19.0   56.561 -129.292     95.2    875.3
     1     1    16     1    21     4     0     0   -20.0   56.379 -128.998     92.7    876.6
     1     1    16     1    21     3     0     0   -21.0   56.211 -128.712     94.9    876.9
     1     1    16     1    21     2     0     0   -22.0   56.050 -128.434    101.5    876.4
     1     1    16     1    21     1     0     0   -23.0   55.894 -128.166    112.0    875.3
     1     1    16     1    21     0     0     0   -24.0   55.741 -127.912    125.9    873.7
     1     1    16     1    20    23     0     0   -25.0   55.592 -127.684    139.6    871.9
     1     1    16     1    20    22     0     0   -26.0   55.450 -127.485    149.8    871.1
     1     1    16     1    20    21     0     0   -27.0   55.313 -127.306    157.1    872.4
     1     1    16     1    20    20     0     0   -28.0   55.180 -127.136    161.9    873.8
     1     1    16     1    20    19     0     0   -29.0   55.051 -126.977    164.7    875.2
     1     1    16     1    20    18     0     0   -30.0   54.927 -126.829    165.9    876.4
     1     1    16     1    20    17     0     0   -31.0   54.806 -126.691    166.9    877.3
     1     1    16     1    20    16     0     0   -32.0   54.691 -126.561    168.8    877.7
     1     1    16     1    20    15     0     0   -33.0   54.582 -126.442    171.8    877.8
     1     1    16     1    20    14     0     0   -34.0   54.482 -126.336    176.0    877.6
     1     1    16     1    20    13     0     0   -35.0   54.392 -126.246    181.5    877.2
     1     1    16     1    20    12     0     0   -36.0   54.313 -126.173    188.4    876.6
     1     1    16     1    20    11     0     0   -37.0   54.241 -126.107    194.6    875.2
     1     1    16     1    20    10     0     0   -38.0   54.174 -126.034    197.2    874.2
     1     1    16     1    20     9     0     0   -39.0   54.113 -125.950    196.3    873.5
     1     1    16     1    20     8     0     0   -40.0   54.060 -125.856    191.7    873.1
     1     1    16     1    20     7     0     0   -41.0   54.017 -125.748    183.8    872.6
     1     1    16     1    20     6     0     0   -42.0   53.986 -125.626    172.8    872.1
     1     1    16     1    20     5     0     0   -43.0   53.961 -125.501    162.7    872.2
     1     1    16     1    20     4     0     0   -44.0   53.937 -125.386    156.6    871.6
     1     1    16     1    20     3     0     0   -45.0   53.912 -125.283    154.2    870.7
     1     1    16     1    20     2     0     0   -46.0   53.884 -125.193    155.4    869.6
     1     1    16     1    20     1     0     0   -47.0   53.852 -125.115    160.3    868.2
     1     1    16     1    20     0     0     0   -48.0   53.815 -125.050    169.1    866.6
     1     1    16     1    19    23     0     0   -49.0   53.769 -124.995    178.5    865.0
     1     1    16     1    19    22     0     0   -50.0   53.714 -124.951    184.7    864.4
     1     1    16     1    19    21     0     0   -51.0   53.650 -124.917    187.3    864.2
     1     1    16     1    19    20     0     0   -52.0   53.578 -124.892    186.2    864.4
     1     1    16     1    19    19     0     0   -53.0   53.501 -124.876    181.6    865.0
     1     1    16     1    19    18     0     0   -54.0   53.417 -124.869    173.6    866.0
     1     1    16     1    19    17     0     0   -55.0   53.317 -124.864    163.9    867.3
     1     1    16     1    19    16     0     0   -56.0   53.192 -124.856    154.0    868.6
     1     1    16     1    19    15     0     0   -57.0   53.043 -124.848    144.0    869.9
     1     1    16     1    19    14     0     0   -58.0   52.871 -124.839    133.8    871.4
     1     1    16     1    19    13     0     0   -59.0   52.679 -124.834    123.7    873.0
     1     1    16     1    19    12     0     0   -60.0   52.466 -124.832    113.8    875.2
     1     1    16     1    19    11     0     0   -61.0   52.247 -124.819    102.4    879.4
     1     1    16     1    19    10     0     0   -62.0   52.038 -124.782     87.9    883.8
     1     1    16     1    19     9     0     0   -63.0   51.838 -124.724     70.6    888.4
     1     1    16     1    19     8     0     0   -64.0   51.649 -124.649     51.6    891.7
     1     1    16     1    19     7     0     0   -65.0   51.476 -124.556     33.1    894.9
     1     1    16     1    19     6     0     0   -66.0   51.319 -124.441     18.3    897.8
     1     1    16     1    19     5     0     0   -67.0   51.170 -124.300      7.3    899.2
     1     1    16     1    19     4     0     0   -68.0   51.018 -124.125      0.0    899.0
     1     1    16     1    19     3     0     0   -69.0   50.857 -123.917      0.0    898.5
     1     1    16     1    19     2     0     0   -70.0   50.691 -123.673      0.0    897.5
     1     1    16     1    19     1     0     0   -71.0   50.529 -123.385      0.0    895.8
     1     1    16     1    19     0     0     0   -72.0   50.379 -123.048      0.0    893.4
