     1     1
    CDC1    15    12     1     0     0
     1 BACKWARD OMEGA   
    15    12    13     6   60.984 -139.059   750.0
     1 PRESSURE
     1     1    15    12    13     6     0     0     0.0   60.984 -139.059    750.0    795.5
     1     1    15    12    13     5     0     0    -1.0   60.918 -139.138    714.3    800.4
     1     1    15    12    13     4     0     0    -2.0   60.848 -139.226    683.5    804.9
     1     1    15    12    13     3     0     0    -3.0   60.773 -139.319    657.3    809.0
     1     1    15    12    13     2     0     0    -4.0   60.693 -139.416    635.7    812.8
     1     1    15    12    13     1     0     0    -5.0   60.605 -139.515    618.7    816.2
     1     1    15    12    13     0     0     0    -6.0   60.510 -139.614    606.3    819.2
     1     1    15    12    12    23     0     0    -7.0   60.406 -139.711    592.4    821.8
     1     1    15    12    12    22     0     0    -8.0   60.295 -139.803    571.1    825.9
     1     1    15    12    12    21     0     0    -9.0   60.175 -139.889    542.0    830.9
     1     1    15    12    12    20     0     0   -10.0   60.047 -139.969    504.6    837.1
     1     1    15    12    12    19     0     0   -11.0   59.913 -140.043    460.1    846.2
     1     1    15    12    12    18     0     0   -12.0   59.779 -140.108    410.3    857.1
     1     1    15    12    12    17     0     0   -13.0   59.649 -140.168    362.5    868.4
     1     1    15    12    12    16     0     0   -14.0   59.525 -140.226    323.1    877.2
     1     1    15    12    12    15     0     0   -15.0   59.403 -140.283    291.7    885.1
     1     1    15    12    12    14     0     0   -16.0   59.284 -140.344    266.5    892.4
     1     1    15    12    12    13     0     0   -17.0   59.165 -140.411    246.0    899.4
     1     1    15    12    12    12     0     0   -18.0   59.046 -140.487    229.0    906.0
     1     1    15    12    12    11     0     0   -19.0   58.925 -140.560    212.9    912.5
     1     1    15    12    12    10     0     0   -20.0   58.799 -140.618    196.4    919.6
     1     1    15    12    12     9     0     0   -21.0   58.665 -140.662    180.0    926.2
     1     1    15    12    12     8     0     0   -22.0   58.522 -140.694    164.2    933.0
     1     1    15    12    12     7     0     0   -23.0   58.369 -140.718    149.5    940.1
     1     1    15    12    12     6     0     0   -24.0   58.202 -140.736    136.5    947.5
     1     1    15    12    12     5     0     0   -25.0   58.022 -140.753    125.3    955.5
     1     1    15    12    12     4     0     0   -26.0   57.829 -140.777    115.5    963.9
     1     1    15    12    12     3     0     0   -27.0   57.624 -140.813    106.9    972.6
     1     1    15    12    12     2     0     0   -28.0   57.408 -140.865     99.2    978.8
     1     1    15    12    12     1     0     0   -29.0   57.189 -140.938     91.7    981.0
     1     1    15    12    12     0     0     0   -30.0   56.969 -141.038     84.1    983.4
     1     1    15    12    11    23     0     0   -31.0   56.761 -141.175     77.2    985.6
     1     1    15    12    11    22     0     0   -32.0   56.575 -141.354     71.6    987.2
     1     1    15    12    11    21     0     0   -33.0   56.410 -141.579     67.1    988.5
     1     1    15    12    11    20     0     0   -34.0   56.261 -141.853     63.8    989.6
     1     1    15    12    11    19     0     0   -35.0   56.127 -142.178     61.7    990.6
     1     1    15    12    11    18     0     0   -36.0   56.002 -142.554     60.3    991.4
     1     1    15    12    11    17     0     0   -37.0   55.880 -142.978     59.2    991.4
     1     1    15    12    11    16     0     0   -38.0   55.751 -143.449     57.7    991.3
     1     1    15    12    11    15     0     0   -39.0   55.612 -143.975     55.8    990.9
     1     1    15    12    11    14     0     0   -40.0   55.455 -144.569     53.7    990.0
     1     1    15    12    11    13     0     0   -41.0   55.276 -145.246     51.1    987.9
     1     1    15    12    11    12     0     0   -42.0   55.077 -146.018     48.0    984.0
     1     1    15    12    11    11     0     0   -43.0   54.874 -146.866     44.5    981.7
     1     1    15    12    11    10     0     0   -44.0   54.686 -147.745     40.8    981.3
     1     1    15    12    11     9     0     0   -45.0   54.526 -148.621     37.1    982.0
     1     1    15    12    11     8     0     0   -46.0   54.395 -149.483     33.8    982.8
     1     1    15    12    11     7     0     0   -47.0   54.289 -150.333     30.8    984.3
     1     1    15    12    11     6     0     0   -48.0   54.201 -151.160     28.5    986.6
     1     1    15    12    11     5     0     0   -49.0   54.128 -151.957     26.6    988.1
     1     1    15    12    11     4     0     0   -50.0   54.067 -152.728     25.2    989.4
     1     1    15    12    11     3     0     0   -51.0   54.017 -153.478     23.9    990.4
     1     1    15    12    11     2     0     0   -52.0   53.977 -154.214     22.6    991.5
     1     1    15    12    11     1     0     0   -53.0   53.944 -154.940     21.2    992.5
     1     1    15    12    11     0     0     0   -54.0   53.915 -155.656     19.7    993.2
     1     1    15    12    10    23     0     0   -55.0   53.883 -156.354     18.7    993.3
     1     1    15    12    10    22     0     0   -56.0   53.848 -157.031     18.2    993.2
     1     1    15    12    10    21     0     0   -57.0   53.813 -157.691     18.1    992.7
     1     1    15    12    10    20     0     0   -58.0   53.784 -158.334     18.0    991.8
     1     1    15    12    10    19     0     0   -59.0   53.766 -158.958     17.9    991.0
     1     1    15    12    10    18     0     0   -60.0   53.760 -159.565     17.8    990.1
     1     1    15    12    10    17     0     0   -61.0   53.765 -160.151     17.5    989.4
     1     1    15    12    10    16     0     0   -62.0   53.777 -160.713     17.2    988.9
     1     1    15    12    10    15     0     0   -63.0   53.795 -161.261     16.9    988.5
     1     1    15    12    10    14     0     0   -64.0   53.819 -161.803     16.5    988.2
     1     1    15    12    10    13     0     0   -65.0   53.851 -162.345     16.0    987.8
     1     1    15    12    10    12     0     0   -66.0   53.890 -162.893     15.4    987.4
     1     1    15    12    10    11     0     0   -67.0   53.935 -163.435     14.9    986.8
     1     1    15    12    10    10     0     0   -68.0   53.987 -163.964     14.5    986.2
     1     1    15    12    10     9     0     0   -69.0   54.043 -164.480     14.2    985.7
     1     1    15    12    10     8     0     0   -70.0   54.100 -164.987     14.1    985.2
     1     1    15    12    10     7     0     0   -71.0   54.159 -165.482     14.2    985.3
     1     1    15    12    10     6     0     0   -72.0   54.221 -165.965     14.6    985.3
