     1     1
    CDC1    16     2     1     0     0
     1 BACKWARD OMEGA   
    16     2     5    18   60.984 -139.059   750.0
     1 PRESSURE
     1     1    16     2     5    18     0     0     0.0   60.984 -139.059    750.0    792.1
     1     1    16     2     5    17     0     0    -1.0   60.871 -139.359    739.8    795.0
     1     1    16     2     5    16     0     0    -2.0   60.750 -139.625    724.4    798.9
     1     1    16     2     5    15     0     0    -3.0   60.624 -139.860    703.6    803.4
     1     1    16     2     5    14     0     0    -4.0   60.494 -140.070    677.3    808.9
     1     1    16     2     5    13     0     0    -5.0   60.359 -140.257    645.4    815.5
     1     1    16     2     5    12     0     0    -6.0   60.220 -140.427    607.7    823.0
     1     1    16     2     5    11     0     0    -7.0   60.072 -140.585    566.0    830.8
     1     1    16     2     5    10     0     0    -8.0   59.909 -140.733    522.7    840.5
     1     1    16     2     5     9     0     0    -9.0   59.730 -140.867    479.7    851.9
     1     1    16     2     5     8     0     0   -10.0   59.536 -140.989    438.2    863.8
     1     1    16     2     5     7     0     0   -11.0   59.325 -141.099    398.5    876.3
     1     1    16     2     5     6     0     0   -12.0   59.097 -141.199    361.8    888.8
     1     1    16     2     5     5     0     0   -13.0   58.842 -141.277    326.7    901.0
     1     1    16     2     5     4     0     0   -14.0   58.552 -141.330    292.6    914.7
     1     1    16     2     5     3     0     0   -15.0   58.226 -141.373    261.3    929.7
     1     1    16     2     5     2     0     0   -16.0   57.858 -141.428    234.4    945.8
     1     1    16     2     5     1     0     0   -17.0   57.443 -141.519    212.5    961.3
     1     1    16     2     5     0     0     0   -18.0   56.992 -141.655    193.4    964.3
     1     1    16     2     4    23     0     0   -19.0   56.525 -141.813    176.5    965.9
     1     1    16     2     4    22     0     0   -20.0   56.047 -141.996    162.4    967.0
     1     1    16     2     4    21     0     0   -21.0   55.549 -142.254    150.4    967.3
     1     1    16     2     4    20     0     0   -22.0   55.024 -142.646    140.2    966.3
     1     1    16     2     4    19     0     0   -23.0   54.495 -143.157    132.4    966.4
     1     1    16     2     4    18     0     0   -24.0   53.990 -143.727    127.3    966.7
     1     1    16     2     4    17     0     0   -25.0   53.512 -144.314    124.1    966.7
     1     1    16     2     4    16     0     0   -26.0   53.054 -144.900    122.3    966.8
     1     1    16     2     4    15     0     0   -27.0   52.610 -145.545    121.8    966.9
     1     1    16     2     4    14     0     0   -28.0   52.189 -146.256    122.4    966.0
     1     1    16     2     4    13     0     0   -29.0   51.795 -147.002    124.3    964.7
     1     1    16     2     4    12     0     0   -30.0   51.428 -147.773    128.2    963.6
     1     1    16     2     4    11     0     0   -31.0   51.085 -148.530    133.7    963.0
     1     1    16     2     4    10     0     0   -32.0   50.769 -149.257    139.8    962.2
     1     1    16     2     4     9     0     0   -33.0   50.476 -149.992    147.2    961.3
     1     1    16     2     4     8     0     0   -34.0   50.207 -150.761    155.7    959.6
     1     1    16     2     4     7     0     0   -35.0   49.961 -151.580    165.2    957.8
     1     1    16     2     4     6     0     0   -36.0   49.739 -152.437    176.2    956.4
     1     1    16     2     4     5     0     0   -37.0   49.540 -153.291    187.2    953.4
     1     1    16     2     4     4     0     0   -38.0   49.366 -154.130    197.0    951.2
     1     1    16     2     4     3     0     0   -39.0   49.225 -154.980    207.0    949.0
     1     1    16     2     4     2     0     0   -40.0   49.121 -155.845    217.9    947.3
     1     1    16     2     4     1     0     0   -41.0   49.055 -156.724    229.7    945.2
     1     1    16     2     4     0     0     0   -42.0   49.024 -157.627    243.5    943.1
     1     1    16     2     3    23     0     0   -43.0   49.019 -158.520    256.5    943.0
     1     1    16     2     3    22     0     0   -44.0   49.037 -159.373    265.6    943.6
     1     1    16     2     3    21     0     0   -45.0   49.088 -160.189    272.2    944.1
     1     1    16     2     3    20     0     0   -46.0   49.176 -160.965    277.2    944.1
     1     1    16     2     3    19     0     0   -47.0   49.296 -161.697    281.6    944.3
     1     1    16     2     3    18     0     0   -48.0   49.448 -162.387    286.2    944.4
     1     1    16     2     3    17     0     0   -49.0   49.624 -163.037    290.9    944.4
     1     1    16     2     3    16     0     0   -50.0   49.819 -163.654    295.4    944.4
     1     1    16     2     3    15     0     0   -51.0   50.033 -164.236    300.9    944.4
     1     1    16     2     3    14     0     0   -52.0   50.269 -164.770    307.9    943.6
     1     1    16     2     3    13     0     0   -53.0   50.526 -165.243    316.3    942.4
     1     1    16     2     3    12     0     0   -54.0   50.800 -165.655    326.5    941.0
     1     1    16     2     3    11     0     0   -55.0   51.085 -165.999    336.8    939.7
     1     1    16     2     3    10     0     0   -56.0   51.377 -166.268    345.5    938.9
     1     1    16     2     3     9     0     0   -57.0   51.675 -166.460    352.6    938.3
     1     1    16     2     3     8     0     0   -58.0   51.981 -166.575    358.1    937.9
     1     1    16     2     3     7     0     0   -59.0   52.296 -166.610    361.9    937.7
     1     1    16     2     3     6     0     0   -60.0   52.619 -166.564    363.9    938.1
     1     1    16     2     3     5     0     0   -61.0   52.951 -166.443    363.7    938.9
     1     1    16     2     3     4     0     0   -62.0   53.286 -166.254    361.0    940.1
     1     1    16     2     3     3     0     0   -63.0   53.622 -165.993    356.7    941.4
     1     1    16     2     3     2     0     0   -64.0   53.954 -165.657    351.5    942.6
     1     1    16     2     3     1     0     0   -65.0   54.279 -165.244    346.4    943.6
     1     1    16     2     3     0     0     0   -66.0   54.593 -164.749    342.2    944.6
     1     1    16     2     2    23     0     0   -67.0   54.889 -164.180    338.7    945.4
     1     1    16     2     2    22     0     0   -68.0   55.169 -163.560    335.1    946.7
     1     1    16     2     2    21     0     0   -69.0   55.436 -162.911    331.0    948.3
     1     1    16     2     2    20     0     0   -70.0   55.688 -162.242    326.7    950.0
     1     1    16     2     2    19     0     0   -71.0   55.919 -161.559    322.3    951.7
     1     1    16     2     2    18     0     0   -72.0   56.125 -160.866    318.0    952.9
