     1     1
    CDC1    16     1     1     0     0
     1 BACKWARD OMEGA   
    16     1    22    18   60.984 -139.059   750.0
     1 PRESSURE
     1     1    16     1    22    18     0     0     0.0   60.984 -139.059    750.0    793.0
     1     1    16     1    22    17     0     0    -1.0   60.683 -139.028    701.9    802.4
     1     1    16     1    22    16     0     0    -2.0   60.373 -138.940    646.0    813.5
     1     1    16     1    22    15     0     0    -3.0   60.049 -138.796    581.7    825.4
     1     1    16     1    22    14     0     0    -4.0   59.714 -138.603    513.5    842.1
     1     1    16     1    22    13     0     0    -5.0   59.371 -138.371    446.0    859.9
     1     1    16     1    22    12     0     0    -6.0   59.022 -138.105    381.4    878.1
     1     1    16     1    22    11     0     0    -7.0   58.679 -137.809    327.6    894.4
     1     1    16     1    22    10     0     0    -8.0   58.352 -137.497    287.8    907.7
     1     1    16     1    22     9     0     0    -9.0   58.044 -137.179    257.8    918.2
     1     1    16     1    22     8     0     0   -10.0   57.753 -136.864    234.2    927.0
     1     1    16     1    22     7     0     0   -11.0   57.477 -136.559    214.3    934.4
     1     1    16     1    22     6     0     0   -12.0   57.209 -136.280    196.3    938.1
     1     1    16     1    22     5     0     0   -13.0   56.936 -136.020    179.3    942.0
     1     1    16     1    22     4     0     0   -14.0   56.649 -135.753    162.5    946.7
     1     1    16     1    22     3     0     0   -15.0   56.344 -135.473    146.8    952.0
     1     1    16     1    22     2     0     0   -16.0   56.016 -135.175    132.7    958.0
     1     1    16     1    22     1     0     0   -17.0   55.659 -134.854    120.8    963.4
     1     1    16     1    22     0     0     0   -18.0   55.273 -134.509    111.2    967.7
     1     1    16     1    21    23     0     0   -19.0   54.869 -134.159    103.6    971.3
     1     1    16     1    21    22     0     0   -20.0   54.460 -133.831     96.9    972.2
     1     1    16     1    21    21     0     0   -21.0   54.041 -133.531     90.9    974.3
     1     1    16     1    21    20     0     0   -22.0   53.601 -133.251     85.5    977.7
     1     1    16     1    21    19     0     0   -23.0   53.126 -132.988     80.5    982.6
     1     1    16     1    21    18     0     0   -24.0   52.601 -132.732     76.0    989.1
     1     1    16     1    21    17     0     0   -25.0   52.050 -132.493     70.7    991.0
     1     1    16     1    21    16     0     0   -26.0   51.514 -132.283     64.1    990.3
     1     1    16     1    21    15     0     0   -27.0   50.992 -132.104     57.3    990.6
     1     1    16     1    21    14     0     0   -28.0   50.474 -131.953     51.1    991.7
     1     1    16     1    21    13     0     0   -29.0   49.949 -131.825     46.3    993.1
     1     1    16     1    21    12     0     0   -30.0   49.426 -131.723     42.8    992.9
     1     1    16     1    21    11     0     0   -31.0   48.915 -131.646     39.4    992.8
     1     1    16     1    21    10     0     0   -32.0   48.419 -131.593     35.2    993.1
     1     1    16     1    21     9     0     0   -33.0   47.934 -131.568     30.3    993.6
     1     1    16     1    21     8     0     0   -34.0   47.460 -131.578     24.9    994.1
     1     1    16     1    21     7     0     0   -35.0   47.000 -131.621     20.2    993.6
     1     1    16     1    21     6     0     0   -36.0   46.553 -131.698     16.8    992.7
     1     1    16     1    21     5     0     0   -37.0   46.123 -131.822     14.3    991.6
     1     1    16     1    21     4     0     0   -38.0   45.717 -132.000     12.6    990.3
     1     1    16     1    21     3     0     0   -39.0   45.334 -132.245     11.5    988.9
     1     1    16     1    21     2     0     0   -40.0   44.976 -132.560     10.6    987.8
     1     1    16     1    21     1     0     0   -41.0   44.620 -132.913      9.7    989.9
     1     1    16     1    21     0     0     0   -42.0   44.249 -133.265      8.5    991.8
     1     1    16     1    20    23     0     0   -43.0   43.856 -133.602      6.6    993.8
     1     1    16     1    20    22     0     0   -44.0   43.433 -133.922      3.7    995.9
     1     1    16     1    20    21     0     0   -45.0   42.988 -134.249      0.0    997.9
     1     1    16     1    20    20     0     0   -46.0   42.521 -134.602      0.0   1000.0
     1     1    16     1    20    19     0     0   -47.0   42.039 -134.981      0.0   1000.5
     1     1    16     1    20    18     0     0   -48.0   41.547 -135.379      0.0    999.4
     1     1    16     1    20    17     0     0   -49.0   41.042 -135.772      0.0    998.7
     1     1    16     1    20    16     0     0   -50.0   40.526 -136.140      0.0    998.0
     1     1    16     1    20    15     0     0   -51.0   40.002 -136.490      0.0    997.4
     1     1    16     1    20    14     0     0   -52.0   39.477 -136.819      0.0    998.3
     1     1    16     1    20    13     0     0   -53.0   38.961 -137.129      0.0    999.1
     1     1    16     1    20    12     0     0   -54.0   38.455 -137.426      0.0    999.8
     1     1    16     1    20    11     0     0   -55.0   37.963 -137.720      0.0   1001.4
     1     1    16     1    20    10     0     0   -56.0   37.488 -138.017      0.0   1002.8
     1     1    16     1    20     9     0     0   -57.0   37.022 -138.310      0.0   1004.2
     1     1    16     1    20     8     0     0   -58.0   36.559 -138.591      0.0   1005.6
     1     1    16     1    20     7     0     0   -59.0   36.100 -138.855      0.0   1007.0
     1     1    16     1    20     6     0     0   -60.0   35.644 -139.103      0.0   1008.3
     1     1    16     1    20     5     0     0   -61.0   35.193 -139.338      0.0   1009.8
     1     1    16     1    20     4     0     0   -62.0   34.750 -139.571      0.0   1010.3
     1     1    16     1    20     3     0     0   -63.0   34.308 -139.804      0.0   1010.0
     1     1    16     1    20     2     0     0   -64.0   33.866 -140.035      0.0   1009.6
     1     1    16     1    20     1     0     0   -65.0   33.428 -140.261      0.0   1009.0
     1     1    16     1    20     0     0     0   -66.0   32.999 -140.478      0.0   1008.6
     1     1    16     1    19    23     0     0   -67.0   32.587 -140.681      0.0   1009.3
     1     1    16     1    19    22     0     0   -68.0   32.198 -140.872      0.0   1010.5
     1     1    16     1    19    21     0     0   -69.0   31.834 -141.054      0.0   1011.9
     1     1    16     1    19    20     0     0   -70.0   31.494 -141.231      0.0   1013.3
     1     1    16     1    19    19     0     0   -71.0   31.178 -141.407      0.0   1014.6
     1     1    16     1    19    18     0     0   -72.0   30.887 -141.585      0.0   1015.9
