     1     1
    CDC1    15    11     1     0     0
     1 BACKWARD OMEGA   
    15    11    26     0   60.984 -139.059   750.0
     1 PRESSURE
     1     1    15    11    26     0     0     0     0.0   60.984 -139.059    750.0    817.8
     1     1    15    11    25    23     0     0    -1.0   60.570 -139.383    654.8    836.2
     1     1    15    11    25    22     0     0    -2.0   60.149 -139.594    559.8    856.1
     1     1    15    11    25    21     0     0    -3.0   59.750 -139.688    481.5    877.8
     1     1    15    11    25    20     0     0    -4.0   59.381 -139.693    425.7    897.6
     1     1    15    11    25    19     0     0    -5.0   59.038 -139.640    387.6    914.3
     1     1    15    11    25    18     0     0    -6.0   58.718 -139.551    361.9    928.3
     1     1    15    11    25    17     0     0    -7.0   58.426 -139.447    343.3    940.0
     1     1    15    11    25    16     0     0    -8.0   58.166 -139.345    328.4    950.5
     1     1    15    11    25    15     0     0    -9.0   57.937 -139.251    316.2    959.6
     1     1    15    11    25    14     0     0   -10.0   57.738 -139.173    306.5    967.6
     1     1    15    11    25    13     0     0   -11.0   57.565 -139.114    298.7    974.5
     1     1    15    11    25    12     0     0   -12.0   57.417 -139.080    292.9    978.2
     1     1    15    11    25    11     0     0   -13.0   57.281 -139.073    286.7    980.2
     1     1    15    11    25    10     0     0   -14.0   57.145 -139.089    277.5    983.0
     1     1    15    11    25     9     0     0   -15.0   57.007 -139.129    265.5    986.2
     1     1    15    11    25     8     0     0   -16.0   56.867 -139.194    250.7    989.8
     1     1    15    11    25     7     0     0   -17.0   56.727 -139.285    233.4    993.9
     1     1    15    11    25     6     0     0   -18.0   56.586 -139.402    213.8    998.4
     1     1    15    11    25     5     0     0   -19.0   56.447 -139.533    195.1   1002.4
     1     1    15    11    25     4     0     0   -20.0   56.312 -139.670    180.6   1005.0
     1     1    15    11    25     3     0     0   -21.0   56.183 -139.816    170.0   1007.1
     1     1    15    11    25     2     0     0   -22.0   56.059 -139.975    162.8   1008.8
     1     1    15    11    25     1     0     0   -23.0   55.936 -140.150    158.8   1010.1
     1     1    15    11    25     0     0     0   -24.0   55.814 -140.344    158.1   1011.1
     1     1    15    11    24    23     0     0   -25.0   55.694 -140.559    158.7   1011.7
     1     1    15    11    24    22     0     0   -26.0   55.577 -140.795    158.7   1012.5
     1     1    15    11    24    21     0     0   -27.0   55.462 -141.051    158.1   1013.2
     1     1    15    11    24    20     0     0   -28.0   55.350 -141.329    157.2   1013.8
     1     1    15    11    24    19     0     0   -29.0   55.239 -141.627    156.1   1014.4
     1     1    15    11    24    18     0     0   -30.0   55.129 -141.944    154.9   1014.9
     1     1    15    11    24    17     0     0   -31.0   55.020 -142.287    155.2   1014.8
     1     1    15    11    24    16     0     0   -32.0   54.906 -142.660    158.3   1014.0
     1     1    15    11    24    15     0     0   -33.0   54.783 -143.055    164.1   1012.7
     1     1    15    11    24    14     0     0   -34.0   54.650 -143.473    172.7   1011.4
     1     1    15    11    24    13     0     0   -35.0   54.503 -143.915    184.2   1010.0
     1     1    15    11    24    12     0     0   -36.0   54.342 -144.383    199.0   1008.7
     1     1    15    11    24    11     0     0   -37.0   54.160 -144.867    214.1   1006.4
     1     1    15    11    24    10     0     0   -38.0   53.955 -145.353    226.1   1004.6
     1     1    15    11    24     9     0     0   -39.0   53.728 -145.834    234.5   1003.5
     1     1    15    11    24     8     0     0   -40.0   53.479 -146.306    239.5   1003.2
     1     1    15    11    24     7     0     0   -41.0   53.209 -146.770    241.5   1003.7
     1     1    15    11    24     6     0     0   -42.0   52.917 -147.225    241.0   1004.9
     1     1    15    11    24     5     0     0   -43.0   52.609 -147.654    240.3   1007.1
     1     1    15    11    24     4     0     0   -44.0   52.301 -148.039    241.2   1007.9
     1     1    15    11    24     3     0     0   -45.0   52.000 -148.370    243.4   1007.6
     1     1    15    11    24     2     0     0   -46.0   51.714 -148.653    247.2   1007.1
     1     1    15    11    24     1     0     0   -47.0   51.443 -148.893    252.5   1006.3
     1     1    15    11    24     0     0     0   -48.0   51.193 -149.097    259.3   1005.4
     1     1    15    11    23    23     0     0   -49.0   50.961 -149.279    266.5   1004.0
     1     1    15    11    23    22     0     0   -50.0   50.741 -149.446    272.6   1003.0
     1     1    15    11    23    21     0     0   -51.0   50.534 -149.599    277.7   1002.1
     1     1    15    11    23    20     0     0   -52.0   50.339 -149.741    281.8   1001.3
     1     1    15    11    23    19     0     0   -53.0   50.157 -149.871    284.7   1000.7
     1     1    15    11    23    18     0     0   -54.0   49.988 -149.991    286.5   1000.2
     1     1    15    11    23    17     0     0   -55.0   49.839 -150.088    289.7   1000.3
     1     1    15    11    23    16     0     0   -56.0   49.719 -150.156    295.9    999.6
     1     1    15    11    23    15     0     0   -57.0   49.629 -150.199    305.2    998.6
     1     1    15    11    23    14     0     0   -58.0   49.567 -150.223    317.6    997.2
     1     1    15    11    23    13     0     0   -59.0   49.534 -150.232    333.3    995.5
     1     1    15    11    23    12     0     0   -60.0   49.528 -150.230    352.4    993.5
     1     1    15    11    23    11     0     0   -61.0   49.547 -150.220    373.5    990.7
     1     1    15    11    23    10     0     0   -62.0   49.587 -150.202    395.1    987.9
     1     1    15    11    23     9     0     0   -63.0   49.648 -150.179    417.0    984.8
     1     1    15    11    23     8     0     0   -64.0   49.728 -150.154    439.2    981.8
     1     1    15    11    23     7     0     0   -65.0   49.827 -150.130    461.7    978.8
     1     1    15    11    23     6     0     0   -66.0   49.944 -150.109    484.4    975.9
     1     1    15    11    23     5     0     0   -67.0   50.076 -150.100    508.1    973.2
     1     1    15    11    23     4     0     0   -68.0   50.223 -150.114    533.3    970.2
     1     1    15    11    23     3     0     0   -69.0   50.380 -150.154    560.0    967.2
     1     1    15    11    23     2     0     0   -70.0   50.547 -150.224    588.2    964.1
     1     1    15    11    23     1     0     0   -71.0   50.721 -150.325    618.2    960.9
     1     1    15    11    23     0     0     0   -72.0   50.901 -150.461    650.3    957.3
