     1     1
    CDC1    16     2     1     0     0
     1 BACKWARD OMEGA   
    16     2     6     6   60.984 -139.059   750.0
     1 PRESSURE
     1     1    16     2     6     6     0     0     0.0   60.984 -139.059    750.0    797.9
     1     1    16     2     6     5     0     0    -1.0   60.897 -139.361    745.6    799.3
     1     1    16     2     6     4     0     0    -2.0   60.814 -139.656    734.9    801.8
     1     1    16     2     6     3     0     0    -3.0   60.736 -139.945    718.5    805.0
     1     1    16     2     6     2     0     0    -4.0   60.661 -140.235    697.0    809.2
     1     1    16     2     6     1     0     0    -5.0   60.588 -140.526    670.4    814.2
     1     1    16     2     6     0     0     0    -6.0   60.515 -140.821    639.0    819.8
     1     1    16     2     5    23     0     0    -7.0   60.431 -141.112    605.5    826.3
     1     1    16     2     5    22     0     0    -8.0   60.328 -141.389    572.9    832.2
     1     1    16     2     5    21     0     0    -9.0   60.206 -141.651    541.2    838.5
     1     1    16     2     5    20     0     0   -10.0   60.065 -141.896    509.6    845.3
     1     1    16     2     5    19     0     0   -11.0   59.906 -142.126    478.5    853.9
     1     1    16     2     5    18     0     0   -12.0   59.729 -142.343    448.5    864.0
     1     1    16     2     5    17     0     0   -13.0   59.539 -142.543    419.5    874.9
     1     1    16     2     5    16     0     0   -14.0   59.341 -142.725    391.1    886.6
     1     1    16     2     5    15     0     0   -15.0   59.135 -142.894    363.5    897.9
     1     1    16     2     5    14     0     0   -16.0   58.920 -143.054    337.2    909.0
     1     1    16     2     5    13     0     0   -17.0   58.692 -143.209    312.4    920.4
     1     1    16     2     5    12     0     0   -18.0   58.452 -143.363    289.0    932.0
     1     1    16     2     5    11     0     0   -19.0   58.194 -143.514    266.9    944.0
     1     1    16     2     5    10     0     0   -20.0   57.915 -143.658    245.5    956.5
     1     1    16     2     5     9     0     0   -21.0   57.615 -143.797    224.0    969.8
     1     1    16     2     5     8     0     0   -22.0   57.296 -143.933    201.5    976.0
     1     1    16     2     5     7     0     0   -23.0   56.963 -144.064    178.4    976.6
     1     1    16     2     5     6     0     0   -24.0   56.617 -144.190    155.8    976.8
     1     1    16     2     5     5     0     0   -25.0   56.245 -144.324    135.9    976.4
     1     1    16     2     5     4     0     0   -26.0   55.836 -144.489    120.4    974.9
     1     1    16     2     5     3     0     0   -27.0   55.392 -144.700    109.1    972.4
     1     1    16     2     5     2     0     0   -28.0   54.916 -144.971    101.2    969.5
     1     1    16     2     5     1     0     0   -29.0   54.423 -145.290     95.3    970.6
     1     1    16     2     5     0     0     0   -30.0   53.927 -145.641     90.1    971.9
     1     1    16     2     4    23     0     0   -31.0   53.443 -146.036     86.0    973.0
     1     1    16     2     4    22     0     0   -32.0   52.988 -146.496     83.1    974.3
     1     1    16     2     4    21     0     0   -33.0   52.561 -147.023     81.4    975.9
     1     1    16     2     4    20     0     0   -34.0   52.161 -147.613     80.7    975.4
     1     1    16     2     4    19     0     0   -35.0   51.784 -148.245     80.6    975.3
     1     1    16     2     4    18     0     0   -36.0   51.430 -148.896     81.1    975.1
     1     1    16     2     4    17     0     0   -37.0   51.092 -149.556     81.9    974.5
     1     1    16     2     4    16     0     0   -38.0   50.769 -150.225     83.2    974.0
     1     1    16     2     4    15     0     0   -39.0   50.456 -150.914     85.1    973.2
     1     1    16     2     4    14     0     0   -40.0   50.151 -151.631     87.7    972.5
     1     1    16     2     4    13     0     0   -41.0   49.853 -152.379     90.9    972.2
     1     1    16     2     4    12     0     0   -42.0   49.563 -153.143     94.1    970.0
     1     1    16     2     4    11     0     0   -43.0   49.295 -153.911     96.9    967.6
     1     1    16     2     4    10     0     0   -44.0   49.059 -154.683     99.3    966.0
     1     1    16     2     4     9     0     0   -45.0   48.850 -155.466    101.4    965.7
     1     1    16     2     4     8     0     0   -46.0   48.669 -156.261    103.2    966.0
     1     1    16     2     4     7     0     0   -47.0   48.511 -157.060    104.7    966.2
     1     1    16     2     4     6     0     0   -48.0   48.371 -157.850    105.7    967.0
     1     1    16     2     4     5     0     0   -49.0   48.262 -158.628    106.7    968.1
     1     1    16     2     4     4     0     0   -50.0   48.191 -159.404    107.6    969.0
     1     1    16     2     4     3     0     0   -51.0   48.146 -160.182    108.3    969.5
     1     1    16     2     4     2     0     0   -52.0   48.124 -160.963    108.7    969.0
     1     1    16     2     4     1     0     0   -53.0   48.119 -161.743    108.4    968.6
     1     1    16     2     4     0     0     0   -54.0   48.125 -162.511    107.0    968.3
     1     1    16     2     3    23     0     0   -55.0   48.152 -163.260    104.7    968.5
     1     1    16     2     3    22     0     0   -56.0   48.211 -163.990    102.4    968.6
     1     1    16     2     3    21     0     0   -57.0   48.298 -164.699    100.1    968.8
     1     1    16     2     3    20     0     0   -58.0   48.410 -165.386     97.7    969.4
     1     1    16     2     3    19     0     0   -59.0   48.549 -166.050     95.3    969.9
     1     1    16     2     3    18     0     0   -60.0   48.715 -166.689     92.7    970.3
     1     1    16     2     3    17     0     0   -61.0   48.908 -167.305     90.2    971.0
     1     1    16     2     3    16     0     0   -62.0   49.121 -167.903     88.5    971.9
     1     1    16     2     3    15     0     0   -63.0   49.350 -168.481     87.7    972.9
     1     1    16     2     3    14     0     0   -64.0   49.596 -169.042     87.6    973.8
     1     1    16     2     3    13     0     0   -65.0   49.864 -169.587     88.0    974.6
     1     1    16     2     3    12     0     0   -66.0   50.152 -170.107     88.9    975.4
     1     1    16     2     3    11     0     0   -67.0   50.441 -170.566     89.7    976.3
     1     1    16     2     3    10     0     0   -68.0   50.716 -170.947     90.5    977.2
     1     1    16     2     3     9     0     0   -69.0   50.978 -171.258     91.1    978.1
     1     1    16     2     3     8     0     0   -70.0   51.229 -171.508     91.6    978.9
     1     1    16     2     3     7     0     0   -71.0   51.468 -171.704     92.0    979.6
     1     1    16     2     3     6     0     0   -72.0   51.695 -171.851     92.2    980.3
