     1     1
    CDC1    16     1     1     0     0
     1 BACKWARD OMEGA   
    16     1    21    12   60.984 -139.059   750.0
     1 PRESSURE
     1     1    16     1    21    12     0     0     0.0   60.984 -139.059    750.0    797.1
     1     1    16     1    21    11     0     0    -1.0   60.821 -138.551    727.5    802.1
     1     1    16     1    21    10     0     0    -2.0   60.653 -138.034    705.0    807.4
     1     1    16     1    21     9     0     0    -3.0   60.476 -137.505    683.2    812.7
     1     1    16     1    21     8     0     0    -4.0   60.288 -136.964    662.5    817.1
     1     1    16     1    21     7     0     0    -5.0   60.089 -136.415    644.3    821.2
     1     1    16     1    21     6     0     0    -6.0   59.872 -135.857    630.4    826.5
     1     1    16     1    21     5     0     0    -7.0   59.642 -135.329    622.5    832.3
     1     1    16     1    21     4     0     0    -8.0   59.408 -134.857    619.9    836.9
     1     1    16     1    21     3     0     0    -9.0   59.171 -134.433    622.6    839.2
     1     1    16     1    21     2     0     0   -10.0   58.935 -134.047    630.6    840.5
     1     1    16     1    21     1     0     0   -11.0   58.701 -133.692    643.8    840.9
     1     1    16     1    21     0     0     0   -12.0   58.471 -133.363    662.1    840.2
     1     1    16     1    20    23     0     0   -13.0   58.243 -133.061    680.8    838.7
     1     1    16     1    20    22     0     0   -14.0   58.012 -132.786    695.1    838.3
     1     1    16     1    20    21     0     0   -15.0   57.781 -132.538    705.7    838.4
     1     1    16     1    20    20     0     0   -16.0   57.552 -132.318    712.9    838.5
     1     1    16     1    20    19     0     0   -17.0   57.325 -132.127    718.2    839.8
     1     1    16     1    20    18     0     0   -18.0   57.102 -131.962    722.1    841.8
     1     1    16     1    20    17     0     0   -19.0   56.880 -131.816    723.3    843.6
     1     1    16     1    20    16     0     0   -20.0   56.655 -131.684    722.0    846.2
     1     1    16     1    20    15     0     0   -21.0   56.433 -131.567    718.9    849.2
     1     1    16     1    20    14     0     0   -22.0   56.215 -131.467    715.4    852.6
     1     1    16     1    20    13     0     0   -23.0   56.005 -131.387    712.7    856.1
     1     1    16     1    20    12     0     0   -24.0   55.805 -131.330    711.8    859.5
     1     1    16     1    20    11     0     0   -25.0   55.610 -131.279    709.7    862.6
     1     1    16     1    20    10     0     0   -26.0   55.414 -131.215    701.9    866.6
     1     1    16     1    20     9     0     0   -27.0   55.218 -131.142    687.9    871.1
     1     1    16     1    20     8     0     0   -28.0   55.023 -131.063    667.2    876.3
     1     1    16     1    20     7     0     0   -29.0   54.833 -130.986    639.6    881.2
     1     1    16     1    20     6     0     0   -30.0   54.650 -130.917    606.4    886.6
     1     1    16     1    20     5     0     0   -31.0   54.474 -130.853    573.8    892.0
     1     1    16     1    20     4     0     0   -32.0   54.303 -130.789    546.9    896.3
     1     1    16     1    20     3     0     0   -33.0   54.137 -130.724    524.7    900.2
     1     1    16     1    20     2     0     0   -34.0   53.974 -130.656    506.4    903.6
     1     1    16     1    20     1     0     0   -35.0   53.814 -130.587    491.3    906.7
     1     1    16     1    20     0     0     0   -36.0   53.656 -130.514    478.8    909.6
     1     1    16     1    19    23     0     0   -37.0   53.495 -130.441    466.7    912.5
     1     1    16     1    19    22     0     0   -38.0   53.326 -130.368    453.4    916.0
     1     1    16     1    19    21     0     0   -39.0   53.149 -130.292    439.2    919.8
     1     1    16     1    19    20     0     0   -40.0   52.965 -130.211    424.2    923.9
     1     1    16     1    19    19     0     0   -41.0   52.773 -130.120    408.6    928.3
     1     1    16     1    19    18     0     0   -42.0   52.573 -130.016    392.7    932.8
     1     1    16     1    19    17     0     0   -43.0   52.363 -129.909    376.1    935.5
     1     1    16     1    19    16     0     0   -44.0   52.137 -129.810    358.3    937.6
     1     1    16     1    19    15     0     0   -45.0   51.895 -129.720    340.0    940.2
     1     1    16     1    19    14     0     0   -46.0   51.635 -129.637    321.6    943.3
     1     1    16     1    19    13     0     0   -47.0   51.357 -129.563    303.8    946.8
     1     1    16     1    19    12     0     0   -48.0   51.058 -129.499    286.8    950.8
     1     1    16     1    19    11     0     0   -49.0   50.747 -129.447    270.5    954.9
     1     1    16     1    19    10     0     0   -50.0   50.429 -129.412    253.5    959.7
     1     1    16     1    19     9     0     0   -51.0   50.105 -129.401    235.2    965.3
     1     1    16     1    19     8     0     0   -52.0   49.774 -129.417    214.8    970.7
     1     1    16     1    19     7     0     0   -53.0   49.442 -129.460    192.0    976.2
     1     1    16     1    19     6     0     0   -54.0   49.110 -129.534    166.3    981.6
     1     1    16     1    19     5     0     0   -55.0   48.778 -129.626    140.2    986.6
     1     1    16     1    19     4     0     0   -56.0   48.448 -129.733    116.4    991.0
     1     1    16     1    19     3     0     0   -57.0   48.119 -129.867     94.1    995.1
     1     1    16     1    19     2     0     0   -58.0   47.795 -130.041     72.7    998.7
     1     1    16     1    19     1     0     0   -59.0   47.487 -130.274     54.0   1000.3
     1     1    16     1    19     0     0     0   -60.0   47.206 -130.573     40.3    999.5
     1     1    16     1    18    23     0     0   -61.0   46.944 -130.910     31.8    998.5
     1     1    16     1    18    22     0     0   -62.0   46.686 -131.268     26.9    997.1
     1     1    16     1    18    21     0     0   -63.0   46.436 -131.658     24.1    995.6
     1     1    16     1    18    20     0     0   -64.0   46.203 -132.096     22.7    994.0
     1     1    16     1    18    19     0     0   -65.0   45.997 -132.596     22.2    992.9
     1     1    16     1    18    18     0     0   -66.0   45.812 -133.157     22.9    993.9
     1     1    16     1    18    17     0     0   -67.0   45.620 -133.730     24.8    994.3
     1     1    16     1    18    16     0     0   -68.0   45.411 -134.287     27.8    994.8
     1     1    16     1    18    15     0     0   -69.0   45.194 -134.850     31.7    995.4
     1     1    16     1    18    14     0     0   -70.0   44.978 -135.437     35.6    994.7
     1     1    16     1    18    13     0     0   -71.0   44.772 -136.043     38.9    993.6
     1     1    16     1    18    12     0     0   -72.0   44.583 -136.666     41.0    992.8
