     1     1
    CDC1    16     2     1     0     0
     1 BACKWARD OMEGA   
    16     2     3     6   60.984 -139.059   750.0
     1 PRESSURE
     1     1    16     2     3     6     0     0     0.0   60.984 -139.059    750.0    804.8
     1     1    16     2     3     5     0     0    -1.0   60.794 -138.821    732.1    809.9
     1     1    16     2     3     4     0     0    -2.0   60.599 -138.583    715.2    815.0
     1     1    16     2     3     3     0     0    -3.0   60.398 -138.350    698.8    820.3
     1     1    16     2     3     2     0     0    -4.0   60.190 -138.126    682.6    825.8
     1     1    16     2     3     1     0     0    -5.0   59.974 -137.915    666.2    831.9
     1     1    16     2     3     0     0     0    -6.0   59.753 -137.712    652.0    840.9
     1     1    16     2     2    23     0     0    -7.0   59.529 -137.506    639.9    849.0
     1     1    16     2     2    22     0     0    -8.0   59.304 -137.291    627.8    856.7
     1     1    16     2     2    21     0     0    -9.0   59.084 -137.071    615.9    864.1
     1     1    16     2     2    20     0     0   -10.0   58.869 -136.850    603.9    870.9
     1     1    16     2     2    19     0     0   -11.0   58.662 -136.631    591.7    877.4
     1     1    16     2     2    18     0     0   -12.0   58.463 -136.418    578.9    883.7
     1     1    16     2     2    17     0     0   -13.0   58.273 -136.212    563.5    889.6
     1     1    16     2     2    16     0     0   -14.0   58.090 -136.012    543.4    896.1
     1     1    16     2     2    15     0     0   -15.0   57.911 -135.812    518.8    902.9
     1     1    16     2     2    14     0     0   -16.0   57.736 -135.608    489.9    910.2
     1     1    16     2     2    13     0     0   -17.0   57.561 -135.392    456.8    917.9
     1     1    16     2     2    12     0     0   -18.0   57.386 -135.167    420.1    925.0
     1     1    16     2     2    11     0     0   -19.0   57.210 -134.946    382.4    931.3
     1     1    16     2     2    10     0     0   -20.0   57.039 -134.744    346.9    935.2
     1     1    16     2     2     9     0     0   -21.0   56.877 -134.560    314.2    939.0
     1     1    16     2     2     8     0     0   -22.0   56.723 -134.390    283.7    942.9
     1     1    16     2     2     7     0     0   -23.0   56.577 -134.227    255.1    946.8
     1     1    16     2     2     6     0     0   -24.0   56.439 -134.068    227.9    950.7
     1     1    16     2     2     5     0     0   -25.0   56.308 -133.901    204.0    954.6
     1     1    16     2     2     4     0     0   -26.0   56.179 -133.719    184.2    957.0
     1     1    16     2     2     3     0     0   -27.0   56.051 -133.524    168.0    958.9
     1     1    16     2     2     2     0     0   -28.0   55.924 -133.321    155.0    960.6
     1     1    16     2     2     1     0     0   -29.0   55.797 -133.114    144.9    962.1
     1     1    16     2     2     0     0     0   -30.0   55.670 -132.909    137.4    963.5
     1     1    16     2     1    23     0     0   -31.0   55.549 -132.713    130.8    964.4
     1     1    16     2     1    22     0     0   -32.0   55.438 -132.534    123.6    965.5
     1     1    16     2     1    21     0     0   -33.0   55.340 -132.371    115.9    965.7
     1     1    16     2     1    20     0     0   -34.0   55.254 -132.226    108.0    965.7
     1     1    16     2     1    19     0     0   -35.0   55.179 -132.095     99.9    965.7
     1     1    16     2     1    18     0     0   -36.0   55.116 -131.979     91.6    965.8
     1     1    16     2     1    17     0     0   -37.0   55.061 -131.886     83.6    966.8
     1     1    16     2     1    16     0     0   -38.0   55.009 -131.826     76.1    968.3
     1     1    16     2     1    15     0     0   -39.0   54.959 -131.798     69.1    969.6
     1     1    16     2     1    14     0     0   -40.0   54.910 -131.802     62.4    971.3
     1     1    16     2     1    13     0     0   -41.0   54.862 -131.837     56.1    973.6
     1     1    16     2     1    12     0     0   -42.0   54.815 -131.905     50.4    976.5
     1     1    16     2     1    11     0     0   -43.0   54.777 -131.996     45.5    979.3
     1     1    16     2     1    10     0     0   -44.0   54.755 -132.096     41.9    981.8
     1     1    16     2     1     9     0     0   -45.0   54.749 -132.207     39.1    984.2
     1     1    16     2     1     8     0     0   -46.0   54.760 -132.329     37.2    986.5
     1     1    16     2     1     7     0     0   -47.0   54.786 -132.460     35.9    988.7
     1     1    16     2     1     6     0     0   -48.0   54.828 -132.600     35.1    990.0
     1     1    16     2     1     5     0     0   -49.0   54.879 -132.750     34.5    991.3
     1     1    16     2     1     4     0     0   -50.0   54.937 -132.915     33.9    992.8
     1     1    16     2     1     3     0     0   -51.0   55.003 -133.094     33.3    994.4
     1     1    16     2     1     2     0     0   -52.0   55.077 -133.290     32.8    995.2
     1     1    16     2     1     1     0     0   -53.0   55.160 -133.500     32.5    996.0
     1     1    16     2     1     0     0     0   -54.0   55.253 -133.726     32.3    996.7
