     1     1
    CDC1    16     1     1     0     0
     1 BACKWARD OMEGA   
    16     1    25    18   60.984 -139.059   750.0
     1 PRESSURE
     1     1    16     1    25    18     0     0     0.0   60.984 -139.059    750.0    798.4
     1     1    16     1    25    17     0     0    -1.0   60.682 -138.829    691.1    809.2
     1     1    16     1    25    16     0     0    -2.0   60.365 -138.539    624.7    821.8
     1     1    16     1    25    15     0     0    -3.0   60.031 -138.192    552.0    834.9
     1     1    16     1    25    14     0     0    -4.0   59.681 -137.808    479.9    853.4
     1     1    16     1    25    13     0     0    -5.0   59.321 -137.408    413.5    872.2
     1     1    16     1    25    12     0     0    -6.0   58.954 -136.991    355.2    889.4
     1     1    16     1    25    11     0     0    -7.0   58.602 -136.559    306.5    903.5
     1     1    16     1    25    10     0     0    -8.0   58.283 -136.115    266.5    915.2
     1     1    16     1    25     9     0     0    -9.0   57.993 -135.658    232.8    925.0
     1     1    16     1    25     8     0     0   -10.0   57.728 -135.188    203.6    933.4
     1     1    16     1    25     7     0     0   -11.0   57.485 -134.717    178.2    937.2
     1     1    16     1    25     6     0     0   -12.0   57.263 -134.269    157.1    937.0
     1     1    16     1    25     5     0     0   -13.0   57.054 -133.852    140.3    937.0
     1     1    16     1    25     4     0     0   -14.0   56.851 -133.457    126.8    937.2
     1     1    16     1    25     3     0     0   -15.0   56.648 -133.075    115.6    937.8
     1     1    16     1    25     2     0     0   -16.0   56.440 -132.701    106.3    938.8
     1     1    16     1    25     1     0     0   -17.0   56.222 -132.335     98.6    939.5
     1     1    16     1    25     0     0     0   -18.0   55.995 -131.986     91.7    939.6
     1     1    16     1    24    23     0     0   -19.0   55.768 -131.652     84.9    940.0
     1     1    16     1    24    22     0     0   -20.0   55.552 -131.325     77.2    940.4
     1     1    16     1    24    21     0     0   -21.0   55.349 -131.003     68.6    940.4
     1     1    16     1    24    20     0     0   -22.0   55.167 -130.685     58.7    939.9
     1     1    16     1    24    19     0     0   -23.0   55.013 -130.369     47.9    939.0
     1     1    16     1    24    18     0     0   -24.0   54.897 -130.061     36.9    936.9
     1     1    16     1    24    17     0     0   -25.0   54.823 -129.768     28.1    934.7
     1     1    16     1    24    16     0     0   -26.0   54.786 -129.495     22.3    931.6
     1     1    16     1    24    15     0     0   -27.0   54.779 -129.243     18.5    928.1
     1     1    16     1    24    14     0     0   -28.0   54.797 -129.011     16.1    924.3
     1     1    16     1    24    13     0     0   -29.0   54.835 -128.796     14.6    920.4
     1     1    16     1    24    12     0     0   -30.0   54.890 -128.598     13.8    916.4
     1     1    16     1    24    11     0     0   -31.0   54.951 -128.421     13.4    912.2
     1     1    16     1    24    10     0     0   -32.0   55.009 -128.269     13.2    908.4
     1     1    16     1    24     9     0     0   -33.0   55.059 -128.142     13.3    905.0
     1     1    16     1    24     8     0     0   -34.0   55.096 -128.039     13.6    902.1
     1     1    16     1    24     7     0     0   -35.0   55.119 -127.955     14.2    899.8
     1     1    16     1    24     6     0     0   -36.0   55.126 -127.888     14.8    898.1
     1     1    16     1    24     5     0     0   -37.0   55.124 -127.832     15.5    896.8
     1     1    16     1    24     4     0     0   -38.0   55.121 -127.782     15.9    895.7
     1     1    16     1    24     3     0     0   -39.0   55.117 -127.738     16.2    894.8
     1     1    16     1    24     2     0     0   -40.0   55.111 -127.700     16.4    894.0
     1     1    16     1    24     1     0     0   -41.0   55.104 -127.667     16.4    893.4
     1     1    16     1    24     0     0     0   -42.0   55.096 -127.638     16.3    892.8
     1     1    16     1    23    23     0     0   -43.0   55.090 -127.603     16.3    892.6
     1     1    16     1    23    22     0     0   -44.0   55.090 -127.552     16.7    891.9
     1     1    16     1    23    21     0     0   -45.0   55.096 -127.488     17.4    891.0
     1     1    16     1    23    20     0     0   -46.0   55.108 -127.411     18.6    890.4
     1     1    16     1    23    19     0     0   -47.0   55.125 -127.324     20.3    889.6
     1     1    16     1    23    18     0     0   -48.0   55.149 -127.230     22.6    888.7
     1     1    16     1    23    17     0     0   -49.0   55.172 -127.146     25.2    887.5
     1     1    16     1    23    16     0     0   -50.0   55.189 -127.084     27.6    886.6
     1     1    16     1    23    15     0     0   -51.0   55.198 -127.041     29.6    885.9
     1     1    16     1    23    14     0     0   -52.0   55.200 -127.015     31.1    885.5
     1     1    16     1    23    13     0     0   -53.0   55.194 -127.004     32.0    885.4
     1     1    16     1    23    12     0     0   -54.0   55.181 -127.006     32.3    885.5
     1     1    16     1    23    11     0     0   -55.0   55.163 -127.016     32.0    885.7
     1     1    16     1    23    10     0     0   -56.0   55.143 -127.029     31.4    886.0
     1     1    16     1    23     9     0     0   -57.0   55.122 -127.044     30.4    886.4
     1     1    16     1    23     8     0     0   -58.0   55.099 -127.061     29.1    886.8
     1     1    16     1    23     7     0     0   -59.0   55.075 -127.081     27.4    887.3
     1     1    16     1    23     6     0     0   -60.0   55.050 -127.103     25.5    888.0
     1     1    16     1    23     5     0     0   -61.0   55.027 -127.119     23.4    888.2
     1     1    16     1    23     4     0     0   -62.0   55.010 -127.124     21.5    888.2
     1     1    16     1    23     3     0     0   -63.0   54.997 -127.119     19.8    888.1
     1     1    16     1    23     2     0     0   -64.0   54.989 -127.105     18.2    887.8
     1     1    16     1    23     1     0     0   -65.0   54.986 -127.081     16.7    887.5
     1     1    16     1    23     0     0     0   -66.0   54.989 -127.050     15.3    887.0
     1     1    16     1    22    23     0     0   -67.0   55.000 -126.999     14.0    886.4
     1     1    16     1    22    22     0     0   -68.0   55.020 -126.917     12.8    885.5
     1     1    16     1    22    21     0     0   -69.0   55.051 -126.808     11.7    884.4
     1     1    16     1    22    20     0     0   -70.0   55.093 -126.673     10.7    883.0
     1     1    16     1    22    19     0     0   -71.0   55.147 -126.514      9.8    881.4
     1     1    16     1    22    18     0     0   -72.0   55.212 -126.336      9.0    879.6
