     1     1
    CDC1    16     4     1     0     0
     1 BACKWARD OMEGA   
    16     4    22    18   60.984 -139.059   750.0
     1 PRESSURE
     1     1    16     4    22    18     0     0     0.0   60.984 -139.059    750.0    808.1
     1     1    16     4    22    17     0     0    -1.0   60.862 -139.014    742.5    810.6
     1     1    16     4    22    16     0     0    -2.0   60.727 -138.942    728.5    814.1
     1     1    16     4    22    15     0     0    -3.0   60.581 -138.845    707.6    818.6
     1     1    16     4    22    14     0     0    -4.0   60.423 -138.721    679.3    824.1
     1     1    16     4    22    13     0     0    -5.0   60.256 -138.572    643.2    830.6
     1     1    16     4    22    12     0     0    -6.0   60.078 -138.395    599.1    838.3
     1     1    16     4    22    11     0     0    -7.0   59.901 -138.200    554.2    847.5
     1     1    16     4    22    10     0     0    -8.0   59.733 -138.002    515.7    856.5
     1     1    16     4    22     9     0     0    -9.0   59.576 -137.807    483.6    864.5
     1     1    16     4    22     8     0     0   -10.0   59.428 -137.620    457.2    871.7
     1     1    16     4    22     7     0     0   -11.0   59.290 -137.443    436.1    877.9
     1     1    16     4    22     6     0     0   -12.0   59.163 -137.276    419.7    883.0
     1     1    16     4    22     5     0     0   -13.0   59.041 -137.107    405.9    887.2
     1     1    16     4    22     4     0     0   -14.0   58.923 -136.927    392.1    891.5
     1     1    16     4    22     3     0     0   -15.0   58.805 -136.740    378.1    895.8
     1     1    16     4    22     2     0     0   -16.0   58.687 -136.552    363.5    899.7
     1     1    16     4    22     1     0     0   -17.0   58.568 -136.367    348.2    903.6
     1     1    16     4    22     0     0     0   -18.0   58.447 -136.188    331.8    907.7
     1     1    16     4    21    23     0     0   -19.0   58.331 -136.019    314.9    911.5
     1     1    16     4    21    22     0     0   -20.0   58.226 -135.856    298.2    914.9
     1     1    16     4    21    21     0     0   -21.0   58.132 -135.699    281.4    918.1
     1     1    16     4    21    20     0     0   -22.0   58.049 -135.546    264.3    921.0
     1     1    16     4    21    19     0     0   -23.0   57.978 -135.397    247.0    923.7
     1     1    16     4    21    18     0     0   -24.0   57.919 -135.250    229.6    926.1
     1     1    16     4    21    17     0     0   -25.0   57.875 -135.103    214.4    928.5
     1     1    16     4    21    16     0     0   -26.0   57.847 -134.952    203.5    929.2
     1     1    16     4    21    15     0     0   -27.0   57.833 -134.791    196.1    928.1
     1     1    16     4    21    14     0     0   -28.0   57.830 -134.614    191.6    926.1
     1     1    16     4    21    13     0     0   -29.0   57.835 -134.420    189.3    923.4
     1     1    16     4    21    12     0     0   -30.0   57.843 -134.208    188.6    920.2
     1     1    16     4    21    11     0     0   -31.0   57.853 -133.987    188.2    917.0
     1     1    16     4    21    10     0     0   -32.0   57.865 -133.770    186.9    913.9
     1     1    16     4    21     9     0     0   -33.0   57.880 -133.555    185.0    910.9
     1     1    16     4    21     8     0     0   -34.0   57.899 -133.344    182.7    907.9
     1     1    16     4    21     7     0     0   -35.0   57.919 -133.136    180.2    905.0
     1     1    16     4    21     6     0     0   -36.0   57.942 -132.931    177.6    902.1
     1     1    16     4    21     5     0     0   -37.0   57.956 -132.725    174.0    899.6
     1     1    16     4    21     4     0     0   -38.0   57.948 -132.515    168.9    897.6
     1     1    16     4    21     3     0     0   -39.0   57.919 -132.303    162.2    895.8
     1     1    16     4    21     2     0     0   -40.0   57.871 -132.091    153.9    894.4
     1     1    16     4    21     1     0     0   -41.0   57.804 -131.882    144.4    893.4
     1     1    16     4    21     0     0     0   -42.0   57.722 -131.673    133.9    892.7
     1     1    16     4    20    23     0     0   -43.0   57.638 -131.460    123.6    891.8
     1     1    16     4    20    22     0     0   -44.0   57.563 -131.235    114.1    890.2
     1     1    16     4    20    21     0     0   -45.0   57.496 -130.995    105.5    888.0
     1     1    16     4    20    20     0     0   -46.0   57.434 -130.738     97.5    886.0
     1     1    16     4    20    19     0     0   -47.0   57.376 -130.462     90.0    883.4
     1     1    16     4    20    18     0     0   -48.0   57.318 -130.165     83.0    880.3
     1     1    16     4    20    17     0     0   -49.0   57.256 -129.842     76.0    878.2
     1     1    16     4    20    16     0     0   -50.0   57.191 -129.496     68.0    877.3
     1     1    16     4    20    15     0     0   -51.0   57.125 -129.135     59.1    875.9
     1     1    16     4    20    14     0     0   -52.0   57.059 -128.762     49.6    874.5
     1     1    16     4    20    13     0     0   -53.0   56.995 -128.378     40.4    872.8
     1     1    16     4    20    12     0     0   -54.0   56.934 -127.985     31.7    871.0
     1     1    16     4    20    11     0     0   -55.0   56.881 -127.589     24.6    868.7
     1     1    16     4    20    10     0     0   -56.0   56.845 -127.198     19.5    870.1
     1     1    16     4    20     9     0     0   -57.0   56.828 -126.817     16.3    872.0
     1     1    16     4    20     8     0     0   -58.0   56.829 -126.445     14.2    873.4
     1     1    16     4    20     7     0     0   -59.0   56.845 -126.080     12.8    874.4
     1     1    16     4    20     6     0     0   -60.0   56.873 -125.718     11.8    875.2
     1     1    16     4    20     5     0     0   -61.0   56.917 -125.406     11.2    876.0
     1     1    16     4    20     4     0     0   -62.0   56.979 -125.190     10.8    876.3
     1     1    16     4    20     3     0     0   -63.0   57.059 -125.075     10.6    876.1
     1     1    16     4    20     2     0     0   -64.0   57.155 -125.061     10.7    875.4
     1     1    16     4    20     1     0     0   -65.0   57.266 -125.150     11.0    874.2
     1     1    16     4    20     0     0     0   -66.0   57.393 -125.340     11.7    872.2
     1     1    16     4    19    23     0     0   -67.0   57.521 -125.584     13.0    870.4
     1     1    16     4    19    22     0     0   -68.0   57.638 -125.836     15.3    870.1
     1     1    16     4    19    21     0     0   -69.0   57.746 -126.104     18.9    869.4
     1     1    16     4    19    20     0     0   -70.0   57.845 -126.392     24.3    868.1
     1     1    16     4    19    19     0     0   -71.0   57.939 -126.707     32.1    866.2
     1     1    16     4    19    18     0     0   -72.0   58.033 -127.058     43.4    863.6
