     1     1
    CDC1    15    12     1     0     0
     1 BACKWARD OMEGA   
    15    12    17    12   60.984 -139.059   750.0
     1 PRESSURE
     1     1    15    12    17    12     0     0     0.0   60.984 -139.059    750.0    797.9
     1     1    15    12    17    11     0     0    -1.0   60.598 -138.331    708.1    808.0
     1     1    15    12    17    10     0     0    -2.0   60.220 -137.574    662.4    819.1
     1     1    15    12    17     9     0     0    -3.0   59.854 -136.801    616.8    831.3
     1     1    15    12    17     8     0     0    -4.0   59.513 -136.047    576.7    843.7
     1     1    15    12    17     7     0     0    -5.0   59.198 -135.332    543.4    853.9
     1     1    15    12    17     6     0     0    -6.0   58.904 -134.653    516.3    860.5
     1     1    15    12    17     5     0     0    -7.0   58.634 -134.030    494.7    863.2
     1     1    15    12    17     4     0     0    -8.0   58.387 -133.472    478.1    864.7
     1     1    15    12    17     3     0     0    -9.0   58.157 -132.975    465.3    865.3
     1     1    15    12    17     2     0     0   -10.0   57.936 -132.532    455.7    865.4
     1     1    15    12    17     1     0     0   -11.0   57.721 -132.133    449.0    864.1
     1     1    15    12    17     0     0     0   -12.0   57.509 -131.774    446.0    862.2
     1     1    15    12    16    23     0     0   -13.0   57.312 -131.465    448.0    861.8
     1     1    15    12    16    22     0     0   -14.0   57.140 -131.216    455.3    861.2
     1     1    15    12    16    21     0     0   -15.0   56.989 -131.015    467.3    860.4
     1     1    15    12    16    20     0     0   -16.0   56.859 -130.855    483.6    859.4
     1     1    15    12    16    19     0     0   -17.0   56.748 -130.732    504.1    858.1
     1     1    15    12    16    18     0     0   -18.0   56.657 -130.640    528.6    856.6
     1     1    15    12    16    17     0     0   -19.0   56.586 -130.592    553.8    854.9
     1     1    15    12    16    16     0     0   -20.0   56.535 -130.599    575.8    854.5
     1     1    15    12    16    15     0     0   -21.0   56.504 -130.657    594.7    854.9
     1     1    15    12    16    14     0     0   -22.0   56.492 -130.766    610.2    856.2
     1     1    15    12    16    13     0     0   -23.0   56.498 -130.926    621.8    858.2
     1     1    15    12    16    12     0     0   -24.0   56.520 -131.136    629.0    861.2
     1     1    15    12    16    11     0     0   -25.0   56.545 -131.373    632.3    864.8
     1     1    15    12    16    10     0     0   -26.0   56.566 -131.615    633.2    868.7
     1     1    15    12    16     9     0     0   -27.0   56.582 -131.863    631.4    873.2
     1     1    15    12    16     8     0     0   -28.0   56.591 -132.121    626.8    878.4
     1     1    15    12    16     7     0     0   -29.0   56.590 -132.391    619.3    884.6
     1     1    15    12    16     6     0     0   -30.0   56.582 -132.676    609.1    890.6
     1     1    15    12    16     5     0     0   -31.0   56.577 -132.974    597.5    896.0
     1     1    15    12    16     4     0     0   -32.0   56.582 -133.284    585.8    901.3
     1     1    15    12    16     3     0     0   -33.0   56.598 -133.605    573.4    906.7
     1     1    15    12    16     2     0     0   -34.0   56.625 -133.937    560.1    912.3
     1     1    15    12    16     1     0     0   -35.0   56.662 -134.280    545.6    918.1
     1     1    15    12    16     0     0     0   -36.0   56.709 -134.635    529.6    924.2
     1     1    15    12    15    23     0     0   -37.0   56.760 -135.000    511.8    930.2
     1     1    15    12    15    22     0     0   -38.0   56.811 -135.382    493.0    933.4
     1     1    15    12    15    21     0     0   -39.0   56.863 -135.785    474.4    936.8
     1     1    15    12    15    20     0     0   -40.0   56.918 -136.210    456.5    940.5
     1     1    15    12    15    19     0     0   -41.0   56.977 -136.657    439.7    944.3
     1     1    15    12    15    18     0     0   -42.0   57.041 -137.125    424.8    948.2
     1     1    15    12    15    17     0     0   -43.0   57.101 -137.618    410.7    951.8
     1     1    15    12    15    16     0     0   -44.0   57.151 -138.136    395.8    954.7
     1     1    15    12    15    15     0     0   -45.0   57.190 -138.684    380.2    957.9
     1     1    15    12    15    14     0     0   -46.0   57.224 -139.264    364.5    961.0
     1     1    15    12    15    13     0     0   -47.0   57.262 -139.881    349.1    964.1
     1     1    15    12    15    12     0     0   -48.0   57.305 -140.537    334.8    968.2
     1     1    15    12    15    11     0     0   -49.0   57.341 -141.222    321.6    972.6
     1     1    15    12    15    10     0     0   -50.0   57.364 -141.932    309.4    977.2
     1     1    15    12    15     9     0     0   -51.0   57.380 -142.665    299.8    981.7
     1     1    15    12    15     8     0     0   -52.0   57.389 -143.411    293.5    986.0
     1     1    15    12    15     7     0     0   -53.0   57.395 -144.166    291.3    989.9
     1     1    15    12    15     6     0     0   -54.0   57.402 -144.933    294.7    993.3
     1     1    15    12    15     5     0     0   -55.0   57.402 -145.699    300.2    992.8
     1     1    15    12    15     4     0     0   -56.0   57.383 -146.452    304.0    992.3
     1     1    15    12    15     3     0     0   -57.0   57.350 -147.196    306.8    991.5
     1     1    15    12    15     2     0     0   -58.0   57.304 -147.933    308.5    988.3
     1     1    15    12    15     1     0     0   -59.0   57.246 -148.666    308.9    983.5
     1     1    15    12    15     0     0     0   -60.0   57.180 -149.404    308.5    978.8
     1     1    15    12    14    23     0     0   -61.0   57.104 -150.138    311.2    974.5
     1     1    15    12    14    22     0     0   -62.0   57.009 -150.858    319.2    968.8
     1     1    15    12    14    21     0     0   -63.0   56.893 -151.573    331.3    963.1
     1     1    15    12    14    20     0     0   -64.0   56.756 -152.287    346.9    957.6
     1     1    15    12    14    19     0     0   -65.0   56.594 -153.000    366.4    953.3
     1     1    15    12    14    18     0     0   -66.0   56.410 -153.712    391.3    949.2
     1     1    15    12    14    17     0     0   -67.0   56.203 -154.438    419.1    944.3
     1     1    15    12    14    16     0     0   -68.0   55.972 -155.194    444.9    941.0
     1     1    15    12    14    15     0     0   -69.0   55.716 -155.999    466.1    939.2
     1     1    15    12    14    14     0     0   -70.0   55.438 -156.866    480.6    939.0
     1     1    15    12    14    13     0     0   -71.0   55.142 -157.801    488.4    939.5
     1     1    15    12    14    12     0     0   -72.0   54.835 -158.810    490.5    938.8
