     1     1
    CDC1    16     4     1     0     0
     1 BACKWARD OMEGA   
    16     4    13    18   60.984 -139.059   750.0
     1 PRESSURE
     1     1    16     4    13    18     0     0     0.0   60.984 -139.059    750.0    806.0
     1     1    16     4    13    17     0     0    -1.0   60.791 -138.939    749.8    808.7
     1     1    16     4    13    16     0     0    -2.0   60.610 -138.799    746.8    811.4
     1     1    16     4    13    15     0     0    -3.0   60.440 -138.640    741.1    814.2
     1     1    16     4    13    14     0     0    -4.0   60.282 -138.462    732.4    817.0
     1     1    16     4    13    13     0     0    -5.0   60.132 -138.267    720.6    819.8
     1     1    16     4    13    12     0     0    -6.0   59.989 -138.054    705.8    822.8
     1     1    16     4    13    11     0     0    -7.0   59.842 -137.830    688.0    828.3
     1     1    16     4    13    10     0     0    -8.0   59.683 -137.602    666.8    834.6
     1     1    16     4    13     9     0     0    -9.0   59.513 -137.371    642.2    841.5
     1     1    16     4    13     8     0     0   -10.0   59.333 -137.141    614.0    848.9
     1     1    16     4    13     7     0     0   -11.0   59.146 -136.913    582.3    856.3
     1     1    16     4    13     6     0     0   -12.0   58.953 -136.689    547.2    864.1
     1     1    16     4    13     5     0     0   -13.0   58.758 -136.456    514.3    872.5
     1     1    16     4    13     4     0     0   -14.0   58.563 -136.198    488.4    879.3
     1     1    16     4    13     3     0     0   -15.0   58.363 -135.916    469.5    885.2
     1     1    16     4    13     2     0     0   -16.0   58.153 -135.611    457.3    890.2
     1     1    16     4    13     1     0     0   -17.0   57.927 -135.285    451.4    894.7
     1     1    16     4    13     0     0     0   -18.0   57.680 -134.937    451.5    898.1
     1     1    16     4    12    23     0     0   -19.0   57.423 -134.582    453.1    897.9
     1     1    16     4    12    22     0     0   -20.0   57.170 -134.237    453.5    897.1
     1     1    16     4    12    21     0     0   -21.0   56.923 -133.906    453.0    896.9
     1     1    16     4    12    20     0     0   -22.0   56.679 -133.588    452.1    897.2
     1     1    16     4    12    19     0     0   -23.0   56.435 -133.282    451.5    897.8
     1     1    16     4    12    18     0     0   -24.0   56.187 -132.987    451.6    898.9
     1     1    16     4    12    17     0     0   -25.0   55.937 -132.697    452.1    901.3
     1     1    16     4    12    16     0     0   -26.0   55.687 -132.399    452.0    903.5
     1     1    16     4    12    15     0     0   -27.0   55.434 -132.085    450.5    904.6
     1     1    16     4    12    14     0     0   -28.0   55.179 -131.748    447.2    905.5
     1     1    16     4    12    13     0     0   -29.0   54.924 -131.384    441.4    905.6
     1     1    16     4    12    12     0     0   -30.0   54.672 -131.004    432.6    904.4
     1     1    16     4    12    11     0     0   -31.0   54.416 -130.645    418.5    904.8
     1     1    16     4    12    10     0     0   -32.0   54.147 -130.333    398.5    907.7
     1     1    16     4    12     9     0     0   -33.0   53.866 -130.058    374.0    912.6
     1     1    16     4    12     8     0     0   -34.0   53.575 -129.813    345.9    917.8
     1     1    16     4    12     7     0     0   -35.0   53.277 -129.587    315.4    923.7
     1     1    16     4    12     6     0     0   -36.0   52.973 -129.372    283.7    930.1
     1     1    16     4    12     5     0     0   -37.0   52.667 -129.173    254.0    936.9
     1     1    16     4    12     4     0     0   -38.0   52.365 -129.004    228.0    942.7
     1     1    16     4    12     3     0     0   -39.0   52.068 -128.873    205.8    947.8
     1     1    16     4    12     2     0     0   -40.0   51.781 -128.781    187.6    952.6
     1     1    16     4    12     1     0     0   -41.0   51.505 -128.724    173.0    957.4
     1     1    16     4    12     0     0     0   -42.0   51.238 -128.698    161.7    962.4
     1     1    16     4    11    23     0     0   -43.0   50.984 -128.691    152.4    966.6
     1     1    16     4    11    22     0     0   -44.0   50.749 -128.698    144.4    970.8
     1     1    16     4    11    21     0     0   -45.0   50.533 -128.717    137.5    975.0
     1     1    16     4    11    20     0     0   -46.0   50.337 -128.751    131.5    979.0
     1     1    16     4    11    19     0     0   -47.0   50.162 -128.799    126.3    982.8
     1     1    16     4    11    18     0     0   -48.0   50.009 -128.864    121.7    986.5
     1     1    16     4    11    17     0     0   -49.0   49.873 -128.950    117.7    989.3
     1     1    16     4    11    16     0     0   -50.0   49.748 -129.063    114.2    992.1
     1     1    16     4    11    15     0     0   -51.0   49.636 -129.204    111.2    994.9
     1     1    16     4    11    14     0     0   -52.0   49.536 -129.373    108.7    997.7
     1     1    16     4    11    13     0     0   -53.0   49.450 -129.571    106.8   1000.5
     1     1    16     4    11    12     0     0   -54.0   49.377 -129.799    105.6   1003.3
     1     1    16     4    11    11     0     0   -55.0   49.313 -130.043    103.0   1005.3
     1     1    16     4    11    10     0     0   -56.0   49.252 -130.287     97.4   1006.4
     1     1    16     4    11     9     0     0   -57.0   49.196 -130.529     89.4   1007.8
     1     1    16     4    11     8     0     0   -58.0   49.143 -130.772     79.7   1009.7
     1     1    16     4    11     7     0     0   -59.0   49.095 -131.017     69.1   1011.4
     1     1    16     4    11     6     0     0   -60.0   49.051 -131.264     58.0   1012.8
     1     1    16     4    11     5     0     0   -61.0   49.008 -131.509     48.5   1014.1
     1     1    16     4    11     4     0     0   -62.0   48.967 -131.743     41.7   1014.9
     1     1    16     4    11     3     0     0   -63.0   48.926 -131.964     37.0   1015.4
     1     1    16     4    11     2     0     0   -64.0   48.885 -132.170     33.9   1015.7
     1     1    16     4    11     1     0     0   -65.0   48.845 -132.360     32.2   1015.8
     1     1    16     4    11     0     0     0   -66.0   48.806 -132.533     31.6   1015.6
     1     1    16     4    10    23     0     0   -67.0   48.768 -132.693     31.9   1015.2
     1     1    16     4    10    22     0     0   -68.0   48.730 -132.841     32.9   1014.8
     1     1    16     4    10    21     0     0   -69.0   48.692 -132.978     34.7   1014.2
     1     1    16     4    10    20     0     0   -70.0   48.651 -133.105     37.3   1013.6
     1     1    16     4    10    19     0     0   -71.0   48.609 -133.222     41.0   1012.9
     1     1    16     4    10    18     0     0   -72.0   48.565 -133.331     45.9   1012.1
