     1     1
    CDC1    15    10     1     0     0
     1 BACKWARD OMEGA   
    15    10    15    12   60.984 -139.059   750.0
     1 PRESSURE
     1     1    15    10    15    12     0     0     0.0   60.984 -139.059    750.0    817.1
     1     1    15    10    15    11     0     0    -1.0   60.869 -138.686    769.8    817.0
     1     1    15    10    15    10     0     0    -2.0   60.753 -138.372    786.4    817.7
     1     1    15    10    15     9     0     0    -3.0   60.638 -138.109    801.0    818.5
     1     1    15    10    15     8     0     0    -4.0   60.528 -137.889    815.0    819.4
     1     1    15    10    15     7     0     0    -5.0   60.425 -137.707    829.6    820.1
     1     1    15    10    15     6     0     0    -6.0   60.331 -137.559    845.9    820.6
     1     1    15    10    15     5     0     0    -7.0   60.237 -137.441    863.1    820.1
     1     1    15    10    15     4     0     0    -8.0   60.130 -137.347    881.6    819.9
     1     1    15    10    15     3     0     0    -9.0   60.013 -137.276    901.5    819.7
     1     1    15    10    15     2     0     0   -10.0   59.886 -137.226    923.4    820.7
     1     1    15    10    15     1     0     0   -11.0   59.752 -137.195    946.7    822.2
     1     1    15    10    15     0     0     0   -12.0   59.613 -137.183    972.0    823.7
     1     1    15    10    14    23     0     0   -13.0   59.472 -137.182    995.7    824.8
     1     1    15    10    14    22     0     0   -14.0   59.333 -137.190   1014.1    826.9
     1     1    15    10    14    21     0     0   -15.0   59.194 -137.207   1027.1    829.7
     1     1    15    10    14    20     0     0   -16.0   59.055 -137.235   1034.9    833.1
     1     1    15    10    14    19     0     0   -17.0   58.913 -137.276   1037.5    837.2
     1     1    15    10    14    18     0     0   -18.0   58.766 -137.328   1035.2    842.2
     1     1    15    10    14    17     0     0   -19.0   58.614 -137.382   1029.2    847.3
     1     1    15    10    14    16     0     0   -20.0   58.458 -137.430   1021.7    852.6
     1     1    15    10    14    15     0     0   -21.0   58.297 -137.475   1012.1    858.4
     1     1    15    10    14    14     0     0   -22.0   58.132 -137.520    999.8    864.6
     1     1    15    10    14    13     0     0   -23.0   57.963 -137.568    984.3    871.3
     1     1    15    10    14    12     0     0   -24.0   57.788 -137.622    965.2    878.7
     1     1    15    10    14    11     0     0   -25.0   57.613 -137.690    942.0    886.7
     1     1    15    10    14    10     0     0   -26.0   57.438 -137.781    913.9    894.0
     1     1    15    10    14     9     0     0   -27.0   57.268 -137.901    881.5    899.3
     1     1    15    10    14     8     0     0   -28.0   57.100 -138.052    846.1    904.8
     1     1    15    10    14     7     0     0   -29.0   56.936 -138.235    807.5    910.8
     1     1    15    10    14     6     0     0   -30.0   56.774 -138.449    765.9    917.1
     1     1    15    10    14     5     0     0   -31.0   56.613 -138.687    724.2    923.3
     1     1    15    10    14     4     0     0   -32.0   56.454 -138.944    686.4    928.8
     1     1    15    10    14     3     0     0   -33.0   56.296 -139.228    653.0    933.8
     1     1    15    10    14     2     0     0   -34.0   56.139 -139.545    624.8    937.9
     1     1    15    10    14     1     0     0   -35.0   55.984 -139.900    602.4    940.7
     1     1    15    10    14     0     0     0   -36.0   55.829 -140.298    586.7    942.9
     1     1    15    10    13    23     0     0   -37.0   55.673 -140.736    575.1    944.4
     1     1    15    10    13    22     0     0   -38.0   55.512 -141.215    564.6    945.8
     1     1    15    10    13    21     0     0   -39.0   55.348 -141.739    555.6    946.5
     1     1    15    10    13    20     0     0   -40.0   55.183 -142.314    548.3    946.4
     1     1    15    10    13    19     0     0   -41.0   55.019 -142.941    542.6    945.3
     1     1    15    10    13    18     0     0   -42.0   54.857 -143.604    537.6    944.5
     1     1    15    10    13    17     0     0   -43.0   54.693 -144.282    532.8    943.9
     1     1    15    10    13    16     0     0   -44.0   54.523 -144.970    528.5    943.5
     1     1    15    10    13    15     0     0   -45.0   54.352 -145.665    525.6    942.2
     1     1    15    10    13    14     0     0   -46.0   54.186 -146.365    524.8    940.9
     1     1    15    10    13    13     0     0   -47.0   54.031 -147.071    527.0    939.4
     1     1    15    10    13    12     0     0   -48.0   53.888 -147.783    532.5    938.0
     1     1    15    10    13    11     0     0   -49.0   53.759 -148.485    539.4    937.0
     1     1    15    10    13    10     0     0   -50.0   53.644 -149.168    546.3    936.4
     1     1    15    10    13     9     0     0   -51.0   53.547 -149.841    553.0    935.8
     1     1    15    10    13     8     0     0   -52.0   53.472 -150.507    559.6    935.7
     1     1    15    10    13     7     0     0   -53.0   53.420 -151.171    565.6    935.7
     1     1    15    10    13     6     0     0   -54.0   53.395 -151.833    571.3    935.5
     1     1    15    10    13     5     0     0   -55.0   53.389 -152.495    577.7    935.0
     1     1    15    10    13     4     0     0   -56.0   53.386 -153.161    585.8    933.7
     1     1    15    10    13     3     0     0   -57.0   53.386 -153.832    596.2    932.2
     1     1    15    10    13     2     0     0   -58.0   53.392 -154.510    609.5    930.2
     1     1    15    10    13     1     0     0   -59.0   53.405 -155.198    626.1    927.8
     1     1    15    10    13     0     0     0   -60.0   53.423 -155.896    646.0    924.6
     1     1    15    10    12    23     0     0   -61.0   53.448 -156.586    667.0    921.0
     1     1    15    10    12    22     0     0   -62.0   53.487 -157.253    687.0    917.9
     1     1    15    10    12    21     0     0   -63.0   53.538 -157.899    705.9    915.0
     1     1    15    10    12    20     0     0   -64.0   53.599 -158.525    723.2    912.3
     1     1    15    10    12    19     0     0   -65.0   53.669 -159.130    739.1    910.0
     1     1    15    10    12    18     0     0   -66.0   53.749 -159.713    753.9    907.8
     1     1    15    10    12    17     0     0   -67.0   53.837 -160.282    766.9    905.5
     1     1    15    10    12    16     0     0   -68.0   53.936 -160.845    777.9    903.3
     1     1    15    10    12    15     0     0   -69.0   54.046 -161.407    786.7    901.3
     1     1    15    10    12    14     0     0   -70.0   54.168 -161.970    793.0    899.7
     1     1    15    10    12    13     0     0   -71.0   54.305 -162.535    796.9    898.3
     1     1    15    10    12    12     0     0   -72.0   54.459 -163.108    798.5    897.6
