     1     1
    CDC1    16     1     1     0     0
     1 BACKWARD OMEGA   
    16     1    30     0   60.984 -139.059   750.0
     1 PRESSURE
     1     1    16     1    30     0     0     0     0.0   60.984 -139.059    750.0    795.7
     1     1    16     1    29    23     0     0    -1.0   60.929 -139.171    751.1    796.4
     1     1    16     1    29    22     0     0    -2.0   60.867 -139.287    750.0    797.5
     1     1    16     1    29    21     0     0    -3.0   60.798 -139.407    746.6    799.0
     1     1    16     1    29    20     0     0    -4.0   60.722 -139.530    740.6    800.9
     1     1    16     1    29    19     0     0    -5.0   60.640 -139.656    731.6    803.3
     1     1    16     1    29    18     0     0    -6.0   60.551 -139.783    719.4    806.2
     1     1    16     1    29    17     0     0    -7.0   60.459 -139.903    701.1    809.4
     1     1    16     1    29    16     0     0    -8.0   60.364 -140.008    673.8    814.0
     1     1    16     1    29    15     0     0    -9.0   60.268 -140.098    637.3    819.8
     1     1    16     1    29    14     0     0   -10.0   60.170 -140.170    591.6    826.6
     1     1    16     1    29    13     0     0   -11.0   60.070 -140.220    536.9    833.9
     1     1    16     1    29    12     0     0   -12.0   59.969 -140.247    474.3    842.8
     1     1    16     1    29    11     0     0   -13.0   59.855 -140.262    408.7    854.2
     1     1    16     1    29    10     0     0   -14.0   59.721 -140.276    345.9    865.5
     1     1    16     1    29     9     0     0   -15.0   59.574 -140.293    289.9    876.4
     1     1    16     1    29     8     0     0   -16.0   59.418 -140.318    242.5    886.9
     1     1    16     1    29     7     0     0   -17.0   59.256 -140.359    203.1    897.3
     1     1    16     1    29     6     0     0   -18.0   59.089 -140.425    170.0    906.2
     1     1    16     1    29     5     0     0   -19.0   58.916 -140.500    142.5    915.0
     1     1    16     1    29     4     0     0   -20.0   58.735 -140.569    120.4    923.6
     1     1    16     1    29     3     0     0   -21.0   58.541 -140.642    102.7    932.3
     1     1    16     1    29     2     0     0   -22.0   58.331 -140.728     88.8    941.3
     1     1    16     1    29     1     0     0   -23.0   58.105 -140.841     77.9    950.8
     1     1    16     1    29     0     0     0   -24.0   57.859 -140.995     69.2    960.3
     1     1    16     1    28    23     0     0   -25.0   57.598 -141.200     61.7    970.2
     1     1    16     1    28    22     0     0   -26.0   57.332 -141.446     54.6    975.2
     1     1    16     1    28    21     0     0   -27.0   57.068 -141.716     48.0    976.7
     1     1    16     1    28    20     0     0   -28.0   56.809 -142.006     42.2    977.7
     1     1    16     1    28    19     0     0   -29.0   56.554 -142.319     37.0    978.3
     1     1    16     1    28    18     0     0   -30.0   56.304 -142.661     32.4    978.3
     1     1    16     1    28    17     0     0   -31.0   56.052 -143.022     28.4    978.1
     1     1    16     1    28    16     0     0   -32.0   55.795 -143.400     25.0    977.3
     1     1    16     1    28    15     0     0   -33.0   55.535 -143.810     21.9    976.0
     1     1    16     1    28    14     0     0   -34.0   55.275 -144.269     19.2    973.9
     1     1    16     1    28    13     0     0   -35.0   55.020 -144.797     16.7    971.1
     1     1    16     1    28    12     0     0   -36.0   54.772 -145.385     14.6    969.8
     1     1    16     1    28    11     0     0   -37.0   54.547 -145.991     12.9    968.4
     1     1    16     1    28    10     0     0   -38.0   54.360 -146.585     11.6    967.0
     1     1    16     1    28     9     0     0   -39.0   54.211 -147.165     10.6    965.4
     1     1    16     1    28     8     0     0   -40.0   54.098 -147.724      9.8    964.3
     1     1    16     1    28     7     0     0   -41.0   54.014 -148.252      9.2    963.8
     1     1    16     1    28     6     0     0   -42.0   53.956 -148.741      8.6    963.1
     1     1    16     1    28     5     0     0   -43.0   53.921 -149.175      8.1    962.4
     1     1    16     1    28     4     0     0   -44.0   53.900 -149.542      7.7    961.5
     1     1    16     1    28     3     0     0   -45.0   53.891 -149.845      7.4    960.4
     1     1    16     1    28     2     0     0   -46.0   53.892 -150.085      7.2    959.3
     1     1    16     1    28     1     0     0   -47.0   53.895 -150.262      7.0    958.5
     1     1    16     1    28     0     0     0   -48.0   53.896 -150.378      7.0    957.5
     1     1    16     1    27    23     0     0   -49.0   53.888 -150.435      6.9    957.4
     1     1    16     1    27    22     0     0   -50.0   53.860 -150.436      6.7    957.4
     1     1    16     1    27    21     0     0   -51.0   53.814 -150.377      6.3    957.3
     1     1    16     1    27    20     0     0   -52.0   53.749 -150.256      5.7    957.3
     1     1    16     1    27    19     0     0   -53.0   53.666 -150.068      5.0    957.4
     1     1    16     1    27    18     0     0   -54.0   53.565 -149.806      4.1    957.7
     1     1    16     1    27    17     0     0   -55.0   53.441 -149.499      3.1    958.2
     1     1    16     1    27    16     0     0   -56.0   53.288 -149.176      2.0    958.9
     1     1    16     1    27    15     0     0   -57.0   53.108 -148.836      0.9    959.8
     1     1    16     1    27    14     0     0   -58.0   52.905 -148.474      0.0    960.9
     1     1    16     1    27    13     0     0   -59.0   52.684 -148.087      0.0    962.2
     1     1    16     1    27    12     0     0   -60.0   52.451 -147.675      0.0    963.3
     1     1    16     1    27    11     0     0   -61.0   52.195 -147.296      0.0    962.7
     1     1    16     1    27    10     0     0   -62.0   51.901 -146.988      0.0    962.3
     1     1    16     1    27     9     0     0   -63.0   51.571 -146.732      0.0    962.2
     1     1    16     1    27     8     0     0   -64.0   51.213 -146.515      0.0    962.2
     1     1    16     1    27     7     0     0   -65.0   50.834 -146.323      0.0    962.4
     1     1    16     1    27     6     0     0   -66.0   50.442 -146.149      0.0    962.8
     1     1    16     1    27     5     0     0   -67.0   50.027 -145.987      0.0    962.8
     1     1    16     1    27     4     0     0   -68.0   49.571 -145.856      0.0    962.9
     1     1    16     1    27     3     0     0   -69.0   49.080 -145.769      0.0    963.0
     1     1    16     1    27     2     0     0   -70.0   48.572 -145.720      0.0    963.0
     1     1    16     1    27     1     0     0   -71.0   48.068 -145.700      0.0    962.9
     1     1    16     1    27     0     0     0   -72.0   47.588 -145.702      0.0    962.9
