     1     1
    CDC1    16     2     1     0     0
     1 BACKWARD OMEGA   
    16     2    23    18   60.984 -139.059   750.0
     1 PRESSURE
     1     1    16     2    23    18     0     0     0.0   60.984 -139.059    750.0    813.9
     1     1    16     2    23    17     0     0    -1.0   60.615 -138.506    764.6    818.2
     1     1    16     2    23    16     0     0    -2.0   60.263 -137.966    773.6    823.3
     1     1    16     2    23    15     0     0    -3.0   59.936 -137.443    779.2    828.8
     1     1    16     2    23    14     0     0    -4.0   59.647 -136.957    784.2    835.8
     1     1    16     2    23    13     0     0    -5.0   59.404 -136.527    789.2    841.3
     1     1    16     2    23    12     0     0    -6.0   59.201 -136.152    794.5    845.5
     1     1    16     2    23    11     0     0    -7.0   59.014 -135.831    798.2    849.1
     1     1    16     2    23    10     0     0    -8.0   58.820 -135.556    796.3    853.9
     1     1    16     2    23     9     0     0    -9.0   58.617 -135.316    788.3    859.5
     1     1    16     2    23     8     0     0   -10.0   58.407 -135.099    773.8    866.0
     1     1    16     2    23     7     0     0   -11.0   58.192 -134.899    752.2    872.8
     1     1    16     2    23     6     0     0   -12.0   57.976 -134.711    723.7    879.5
     1     1    16     2    23     5     0     0   -13.0   57.771 -134.531    693.8    886.5
     1     1    16     2    23     4     0     0   -14.0   57.583 -134.366    667.4    892.1
     1     1    16     2    23     3     0     0   -15.0   57.411 -134.225    645.5    896.5
     1     1    16     2    23     2     0     0   -16.0   57.254 -134.115    628.9    900.2
     1     1    16     2    23     1     0     0   -17.0   57.112 -134.041    617.6    903.4
     1     1    16     2    23     0     0     0   -18.0   56.983 -134.001    611.2    906.3
     1     1    16     2    22    23     0     0   -19.0   56.862 -133.984    603.8    908.2
     1     1    16     2    22    22     0     0   -20.0   56.743 -133.974    590.7    911.4
     1     1    16     2    22    21     0     0   -21.0   56.629 -133.974    571.9    915.4
     1     1    16     2    22    20     0     0   -22.0   56.519 -133.983    547.6    920.0
     1     1    16     2    22    19     0     0   -23.0   56.414 -134.003    518.1    925.4
     1     1    16     2    22    18     0     0   -24.0   56.315 -134.035    483.8    931.5
     1     1    16     2    22    17     0     0   -25.0   56.222 -134.071    448.6    938.2
     1     1    16     2    22    16     0     0   -26.0   56.136 -134.107    415.9    944.1
     1     1    16     2    22    15     0     0   -27.0   56.056 -134.143    385.4    949.7
     1     1    16     2    22    14     0     0   -28.0   55.982 -134.180    356.9    954.4
     1     1    16     2    22    13     0     0   -29.0   55.911 -134.222    330.3    958.8
     1     1    16     2    22    12     0     0   -30.0   55.843 -134.268    305.5    963.1
     1     1    16     2    22    11     0     0   -31.0   55.777 -134.315    282.1    967.0
     1     1    16     2    22    10     0     0   -32.0   55.711 -134.363    260.5    970.6
     1     1    16     2    22     9     0     0   -33.0   55.647 -134.410    240.9    974.1
     1     1    16     2    22     8     0     0   -34.0   55.585 -134.458    223.4    977.4
     1     1    16     2    22     7     0     0   -35.0   55.527 -134.505    208.0    980.4
     1     1    16     2    22     6     0     0   -36.0   55.473 -134.554    194.7    982.9
     1     1    16     2    22     5     0     0   -37.0   55.412 -134.585    183.2    984.6
     1     1    16     2    22     4     0     0   -38.0   55.338 -134.575    173.3    986.1
     1     1    16     2    22     3     0     0   -39.0   55.251 -134.526    165.0    987.1
     1     1    16     2    22     2     0     0   -40.0   55.154 -134.437    158.3    987.7
     1     1    16     2    22     1     0     0   -41.0   55.050 -134.308    153.3    987.8
     1     1    16     2    22     0     0     0   -42.0   54.942 -134.139    149.5    986.6
     1     1    16     2    21    23     0     0   -43.0   54.827 -133.940    147.2    984.6
     1     1    16     2    21    22     0     0   -44.0   54.701 -133.724    146.5    982.6
     1     1    16     2    21    21     0     0   -45.0   54.561 -133.491    147.4    980.6
     1     1    16     2    21    20     0     0   -46.0   54.406 -133.243    150.0    978.8
     1     1    16     2    21    19     0     0   -47.0   54.235 -132.983    154.8    977.1
     1     1    16     2    21    18     0     0   -48.0   54.049 -132.714    162.4    975.7
     1     1    16     2    21    17     0     0   -49.0   53.848 -132.416    172.5    974.2
     1     1    16     2    21    16     0     0   -50.0   53.627 -132.070    183.6    970.9
     1     1    16     2    21    15     0     0   -51.0   53.381 -131.676    195.6    967.7
     1     1    16     2    21    14     0     0   -52.0   53.110 -131.224    207.1    964.6
     1     1    16     2    21    13     0     0   -53.0   52.816 -130.699    215.9    962.1
     1     1    16     2    21    12     0     0   -54.0   52.513 -130.074    219.1    960.8
     1     1    16     2    21    11     0     0   -55.0   52.196 -129.409    220.4    954.0
     1     1    16     2    21    10     0     0   -56.0   51.851 -128.786    226.5    947.1
     1     1    16     2    21     9     0     0   -57.0   51.487 -128.188    236.0    941.5
     1     1    16     2    21     8     0     0   -58.0   51.120 -127.605    247.5    937.3
     1     1    16     2    21     7     0     0   -59.0   50.769 -127.049    260.4    932.8
     1     1    16     2    21     6     0     0   -60.0   50.443 -126.520    275.1    928.1
     1     1    16     2    21     5     0     0   -61.0   50.140 -126.029    291.1    923.0
     1     1    16     2    21     4     0     0   -62.0   49.861 -125.594    306.7    920.2
     1     1    16     2    21     3     0     0   -63.0   49.606 -125.224    321.2    920.0
     1     1    16     2    21     2     0     0   -64.0   49.377 -124.917    333.6    921.1
     1     1    16     2    21     1     0     0   -65.0   49.169 -124.667    343.4    922.9
     1     1    16     2    21     0     0     0   -66.0   48.977 -124.466    350.8    925.5
     1     1    16     2    20    23     0     0   -67.0   48.804 -124.302    357.5    927.8
     1     1    16     2    20    22     0     0   -68.0   48.651 -124.169    364.4    929.8
     1     1    16     2    20    21     0     0   -69.0   48.513 -124.063    371.8    931.8
     1     1    16     2    20    20     0     0   -70.0   48.388 -123.980    379.6    933.6
     1     1    16     2    20    19     0     0   -71.0   48.273 -123.919    387.8    935.2
     1     1    16     2    20    18     0     0   -72.0   48.166 -123.876    396.1    936.8
