     1     1
    CDC1    15    10     1     0     0
     1 BACKWARD OMEGA   
    15    10    27     6   60.984 -139.059   750.0
     1 PRESSURE
     1     1    15    10    27     6     0     0     0.0   60.984 -139.059    750.0    814.0
     1     1    15    10    27     5     0     0    -1.0   60.804 -138.987    752.9    816.8
     1     1    15    10    27     4     0     0    -2.0   60.613 -138.909    755.8    819.8
     1     1    15    10    27     3     0     0    -3.0   60.411 -138.823    758.4    822.9
     1     1    15    10    27     2     0     0    -4.0   60.195 -138.725    760.3    826.3
     1     1    15    10    27     1     0     0    -5.0   59.962 -138.614    761.6    830.4
     1     1    15    10    27     0     0     0    -6.0   59.718 -138.488    764.5    837.8
     1     1    15    10    26    23     0     0    -7.0   59.478 -138.329    770.8    844.6
     1     1    15    10    26    22     0     0    -8.0   59.256 -138.124    782.3    849.9
     1     1    15    10    26    21     0     0    -9.0   59.053 -137.873    798.6    853.9
     1     1    15    10    26    20     0     0   -10.0   58.871 -137.579    820.0    856.5
     1     1    15    10    26    19     0     0   -11.0   58.714 -137.245    846.4    857.0
     1     1    15    10    26    18     0     0   -12.0   58.591 -136.873    878.3    855.4
     1     1    15    10    26    17     0     0   -13.0   58.501 -136.502    916.8    852.0
     1     1    15    10    26    16     0     0   -14.0   58.444 -136.172    962.9    846.4
     1     1    15    10    26    15     0     0   -15.0   58.422 -135.890   1016.5    839.4
     1     1    15    10    26    14     0     0   -16.0   58.435 -135.659   1077.2    831.0
     1     1    15    10    26    13     0     0   -17.0   58.484 -135.480   1144.8    821.6
     1     1    15    10    26    12     0     0   -18.0   58.569 -135.351   1218.8    811.2
     1     1    15    10    26    11     0     0   -19.0   58.686 -135.263   1296.1    799.7
     1     1    15    10    26    10     0     0   -20.0   58.829 -135.211   1373.0    787.9
     1     1    15    10    26     9     0     0   -21.0   58.997 -135.198   1450.7    775.9
     1     1    15    10    26     8     0     0   -22.0   59.187 -135.227   1530.3    763.7
     1     1    15    10    26     7     0     0   -23.0   59.396 -135.296   1613.3    751.3
     1     1    15    10    26     6     0     0   -24.0   59.624 -135.408   1701.3    738.1
     1     1    15    10    26     5     0     0   -25.0   59.857 -135.550   1793.6    723.9
     1     1    15    10    26     4     0     0   -26.0   60.079 -135.706   1886.6    711.0
     1     1    15    10    26     3     0     0   -27.0   60.288 -135.873   1979.6    700.0
     1     1    15    10    26     2     0     0   -28.0   60.484 -136.047   2070.9    689.6
     1     1    15    10    26     1     0     0   -29.0   60.665 -136.228   2160.7    679.4
     1     1    15    10    26     0     0     0   -30.0   60.833 -136.417   2249.4    669.4
     1     1    15    10    25    23     0     0   -31.0   60.983 -136.637   2331.1    660.2
     1     1    15    10    25    22     0     0   -32.0   61.111 -136.903   2398.9    653.3
     1     1    15    10    25    21     0     0   -33.0   61.216 -137.209   2452.4    648.0
     1     1    15    10    25    20     0     0   -34.0   61.299 -137.549   2491.1    644.3
     1     1    15    10    25    19     0     0   -35.0   61.356 -137.918   2515.8    641.9
     1     1    15    10    25    18     0     0   -36.0   61.386 -138.311   2528.8    640.7
     1     1    15    10    25    17     0     0   -37.0   61.386 -138.704   2536.5    640.7
     1     1    15    10    25    16     0     0   -38.0   61.349 -139.069   2544.5    640.7
     1     1    15    10    25    15     0     0   -39.0   61.279 -139.404   2550.5    641.2
     1     1    15    10    25    14     0     0   -40.0   61.177 -139.710   2553.2    642.5
     1     1    15    10    25    13     0     0   -41.0   61.043 -139.985   2551.3    644.6
     1     1    15    10    25    12     0     0   -42.0   60.879 -140.231   2545.1    648.0
     1     1    15    10    25    11     0     0   -43.0   60.700 -140.441   2533.6    652.3
     1     1    15    10    25    10     0     0   -44.0   60.517 -140.607   2515.4    657.0
     1     1    15    10    25     9     0     0   -45.0   60.330 -140.725   2490.1    662.3
     1     1    15    10    25     8     0     0   -46.0   60.138 -140.796   2456.9    668.3
     1     1    15    10    25     7     0     0   -47.0   59.941 -140.818   2416.3    675.6
     1     1    15    10    25     6     0     0   -48.0   59.743 -140.801   2370.0    685.2
     1     1    15    10    25     5     0     0   -49.0   59.538 -140.777   2323.5    695.6
     1     1    15    10    25     4     0     0   -50.0   59.318 -140.774   2281.4    705.6
     1     1    15    10    25     3     0     0   -51.0   59.082 -140.790   2242.6    715.8
     1     1    15    10    25     2     0     0   -52.0   58.829 -140.819   2205.4    726.5
     1     1    15    10    25     1     0     0   -53.0   58.559 -140.856   2168.1    737.6
     1     1    15    10    25     0     0     0   -54.0   58.272 -140.895   2128.4    749.2
     1     1    15    10    24    23     0     0   -55.0   57.969 -140.910   2080.0    762.0
     1     1    15    10    24    22     0     0   -56.0   57.646 -140.880   2017.2    777.2
     1     1    15    10    24    21     0     0   -57.0   57.304 -140.814   1937.3    789.8
     1     1    15    10    24    20     0     0   -58.0   56.945 -140.736   1846.2    800.1
     1     1    15    10    24    19     0     0   -59.0   56.572 -140.663   1750.8    811.2
     1     1    15    10    24    18     0     0   -60.0   56.183 -140.605   1653.4    822.6
     1     1    15    10    24    17     0     0   -61.0   55.786 -140.580   1561.3    834.0
     1     1    15    10    24    16     0     0   -62.0   55.386 -140.607   1479.9    843.8
     1     1    15    10    24    15     0     0   -63.0   54.979 -140.688   1408.3    852.5
     1     1    15    10    24    14     0     0   -64.0   54.571 -140.809   1344.9    858.8
     1     1    15    10    24    13     0     0   -65.0   54.166 -140.950   1289.6    864.2
     1     1    15    10    24    12     0     0   -66.0   53.760 -141.109   1241.3    868.7
     1     1    15    10    24    11     0     0   -67.0   53.357 -141.289   1198.8    873.1
     1     1    15    10    24    10     0     0   -68.0   52.958 -141.491   1159.7    877.4
     1     1    15    10    24     9     0     0   -69.0   52.557 -141.720   1122.4    881.7
     1     1    15    10    24     8     0     0   -70.0   52.156 -141.949   1084.8    887.0
     1     1    15    10    24     7     0     0   -71.0   51.761 -142.136   1045.1    892.9
     1     1    15    10    24     6     0     0   -72.0   51.370 -142.269   1003.2    899.4
