     1     1
    CDC1    15    12     1     0     0
     1 BACKWARD OMEGA   
    15    12     3    12   60.984 -139.059   750.0
     1 PRESSURE
     1     1    15    12     3    12     0     0     0.0   60.984 -139.059    750.0    794.1
     1     1    15    12     3    11     0     0    -1.0   60.838 -138.856    752.2    795.8
     1     1    15    12     3    10     0     0    -2.0   60.689 -138.650    750.6    798.2
     1     1    15    12     3     9     0     0    -3.0   60.535 -138.438    744.6    801.0
     1     1    15    12     3     8     0     0    -4.0   60.377 -138.218    733.7    804.5
     1     1    15    12     3     7     0     0    -5.0   60.213 -137.987    717.3    808.6
     1     1    15    12     3     6     0     0    -6.0   60.044 -137.743    694.6    813.4
     1     1    15    12     3     5     0     0    -7.0   59.865 -137.487    670.5    821.2
     1     1    15    12     3     4     0     0    -8.0   59.675 -137.224    648.2    828.9
     1     1    15    12     3     3     0     0    -9.0   59.474 -136.951    628.6    836.3
     1     1    15    12     3     2     0     0   -10.0   59.265 -136.663    611.6    843.5
     1     1    15    12     3     1     0     0   -11.0   59.047 -136.355    597.5    850.1
     1     1    15    12     3     0     0     0   -12.0   58.820 -136.020    586.5    856.4
     1     1    15    12     2    23     0     0   -13.0   58.587 -135.678    575.7    862.0
     1     1    15    12     2    22     0     0   -14.0   58.352 -135.346    562.8    868.2
     1     1    15    12     2    21     0     0   -15.0   58.113 -135.019    546.6    874.7
     1     1    15    12     2    20     0     0   -16.0   57.871 -134.700    525.6    879.6
     1     1    15    12     2    19     0     0   -17.0   57.626 -134.394    500.0    884.7
     1     1    15    12     2    18     0     0   -18.0   57.378 -134.106    470.1    889.7
     1     1    15    12     2    17     0     0   -19.0   57.135 -133.866    438.7    893.6
     1     1    15    12     2    16     0     0   -20.0   56.911 -133.692    408.7    898.3
     1     1    15    12     2    15     0     0   -21.0   56.706 -133.578    379.3    903.8
     1     1    15    12     2    14     0     0   -22.0   56.518 -133.524    350.3    909.3
     1     1    15    12     2    13     0     0   -23.0   56.348 -133.537    321.5    915.7
     1     1    15    12     2    12     0     0   -24.0   56.195 -133.621    292.9    922.9
     1     1    15    12     2    11     0     0   -25.0   56.056 -133.732    264.2    930.2
     1     1    15    12     2    10     0     0   -26.0   55.933 -133.821    236.5    936.9
     1     1    15    12     2     9     0     0   -27.0   55.830 -133.897    210.5    942.8
     1     1    15    12     2     8     0     0   -28.0   55.748 -133.963    186.9    947.3
     1     1    15    12     2     7     0     0   -29.0   55.691 -134.021    166.2    950.5
     1     1    15    12     2     6     0     0   -30.0   55.659 -134.071    148.7    952.8
     1     1    15    12     2     5     0     0   -31.0   55.626 -134.090    133.3    955.8
     1     1    15    12     2     4     0     0   -32.0   55.559 -134.054    119.1    958.9
     1     1    15    12     2     3     0     0   -33.0   55.456 -133.960    106.1    961.9
     1     1    15    12     2     2     0     0   -34.0   55.316 -133.801     94.5    964.8
     1     1    15    12     2     1     0     0   -35.0   55.135 -133.566     84.4    967.8
     1     1    15    12     2     0     0     0   -36.0   54.912 -133.247     75.8    969.6
     1     1    15    12     1    23     0     0   -37.0   54.669 -132.898     68.0    969.8
     1     1    15    12     1    22     0     0   -38.0   54.430 -132.573     60.4    971.0
     1     1    15    12     1    21     0     0   -39.0   54.196 -132.272     52.6    971.1
     1     1    15    12     1    20     0     0   -40.0   53.964 -131.998     44.3    971.4
     1     1    15    12     1    19     0     0   -41.0   53.731 -131.746     35.8    972.6
     1     1    15    12     1    18     0     0   -42.0   53.494 -131.505     27.5    974.4
     1     1    15    12     1    17     0     0   -43.0   53.240 -131.267     20.7    976.5
     1     1    15    12     1    16     0     0   -44.0   52.959 -131.026     16.0    979.1
     1     1    15    12     1    15     0     0   -45.0   52.647 -130.783     13.1    982.4
     1     1    15    12     1    14     0     0   -46.0   52.306 -130.540     11.3    984.5
     1     1    15    12     1    13     0     0   -47.0   51.943 -130.299      9.5    985.9
     1     1    15    12     1    12     0     0   -48.0   51.568 -130.062      7.6    988.0
     1     1    15    12     1    11     0     0   -49.0   51.189 -129.826      4.8    989.0
     1     1    15    12     1    10     0     0   -50.0   50.809 -129.596      0.5    989.9
     1     1    15    12     1     9     0     0   -51.0   50.419 -129.381      0.0    991.4
     1     1    15    12     1     8     0     0   -52.0   50.011 -129.188      0.0    993.9
     1     1    15    12     1     7     0     0   -53.0   49.581 -129.017      0.0    995.7
     1     1    15    12     1     6     0     0   -54.0   49.135 -128.860      0.0    998.7
     1     1    15    12     1     5     0     0   -55.0   48.697 -128.701      0.0   1002.1
     1     1    15    12     1     4     0     0   -56.0   48.283 -128.525      0.0   1005.9
     1     1    15    12     1     3     0     0   -57.0   47.888 -128.339      0.0   1010.2
     1     1    15    12     1     2     0     0   -58.0   47.503 -128.149      0.0   1015.0
     1     1    15    12     1     1     0     0   -59.0   47.123 -127.974      0.0   1015.3
     1     1    15    12     1     0     0     0   -60.0   46.747 -127.840      0.0   1015.7
