     1     1
    CDC1    16     1     1     0     0
     1 BACKWARD OMEGA   
    16     1    21     6   60.984 -139.059   750.0
     1 PRESSURE
     1     1    16     1    21     6     0     0     0.0   60.984 -139.059    750.0    800.5
     1     1    16     1    21     5     0     0    -1.0   60.845 -138.525    760.2    801.9
     1     1    16     1    21     4     0     0    -2.0   60.692 -138.060    773.5    803.2
     1     1    16     1    21     3     0     0    -3.0   60.529 -137.659    791.1    804.1
     1     1    16     1    21     2     0     0    -4.0   60.360 -137.319    814.3    804.2
     1     1    16     1    21     1     0     0    -5.0   60.188 -137.037    844.5    803.7
     1     1    16     1    21     0     0     0    -6.0   60.016 -136.810    883.3    802.6
     1     1    16     1    20    23     0     0    -7.0   59.842 -136.617    924.0    801.8
     1     1    16     1    20    22     0     0    -8.0   59.662 -136.440    957.9    802.7
     1     1    16     1    20    21     0     0    -9.0   59.477 -136.277    984.9    804.6
     1     1    16     1    20    20     0     0   -10.0   59.288 -136.130   1005.8    807.2
     1     1    16     1    20    19     0     0   -11.0   59.096 -135.998   1021.2    810.6
     1     1    16     1    20    18     0     0   -12.0   58.903 -135.883   1031.9    814.5
     1     1    16     1    20    17     0     0   -13.0   58.706 -135.774   1037.8    818.6
     1     1    16     1    20    16     0     0   -14.0   58.503 -135.666   1037.2    823.5
     1     1    16     1    20    15     0     0   -15.0   58.294 -135.567   1031.3    829.2
     1     1    16     1    20    14     0     0   -16.0   58.081 -135.483   1020.8    835.5
     1     1    16     1    20    13     0     0   -17.0   57.864 -135.423   1006.6    842.4
     1     1    16     1    20    12     0     0   -18.0   57.644 -135.395    989.3    850.0
     1     1    16     1    20    11     0     0   -19.0   57.417 -135.372    967.9    856.9
     1     1    16     1    20    10     0     0   -20.0   57.182 -135.322    941.3    863.1
     1     1    16     1    20     9     0     0   -21.0   56.942 -135.250    911.0    869.6
     1     1    16     1    20     8     0     0   -22.0   56.698 -135.164    877.7    876.4
     1     1    16     1    20     7     0     0   -23.0   56.452 -135.075    842.0    883.6
     1     1    16     1    20     6     0     0   -24.0   56.206 -134.994    804.3    891.4
     1     1    16     1    20     5     0     0   -25.0   55.962 -134.919    767.7    898.9
     1     1    16     1    20     4     0     0   -26.0   55.721 -134.844    735.3    905.5
     1     1    16     1    20     3     0     0   -27.0   55.482 -134.768    706.6    911.9
     1     1    16     1    20     2     0     0   -28.0   55.245 -134.691    681.1    917.9
     1     1    16     1    20     1     0     0   -29.0   55.008 -134.613    658.5    923.6
     1     1    16     1    20     0     0     0   -30.0   54.773 -134.537    637.4    925.6
     1     1    16     1    19    23     0     0   -31.0   54.541 -134.468    618.1    927.6
     1     1    16     1    19    22     0     0   -32.0   54.312 -134.406    600.9    929.5
     1     1    16     1    19    21     0     0   -33.0   54.083 -134.347    585.2    931.4
     1     1    16     1    19    20     0     0   -34.0   53.854 -134.289    571.1    933.5
     1     1    16     1    19    19     0     0   -35.0   53.623 -134.229    558.2    935.6
     1     1    16     1    19    18     0     0   -36.0   53.389 -134.163    546.4    937.8
     1     1    16     1    19    17     0     0   -37.0   53.149 -134.111    534.7    939.7
     1     1    16     1    19    16     0     0   -38.0   52.899 -134.094    522.5    941.9
     1     1    16     1    19    15     0     0   -39.0   52.640 -134.117    510.2    944.3
     1     1    16     1    19    14     0     0   -40.0   52.374 -134.183    498.2    945.7
     1     1    16     1    19    13     0     0   -41.0   52.104 -134.287    486.6    945.9
     1     1    16     1    19    12     0     0   -42.0   51.833 -134.426    476.0    945.8
     1     1    16     1    19    11     0     0   -43.0   51.556 -134.584    465.6    945.4
     1     1    16     1    19    10     0     0   -44.0   51.272 -134.752    454.9    944.9
     1     1    16     1    19     9     0     0   -45.0   50.976 -134.939    443.5    944.3
     1     1    16     1    19     8     0     0   -46.0   50.669 -135.154    431.6    943.6
     1     1    16     1    19     7     0     0   -47.0   50.350 -135.405    419.4    943.1
     1     1    16     1    19     6     0     0   -48.0   50.021 -135.700    407.0    942.9
     1     1    16     1    19     5     0     0   -49.0   49.701 -136.027    396.9    944.2
     1     1    16     1    19     4     0     0   -50.0   49.404 -136.372    390.5    944.9
     1     1    16     1    19     3     0     0   -51.0   49.128 -136.742    386.5    945.4
     1     1    16     1    19     2     0     0   -52.0   48.870 -137.145    384.1    945.9
     1     1    16     1    19     1     0     0   -53.0   48.628 -137.586    382.7    946.5
     1     1    16     1    19     0     0     0   -54.0   48.397 -138.064    381.3    947.8
     1     1    16     1    18    23     0     0   -55.0   48.172 -138.563    379.6    949.0
     1     1    16     1    18    22     0     0   -56.0   47.951 -139.072    378.9    949.9
     1     1    16     1    18    21     0     0   -57.0   47.736 -139.601    379.2    950.4
     1     1    16     1    18    20     0     0   -58.0   47.525 -140.162    380.4    950.6
     1     1    16     1    18    19     0     0   -59.0   47.314 -140.752    382.0    949.8
     1     1    16     1    18    18     0     0   -60.0   47.099 -141.364    383.2    949.2
     1     1    16     1    18    17     0     0   -61.0   46.884 -141.981    384.1    948.4
     1     1    16     1    18    16     0     0   -62.0   46.674 -142.589    386.0    947.3
     1     1    16     1    18    15     0     0   -63.0   46.469 -143.200    389.0    945.7
     1     1    16     1    18    14     0     0   -64.0   46.266 -143.824    393.2    944.4
     1     1    16     1    18    13     0     0   -65.0   46.064 -144.471    398.4    943.6
     1     1    16     1    18    12     0     0   -66.0   45.862 -145.149    404.0    943.2
     1     1    16     1    18    11     0     0   -67.0   45.658 -145.852    409.0    942.9
     1     1    16     1    18    10     0     0   -68.0   45.450 -146.573    412.6    943.1
     1     1    16     1    18     9     0     0   -69.0   45.236 -147.315    414.9    943.8
     1     1    16     1    18     8     0     0   -70.0   45.017 -148.084    416.2    944.1
     1     1    16     1    18     7     0     0   -71.0   44.801 -148.881    416.8    942.7
     1     1    16     1    18     6     0     0   -72.0   44.586 -149.706    416.8    941.4
