     1     1
    CDC1    16     1     1     0     0
     1 BACKWARD OMEGA   
    16     1    18     6   60.984 -139.059   750.0
     1 PRESSURE
     1     1    16     1    18     6     0     0     0.0   60.984 -139.059    750.0    792.1
     1     1    16     1    18     5     0     0    -1.0   60.819 -138.405    746.3    794.5
     1     1    16     1    18     4     0     0    -2.0   60.636 -137.733    741.2    797.3
     1     1    16     1    18     3     0     0    -3.0   60.436 -137.036    734.7    800.1
     1     1    16     1    18     2     0     0    -4.0   60.220 -136.315    727.5    802.6
     1     1    16     1    18     1     0     0    -5.0   59.988 -135.567    719.8    805.1
     1     1    16     1    18     0     0     0    -6.0   59.740 -134.807    711.0    809.1
     1     1    16     1    17    23     0     0    -7.0   59.486 -134.069    699.7    810.7
     1     1    16     1    17    22     0     0    -8.0   59.233 -133.365    689.6    811.2
     1     1    16     1    17    21     0     0    -9.0   58.978 -132.681    681.0    810.5
     1     1    16     1    17    20     0     0   -10.0   58.720 -132.017    674.7    808.2
     1     1    16     1    17    19     0     0   -11.0   58.465 -131.376    671.0    804.2
     1     1    16     1    17    18     0     0   -12.0   58.208 -130.748    669.8    798.5
     1     1    16     1    17    17     0     0   -13.0   57.934 -130.176    671.0    792.6
     1     1    16     1    17    16     0     0   -14.0   57.645 -129.702    676.1    789.2
     1     1    16     1    17    15     0     0   -15.0   57.356 -129.322    684.6    789.3
     1     1    16     1    17    14     0     0   -16.0   57.074 -129.013    694.2    791.8
     1     1    16     1    17    13     0     0   -17.0   56.796 -128.749    703.5    794.3
     1     1    16     1    17    12     0     0   -18.0   56.522 -128.509    711.9    796.7
     1     1    16     1    17    11     0     0   -19.0   56.251 -128.283    718.5    798.7
     1     1    16     1    17    10     0     0   -20.0   55.981 -128.074    723.1    801.0
     1     1    16     1    17     9     0     0   -21.0   55.719 -127.890    727.8    803.2
     1     1    16     1    17     8     0     0   -22.0   55.468 -127.741    734.2    805.2
     1     1    16     1    17     7     0     0   -23.0   55.235 -127.638    743.4    807.0
     1     1    16     1    17     6     0     0   -24.0   55.026 -127.589    756.3    808.7
     1     1    16     1    17     5     0     0   -25.0   54.829 -127.556    766.8    809.0
     1     1    16     1    17     4     0     0   -26.0   54.632 -127.504    769.5    810.6
     1     1    16     1    17     3     0     0   -27.0   54.438 -127.436    764.7    813.2
     1     1    16     1    17     2     0     0   -28.0   54.250 -127.354    753.3    816.2
     1     1    16     1    17     1     0     0   -29.0   54.072 -127.262    736.3    819.4
     1     1    16     1    17     0     0     0   -30.0   53.906 -127.163    714.4    822.8
     1     1    16     1    16    23     0     0   -31.0   53.744 -127.041    689.5    826.6
     1     1    16     1    16    22     0     0   -32.0   53.577 -126.882    661.5    830.1
     1     1    16     1    16    21     0     0   -33.0   53.405 -126.686    630.5    833.2
     1     1    16     1    16    20     0     0   -34.0   53.227 -126.453    595.6    835.8
     1     1    16     1    16    19     0     0   -35.0   53.042 -126.184    556.4    837.5
     1     1    16     1    16    18     0     0   -36.0   52.849 -125.877    512.0    838.7
     1     1    16     1    16    17     0     0   -37.0   52.639 -125.547    463.3    840.5
     1     1    16     1    16    16     0     0   -38.0   52.399 -125.212    412.2    843.3
     1     1    16     1    16    15     0     0   -39.0   52.135 -124.872    361.5    848.6
     1     1    16     1    16    14     0     0   -40.0   51.863 -124.530    315.4    853.3
     1     1    16     1    16    13     0     0   -41.0   51.595 -124.184    275.5    857.0
     1     1    16     1    16    12     0     0   -42.0   51.335 -123.832    241.7    859.9
     1     1    16     1    16    11     0     0   -43.0   51.084 -123.496    211.4    862.7
     1     1    16     1    16    10     0     0   -44.0   50.848 -123.194    182.6    865.6
     1     1    16     1    16     9     0     0   -45.0   50.634 -122.929    155.7    867.9
     1     1    16     1    16     8     0     0   -46.0   50.452 -122.701    131.6    870.2
     1     1    16     1    16     7     0     0   -47.0   50.309 -122.513    111.6    872.3
     1     1    16     1    16     6     0     0   -48.0   50.198 -122.366     95.2    874.4
     1     1    16     1    16     5     0     0   -49.0   50.110 -122.246     82.0    876.1
     1     1    16     1    16     4     0     0   -50.0   50.037 -122.141     71.4    877.3
     1     1    16     1    16     3     0     0   -51.0   49.974 -122.046     62.8    878.4
     1     1    16     1    16     2     0     0   -52.0   49.917 -121.961     55.6    880.1
     1     1    16     1    16     1     0     0   -53.0   49.865 -121.883     49.7    881.7
     1     1    16     1    16     0     0     0   -54.0   49.817 -121.812     44.9    883.2
     1     1    16     1    15    23     0     0   -55.0   49.775 -121.753     40.6    884.2
     1     1    16     1    15    22     0     0   -56.0   49.737 -121.707     36.4    885.3
     1     1    16     1    15    21     0     0   -57.0   49.703 -121.673     32.4    886.4
     1     1    16     1    15    20     0     0   -58.0   49.674 -121.650     28.6    887.4
     1     1    16     1    15    19     0     0   -59.0   49.650 -121.637     25.0    888.5
     1     1    16     1    15    18     0     0   -60.0   49.632 -121.631     21.7    889.4
     1     1    16     1    15    17     0     0   -61.0   49.618 -121.627     18.5    890.1
     1     1    16     1    15    16     0     0   -62.0   49.606 -121.621     15.1    890.7
     1     1    16     1    15    15     0     0   -63.0   49.596 -121.615     12.1    891.3
     1     1    16     1    15    14     0     0   -64.0   49.587 -121.611      9.4    891.8
     1     1    16     1    15    13     0     0   -65.0   49.578 -121.610      6.9    891.9
     1     1    16     1    15    12     0     0   -66.0   49.567 -121.615      4.0    892.1
     1     1    16     1    15    11     0     0   -67.0   49.565 -121.630      1.3    892.0
     1     1    16     1    15    10     0     0   -68.0   49.582 -121.659      0.0    891.6
     1     1    16     1    15     9     0     0   -69.0   49.618 -121.706      0.0    890.7
     1     1    16     1    15     8     0     0   -70.0   49.676 -121.771      0.0    889.3
     1     1    16     1    15     7     0     0   -71.0   49.757 -121.857      0.0    887.5
     1     1    16     1    15     6     0     0   -72.0   49.863 -121.970      0.0    885.2
