     1     1
    CDC1    16     1     1     0     0
     1 BACKWARD OMEGA   
    16     1    17    12   60.984 -139.059   750.0
     1 PRESSURE
     1     1    16     1    17    12     0     0     0.0   60.984 -139.059    750.0    797.8
     1     1    16     1    17    11     0     0    -1.0   60.783 -138.855    771.0    798.6
     1     1    16     1    17    10     0     0    -2.0   60.570 -138.630    787.5    800.2
     1     1    16     1    17     9     0     0    -3.0   60.346 -138.384    798.2    802.3
     1     1    16     1    17     8     0     0    -4.0   60.115 -138.116    801.4    805.3
     1     1    16     1    17     7     0     0    -5.0   59.879 -137.830    796.4    810.8
     1     1    16     1    17     6     0     0    -6.0   59.641 -137.528    783.3    818.8
     1     1    16     1    17     5     0     0    -7.0   59.398 -137.217    765.8    826.8
     1     1    16     1    17     4     0     0    -8.0   59.150 -136.900    747.3    834.5
     1     1    16     1    17     3     0     0    -9.0   58.898 -136.581    727.4    842.3
     1     1    16     1    17     2     0     0   -10.0   58.645 -136.262    705.9    850.1
     1     1    16     1    17     1     0     0   -11.0   58.393 -135.947    682.3    858.0
     1     1    16     1    17     0     0     0   -12.0   58.147 -135.636    656.4    865.8
     1     1    16     1    16    23     0     0   -13.0   57.910 -135.320    629.0    873.0
     1     1    16     1    16    22     0     0   -14.0   57.686 -134.986    601.6    878.9
     1     1    16     1    16    21     0     0   -15.0   57.474 -134.632    573.2    881.2
     1     1    16     1    16    20     0     0   -16.0   57.273 -134.259    545.1    881.9
     1     1    16     1    16    19     0     0   -17.0   57.082 -133.870    518.5    882.2
     1     1    16     1    16    18     0     0   -18.0   56.904 -133.465    493.2    882.3
     1     1    16     1    16    17     0     0   -19.0   56.736 -133.039    471.7    882.4
     1     1    16     1    16    16     0     0   -20.0   56.575 -132.596    455.6    881.6
     1     1    16     1    16    15     0     0   -21.0   56.412 -132.131    443.8    878.7
     1     1    16     1    16    14     0     0   -22.0   56.234 -131.638    435.6    874.9
     1     1    16     1    16    13     0     0   -23.0   56.038 -131.111    429.4    870.6
     1     1    16     1    16    12     0     0   -24.0   55.820 -130.545    423.4    866.1
     1     1    16     1    16    11     0     0   -25.0   55.586 -129.945    415.3    862.5
     1     1    16     1    16    10     0     0   -26.0   55.340 -129.337    406.2    861.9
     1     1    16     1    16     9     0     0   -27.0   55.071 -128.732    397.6    860.7
     1     1    16     1    16     8     0     0   -28.0   54.770 -128.139    388.7    859.1
     1     1    16     1    16     7     0     0   -29.0   54.440 -127.575    377.7    857.9
     1     1    16     1    16     6     0     0   -30.0   54.099 -127.056    364.1    860.8
     1     1    16     1    16     5     0     0   -31.0   53.774 -126.601    350.6    862.7
     1     1    16     1    16     4     0     0   -32.0   53.477 -126.215    340.6    863.2
     1     1    16     1    16     3     0     0   -33.0   53.203 -125.887    333.8    862.8
     1     1    16     1    16     2     0     0   -34.0   52.951 -125.611    330.5    861.9
     1     1    16     1    16     1     0     0   -35.0   52.720 -125.384    331.5    860.5
     1     1    16     1    16     0     0     0   -36.0   52.510 -125.203    337.8    858.7
     1     1    16     1    15    23     0     0   -37.0   52.312 -125.060    347.1    858.1
     1     1    16     1    15    22     0     0   -38.0   52.121 -124.945    356.5    858.4
     1     1    16     1    15    21     0     0   -39.0   51.938 -124.855    366.4    859.1
     1     1    16     1    15    20     0     0   -40.0   51.765 -124.790    376.9    859.7
     1     1    16     1    15    19     0     0   -41.0   51.602 -124.749    388.1    860.3
     1     1    16     1    15    18     0     0   -42.0   51.451 -124.732    400.2    861.1
     1     1    16     1    15    17     0     0   -43.0   51.317 -124.728    411.9    861.4
     1     1    16     1    15    16     0     0   -44.0   51.204 -124.724    421.5    861.8
     1     1    16     1    15    15     0     0   -45.0   51.114 -124.716    429.2    862.1
     1     1    16     1    15    14     0     0   -46.0   51.049 -124.705    435.1    862.1
     1     1    16     1    15    13     0     0   -47.0   51.009 -124.689    439.5    861.9
     1     1    16     1    15    12     0     0   -48.0   50.995 -124.667    442.6    861.3
     1     1    16     1    15    11     0     0   -49.0   50.997 -124.638    445.6    860.4
     1     1    16     1    15    10     0     0   -50.0   51.005 -124.600    449.6    859.2
     1     1    16     1    15     9     0     0   -51.0   51.017 -124.555    454.5    857.6
     1     1    16     1    15     8     0     0   -52.0   51.034 -124.502    460.4    855.7
     1     1    16     1    15     7     0     0   -53.0   51.057 -124.442    467.2    853.6
     1     1    16     1    15     6     0     0   -54.0   51.085 -124.376    474.9    851.2
     1     1    16     1    15     5     0     0   -55.0   51.111 -124.309    481.5    848.9
     1     1    16     1    15     4     0     0   -56.0   51.128 -124.244    485.0    847.4
     1     1    16     1    15     3     0     0   -57.0   51.135 -124.182    485.5    846.3
     1     1    16     1    15     2     0     0   -58.0   51.134 -124.122    483.1    845.8
     1     1    16     1    15     1     0     0   -59.0   51.122 -124.064    478.0    845.7
     1     1    16     1    15     0     0     0   -60.0   51.101 -124.005    470.4    846.0
     1     1    16     1    14    23     0     0   -61.0   51.068 -123.953    463.0    847.3
     1     1    16     1    14    22     0     0   -62.0   51.021 -123.915    458.7    848.3
     1     1    16     1    14    21     0     0   -63.0   50.959 -123.887    457.7    849.4
     1     1    16     1    14    20     0     0   -64.0   50.882 -123.869    460.3    850.3
     1     1    16     1    14    19     0     0   -65.0   50.788 -123.858    467.3    851.2
     1     1    16     1    14    18     0     0   -66.0   50.678 -123.853    479.1    851.8
     1     1    16     1    14    17     0     0   -67.0   50.561 -123.860    492.8    851.7
     1     1    16     1    14    16     0     0   -68.0   50.447 -123.890    504.6    852.4
     1     1    16     1    14    15     0     0   -69.0   50.337 -123.940    513.9    853.8
     1     1    16     1    14    14     0     0   -70.0   50.233 -124.011    520.5    855.7
     1     1    16     1    14    13     0     0   -71.0   50.135 -124.101    523.9    858.2
     1     1    16     1    14    12     0     0   -72.0   50.044 -124.211    523.8    861.3
