     1     1
    CDC1    16     4     1     0     0
     1 BACKWARD OMEGA   
    16     4     3    18   60.984 -139.059   750.0
     1 PRESSURE
     1     1    16     4     3    18     0     0     0.0   60.984 -139.059    750.0    812.1
     1     1    16     4     3    17     0     0    -1.0   61.037 -139.260    760.6    810.5
     1     1    16     4     3    16     0     0    -2.0   61.087 -139.469    773.1    808.6
     1     1    16     4     3    15     0     0    -3.0   61.134 -139.688    787.3    806.5
     1     1    16     4     3    14     0     0    -4.0   61.176 -139.916    802.7    804.5
     1     1    16     4     3    13     0     0    -5.0   61.212 -140.154    818.7    802.8
     1     1    16     4     3    12     0     0    -6.0   61.242 -140.403    834.7    801.6
     1     1    16     4     3    11     0     0    -7.0   61.269 -140.670    850.0    800.6
     1     1    16     4     3    10     0     0    -8.0   61.298 -140.963    863.6    799.9
     1     1    16     4     3     9     0     0    -9.0   61.328 -141.280    876.1    799.3
     1     1    16     4     3     8     0     0   -10.0   61.356 -141.617    887.8    798.7
     1     1    16     4     3     7     0     0   -11.0   61.382 -141.970    899.2    798.2
     1     1    16     4     3     6     0     0   -12.0   61.403 -142.336    910.6    797.7
     1     1    16     4     3     5     0     0   -13.0   61.412 -142.695    922.3    797.9
     1     1    16     4     3     4     0     0   -14.0   61.403 -143.027    933.1    798.8
     1     1    16     4     3     3     0     0   -15.0   61.376 -143.331    942.9    800.2
     1     1    16     4     3     2     0     0   -16.0   61.331 -143.605    951.6    801.9
     1     1    16     4     3     1     0     0   -17.0   61.268 -143.849    959.3    804.0
     1     1    16     4     3     0     0     0   -18.0   61.185 -144.062    966.3    806.4
     1     1    16     4     2    23     0     0   -19.0   61.090 -144.267    969.9    809.3
     1     1    16     4     2    22     0     0   -20.0   60.987 -144.481    968.0    813.2
     1     1    16     4     2    21     0     0   -21.0   60.875 -144.699    959.6    818.2
     1     1    16     4     2    20     0     0   -22.0   60.751 -144.919    944.3    824.4
     1     1    16     4     2    19     0     0   -23.0   60.615 -145.134    921.4    831.8
     1     1    16     4     2    18     0     0   -24.0   60.467 -145.343    890.4    840.1
     1     1    16     4     2    17     0     0   -25.0   60.312 -145.536    854.2    849.2
     1     1    16     4     2    16     0     0   -26.0   60.156 -145.705    815.0    858.3
     1     1    16     4     2    15     0     0   -27.0   60.000 -145.851    773.3    867.6
     1     1    16     4     2    14     0     0   -28.0   59.844 -145.984    729.8    877.8
     1     1    16     4     2    13     0     0   -29.0   59.688 -146.113    685.0    888.2
     1     1    16     4     2    12     0     0   -30.0   59.532 -146.239    638.7    898.9
     1     1    16     4     2    11     0     0   -31.0   59.369 -146.376    594.1    909.4
     1     1    16     4     2    10     0     0   -32.0   59.194 -146.532    554.9    919.1
     1     1    16     4     2     9     0     0   -33.0   59.008 -146.705    521.2    928.7
     1     1    16     4     2     8     0     0   -34.0   58.809 -146.892    493.1    938.0
     1     1    16     4     2     7     0     0   -35.0   58.599 -147.089    470.8    947.0
     1     1    16     4     2     6     0     0   -36.0   58.378 -147.296    454.4    955.4
     1     1    16     4     2     5     0     0   -37.0   58.147 -147.489    439.0    963.3
     1     1    16     4     2     4     0     0   -38.0   57.910 -147.653    419.8    971.3
     1     1    16     4     2     3     0     0   -39.0   57.668 -147.793    397.3    979.7
     1     1    16     4     2     2     0     0   -40.0   57.421 -147.920    371.8    985.4
     1     1    16     4     2     1     0     0   -41.0   57.166 -148.044    344.2    984.7
     1     1    16     4     2     0     0     0   -42.0   56.901 -148.176    316.0    984.2
     1     1    16     4     1    23     0     0   -43.0   56.627 -148.323    290.4    983.5
     1     1    16     4     1    22     0     0   -44.0   56.341 -148.492    269.7    981.7
     1     1    16     4     1    21     0     0   -45.0   56.040 -148.681    253.4    979.3
     1     1    16     4     1    20     0     0   -46.0   55.718 -148.891    241.4    976.2
     1     1    16     4     1    19     0     0   -47.0   55.371 -149.125    233.5    972.5
     1     1    16     4     1    18     0     0   -48.0   54.992 -149.389    229.8    968.0
     1     1    16     4     1    17     0     0   -49.0   54.583 -149.654    229.0    970.1
     1     1    16     4     1    16     0     0   -50.0   54.151 -149.893    228.7    972.9
     1     1    16     4     1    15     0     0   -51.0   53.701 -150.118    229.7    975.9
     1     1    16     4     1    14     0     0   -52.0   53.237 -150.343    232.6    978.9
     1     1    16     4     1    13     0     0   -53.0   52.762 -150.587    238.4    981.5
     1     1    16     4     1    12     0     0   -54.0   52.279 -150.866    247.5    981.7
     1     1    16     4     1    11     0     0   -55.0   51.795 -151.162    259.1    979.0
     1     1    16     4     1    10     0     0   -56.0   51.314 -151.462    272.2    976.1
     1     1    16     4     1     9     0     0   -57.0   50.836 -151.789    287.0    973.1
     1     1    16     4     1     8     0     0   -58.0   50.360 -152.164    303.4    969.8
     1     1    16     4     1     7     0     0   -59.0   49.886 -152.607    321.0    966.1
     1     1    16     4     1     6     0     0   -60.0   49.423 -153.118    337.7    962.0
     1     1    16     4     1     5     0     0   -61.0   48.984 -153.658    351.3    959.1
     1     1    16     4     1     4     0     0   -62.0   48.576 -154.200    362.2    957.4
     1     1    16     4     1     3     0     0   -63.0   48.201 -154.754    370.8    956.5
     1     1    16     4     1     2     0     0   -64.0   47.860 -155.326    377.3    956.5
     1     1    16     4     1     1     0     0   -65.0   47.549 -155.926    381.3    956.9
     1     1    16     4     1     0     0     0   -66.0   47.265 -156.547    381.3    956.5
