     1     1
    CDC1    16     4     1     0     0
     1 BACKWARD OMEGA   
    16     4    26     6   60.984 -139.059   750.0
     1 PRESSURE
     1     1    16     4    26     6     0     0     0.0   60.984 -139.059    750.0    809.2
     1     1    16     4    26     5     0     0    -1.0   60.714 -138.869    709.1    817.7
     1     1    16     4    26     4     0     0    -2.0   60.425 -138.658    664.1    827.3
     1     1    16     4    26     3     0     0    -3.0   60.115 -138.423    613.2    838.1
     1     1    16     4    26     2     0     0    -4.0   59.788 -138.157    559.3    852.1
     1     1    16     4    26     1     0     0    -5.0   59.451 -137.857    506.5    867.8
     1     1    16     4    26     0     0     0    -6.0   59.100 -137.513    455.7    884.0
     1     1    16     4    25    23     0     0    -7.0   58.744 -137.145    407.3    899.2
     1     1    16     4    25    22     0     0    -8.0   58.396 -136.775    361.9    913.3
     1     1    16     4    25    21     0     0    -9.0   58.058 -136.396    319.2    925.9
     1     1    16     4    25    20     0     0   -10.0   57.732 -136.006    279.8    937.7
     1     1    16     4    25    19     0     0   -11.0   57.426 -135.612    243.8    947.6
     1     1    16     4    25    18     0     0   -12.0   57.147 -135.242    212.2    954.5
     1     1    16     4    25    17     0     0   -13.0   56.889 -134.905    184.7    959.7
     1     1    16     4    25    16     0     0   -14.0   56.644 -134.597    160.3    962.6
     1     1    16     4    25    15     0     0   -15.0   56.406 -134.318    138.7    966.0
     1     1    16     4    25    14     0     0   -16.0   56.178 -134.070    119.7    969.7
     1     1    16     4    25    13     0     0   -17.0   55.960 -133.854    103.5    973.7
     1     1    16     4    25    12     0     0   -18.0   55.754 -133.671     90.0    977.8
     1     1    16     4    25    11     0     0   -19.0   55.559 -133.522     79.0    981.8
     1     1    16     4    25    10     0     0   -20.0   55.378 -133.410     70.0    985.5
     1     1    16     4    25     9     0     0   -21.0   55.208 -133.331     62.9    989.1
     1     1    16     4    25     8     0     0   -22.0   55.047 -133.282     57.5    992.8
     1     1    16     4    25     7     0     0   -23.0   54.894 -133.266     53.3    995.2
     1     1    16     4    25     6     0     0   -24.0   54.748 -133.290     49.7    997.2
     1     1    16     4    25     5     0     0   -25.0   54.601 -133.336     46.7    999.0
     1     1    16     4    25     4     0     0   -26.0   54.446 -133.389     44.7   1000.8
     1     1    16     4    25     3     0     0   -27.0   54.283 -133.451     43.6   1002.6
     1     1    16     4    25     2     0     0   -28.0   54.113 -133.525     43.7   1004.4
     1     1    16     4    25     1     0     0   -29.0   53.935 -133.616     45.1   1006.2
     1     1    16     4    25     0     0     0   -30.0   53.751 -133.728     48.0   1007.8
     1     1    16     4    24    23     0     0   -31.0   53.559 -133.867     52.3   1009.5
     1     1    16     4    24    22     0     0   -32.0   53.360 -134.031     57.4   1011.0
     1     1    16     4    24    21     0     0   -33.0   53.151 -134.221     63.4   1012.2
     1     1    16     4    24    20     0     0   -34.0   52.930 -134.438     70.2   1012.9
     1     1    16     4    24    19     0     0   -35.0   52.696 -134.684     78.0   1013.0
     1     1    16     4    24    18     0     0   -36.0   52.447 -134.961     86.8   1011.7
     1     1    16     4    24    17     0     0   -37.0   52.197 -135.269     97.6   1008.1
     1     1    16     4    24    16     0     0   -38.0   51.958 -135.609    111.8   1003.9
     1     1    16     4    24    15     0     0   -39.0   51.730 -135.979    129.4    999.3
     1     1    16     4    24    14     0     0   -40.0   51.509 -136.380    150.2    994.6
     1     1    16     4    24    13     0     0   -41.0   51.292 -136.811    173.9    989.7
     1     1    16     4    24    12     0     0   -42.0   51.075 -137.272    199.5    984.7
     1     1    16     4    24    11     0     0   -43.0   50.855 -137.769    223.9    980.4
     1     1    16     4    24    10     0     0   -44.0   50.633 -138.308    243.3    978.7
     1     1    16     4    24     9     0     0   -45.0   50.409 -138.893    258.3    978.1
     1     1    16     4    24     8     0     0   -46.0   50.184 -139.525    269.4    978.3
     1     1    16     4    24     7     0     0   -47.0   49.960 -140.205    277.5    979.4
     1     1    16     4    24     6     0     0   -48.0   49.749 -140.926    283.3    980.5
     1     1    16     4    24     5     0     0   -49.0   49.552 -141.676    288.9    981.5
     1     1    16     4    24     4     0     0   -50.0   49.356 -142.456    295.6    981.8
     1     1    16     4    24     3     0     0   -51.0   49.166 -143.275    303.7    979.4
     1     1    16     4    24     2     0     0   -52.0   48.988 -144.144    313.9    976.4
     1     1    16     4    24     1     0     0   -53.0   48.820 -145.072    326.2    972.9
     1     1    16     4    24     0     0     0   -54.0   48.672 -146.057    340.7    969.9
     1     1    16     4    23    23     0     0   -55.0   48.556 -147.096    356.2    966.4
     1     1    16     4    23    22     0     0   -56.0   48.479 -148.180    371.7    964.7
     1     1    16     4    23    21     0     0   -57.0   48.437 -149.289    386.8    964.3
     1     1    16     4    23    20     0     0   -58.0   48.428 -150.413    401.2    963.8
     1     1    16     4    23    19     0     0   -59.0   48.447 -151.532    415.2    963.3
     1     1    16     4    23    18     0     0   -60.0   48.492 -152.635    429.4    962.3
     1     1    16     4    23    17     0     0   -61.0   48.545 -153.702    443.4    959.5
     1     1    16     4    23    16     0     0   -62.0   48.594 -154.717    456.4    956.8
     1     1    16     4    23    15     0     0   -63.0   48.635 -155.684    468.7    954.5
     1     1    16     4    23    14     0     0   -64.0   48.661 -156.601    480.0    952.6
     1     1    16     4    23    13     0     0   -65.0   48.675 -157.479    490.4    951.2
     1     1    16     4    23    12     0     0   -66.0   48.675 -158.323    499.6    950.6
     1     1    16     4    23    11     0     0   -67.0   48.650 -159.131    508.5    950.1
     1     1    16     4    23    10     0     0   -68.0   48.604 -159.903    519.4    949.3
     1     1    16     4    23     9     0     0   -69.0   48.541 -160.646    531.7    947.2
     1     1    16     4    23     8     0     0   -70.0   48.462 -161.369    545.2    944.9
     1     1    16     4    23     7     0     0   -71.0   48.374 -162.077    560.1    942.4
     1     1    16     4    23     6     0     0   -72.0   48.283 -162.774    576.5    939.6
