     1     1
    CDC1    16     4     1     0     0
     1 BACKWARD OMEGA   
    16     4    28    18   60.984 -139.059   750.0
     1 PRESSURE
     1     1    16     4    28    18     0     0     0.0   60.984 -139.059    750.0    806.4
     1     1    16     4    28    17     0     0    -1.0   60.694 -138.706    725.5    812.9
     1     1    16     4    28    16     0     0    -2.0   60.391 -138.351    690.9    821.4
     1     1    16     4    28    15     0     0    -3.0   60.070 -137.985    646.0    831.3
     1     1    16     4    28    14     0     0    -4.0   59.738 -137.614    594.8    846.4
     1     1    16     4    28    13     0     0    -5.0   59.407 -137.253    543.0    861.2
     1     1    16     4    28    12     0     0    -6.0   59.082 -136.895    492.8    875.1
     1     1    16     4    28    11     0     0    -7.0   58.768 -136.556    447.2    888.7
     1     1    16     4    28    10     0     0    -8.0   58.470 -136.251    407.1    900.9
     1     1    16     4    28     9     0     0    -9.0   58.184 -135.977    370.9    912.1
     1     1    16     4    28     8     0     0   -10.0   57.909 -135.729    337.6    922.1
     1     1    16     4    28     7     0     0   -11.0   57.645 -135.506    306.8    931.7
     1     1    16     4    28     6     0     0   -12.0   57.392 -135.311    278.1    939.9
     1     1    16     4    28     5     0     0   -13.0   57.148 -135.137    252.1    946.6
     1     1    16     4    28     4     0     0   -14.0   56.913 -134.976    229.1    953.1
     1     1    16     4    28     3     0     0   -15.0   56.685 -134.826    208.7    958.4
     1     1    16     4    28     2     0     0   -16.0   56.462 -134.689    190.5    963.3
     1     1    16     4    28     1     0     0   -17.0   56.247 -134.568    174.4    968.0
     1     1    16     4    28     0     0     0   -18.0   56.038 -134.468    160.2    972.7
     1     1    16     4    27    23     0     0   -19.0   55.839 -134.386    147.4    977.0
     1     1    16     4    27    22     0     0   -20.0   55.650 -134.321    135.5    981.3
     1     1    16     4    27    21     0     0   -21.0   55.468 -134.271    124.4    985.6
     1     1    16     4    27    20     0     0   -22.0   55.290 -134.236    113.9    990.0
     1     1    16     4    27    19     0     0   -23.0   55.112 -134.215    104.1    994.6
     1     1    16     4    27    18     0     0   -24.0   54.934 -134.206     94.6    998.3
     1     1    16     4    27    17     0     0   -25.0   54.757 -134.208     86.7   1000.7
     1     1    16     4    27    16     0     0   -26.0   54.583 -134.217     81.0   1002.6
     1     1    16     4    27    15     0     0   -27.0   54.413 -134.237     77.2   1004.2
     1     1    16     4    27    14     0     0   -28.0   54.245 -134.269     75.1   1005.5
     1     1    16     4    27    13     0     0   -29.0   54.080 -134.313     74.6   1006.6
     1     1    16     4    27    12     0     0   -30.0   53.917 -134.371     75.6   1007.6
     1     1    16     4    27    11     0     0   -31.0   53.752 -134.437     77.8   1008.1
     1     1    16     4    27    10     0     0   -32.0   53.585 -134.505     80.6   1008.6
     1     1    16     4    27     9     0     0   -33.0   53.415 -134.572     84.2   1008.8
     1     1    16     4    27     8     0     0   -34.0   53.239 -134.636     88.5   1008.9
     1     1    16     4    27     7     0     0   -35.0   53.058 -134.693     93.7   1008.8
     1     1    16     4    27     6     0     0   -36.0   52.868 -134.740     99.8   1008.5
     1     1    16     4    27     5     0     0   -37.0   52.676 -134.783    107.8   1007.8
     1     1    16     4    27     4     0     0   -38.0   52.489 -134.830    118.8   1006.5
     1     1    16     4    27     3     0     0   -39.0   52.307 -134.878    133.6   1003.8
     1     1    16     4    27     2     0     0   -40.0   52.131 -134.927    152.9   1000.7
     1     1    16     4    27     1     0     0   -41.0   51.960 -134.973    177.5    997.3
     1     1    16     4    27     0     0     0   -42.0   51.792 -135.017    208.3    993.1
     1     1    16     4    26    23     0     0   -43.0   51.623 -135.073    236.6    986.8
     1     1    16     4    26    22     0     0   -44.0   51.451 -135.150    254.1    983.3
     1     1    16     4    26    21     0     0   -45.0   51.278 -135.248    261.0    981.2
     1     1    16     4    26    20     0     0   -46.0   51.102 -135.364    257.7    980.4
     1     1    16     4    26    19     0     0   -47.0   50.922 -135.497    244.7    980.9
     1     1    16     4    26    18     0     0   -48.0   50.740 -135.646    222.5    982.7
     1     1    16     4    26    17     0     0   -49.0   50.558 -135.811    197.2    985.3
     1     1    16     4    26    16     0     0   -50.0   50.380 -136.000    175.2    986.1
     1     1    16     4    26    15     0     0   -51.0   50.208 -136.217    156.7    986.6
     1     1    16     4    26    14     0     0   -52.0   50.041 -136.461    141.5    986.9
     1     1    16     4    26    13     0     0   -53.0   49.883 -136.733    129.5    987.6
     1     1    16     4    26    12     0     0   -54.0   49.738 -137.031    120.2    988.2
     1     1    16     4    26    11     0     0   -55.0   49.613 -137.366    112.7    989.2
     1     1    16     4    26    10     0     0   -56.0   49.508 -137.748    106.9    990.8
     1     1    16     4    26     9     0     0   -57.0   49.413 -138.162    102.9    992.7
     1     1    16     4    26     8     0     0   -58.0   49.321 -138.593    100.9    994.4
     1     1    16     4    26     7     0     0   -59.0   49.228 -139.028    100.8    995.8
     1     1    16     4    26     6     0     0   -60.0   49.133 -139.459    102.6    996.9
     1     1    16     4    26     5     0     0   -61.0   49.028 -139.871    106.3    996.8
     1     1    16     4    26     4     0     0   -62.0   48.907 -140.265    112.0    996.0
     1     1    16     4    26     3     0     0   -63.0   48.779 -140.655    119.4    994.9
     1     1    16     4    26     2     0     0   -64.0   48.651 -141.052    128.4    993.8
     1     1    16     4    26     1     0     0   -65.0   48.528 -141.463    139.4    992.6
     1     1    16     4    26     0     0     0   -66.0   48.418 -141.893    152.7    991.3
     1     1    16     4    25    23     0     0   -67.0   48.316 -142.336    167.8    989.8
     1     1    16     4    25    22     0     0   -68.0   48.212 -142.784    183.9    987.1
     1     1    16     4    25    21     0     0   -69.0   48.102 -143.237    200.7    984.0
     1     1    16     4    25    20     0     0   -70.0   47.993 -143.698    218.4    980.3
     1     1    16     4    25    19     0     0   -71.0   47.894 -144.170    237.7    976.6
     1     1    16     4    25    18     0     0   -72.0   47.817 -144.654    259.8    972.7
