     1     1
    CDC1    16     1     1     0     0
     1 BACKWARD OMEGA   
    16     1    15     6   60.984 -139.059   750.0
     1 PRESSURE
     1     1    16     1    15     6     0     0     0.0   60.984 -139.059    750.0    806.7
     1     1    16     1    15     5     0     0    -1.0   60.975 -139.223    764.8    805.4
     1     1    16     1    15     4     0     0    -2.0   60.966 -139.387    779.3    804.1
     1     1    16     1    15     3     0     0    -3.0   60.958 -139.549    793.2    802.9
     1     1    16     1    15     2     0     0    -4.0   60.951 -139.710    806.4    801.7
     1     1    16     1    15     1     0     0    -5.0   60.945 -139.871    818.8    800.7
     1     1    16     1    15     0     0     0    -6.0   60.942 -140.033    830.3    799.8
     1     1    16     1    14    23     0     0    -7.0   60.936 -140.182    841.2    799.0
     1     1    16     1    14    22     0     0    -8.0   60.927 -140.306    851.9    798.3
     1     1    16     1    14    21     0     0    -9.0   60.914 -140.407    862.4    797.6
     1     1    16     1    14    20     0     0   -10.0   60.896 -140.488    872.5    797.0
     1     1    16     1    14    19     0     0   -11.0   60.875 -140.548    882.4    796.4
     1     1    16     1    14    18     0     0   -12.0   60.850 -140.589    891.9    795.8
     1     1    16     1    14    17     0     0   -13.0   60.821 -140.613    900.5    795.0
     1     1    16     1    14    16     0     0   -14.0   60.786 -140.623    906.6    794.4
     1     1    16     1    14    15     0     0   -15.0   60.746 -140.616    910.4    794.2
     1     1    16     1    14    14     0     0   -16.0   60.700 -140.595    911.8    794.3
     1     1    16     1    14    13     0     0   -17.0   60.649 -140.557    910.9    794.6
     1     1    16     1    14    12     0     0   -18.0   60.593 -140.503    907.5    795.2
     1     1    16     1    14    11     0     0   -19.0   60.526 -140.430    903.6    796.2
     1     1    16     1    14    10     0     0   -20.0   60.444 -140.336    901.1    796.9
     1     1    16     1    14     9     0     0   -21.0   60.348 -140.221    899.7    797.5
     1     1    16     1    14     8     0     0   -22.0   60.238 -140.082    899.1    798.2
     1     1    16     1    14     7     0     0   -23.0   60.112 -139.920    899.1    799.2
     1     1    16     1    14     6     0     0   -24.0   59.971 -139.733    899.2    801.0
     1     1    16     1    14     5     0     0   -25.0   59.821 -139.526    899.4    805.0
     1     1    16     1    14     4     0     0   -26.0   59.666 -139.299    898.3    809.2
     1     1    16     1    14     3     0     0   -27.0   59.503 -139.056    896.1    813.5
     1     1    16     1    14     2     0     0   -28.0   59.333 -138.796    892.7    818.0
     1     1    16     1    14     1     0     0   -29.0   59.153 -138.520    888.1    822.7
     1     1    16     1    14     0     0     0   -30.0   58.961 -138.230    882.1    827.8
     1     1    16     1    13    23     0     0   -31.0   58.764 -137.939    873.8    833.3
     1     1    16     1    13    22     0     0   -32.0   58.568 -137.656    861.4    839.2
     1     1    16     1    13    21     0     0   -33.0   58.370 -137.376    844.5    845.3
     1     1    16     1    13    20     0     0   -34.0   58.170 -137.096    823.1    851.3
     1     1    16     1    13    19     0     0   -35.0   57.967 -136.813    797.4    857.7
     1     1    16     1    13    18     0     0   -36.0   57.759 -136.520    767.6    864.3
     1     1    16     1    13    17     0     0   -37.0   57.546 -136.202    736.0    871.3
     1     1    16     1    13    16     0     0   -38.0   57.332 -135.861    704.7    875.7
     1     1    16     1    13    15     0     0   -39.0   57.117 -135.512    675.0    879.7
     1     1    16     1    13    14     0     0   -40.0   56.900 -135.156    647.5    883.7
     1     1    16     1    13    13     0     0   -41.0   56.680 -134.793    621.6    886.3
     1     1    16     1    13    12     0     0   -42.0   56.454 -134.429    597.1    887.6
     1     1    16     1    13    11     0     0   -43.0   56.220 -134.084    571.6    889.9
     1     1    16     1    13    10     0     0   -44.0   55.977 -133.772    542.5    893.7
     1     1    16     1    13     9     0     0   -45.0   55.727 -133.487    510.4    898.8
     1     1    16     1    13     8     0     0   -46.0   55.469 -133.226    475.6    904.9
     1     1    16     1    13     7     0     0   -47.0   55.204 -132.985    438.7    912.1
     1     1    16     1    13     6     0     0   -48.0   54.928 -132.766    400.3    919.7
     1     1    16     1    13     5     0     0   -49.0   54.629 -132.551    364.2    926.0
     1     1    16     1    13     4     0     0   -50.0   54.292 -132.323    333.6    930.5
     1     1    16     1    13     3     0     0   -51.0   53.917 -132.088    307.7    934.8
     1     1    16     1    13     2     0     0   -52.0   53.502 -131.858    285.3    939.8
     1     1    16     1    13     1     0     0   -53.0   53.045 -131.640    265.5    945.8
     1     1    16     1    13     0     0     0   -54.0   52.540 -131.438    247.4    952.9
     1     1    16     1    12    23     0     0   -55.0   52.016 -131.270    229.8    957.7
     1     1    16     1    12    22     0     0   -56.0   51.502 -131.145    212.5    962.8
     1     1    16     1    12    21     0     0   -57.0   50.991 -131.059    195.5    968.1
     1     1    16     1    12    20     0     0   -58.0   50.472 -131.011    178.9    973.2
     1     1    16     1    12    19     0     0   -59.0   49.938 -131.003    162.4    978.2
     1     1    16     1    12    18     0     0   -60.0   49.401 -131.035    145.9    981.0
     1     1    16     1    12    17     0     0   -61.0   48.878 -131.101    130.0    984.0
     1     1    16     1    12    16     0     0   -62.0   48.368 -131.198    115.0    986.5
     1     1    16     1    12    15     0     0   -63.0   47.864 -131.345    100.7    988.6
     1     1    16     1    12    14     0     0   -64.0   47.367 -131.553     87.8    989.7
     1     1    16     1    12    13     0     0   -65.0   46.892 -131.809     77.8    989.3
     1     1    16     1    12    12     0     0   -66.0   46.449 -132.106     71.2    988.0
     1     1    16     1    12    11     0     0   -67.0   46.031 -132.429     67.1    987.0
     1     1    16     1    12    10     0     0   -68.0   45.622 -132.753     64.2    986.9
     1     1    16     1    12     9     0     0   -69.0   45.197 -133.082     61.3    987.3
     1     1    16     1    12     8     0     0   -70.0   44.741 -133.423     58.0    988.9
     1     1    16     1    12     7     0     0   -71.0   44.245 -133.768     54.1    991.5
     1     1    16     1    12     6     0     0   -72.0   43.719 -134.131     50.1    994.2
