     1     1
    CDC1    16     4     1     0     0
     1 BACKWARD OMEGA   
    16     4    13    12   60.984 -139.059   750.0
     1 PRESSURE
     1     1    16     4    13    12     0     0     0.0   60.984 -139.059    750.0    803.6
     1     1    16     4    13    11     0     0    -1.0   60.891 -138.807    735.1    805.7
     1     1    16     4    13    10     0     0    -2.0   60.781 -138.542    715.0    808.9
     1     1    16     4    13     9     0     0    -3.0   60.655 -138.263    689.9    812.9
     1     1    16     4    13     8     0     0    -4.0   60.513 -137.972    659.9    817.5
     1     1    16     4    13     7     0     0    -5.0   60.354 -137.671    625.1    822.9
     1     1    16     4    13     6     0     0    -6.0   60.181 -137.364    585.5    828.6
     1     1    16     4    13     5     0     0    -7.0   60.005 -137.046    547.5    834.7
     1     1    16     4    13     4     0     0    -8.0   59.836 -136.708    516.7    841.7
     1     1    16     4    13     3     0     0    -9.0   59.673 -136.348    493.1    847.6
     1     1    16     4    13     2     0     0   -10.0   59.509 -135.966    476.1    852.5
     1     1    16     4    13     1     0     0   -11.0   59.340 -135.563    465.6    856.6
     1     1    16     4    13     0     0     0   -12.0   59.161 -135.139    461.1    859.9
     1     1    16     4    12    23     0     0   -13.0   58.973 -134.712    459.1    861.0
     1     1    16     4    12    22     0     0   -14.0   58.783 -134.298    457.0    861.3
     1     1    16     4    12    21     0     0   -15.0   58.592 -133.897    455.1    861.3
     1     1    16     4    12    20     0     0   -16.0   58.400 -133.505    453.7    860.7
     1     1    16     4    12    19     0     0   -17.0   58.207 -133.123    452.9    859.7
     1     1    16     4    12    18     0     0   -18.0   58.011 -132.750    452.9    858.3
     1     1    16     4    12    17     0     0   -19.0   57.814 -132.389    453.0    857.2
     1     1    16     4    12    16     0     0   -20.0   57.620 -132.040    452.0    855.5
     1     1    16     4    12    15     0     0   -21.0   57.430 -131.697    450.7    853.7
     1     1    16     4    12    14     0     0   -22.0   57.247 -131.357    448.8    852.7
     1     1    16     4    12    13     0     0   -23.0   57.073 -131.017    445.9    851.5
     1     1    16     4    12    12     0     0   -24.0   56.912 -130.670    441.8    849.9
     1     1    16     4    12    11     0     0   -25.0   56.754 -130.351    434.4    849.0
     1     1    16     4    12    10     0     0   -26.0   56.590 -130.094    422.4    850.0
     1     1    16     4    12     9     0     0   -27.0   56.425 -129.897    406.4    853.3
     1     1    16     4    12     8     0     0   -28.0   56.263 -129.757    386.7    858.1
     1     1    16     4    12     7     0     0   -29.0   56.102 -129.667    363.9    863.7
     1     1    16     4    12     6     0     0   -30.0   55.943 -129.616    338.0    869.6
     1     1    16     4    12     5     0     0   -31.0   55.782 -129.583    312.8    876.1
     1     1    16     4    12     4     0     0   -32.0   55.620 -129.551    291.0    882.0
     1     1    16     4    12     3     0     0   -33.0   55.454 -129.523    272.5    887.8
     1     1    16     4    12     2     0     0   -34.0   55.287 -129.504    257.0    893.5
     1     1    16     4    12     1     0     0   -35.0   55.119 -129.496    244.2    899.2
     1     1    16     4    12     0     0     0   -36.0   54.948 -129.502    233.9    904.8
     1     1    16     4    11    23     0     0   -37.0   54.781 -129.519    224.6    909.3
     1     1    16     4    11    22     0     0   -38.0   54.624 -129.540    215.0    913.9
     1     1    16     4    11    21     0     0   -39.0   54.477 -129.564    205.2    918.5
     1     1    16     4    11    20     0     0   -40.0   54.339 -129.593    195.5    923.0
     1     1    16     4    11    19     0     0   -41.0   54.211 -129.626    186.0    927.0
     1     1    16     4    11    18     0     0   -42.0   54.093 -129.662    176.9    930.8
     1     1    16     4    11    17     0     0   -43.0   53.982 -129.705    168.0    934.7
     1     1    16     4    11    16     0     0   -44.0   53.874 -129.758    159.2    938.7
     1     1    16     4    11    15     0     0   -45.0   53.770 -129.821    150.5    942.9
     1     1    16     4    11    14     0     0   -46.0   53.672 -129.895    141.9    947.1
     1     1    16     4    11    13     0     0   -47.0   53.582 -129.980    133.5    951.4
     1     1    16     4    11    12     0     0   -48.0   53.502 -130.076    125.2    955.5
     1     1    16     4    11    11     0     0   -49.0   53.430 -130.174    116.7    959.4
     1     1    16     4    11    10     0     0   -50.0   53.364 -130.263    107.2    963.2
     1     1    16     4    11     9     0     0   -51.0   53.304 -130.347     97.2    966.9
     1     1    16     4    11     8     0     0   -52.0   53.251 -130.427     86.7    970.5
     1     1    16     4    11     7     0     0   -53.0   53.205 -130.504     76.2    974.0
     1     1    16     4    11     6     0     0   -54.0   53.165 -130.582     65.8    976.8
     1     1    16     4    11     5     0     0   -55.0   53.131 -130.669     56.4    979.4
     1     1    16     4    11     4     0     0   -56.0   53.101 -130.772     48.7    982.1
     1     1    16     4    11     3     0     0   -57.0   53.075 -130.892     42.4    984.7
     1     1    16     4    11     2     0     0   -58.0   53.053 -131.029     37.3    987.5
     1     1    16     4    11     1     0     0   -59.0   53.036 -131.181     33.3    990.3
     1     1    16     4    11     0     0     0   -60.0   53.024 -131.347     30.3    993.2
     1     1    16     4    10    23     0     0   -61.0   53.018 -131.515     28.0    995.9
     1     1    16     4    10    22     0     0   -62.0   53.020 -131.679     26.4    998.3
     1     1    16     4    10    21     0     0   -63.0   53.030 -131.839     25.4   1000.4
     1     1    16     4    10    20     0     0   -64.0   53.049 -131.997     24.8   1002.3
     1     1    16     4    10    19     0     0   -65.0   53.076 -132.156     24.7   1004.0
     1     1    16     4    10    18     0     0   -66.0   53.112 -132.317     25.0   1005.6
     1     1    16     4    10    17     0     0   -67.0   53.155 -132.481     25.5   1007.1
     1     1    16     4    10    16     0     0   -68.0   53.203 -132.646     26.1   1007.2
     1     1    16     4    10    15     0     0   -69.0   53.250 -132.806     26.7   1007.1
     1     1    16     4    10    14     0     0   -70.0   53.299 -132.961     27.5   1007.1
     1     1    16     4    10    13     0     0   -71.0   53.349 -133.110     28.3   1007.1
     1     1    16     4    10    12     0     0   -72.0   53.400 -133.253     29.2   1007.0
