     1     1
    CDC1    16     1     1     0     0
     1 BACKWARD OMEGA   
    16     1    28     0   60.984 -139.059   750.0
     1 PRESSURE
     1     1    16     1    28     0     0     0     0.0   60.984 -139.059    750.0    787.0
     1     1    16     1    27    23     0     0    -1.0   60.576 -138.685    675.9    799.9
     1     1    16     1    27    22     0     0    -2.0   60.169 -138.247    584.8    816.0
     1     1    16     1    27    21     0     0    -3.0   59.771 -137.762    485.0    836.0
     1     1    16     1    27    20     0     0    -4.0   59.388 -137.247    389.8    858.2
     1     1    16     1    27    19     0     0    -5.0   59.037 -136.708    311.2    875.5
     1     1    16     1    27    18     0     0    -6.0   58.724 -136.147    251.6    888.7
     1     1    16     1    27    17     0     0    -7.0   58.432 -135.566    203.5    900.2
     1     1    16     1    27    16     0     0    -8.0   58.146 -134.965    160.8    909.7
     1     1    16     1    27    15     0     0    -9.0   57.874 -134.338    124.8    913.9
     1     1    16     1    27    14     0     0   -10.0   57.628 -133.685     97.3    915.3
     1     1    16     1    27    13     0     0   -11.0   57.408 -133.018     77.5    914.5
     1     1    16     1    27    12     0     0   -12.0   57.201 -132.367     62.7    912.1
     1     1    16     1    27    11     0     0   -13.0   56.999 -131.784     49.9    908.9
     1     1    16     1    27    10     0     0   -14.0   56.804 -131.297     38.5    907.4
     1     1    16     1    27     9     0     0   -15.0   56.623 -130.895     28.9    906.8
     1     1    16     1    27     8     0     0   -16.0   56.456 -130.568     21.4    907.1
     1     1    16     1    27     7     0     0   -17.0   56.302 -130.310     16.0    908.1
     1     1    16     1    27     6     0     0   -18.0   56.156 -130.115     12.3    909.7
     1     1    16     1    27     5     0     0   -19.0   56.016 -129.966     10.1    910.8
     1     1    16     1    27     4     0     0   -20.0   55.881 -129.852      8.8    912.3
     1     1    16     1    27     3     0     0   -21.0   55.747 -129.768      8.1    914.2
     1     1    16     1    27     2     0     0   -22.0   55.616 -129.709      7.9    916.3
     1     1    16     1    27     1     0     0   -23.0   55.485 -129.674      8.2    918.7
     1     1    16     1    27     0     0     0   -24.0   55.356 -129.660      9.1    921.4
     1     1    16     1    26    23     0     0   -25.0   55.214 -129.656      9.6    924.3
     1     1    16     1    26    22     0     0   -26.0   55.048 -129.654      8.7    928.1
     1     1    16     1    26    21     0     0   -27.0   54.860 -129.661      6.4    932.1
     1     1    16     1    26    20     0     0   -28.0   54.648 -129.677      3.0    936.7
     1     1    16     1    26    19     0     0   -29.0   54.413 -129.703      0.0    941.9
     1     1    16     1    26    18     0     0   -30.0   54.160 -129.738      0.0    947.8
     1     1    16     1    26    17     0     0   -31.0   53.882 -129.763      0.0    953.3
     1     1    16     1    26    16     0     0   -32.0   53.572 -129.769      0.0    959.2
     1     1    16     1    26    15     0     0   -33.0   53.232 -129.772      0.0    965.7
     1     1    16     1    26    14     0     0   -34.0   52.865 -129.795      0.0    973.1
     1     1    16     1    26    13     0     0   -35.0   52.472 -129.860      0.0    981.6
     1     1    16     1    26    12     0     0   -36.0   52.060 -129.967      0.0    987.1
     1     1    16     1    26    11     0     0   -37.0   51.639 -130.057      0.0    991.8
     1     1    16     1    26    10     0     0   -38.0   51.206 -130.086      0.0    995.7
     1     1    16     1    26     9     0     0   -39.0   50.753 -130.072      0.0    999.6
     1     1    16     1    26     8     0     0   -40.0   50.268 -130.033      0.0   1003.9
     1     1    16     1    26     7     0     0   -41.0   49.747 -129.993      0.0   1006.8
     1     1    16     1    26     6     0     0   -42.0   49.208 -129.978      0.0   1007.9
     1     1    16     1    26     5     0     0   -43.0   48.675 -129.971      0.0   1009.8
     1     1    16     1    26     4     0     0   -44.0   48.152 -129.937      0.0   1011.5
     1     1    16     1    26     3     0     0   -45.0   47.629 -129.873      0.0   1013.3
     1     1    16     1    26     2     0     0   -46.0   47.097 -129.781      0.0   1012.6
     1     1    16     1    26     1     0     0   -47.0   46.558 -129.676      0.0   1011.1
     1     1    16     1    26     0     0     0   -48.0   46.008 -129.587      0.5   1009.8
     1     1    16     1    25    23     0     0   -49.0   45.468 -129.543      1.2   1009.1
     1     1    16     1    25    22     0     0   -50.0   44.957 -129.551      1.9   1008.3
     1     1    16     1    25    21     0     0   -51.0   44.473 -129.580      2.1   1010.1
     1     1    16     1    25    20     0     0   -52.0   44.016 -129.604      2.0   1011.9
     1     1    16     1    25    19     0     0   -53.0   43.580 -129.622      1.5   1013.7
     1     1    16     1    25    18     0     0   -54.0   43.162 -129.636      1.0   1015.4
     1     1    16     1    25    17     0     0   -55.0   42.761 -129.657      0.5   1016.6
     1     1    16     1    25    16     0     0   -56.0   42.379 -129.692      0.3   1017.0
     1     1    16     1    25    15     0     0   -57.0   42.017 -129.731      0.2   1016.2
     1     1    16     1    25    14     0     0   -58.0   41.674 -129.771      0.1   1015.4
     1     1    16     1    25    13     0     0   -59.0   41.349 -129.811      0.1   1014.6
     1     1    16     1    25    12     0     0   -60.0   41.040 -129.853      0.2   1013.9
     1     1    16     1    25    11     0     0   -61.0   40.750 -129.904      0.3   1013.6
     1     1    16     1    25    10     0     0   -62.0   40.476 -129.973      0.3   1013.3
     1     1    16     1    25     9     0     0   -63.0   40.218 -130.061      0.2   1013.2
     1     1    16     1    25     8     0     0   -64.0   39.973 -130.166      0.0   1013.4
     1     1    16     1    25     7     0     0   -65.0   39.737 -130.291      0.0   1014.0
     1     1    16     1    25     6     0     0   -66.0   39.506 -130.434      0.0   1014.7
     1     1    16     1    25     5     0     0   -67.0   39.277 -130.596      0.0   1015.0
     1     1    16     1    25     4     0     0   -68.0   39.045 -130.774      0.0   1015.4
     1     1    16     1    25     3     0     0   -69.0   38.808 -130.966      0.0   1015.9
     1     1    16     1    25     2     0     0   -70.0   38.567 -131.166      0.0   1016.6
     1     1    16     1    25     1     0     0   -71.0   38.318 -131.372      0.0   1017.4
     1     1    16     1    25     0     0     0   -72.0   38.062 -131.579      0.0   1018.4
