     1     1
    CDC1    16     4     1     0     0
     1 BACKWARD OMEGA   
    16     4    12    18   60.984 -139.059   750.0
     1 PRESSURE
     1     1    16     4    12    18     0     0     0.0   60.984 -139.059    750.0    801.3
     1     1    16     4    12    17     0     0    -1.0   60.929 -138.591    743.9    803.0
     1     1    16     4    12    16     0     0    -2.0   60.872 -138.161    743.0    803.9
     1     1    16     4    12    15     0     0    -3.0   60.813 -137.770    746.5    804.3
     1     1    16     4    12    14     0     0    -4.0   60.754 -137.418    753.7    804.3
     1     1    16     4    12    13     0     0    -5.0   60.696 -137.105    764.0    803.6
     1     1    16     4    12    12     0     0    -6.0   60.639 -136.832    777.0    802.8
     1     1    16     4    12    11     0     0    -7.0   60.581 -136.602    788.9    802.0
     1     1    16     4    12    10     0     0    -8.0   60.515 -136.414    795.6    802.4
     1     1    16     4    12     9     0     0    -9.0   60.443 -136.272    797.5    803.5
     1     1    16     4    12     8     0     0   -10.0   60.363 -136.174    794.9    805.2
     1     1    16     4    12     7     0     0   -11.0   60.275 -136.121    788.1    807.7
     1     1    16     4    12     6     0     0   -12.0   60.177 -136.112    777.0    810.8
     1     1    16     4    12     5     0     0   -13.0   60.069 -136.121    763.9    814.0
     1     1    16     4    12     4     0     0   -14.0   59.951 -136.122    751.8    817.7
     1     1    16     4    12     3     0     0   -15.0   59.820 -136.111    741.0    822.5
     1     1    16     4    12     2     0     0   -16.0   59.678 -136.088    731.2    827.5
     1     1    16     4    12     1     0     0   -17.0   59.526 -136.054    722.7    832.7
     1     1    16     4    12     0     0     0   -18.0   59.363 -136.008    715.3    838.0
     1     1    16     4    11    23     0     0   -19.0   59.195 -135.970    709.6    843.5
     1     1    16     4    11    22     0     0   -20.0   59.023 -135.955    705.3    848.9
     1     1    16     4    11    21     0     0   -21.0   58.848 -135.963    702.4    854.3
     1     1    16     4    11    20     0     0   -22.0   58.673 -135.991    700.9    859.7
     1     1    16     4    11    19     0     0   -23.0   58.497 -136.038    700.7    865.0
     1     1    16     4    11    18     0     0   -24.0   58.323 -136.102    701.6    870.2
     1     1    16     4    11    17     0     0   -25.0   58.151 -136.170    701.7    875.3
     1     1    16     4    11    16     0     0   -26.0   57.985 -136.230    698.6    880.8
     1     1    16     4    11    15     0     0   -27.0   57.824 -136.287    692.5    886.5
     1     1    16     4    11    14     0     0   -28.0   57.670 -136.344    683.4    892.4
     1     1    16     4    11    13     0     0   -29.0   57.522 -136.403    671.3    898.5
     1     1    16     4    11    12     0     0   -30.0   57.382 -136.469    655.7    903.2
     1     1    16     4    11    11     0     0   -31.0   57.246 -136.538    639.3    908.1
     1     1    16     4    11    10     0     0   -32.0   57.110 -136.607    623.8    912.6
     1     1    16     4    11     9     0     0   -33.0   56.975 -136.676    609.3    916.6
     1     1    16     4    11     8     0     0   -34.0   56.843 -136.747    595.6    920.5
     1     1    16     4    11     7     0     0   -35.0   56.714 -136.823    582.5    924.3
     1     1    16     4    11     6     0     0   -36.0   56.588 -136.906    570.0    928.0
     1     1    16     4    11     5     0     0   -37.0   56.468 -136.987    557.6    931.4
     1     1    16     4    11     4     0     0   -38.0   56.352 -137.060    544.9    934.8
     1     1    16     4    11     3     0     0   -39.0   56.242 -137.126    532.5    938.1
     1     1    16     4    11     2     0     0   -40.0   56.137 -137.188    520.6    941.1
     1     1    16     4    11     1     0     0   -41.0   56.039 -137.248    509.5    944.0
     1     1    16     4    11     0     0     0   -42.0   55.947 -137.308    499.5    946.6
     1     1    16     4    10    23     0     0   -43.0   55.853 -137.373    490.4    949.0
     1     1    16     4    10    22     0     0   -44.0   55.748 -137.447    481.6    951.6
     1     1    16     4    10    21     0     0   -45.0   55.629 -137.532    473.2    954.1
     1     1    16     4    10    20     0     0   -46.0   55.498 -137.627    465.2    956.6
     1     1    16     4    10    19     0     0   -47.0   55.351 -137.735    457.5    959.1
     1     1    16     4    10    18     0     0   -48.0   55.188 -137.854    450.3    961.6
     1     1    16     4    10    17     0     0   -49.0   55.014 -137.975    444.7    963.9
     1     1    16     4    10    16     0     0   -50.0   54.832 -138.087    441.3    963.5
     1     1    16     4    10    15     0     0   -51.0   54.644 -138.190    440.2    962.7
     1     1    16     4    10    14     0     0   -52.0   54.449 -138.283    441.3    961.5
     1     1    16     4    10    13     0     0   -53.0   54.248 -138.368    444.2    960.2
     1     1    16     4    10    12     0     0   -54.0   54.041 -138.444    448.9    958.6
     1     1    16     4    10    11     0     0   -55.0   53.827 -138.518    453.4    957.2
     1     1    16     4    10    10     0     0   -56.0   53.603 -138.595    455.7    956.2
     1     1    16     4    10     9     0     0   -57.0   53.367 -138.675    455.7    955.4
     1     1    16     4    10     8     0     0   -58.0   53.117 -138.758    453.1    955.0
     1     1    16     4    10     7     0     0   -59.0   52.851 -138.844    447.6    954.9
     1     1    16     4    10     6     0     0   -60.0   52.566 -138.933    439.1    955.0
     1     1    16     4    10     5     0     0   -61.0   52.272 -139.009    429.5    956.5
     1     1    16     4    10     4     0     0   -62.0   51.982 -139.057    420.7    958.0
     1     1    16     4    10     3     0     0   -63.0   51.695 -139.075    412.3    959.4
     1     1    16     4    10     2     0     0   -64.0   51.410 -139.065    404.4    960.9
     1     1    16     4    10     1     0     0   -65.0   51.127 -139.030    397.0    962.2
     1     1    16     4    10     0     0     0   -66.0   50.844 -138.972    390.2    963.5
     1     1    16     4     9    23     0     0   -67.0   50.564 -138.903    383.2    964.9
     1     1    16     4     9    22     0     0   -68.0   50.288 -138.834    374.9    966.3
     1     1    16     4     9    21     0     0   -69.0   50.018 -138.760    365.4    967.8
     1     1    16     4     9    20     0     0   -70.0   49.755 -138.681    354.9    970.0
     1     1    16     4     9    19     0     0   -71.0   49.500 -138.598    343.7    972.4
     1     1    16     4     9    18     0     0   -72.0   49.255 -138.508    331.7    974.9
