     1     1
    CDC1    15    10     1     0     0
     1 BACKWARD OMEGA   
    15    10    11    12   60.984 -139.059   750.0
     1 PRESSURE
     1     1    15    10    11    12     0     0     0.0   60.984 -139.059    750.0    798.8
     1     1    15    10    11    11     0     0    -1.0   60.819 -139.167    722.7    803.8
     1     1    15    10    11    10     0     0    -2.0   60.652 -139.266    692.9    809.3
     1     1    15    10    11     9     0     0    -3.0   60.484 -139.362    660.7    815.3
     1     1    15    10    11     8     0     0    -4.0   60.312 -139.464    626.1    821.6
     1     1    15    10    11     7     0     0    -5.0   60.137 -139.579    589.4    828.2
     1     1    15    10    11     6     0     0    -6.0   59.957 -139.713    551.5    835.4
     1     1    15    10    11     5     0     0    -7.0   59.777 -139.844    512.8    845.2
     1     1    15    10    11     4     0     0    -8.0   59.601 -139.952    472.1    855.2
     1     1    15    10    11     3     0     0    -9.0   59.430 -140.040    429.5    865.7
     1     1    15    10    11     2     0     0   -10.0   59.263 -140.110    385.5    876.6
     1     1    15    10    11     1     0     0   -11.0   59.099 -140.159    342.0    886.7
     1     1    15    10    11     0     0     0   -12.0   58.936 -140.185    301.1    896.3
     1     1    15    10    10    23     0     0   -13.0   58.766 -140.190    265.7    906.1
     1     1    15    10    10    22     0     0   -14.0   58.583 -140.179    237.4    915.3
     1     1    15    10    10    21     0     0   -15.0   58.388 -140.151    214.8    924.3
     1     1    15    10    10    20     0     0   -16.0   58.184 -140.104    196.6    933.0
     1     1    15    10    10    19     0     0   -17.0   57.971 -140.039    181.9    940.9
     1     1    15    10    10    18     0     0   -18.0   57.751 -139.953    169.8    948.9
     1     1    15    10    10    17     0     0   -19.0   57.526 -139.865    159.0    957.2
     1     1    15    10    10    16     0     0   -20.0   57.296 -139.812    148.0    960.2
     1     1    15    10    10    15     0     0   -21.0   57.062 -139.811    137.2    962.7
     1     1    15    10    10    14     0     0   -22.0   56.821 -139.855    126.9    965.4
     1     1    15    10    10    13     0     0   -23.0   56.572 -139.936    117.1    967.9
     1     1    15    10    10    12     0     0   -24.0   56.314 -140.044    108.2    970.3
     1     1    15    10    10    11     0     0   -25.0   56.052 -140.205    100.2    972.1
     1     1    15    10    10    10     0     0   -26.0   55.792 -140.444     93.4    973.7
     1     1    15    10    10     9     0     0   -27.0   55.533 -140.748     87.5    975.1
     1     1    15    10    10     8     0     0   -28.0   55.277 -141.097     82.4    976.1
     1     1    15    10    10     7     0     0   -29.0   55.023 -141.470     78.0    976.7
     1     1    15    10    10     6     0     0   -30.0   54.772 -141.850     74.2    976.4
     1     1    15    10    10     5     0     0   -31.0   54.538 -142.237     71.5    975.4
     1     1    15    10    10     4     0     0   -32.0   54.331 -142.642     69.8    974.6
     1     1    15    10    10     3     0     0   -33.0   54.150 -143.065     69.0    973.8
     1     1    15    10    10     2     0     0   -34.0   53.991 -143.505     68.9    973.2
     1     1    15    10    10     1     0     0   -35.0   53.845 -143.957     69.4    972.8
     1     1    15    10    10     0     0     0   -36.0   53.705 -144.416     70.3    972.5
     1     1    15    10     9    23     0     0   -37.0   53.573 -144.859     71.2    972.7
     1     1    15    10     9    22     0     0   -38.0   53.457 -145.266     71.4    972.7
     1     1    15    10     9    21     0     0   -39.0   53.355 -145.639     71.1    972.6
     1     1    15    10     9    20     0     0   -40.0   53.265 -145.980     70.1    972.6
     1     1    15    10     9    19     0     0   -41.0   53.182 -146.285     68.7    972.8
     1     1    15    10     9    18     0     0   -42.0   53.105 -146.554     66.8    973.1
     1     1    15    10     9    17     0     0   -43.0   53.017 -146.776     64.6    973.7
     1     1    15    10     9    16     0     0   -44.0   52.908 -146.946     62.2    974.4
     1     1    15    10     9    15     0     0   -45.0   52.783 -147.073     59.7    975.4
     1     1    15    10     9    14     0     0   -46.0   52.649 -147.161     57.1    976.4
     1     1    15    10     9    13     0     0   -47.0   52.512 -147.213     54.4    977.4
     1     1    15    10     9    12     0     0   -48.0   52.378 -147.231     51.6    977.8
     1     1    15    10     9    11     0     0   -49.0   52.244 -147.233     49.0    978.6
     1     1    15    10     9    10     0     0   -50.0   52.102 -147.241     46.6    979.3
     1     1    15    10     9     9     0     0   -51.0   51.951 -147.255     44.5    979.9
     1     1    15    10     9     8     0     0   -52.0   51.795 -147.272     42.6    980.5
     1     1    15    10     9     7     0     0   -53.0   51.634 -147.291     41.1    981.0
     1     1    15    10     9     6     0     0   -54.0   51.471 -147.311     39.8    981.4
     1     1    15    10     9     5     0     0   -55.0   51.300 -147.348     39.0    981.1
     1     1    15    10     9     4     0     0   -56.0   51.113 -147.423     38.7    980.8
     1     1    15    10     9     3     0     0   -57.0   50.912 -147.538     38.9    980.4
     1     1    15    10     9     2     0     0   -58.0   50.700 -147.693     39.6    980.3
     1     1    15    10     9     1     0     0   -59.0   50.478 -147.890     40.7    980.2
     1     1    15    10     9     0     0     0   -60.0   50.249 -148.131     42.3    980.3
     1     1    15    10     8    23     0     0   -61.0   50.016 -148.417     43.9    979.9
     1     1    15    10     8    22     0     0   -62.0   49.776 -148.744     45.1    979.5
     1     1    15    10     8    21     0     0   -63.0   49.532 -149.100     45.9    979.1
     1     1    15    10     8    20     0     0   -64.0   49.288 -149.477     46.3    978.7
     1     1    15    10     8    19     0     0   -65.0   49.049 -149.869     46.3    978.4
     1     1    15    10     8    18     0     0   -66.0   48.823 -150.271     46.2    978.1
     1     1    15    10     8    17     0     0   -67.0   48.627 -150.691     46.2    978.2
     1     1    15    10     8    16     0     0   -68.0   48.474 -151.145     46.6    978.4
     1     1    15    10     8    15     0     0   -69.0   48.365 -151.636     47.3    978.8
     1     1    15    10     8    14     0     0   -70.0   48.302 -152.168     48.4    979.2
     1     1    15    10     8    13     0     0   -71.0   48.290 -152.740     49.9    979.3
     1     1    15    10     8    12     0     0   -72.0   48.331 -153.346     51.9    978.9
