     1     1
    CDC1    16     2     1     0     0
     1 BACKWARD OMEGA   
    16     2    15     0   60.984 -139.059   750.0
     1 PRESSURE
     1     1    16     2    15     0     0     0     0.0   60.984 -139.059    750.0    799.3
     1     1    16     2    14    23     0     0    -1.0   60.899 -139.069    731.6    802.1
     1     1    16     2    14    22     0     0    -2.0   60.801 -139.064    705.8    806.3
     1     1    16     2    14    21     0     0    -3.0   60.690 -139.038    672.1    811.6
     1     1    16     2    14    20     0     0    -4.0   60.564 -138.988    630.3    818.0
     1     1    16     2    14    19     0     0    -5.0   60.424 -138.910    580.3    825.4
     1     1    16     2    14    18     0     0    -6.0   60.269 -138.802    522.7    833.4
     1     1    16     2    14    17     0     0    -7.0   60.097 -138.665    460.5    842.9
     1     1    16     2    14    16     0     0    -8.0   59.907 -138.505    397.0    854.9
     1     1    16     2    14    15     0     0    -9.0   59.705 -138.335    337.2    868.1
     1     1    16     2    14    14     0     0   -10.0   59.496 -138.154    284.6    880.5
     1     1    16     2    14    13     0     0   -11.0   59.279 -137.955    239.8    892.5
     1     1    16     2    14    12     0     0   -12.0   59.053 -137.734    201.9    904.3
     1     1    16     2    14    11     0     0   -13.0   58.829 -137.508    171.4    914.1
     1     1    16     2    14    10     0     0   -14.0   58.617 -137.291    148.3    922.1
     1     1    16     2    14     9     0     0   -15.0   58.415 -137.083    130.8    929.1
     1     1    16     2    14     8     0     0   -16.0   58.223 -136.880    118.0    935.3
     1     1    16     2    14     7     0     0   -17.0   58.039 -136.676    108.8    940.7
     1     1    16     2    14     6     0     0   -18.0   57.864 -136.467    102.8    945.1
     1     1    16     2    14     5     0     0   -19.0   57.698 -136.242     98.7    949.0
     1     1    16     2    14     4     0     0   -20.0   57.543 -135.987     95.3    952.2
     1     1    16     2    14     3     0     0   -21.0   57.399 -135.712     92.4    953.5
     1     1    16     2    14     2     0     0   -22.0   57.266 -135.432     90.3    954.2
     1     1    16     2    14     1     0     0   -23.0   57.143 -135.154     88.9    954.6
     1     1    16     2    14     0     0     0   -24.0   57.029 -134.882     88.6    954.0
     1     1    16     2    13    23     0     0   -25.0   56.917 -134.617     88.6    952.6
     1     1    16     2    13    22     0     0   -26.0   56.799 -134.355     88.0    951.6
     1     1    16     2    13    21     0     0   -27.0   56.675 -134.092     86.7    951.0
     1     1    16     2    13    20     0     0   -28.0   56.543 -133.821     84.8    950.8
     1     1    16     2    13    19     0     0   -29.0   56.402 -133.539     82.1    950.9
     1     1    16     2    13    18     0     0   -30.0   56.251 -133.239     78.7    951.4
     1     1    16     2    13    17     0     0   -31.0   56.096 -132.928     74.9    951.7
     1     1    16     2    13    16     0     0   -32.0   55.946 -132.618     71.4    952.0
     1     1    16     2    13    15     0     0   -33.0   55.796 -132.321     67.9    951.3
     1     1    16     2    13    14     0     0   -34.0   55.644 -132.048     64.1    950.5
     1     1    16     2    13    13     0     0   -35.0   55.490 -131.805     60.5    950.3
     1     1    16     2    13    12     0     0   -36.0   55.338 -131.593     57.2    950.7
     1     1    16     2    13    11     0     0   -37.0   55.190 -131.406     54.6    951.1
     1     1    16     2    13    10     0     0   -38.0   55.052 -131.238     52.6    951.6
     1     1    16     2    13     9     0     0   -39.0   54.923 -131.092     51.4    951.5
     1     1    16     2    13     8     0     0   -40.0   54.802 -130.970     51.2    951.3
     1     1    16     2    13     7     0     0   -41.0   54.687 -130.876     52.0    951.4
     1     1    16     2    13     6     0     0   -42.0   54.579 -130.810     54.0    951.8
     1     1    16     2    13     5     0     0   -43.0   54.469 -130.754     55.8    952.4
     1     1    16     2    13     4     0     0   -44.0   54.347 -130.688     55.8    953.4
     1     1    16     2    13     3     0     0   -45.0   54.213 -130.613     54.2    954.6
     1     1    16     2    13     2     0     0   -46.0   54.067 -130.529     51.1    956.0
     1     1    16     2    13     1     0     0   -47.0   53.910 -130.435     46.9    957.7
     1     1    16     2    13     0     0     0   -48.0   53.744 -130.335     42.0    959.6
     1     1    16     2    12    23     0     0   -49.0   53.571 -130.236     37.2    962.1
     1     1    16     2    12    22     0     0   -50.0   53.392 -130.148     33.5    964.8
     1     1    16     2    12    21     0     0   -51.0   53.207 -130.071     30.6    967.8
     1     1    16     2    12    20     0     0   -52.0   53.017 -130.002     28.6    971.1
     1     1    16     2    12    19     0     0   -53.0   52.821 -129.942     27.3    974.3
     1     1    16     2    12    18     0     0   -54.0   52.619 -129.887     26.8    977.6
     1     1    16     2    12    17     0     0   -55.0   52.411 -129.838     26.4    979.8
     1     1    16     2    12    16     0     0   -56.0   52.202 -129.800     25.6    981.2
     1     1    16     2    12    15     0     0   -57.0   51.991 -129.772     23.8    982.9
     1     1    16     2    12    14     0     0   -58.0   51.779 -129.753     21.3    985.0
     1     1    16     2    12    13     0     0   -59.0   51.569 -129.744     18.0    987.4
     1     1    16     2    12    12     0     0   -60.0   51.362 -129.746     14.6    990.0
     1     1    16     2    12    11     0     0   -61.0   51.151 -129.746     11.6    992.4
     1     1    16     2    12    10     0     0   -62.0   50.928 -129.727      9.4    994.1
     1     1    16     2    12     9     0     0   -63.0   50.690 -129.696      7.4    995.8
     1     1    16     2    12     8     0     0   -64.0   50.438 -129.662      5.5    997.6
     1     1    16     2    12     7     0     0   -65.0   50.171 -129.632      3.8    999.7
     1     1    16     2    12     6     0     0   -66.0   49.888 -129.612      2.2   1001.6
     1     1    16     2    12     5     0     0   -67.0   49.596 -129.568      1.2   1002.7
     1     1    16     2    12     4     0     0   -68.0   49.298 -129.471      0.9   1003.4
     1     1    16     2    12     3     0     0   -69.0   48.990 -129.337      1.1   1004.2
     1     1    16     2    12     2     0     0   -70.0   48.665 -129.179      1.6   1005.4
     1     1    16     2    12     1     0     0   -71.0   48.313 -129.018      2.3   1007.4
     1     1    16     2    12     0     0     0   -72.0   47.923 -128.874      3.0   1010.2
