     1     1
    CDC1    16     4     1     0     0
     1 BACKWARD OMEGA   
    16     4    17    18   60.984 -139.059   750.0
     1 PRESSURE
     1     1    16     4    17    18     0     0     0.0   60.984 -139.059    750.0    811.0
     1     1    16     4    17    17     0     0    -1.0   60.836 -138.672    738.4    814.6
     1     1    16     4    17    16     0     0    -2.0   60.682 -138.305    728.0    818.1
     1     1    16     4    17    15     0     0    -3.0   60.528 -137.953    718.9    821.5
     1     1    16     4    17    14     0     0    -4.0   60.375 -137.610    711.0    824.8
     1     1    16     4    17    13     0     0    -5.0   60.227 -137.276    704.3    827.5
     1     1    16     4    17    12     0     0    -6.0   60.088 -136.947    698.6    829.8
     1     1    16     4    17    11     0     0    -7.0   59.955 -136.645    693.5    832.4
     1     1    16     4    17    10     0     0    -8.0   59.827 -136.390    687.4    836.4
     1     1    16     4    17     9     0     0    -9.0   59.706 -136.184    680.8    840.3
     1     1    16     4    17     8     0     0   -10.0   59.593 -136.023    674.0    844.0
     1     1    16     4    17     7     0     0   -11.0   59.486 -135.904    667.4    847.7
     1     1    16     4    17     6     0     0   -12.0   59.387 -135.824    660.9    851.3
     1     1    16     4    17     5     0     0   -13.0   59.288 -135.762    653.1    854.2
     1     1    16     4    17     4     0     0   -14.0   59.181 -135.701    642.5    857.9
     1     1    16     4    17     3     0     0   -15.0   59.066 -135.640    629.3    862.1
     1     1    16     4    17     2     0     0   -16.0   58.942 -135.581    613.7    866.8
     1     1    16     4    17     1     0     0   -17.0   58.811 -135.524    596.1    871.7
     1     1    16     4    17     0     0     0   -18.0   58.670 -135.470    577.0    877.0
     1     1    16     4    16    23     0     0   -19.0   58.525 -135.414    556.6    882.5
     1     1    16     4    16    22     0     0   -20.0   58.376 -135.347    534.7    888.1
     1     1    16     4    16    21     0     0   -21.0   58.226 -135.271    511.3    893.9
     1     1    16     4    16    20     0     0   -22.0   58.076 -135.185    486.6    899.9
     1     1    16     4    16    19     0     0   -23.0   57.925 -135.089    460.4    906.1
     1     1    16     4    16    18     0     0   -24.0   57.775 -134.981    433.0    912.2
     1     1    16     4    16    17     0     0   -25.0   57.626 -134.869    403.3    917.9
     1     1    16     4    16    16     0     0   -26.0   57.478 -134.757    371.4    923.7
     1     1    16     4    16    15     0     0   -27.0   57.330 -134.651    338.4    928.3
     1     1    16     4    16    14     0     0   -28.0   57.181 -134.552    305.9    933.1
     1     1    16     4    16    13     0     0   -29.0   57.032 -134.459    274.4    938.1
     1     1    16     4    16    12     0     0   -30.0   56.882 -134.372    244.3    943.4
     1     1    16     4    16    11     0     0   -31.0   56.733 -134.291    217.8    948.6
     1     1    16     4    16    10     0     0   -32.0   56.586 -134.216    196.4    952.9
     1     1    16     4    16     9     0     0   -33.0   56.440 -134.148    179.0    956.4
     1     1    16     4    16     8     0     0   -34.0   56.294 -134.085    164.8    959.7
     1     1    16     4    16     7     0     0   -35.0   56.148 -134.030    153.4    963.0
     1     1    16     4    16     6     0     0   -36.0   56.000 -133.981    144.5    966.3
     1     1    16     4    16     5     0     0   -37.0   55.850 -133.943    136.5    969.5
     1     1    16     4    16     4     0     0   -38.0   55.695 -133.918    128.3    973.3
     1     1    16     4    16     3     0     0   -39.0   55.537 -133.911    119.9    977.4
     1     1    16     4    16     2     0     0   -40.0   55.374 -133.924    111.3    981.9
     1     1    16     4    16     1     0     0   -41.0   55.206 -133.962    102.5    986.9
     1     1    16     4    16     0     0     0   -42.0   55.032 -134.028     93.3    992.4
     1     1    16     4    15    23     0     0   -43.0   54.855 -134.105     83.6    995.7
     1     1    16     4    15    22     0     0   -44.0   54.673 -134.171     73.4    998.3
     1     1    16     4    15    21     0     0   -45.0   54.484 -134.230     62.8   1000.3
     1     1    16     4    15    20     0     0   -46.0   54.286 -134.287     52.1   1002.2
     1     1    16     4    15    19     0     0   -47.0   54.076 -134.345     41.6   1004.2
     1     1    16     4    15    18     0     0   -48.0   53.852 -134.410     31.7   1006.2
     1     1    16     4    15    17     0     0   -49.0   53.614 -134.495     24.1   1008.7
     1     1    16     4    15    16     0     0   -50.0   53.362 -134.609     19.0   1010.7
     1     1    16     4    15    15     0     0   -51.0   53.097 -134.750     15.9   1012.3
     1     1    16     4    15    14     0     0   -52.0   52.822 -134.917     14.0   1013.4
     1     1    16     4    15    13     0     0   -53.0   52.537 -135.108     13.1   1013.6
     1     1    16     4    15    12     0     0   -54.0   52.253 -135.316     13.0   1011.9
     1     1    16     4    15    11     0     0   -55.0   51.978 -135.541     13.3   1010.1
     1     1    16     4    15    10     0     0   -56.0   51.713 -135.786     13.6   1008.5
     1     1    16     4    15     9     0     0   -57.0   51.455 -136.040     13.9   1006.9
     1     1    16     4    15     8     0     0   -58.0   51.203 -136.296     14.3   1005.4
     1     1    16     4    15     7     0     0   -59.0   50.953 -136.545     14.6   1003.9
     1     1    16     4    15     6     0     0   -60.0   50.705 -136.781     15.0   1002.5
     1     1    16     4    15     5     0     0   -61.0   50.461 -137.014     14.8   1001.3
     1     1    16     4    15     4     0     0   -62.0   50.221 -137.260     13.8   1000.4
     1     1    16     4    15     3     0     0   -63.0   49.982 -137.522     11.9   1000.0
     1     1    16     4    15     2     0     0   -64.0   49.745 -137.805      9.5   1002.7
     1     1    16     4    15     1     0     0   -65.0   49.513 -138.107      7.2   1004.8
     1     1    16     4    15     0     0     0   -66.0   49.286 -138.421      4.8   1006.8
     1     1    16     4    14    23     0     0   -67.0   49.074 -138.738      2.8   1008.5
     1     1    16     4    14    22     0     0   -68.0   48.887 -139.051      1.3   1010.0
     1     1    16     4    14    21     0     0   -69.0   48.720 -139.357      0.2   1011.4
     1     1    16     4    14    20     0     0   -70.0   48.568 -139.655      0.0   1012.6
     1     1    16     4    14    19     0     0   -71.0   48.429 -139.942      0.0   1013.7
     1     1    16     4    14    18     0     0   -72.0   48.298 -140.219      0.0   1014.3
