     1     1
    CDC1    16     1     1     0     0
     1 BACKWARD OMEGA   
    16     1    26     0   60.984 -139.059   750.0
     1 PRESSURE
     1     1    16     1    26     0     0     0     0.0   60.984 -139.059    750.0    795.6
     1     1    16     1    25    23     0     0    -1.0   60.723 -138.721    741.1    800.2
     1     1    16     1    25    22     0     0    -2.0   60.447 -138.389    718.3    807.1
     1     1    16     1    25    21     0     0    -3.0   60.159 -138.044    681.1    815.8
     1     1    16     1    25    20     0     0    -4.0   59.866 -137.675    631.2    828.2
     1     1    16     1    25    19     0     0    -5.0   59.575 -137.289    573.0    843.0
     1     1    16     1    25    18     0     0    -6.0   59.295 -136.890    511.1    857.0
     1     1    16     1    25    17     0     0    -7.0   59.015 -136.483    451.3    871.1
     1     1    16     1    25    16     0     0    -8.0   58.724 -136.072    396.7    884.8
     1     1    16     1    25    15     0     0    -9.0   58.425 -135.653    348.2    897.2
     1     1    16     1    25    14     0     0   -10.0   58.122 -135.221    306.0    908.3
     1     1    16     1    25    13     0     0   -11.0   57.821 -134.777    269.4    916.9
     1     1    16     1    25    12     0     0   -12.0   57.530 -134.322    238.8    922.2
     1     1    16     1    25    11     0     0   -13.0   57.262 -133.875    214.2    924.3
     1     1    16     1    25    10     0     0   -14.0   57.020 -133.448    194.5    925.8
     1     1    16     1    25     9     0     0   -15.0   56.792 -133.038    178.3    926.8
     1     1    16     1    25     8     0     0   -16.0   56.573 -132.642    164.8    928.0
     1     1    16     1    25     7     0     0   -17.0   56.357 -132.262    153.3    928.4
     1     1    16     1    25     6     0     0   -18.0   56.142 -131.901    143.9    928.2
     1     1    16     1    25     5     0     0   -19.0   55.925 -131.555    136.2    928.1
     1     1    16     1    25     4     0     0   -20.0   55.703 -131.219    129.4    928.1
     1     1    16     1    25     3     0     0   -21.0   55.479 -130.894    122.9    928.4
     1     1    16     1    25     2     0     0   -22.0   55.256 -130.580    116.6    928.8
     1     1    16     1    25     1     0     0   -23.0   55.035 -130.279    110.3    929.4
     1     1    16     1    25     0     0     0   -24.0   54.821 -129.994    103.9    929.5
     1     1    16     1    24    23     0     0   -25.0   54.625 -129.722     97.2    930.0
     1     1    16     1    24    22     0     0   -26.0   54.457 -129.461     89.7    930.2
     1     1    16     1    24    21     0     0   -27.0   54.315 -129.213     81.9    929.9
     1     1    16     1    24    20     0     0   -28.0   54.199 -128.981     74.4    929.2
     1     1    16     1    24    19     0     0   -29.0   54.107 -128.766     67.2    927.8
     1     1    16     1    24    18     0     0   -30.0   54.039 -128.571     60.3    926.1
     1     1    16     1    24    17     0     0   -31.0   53.994 -128.390     54.7    924.3
     1     1    16     1    24    16     0     0   -32.0   53.968 -128.218     50.7    922.2
     1     1    16     1    24    15     0     0   -33.0   53.962 -128.053     48.0    919.8
     1     1    16     1    24    14     0     0   -34.0   53.973 -127.894     46.6    917.1
     1     1    16     1    24    13     0     0   -35.0   54.001 -127.741     46.2    914.2
     1     1    16     1    24    12     0     0   -36.0   54.045 -127.595     46.9    911.0
     1     1    16     1    24    11     0     0   -37.0   54.094 -127.463     48.4    907.5
     1     1    16     1    24    10     0     0   -38.0   54.134 -127.354     50.4    905.1
     1     1    16     1    24     9     0     0   -39.0   54.163 -127.265     52.8    903.0
     1     1    16     1    24     8     0     0   -40.0   54.178 -127.194     55.5    901.4
     1     1    16     1    24     7     0     0   -41.0   54.180 -127.139     58.5    900.1
     1     1    16     1    24     6     0     0   -42.0   54.167 -127.101     61.8    899.1
     1     1    16     1    24     5     0     0   -43.0   54.149 -127.072     65.3    898.7
     1     1    16     1    24     4     0     0   -44.0   54.136 -127.048     68.9    898.2
     1     1    16     1    24     3     0     0   -45.0   54.128 -127.029     72.5    897.7
     1     1    16     1    24     2     0     0   -46.0   54.126 -127.015     76.1    896.8
     1     1    16     1    24     1     0     0   -47.0   54.130 -127.004     79.9    896.0
     1     1    16     1    24     0     0     0   -48.0   54.140 -126.997     83.6    895.1
     1     1    16     1    23    23     0     0   -49.0   54.156 -126.987     88.3    894.3
     1     1    16     1    23    22     0     0   -50.0   54.177 -126.967     94.7    893.0
     1     1    16     1    23    21     0     0   -51.0   54.204 -126.939    103.2    891.3
     1     1    16     1    23    20     0     0   -52.0   54.236 -126.904    114.0    889.3
     1     1    16     1    23    19     0     0   -53.0   54.273 -126.866    127.5    887.0
     1     1    16     1    23    18     0     0   -54.0   54.316 -126.826    144.3    884.4
     1     1    16     1    23    17     0     0   -55.0   54.355 -126.797    162.0    881.5
     1     1    16     1    23    16     0     0   -56.0   54.379 -126.788    177.4    879.6
     1     1    16     1    23    15     0     0   -57.0   54.388 -126.796    190.2    878.3
     1     1    16     1    23    14     0     0   -58.0   54.381 -126.822    199.6    877.4
     1     1    16     1    23    13     0     0   -59.0   54.358 -126.862    205.4    877.2
     1     1    16     1    23    12     0     0   -60.0   54.319 -126.916    207.4    877.9
     1     1    16     1    23    11     0     0   -61.0   54.269 -126.980    206.3    879.2
     1     1    16     1    23    10     0     0   -62.0   54.212 -127.051    203.4    880.8
     1     1    16     1    23     9     0     0   -63.0   54.149 -127.127    198.6    882.9
     1     1    16     1    23     8     0     0   -64.0   54.079 -127.208    192.1    885.4
     1     1    16     1    23     7     0     0   -65.0   54.001 -127.292    183.9    888.1
     1     1    16     1    23     6     0     0   -66.0   53.915 -127.380    174.2    891.2
     1     1    16     1    23     5     0     0   -67.0   53.826 -127.463    164.3    894.2
     1     1    16     1    23     4     0     0   -68.0   53.740 -127.540    155.6    897.2
     1     1    16     1    23     3     0     0   -69.0   53.657 -127.614    148.2    900.2
     1     1    16     1    23     2     0     0   -70.0   53.574 -127.687    142.2    903.2
     1     1    16     1    23     1     0     0   -71.0   53.492 -127.762    137.6    906.1
     1     1    16     1    23     0     0     0   -72.0   53.409 -127.843    134.5    909.0
