     1     1
    CDC1    15    11     1     0     0
     1 BACKWARD OMEGA   
    15    11    18     0   60.984 -139.059   750.0
     1 PRESSURE
     1     1    15    11    18     0     0     0     0.0   60.984 -139.059    750.0    790.7
     1     1    15    11    17    23     0     0    -1.0   60.965 -138.995    727.1    792.8
     1     1    15    11    17    22     0     0    -2.0   60.940 -138.938    704.6    795.1
     1     1    15    11    17    21     0     0    -3.0   60.911 -138.890    682.3    797.4
     1     1    15    11    17    20     0     0    -4.0   60.876 -138.850    660.3    799.8
     1     1    15    11    17    19     0     0    -5.0   60.835 -138.821    638.3    802.3
     1     1    15    11    17    18     0     0    -6.0   60.788 -138.803    616.5    805.0
     1     1    15    11    17    17     0     0    -7.0   60.740 -138.798    592.8    808.1
     1     1    15    11    17    16     0     0    -8.0   60.696 -138.808    565.8    811.5
     1     1    15    11    17    15     0     0    -9.0   60.658 -138.831    535.4    815.2
     1     1    15    11    17    14     0     0   -10.0   60.625 -138.866    502.0    819.3
     1     1    15    11    17    13     0     0   -11.0   60.600 -138.911    465.6    823.7
     1     1    15    11    17    12     0     0   -12.0   60.582 -138.963    426.5    828.5
     1     1    15    11    17    11     0     0   -13.0   60.576 -139.006    389.3    833.2
     1     1    15    11    17    10     0     0   -14.0   60.583 -139.025    359.6    836.1
     1     1    15    11    17     9     0     0   -15.0   60.600 -139.019    337.1    837.7
     1     1    15    11    17     8     0     0   -16.0   60.626 -138.987    321.5    838.4
     1     1    15    11    17     7     0     0   -17.0   60.660 -138.927    311.9    838.3
     1     1    15    11    17     6     0     0   -18.0   60.702 -138.838    307.5    837.5
     1     1    15    11    17     5     0     0   -19.0   60.753 -138.731    306.8    836.6
     1     1    15    11    17     4     0     0   -20.0   60.813 -138.617    308.3    835.5
     1     1    15    11    17     3     0     0   -21.0   60.882 -138.498    311.9    834.0
     1     1    15    11    17     2     0     0   -22.0   60.958 -138.373    317.9    832.1
     1     1    15    11    17     1     0     0   -23.0   61.040 -138.247    326.2    830.0
     1     1    15    11    17     0     0     0   -24.0   61.127 -138.120    336.8    827.6
     1     1    15    11    16    23     0     0   -25.0   61.208 -137.981    348.8    825.1
     1     1    15    11    16    22     0     0   -26.0   61.275 -137.820    361.3    822.9
     1     1    15    11    16    21     0     0   -27.0   61.326 -137.639    374.4    820.8
     1     1    15    11    16    20     0     0   -28.0   61.360 -137.442    387.8    818.7
     1     1    15    11    16    19     0     0   -29.0   61.377 -137.228    401.6    816.7
     1     1    15    11    16    18     0     0   -30.0   61.376 -136.999    415.6    814.9
     1     1    15    11    16    17     0     0   -31.0   61.352 -136.777    428.7    814.1
     1     1    15    11    16    16     0     0   -32.0   61.301 -136.581    439.2    814.1
     1     1    15    11    16    15     0     0   -33.0   61.225 -136.411    447.4    814.9
     1     1    15    11    16    14     0     0   -34.0   61.124 -136.268    453.4    816.3
     1     1    15    11    16    13     0     0   -35.0   60.999 -136.147    457.1    818.4
     1     1    15    11    16    12     0     0   -36.0   60.851 -136.046    458.4    821.3
     1     1    15    11    16    11     0     0   -37.0   60.693 -135.957    457.4    823.9
     1     1    15    11    16    10     0     0   -38.0   60.542 -135.878    454.3    826.7
     1     1    15    11    16     9     0     0   -39.0   60.400 -135.812    449.1    829.6
     1     1    15    11    16     8     0     0   -40.0   60.266 -135.760    441.5    832.8
     1     1    15    11    16     7     0     0   -41.0   60.143 -135.724    431.4    836.1
     1     1    15    11    16     6     0     0   -42.0   60.031 -135.705    418.6    839.6
     1     1    15    11    16     5     0     0   -43.0   59.922 -135.696    403.6    844.1
     1     1    15    11    16     4     0     0   -44.0   59.804 -135.689    386.2    849.6
     1     1    15    11    16     3     0     0   -45.0   59.680 -135.686    367.0    855.6
     1     1    15    11    16     2     0     0   -46.0   59.548 -135.694    346.4    861.6
     1     1    15    11    16     1     0     0   -47.0   59.409 -135.717    325.2    868.1
     1     1    15    11    16     0     0     0   -48.0   59.263 -135.762    303.8    875.1
     1     1    15    11    15    23     0     0   -49.0   59.119 -135.821    281.5    881.9
     1     1    15    11    15    22     0     0   -50.0   58.983 -135.883    257.7    889.0
     1     1    15    11    15    21     0     0   -51.0   58.859 -135.950    233.0    896.0
     1     1    15    11    15    20     0     0   -52.0   58.748 -136.026    208.0    902.9
     1     1    15    11    15    19     0     0   -53.0   58.652 -136.114    183.3    909.1
     1     1    15    11    15    18     0     0   -54.0   58.572 -136.219    159.5    914.4
     1     1    15    11    15    17     0     0   -55.0   58.505 -136.335    138.3    919.5
     1     1    15    11    15    16     0     0   -56.0   58.443 -136.451    120.9    923.9
     1     1    15    11    15    15     0     0   -57.0   58.386 -136.575    106.4    928.1
     1     1    15    11    15    14     0     0   -58.0   58.331 -136.711     94.6    932.1
     1     1    15    11    15    13     0     0   -59.0   58.277 -136.865     84.8    936.0
     1     1    15    11    15    12     0     0   -60.0   58.224 -137.044     76.7    939.9
     1     1    15    11    15    11     0     0   -61.0   58.174 -137.239     69.9    943.6
     1     1    15    11    15    10     0     0   -62.0   58.130 -137.433     63.9    946.9
     1     1    15    11    15     9     0     0   -63.0   58.094 -137.622     58.7    949.6
     1     1    15    11    15     8     0     0   -64.0   58.065 -137.802     53.9    951.7
     1     1    15    11    15     7     0     0   -65.0   58.043 -137.970     49.7    953.5
     1     1    15    11    15     6     0     0   -66.0   58.028 -138.126     46.0    955.0
     1     1    15    11    15     5     0     0   -67.0   58.013 -138.282     42.3    956.2
     1     1    15    11    15     4     0     0   -68.0   57.995 -138.456     38.5    957.7
     1     1    15    11    15     3     0     0   -69.0   57.973 -138.653     34.6    959.5
     1     1    15    11    15     2     0     0   -70.0   57.950 -138.881     30.9    961.6
     1     1    15    11    15     1     0     0   -71.0   57.925 -139.149     27.3    963.8
     1     1    15    11    15     0     0     0   -72.0   57.900 -139.468     24.1    966.3
