     1     1
    CDC1    16     3     1     0     0
     1 BACKWARD OMEGA   
    16     3    29    12   60.984 -139.059   750.0
     1 PRESSURE
     1     1    16     3    29    12     0     0     0.0   60.984 -139.059    750.0    815.8
     1     1    16     3    29    11     0     0    -1.0   60.666 -139.674    655.0    831.1
     1     1    16     3    29    10     0     0    -2.0   60.327 -140.176    552.6    849.6
     1     1    16     3    29     9     0     0    -3.0   59.987 -140.539    453.5    869.2
     1     1    16     3    29     8     0     0    -4.0   59.654 -140.786    365.7    892.2
     1     1    16     3    29     7     0     0    -5.0   59.322 -140.969    287.7    912.6
     1     1    16     3    29     6     0     0    -6.0   58.982 -141.115    216.5    933.9
     1     1    16     3    29     5     0     0    -7.0   58.635 -141.225    153.0    954.2
     1     1    16     3    29     4     0     0    -8.0   58.284 -141.306     98.9    974.2
     1     1    16     3    29     3     0     0    -9.0   57.924 -141.381     58.1    992.8
     1     1    16     3    29     2     0     0   -10.0   57.550 -141.483     32.9   1010.3
     1     1    16     3    29     1     0     0   -11.0   57.166 -141.617     19.4   1015.1
     1     1    16     3    29     0     0     0   -12.0   56.773 -141.775     12.3   1016.8
     1     1    16     3    28    23     0     0   -13.0   56.370 -141.963      8.2   1017.6
     1     1    16     3    28    22     0     0   -14.0   55.952 -142.183      5.4   1018.0
     1     1    16     3    28    21     0     0   -15.0   55.520 -142.427      3.0   1017.8
     1     1    16     3    28    20     0     0   -16.0   55.072 -142.686      0.8   1017.0
     1     1    16     3    28    19     0     0   -17.0   54.604 -142.936      0.0   1017.0
     1     1    16     3    28    18     0     0   -18.0   54.115 -143.159      0.0   1017.5
     1     1    16     3    28    17     0     0   -19.0   53.607 -143.356      0.0   1018.4
     1     1    16     3    28    16     0     0   -20.0   53.081 -143.525      0.0   1019.5
     1     1    16     3    28    15     0     0   -21.0   52.539 -143.663      0.0   1020.7
     1     1    16     3    28    14     0     0   -22.0   51.987 -143.768      0.1   1021.8
     1     1    16     3    28    13     0     0   -23.0   51.431 -143.845      0.2   1023.0
     1     1    16     3    28    12     0     0   -24.0   50.873 -143.899      0.4   1024.1
     1     1    16     3    28    11     0     0   -25.0   50.320 -143.929      0.6   1025.3
     1     1    16     3    28    10     0     0   -26.0   49.780 -143.932      0.7   1026.1
     1     1    16     3    28     9     0     0   -27.0   49.257 -143.907      0.6   1026.1
     1     1    16     3    28     8     0     0   -28.0   48.754 -143.863      0.5   1026.2
     1     1    16     3    28     7     0     0   -29.0   48.271 -143.805      0.2   1026.2
     1     1    16     3    28     6     0     0   -30.0   47.806 -143.740      0.0   1026.2
     1     1    16     3    28     5     0     0   -31.0   47.366 -143.676      0.0   1026.4
     1     1    16     3    28     4     0     0   -32.0   46.957 -143.615      0.0   1026.9
     1     1    16     3    28     3     0     0   -33.0   46.580 -143.555      0.0   1027.2
     1     1    16     3    28     2     0     0   -34.0   46.235 -143.500      0.3   1027.5
     1     1    16     3    28     1     0     0   -35.0   45.919 -143.451      0.8   1027.7
     1     1    16     3    28     0     0     0   -36.0   45.633 -143.410      1.4   1027.8
     1     1    16     3    27    23     0     0   -37.0   45.378 -143.384      2.2   1028.0
     1     1    16     3    27    22     0     0   -38.0   45.155 -143.381      3.1   1028.1
     1     1    16     3    27    21     0     0   -39.0   44.962 -143.401      4.0   1028.2
     1     1    16     3    27    20     0     0   -40.0   44.796 -143.441      4.9   1028.6
     1     1    16     3    27    19     0     0   -41.0   44.655 -143.501      5.9   1028.9
     1     1    16     3    27    18     0     0   -42.0   44.537 -143.583      6.9   1029.2
     1     1    16     3    27    17     0     0   -43.0   44.434 -143.685      7.8   1029.2
     1     1    16     3    27    16     0     0   -44.0   44.337 -143.804      8.6   1029.1
     1     1    16     3    27    15     0     0   -45.0   44.245 -143.942      9.2   1029.1
     1     1    16     3    27    14     0     0   -46.0   44.158 -144.097      9.7   1029.0
     1     1    16     3    27    13     0     0   -47.0   44.074 -144.269     10.1   1029.0
     1     1    16     3    27    12     0     0   -48.0   43.993 -144.458     10.3   1028.9
     1     1    16     3    27    11     0     0   -49.0   43.916 -144.653     10.6   1029.0
     1     1    16     3    27    10     0     0   -50.0   43.845 -144.846     10.9   1029.2
     1     1    16     3    27     9     0     0   -51.0   43.781 -145.037     11.3   1029.3
     1     1    16     3    27     8     0     0   -52.0   43.725 -145.228     11.8   1029.0
     1     1    16     3    27     7     0     0   -53.0   43.676 -145.418     12.4   1028.7
     1     1    16     3    27     6     0     0   -54.0   43.637 -145.610     13.0   1028.5
     1     1    16     3    27     5     0     0   -55.0   43.603 -145.815     13.8   1027.9
     1     1    16     3    27     4     0     0   -56.0   43.569 -146.043     14.7   1027.4
     1     1    16     3    27     3     0     0   -57.0   43.537 -146.297     15.6   1026.8
     1     1    16     3    27     2     0     0   -58.0   43.509 -146.577     16.7   1026.2
     1     1    16     3    27     1     0     0   -59.0   43.486 -146.885     17.8   1025.6
     1     1    16     3    27     0     0     0   -60.0   43.472 -147.224     19.0   1025.1
     1     1    16     3    26    23     0     0   -61.0   43.466 -147.575     20.3   1024.6
     1     1    16     3    26    22     0     0   -62.0   43.467 -147.919     21.7   1024.4
     1     1    16     3    26    21     0     0   -63.0   43.473 -148.253     23.3   1024.2
     1     1    16     3    26    20     0     0   -64.0   43.486 -148.580     25.1   1024.0
     1     1    16     3    26    19     0     0   -65.0   43.507 -148.905     27.1   1023.8
     1     1    16     3    26    18     0     0   -66.0   43.537 -149.231     29.5   1023.6
     1     1    16     3    26    17     0     0   -67.0   43.569 -149.569     32.2   1023.2
     1     1    16     3    26    16     0     0   -68.0   43.596 -149.928     35.2   1022.7
     1     1    16     3    26    15     0     0   -69.0   43.617 -150.304     38.4   1022.0
     1     1    16     3    26    14     0     0   -70.0   43.630 -150.692     41.9   1021.2
     1     1    16     3    26    13     0     0   -71.0   43.634 -151.092     45.6   1020.4
     1     1    16     3    26    12     0     0   -72.0   43.631 -151.505     49.4   1019.5
