     1     1
    CDC1    15    11     1     0     0
     1 BACKWARD OMEGA   
    15    11    13     0   60.984 -139.059   750.0
     1 PRESSURE
     1     1    15    11    13     0     0     0     0.0   60.984 -139.059    750.0    774.8
     1     1    15    11    12    23     0     0    -1.0   60.794 -138.824    674.4    785.5
     1     1    15    11    12    22     0     0    -2.0   60.603 -138.565    598.0    796.6
     1     1    15    11    12    21     0     0    -3.0   60.411 -138.286    518.3    807.2
     1     1    15    11    12    20     0     0    -4.0   60.221 -137.988    433.1    819.0
     1     1    15    11    12    19     0     0    -5.0   60.035 -137.673    340.6    831.8
     1     1    15    11    12    18     0     0    -6.0   59.857 -137.354    242.6    847.2
     1     1    15    11    12    17     0     0    -7.0   59.680 -137.006    154.1    864.0
     1     1    15    11    12    16     0     0    -8.0   59.503 -136.591     91.6    878.1
     1     1    15    11    12    15     0     0    -9.0   59.331 -136.128     50.6    885.9
     1     1    15    11    12    14     0     0   -10.0   59.176 -135.629     26.8    892.7
     1     1    15    11    12    13     0     0   -11.0   59.039 -135.103     12.5    896.7
     1     1    15    11    12    12     0     0   -12.0   58.916 -134.544      4.3    896.0
     1     1    15    11    12    11     0     0   -13.0   58.797 -134.001      0.0    895.3
     1     1    15    11    12    10     0     0   -14.0   58.685 -133.526      0.0    894.8
     1     1    15    11    12     9     0     0   -15.0   58.587 -133.125      0.0    894.5
     1     1    15    11    12     8     0     0   -16.0   58.508 -132.810      0.0    894.5
     1     1    15    11    12     7     0     0   -17.0   58.451 -132.587      0.0    895.0
     1     1    15    11    12     6     0     0   -18.0   58.417 -132.458      0.0    896.0
     1     1    15    11    12     5     0     0   -19.0   58.387 -132.387      0.0    896.5
     1     1    15    11    12     4     0     0   -20.0   58.345 -132.336      0.0    897.5
     1     1    15    11    12     3     0     0   -21.0   58.291 -132.303      0.0    898.9
     1     1    15    11    12     2     0     0   -22.0   58.226 -132.287      0.0    900.8
     1     1    15    11    12     1     0     0   -23.0   58.149 -132.290      0.0    903.2
     1     1    15    11    12     0     0     0   -24.0   58.061 -132.313      0.0    906.3
     1     1    15    11    11    23     0     0   -25.0   57.961 -132.345      0.0    908.7
     1     1    15    11    11    22     0     0   -26.0   57.847 -132.374      0.0    911.4
     1     1    15    11    11    21     0     0   -27.0   57.720 -132.400      0.0    914.4
     1     1    15    11    11    20     0     0   -28.0   57.577 -132.423      0.0    917.6
     1     1    15    11    11    19     0     0   -29.0   57.418 -132.447      0.0    921.8
     1     1    15    11    11    18     0     0   -30.0   57.248 -132.484      0.0    926.9
     1     1    15    11    11    17     0     0   -31.0   57.084 -132.540      0.0    931.6
     1     1    15    11    11    16     0     0   -32.0   56.942 -132.617      0.0    935.9
     1     1    15    11    11    15     0     0   -33.0   56.823 -132.719      0.0    939.9
     1     1    15    11    11    14     0     0   -34.0   56.727 -132.850      0.0    943.8
     1     1    15    11    11    13     0     0   -35.0   56.652 -133.015      0.0    947.7
     1     1    15    11    11    12     0     0   -36.0   56.600 -133.219      0.0    951.5
     1     1    15    11    11    11     0     0   -37.0   56.557 -133.462      0.0    955.7
     1     1    15    11    11    10     0     0   -38.0   56.512 -133.740      0.0    960.4
     1     1    15    11    11     9     0     0   -39.0   56.469 -134.057      0.0    965.5
     1     1    15    11    11     8     0     0   -40.0   56.432 -134.415      0.0    970.9
     1     1    15    11    11     7     0     0   -41.0   56.404 -134.814      0.0    976.5
     1     1    15    11    11     6     0     0   -42.0   56.387 -135.257      0.0    980.3
     1     1    15    11    11     5     0     0   -43.0   56.382 -135.753      0.0    982.8
     1     1    15    11    11     4     0     0   -44.0   56.389 -136.312      0.0    985.3
     1     1    15    11    11     3     0     0   -45.0   56.408 -136.935      0.0    988.0
     1     1    15    11    11     2     0     0   -46.0   56.437 -137.619      0.0    990.5
     1     1    15    11    11     1     0     0   -47.0   56.474 -138.355      0.0    990.9
     1     1    15    11    11     0     0     0   -48.0   56.520 -139.139      0.0    991.5
     1     1    15    11    10    23     0     0   -49.0   56.577 -139.956      0.0    992.4
     1     1    15    11    10    22     0     0   -50.0   56.645 -140.772      0.0    994.4
     1     1    15    11    10    21     0     0   -51.0   56.729 -141.572      0.0    996.7
     1     1    15    11    10    20     0     0   -52.0   56.833 -142.358      0.0    999.2
     1     1    15    11    10    19     0     0   -53.0   56.959 -143.131      0.0   1002.3
     1     1    15    11    10    18     0     0   -54.0   57.106 -143.890      0.0   1005.8
     1     1    15    11    10    17     0     0   -55.0   57.260 -144.638      0.0   1010.2
     1     1    15    11    10    16     0     0   -56.0   57.402 -145.377      0.0   1013.6
     1     1    15    11    10    15     0     0   -57.0   57.527 -146.101      0.0   1014.6
     1     1    15    11    10    14     0     0   -58.0   57.640 -146.797      0.0   1012.2
     1     1    15    11    10    13     0     0   -59.0   57.750 -147.456      0.0   1010.0
     1     1    15    11    10    12     0     0   -60.0   57.858 -148.066      0.0   1004.9
     1     1    15    11    10    11     0     0   -61.0   57.952 -148.617      0.0   1001.0
     1     1    15    11    10    10     0     0   -62.0   58.028 -149.115      0.0    997.7
     1     1    15    11    10     9     0     0   -63.0   58.092 -149.564      0.0    995.0
     1     1    15    11    10     8     0     0   -64.0   58.146 -149.967      0.0    992.6
     1     1    15    11    10     7     0     0   -65.0   58.189 -150.324      0.2    990.1
     1     1    15    11    10     6     0     0   -66.0   58.222 -150.634      0.8    987.9
     1     1    15    11    10     5     0     0   -67.0   58.245 -150.921      1.5    986.6
     1     1    15    11    10     4     0     0   -68.0   58.254 -151.204      1.9    985.5
     1     1    15    11    10     3     0     0   -69.0   58.248 -151.486      2.1    984.5
     1     1    15    11    10     2     0     0   -70.0   58.228 -151.769      2.1    983.8
     1     1    15    11    10     1     0     0   -71.0   58.192 -152.054      2.0    983.2
     1     1    15    11    10     0     0     0   -72.0   58.142 -152.340      1.9    982.8
