     1     1
    CDC1    15    10     1     0     0
     1 BACKWARD OMEGA   
    15    10    23     6   60.984 -139.059   750.0
     1 PRESSURE
     1     1    15    10    23     6     0     0     0.0   60.984 -139.059    750.0    809.3
     1     1    15    10    23     5     0     0    -1.0   60.837 -139.399    725.9    814.3
     1     1    15    10    23     4     0     0    -2.0   60.680 -139.724    696.6    820.4
     1     1    15    10    23     3     0     0    -3.0   60.511 -140.034    661.7    827.5
     1     1    15    10    23     2     0     0    -4.0   60.333 -140.327    621.7    836.2
     1     1    15    10    23     1     0     0    -5.0   60.145 -140.604    577.8    845.3
     1     1    15    10    23     0     0     0    -6.0   59.949 -140.864    532.5    855.4
     1     1    15    10    22    23     0     0    -7.0   59.756 -141.119    491.3    867.3
     1     1    15    10    22    22     0     0    -8.0   59.573 -141.378    457.4    877.9
     1     1    15    10    22    21     0     0    -9.0   59.401 -141.643    429.1    887.8
     1     1    15    10    22    20     0     0   -10.0   59.241 -141.914    405.2    897.0
     1     1    15    10    22    19     0     0   -11.0   59.092 -142.189    384.8    905.5
     1     1    15    10    22    18     0     0   -12.0   58.954 -142.465    367.0    913.0
     1     1    15    10    22    17     0     0   -13.0   58.825 -142.741    350.0    920.5
     1     1    15    10    22    16     0     0   -14.0   58.705 -143.016    332.5    927.9
     1     1    15    10    22    15     0     0   -15.0   58.592 -143.294    314.8    935.2
     1     1    15    10    22    14     0     0   -16.0   58.483 -143.577    297.0    942.3
     1     1    15    10    22    13     0     0   -17.0   58.379 -143.870    279.3    949.4
     1     1    15    10    22    12     0     0   -18.0   58.278 -144.174    262.0    956.6
     1     1    15    10    22    11     0     0   -19.0   58.184 -144.494    246.6    963.4
     1     1    15    10    22    10     0     0   -20.0   58.104 -144.831    233.9    969.3
     1     1    15    10    22     9     0     0   -21.0   58.037 -145.179    223.4    973.8
     1     1    15    10    22     8     0     0   -22.0   57.984 -145.535    214.5    977.0
     1     1    15    10    22     7     0     0   -23.0   57.946 -145.897    207.1    979.4
     1     1    15    10    22     6     0     0   -24.0   57.921 -146.261    200.6    981.4
     1     1    15    10    22     5     0     0   -25.0   57.911 -146.621    196.9    982.5
     1     1    15    10    22     4     0     0   -26.0   57.914 -146.967    198.3    982.6
     1     1    15    10    22     3     0     0   -27.0   57.934 -147.300    204.8    981.8
     1     1    15    10    22     2     0     0   -28.0   57.972 -147.618    216.7    978.9
     1     1    15    10    22     1     0     0   -29.0   58.030 -147.919    233.7    973.7
     1     1    15    10    22     0     0     0   -30.0   58.110 -148.197    255.9    967.7
     1     1    15    10    21    23     0     0   -31.0   58.208 -148.443    280.9    961.2
     1     1    15    10    21    22     0     0   -32.0   58.318 -148.649    306.1    955.1
     1     1    15    10    21    21     0     0   -33.0   58.439 -148.810    331.2    949.1
     1     1    15    10    21    20     0     0   -34.0   58.569 -148.926    356.3    943.2
     1     1    15    10    21    19     0     0   -35.0   58.705 -148.992    381.5    937.4
     1     1    15    10    21    18     0     0   -36.0   58.845 -149.009    406.4    931.1
     1     1    15    10    21    17     0     0   -37.0   58.984 -148.965    429.4    924.7
     1     1    15    10    21    16     0     0   -38.0   59.119 -148.852    448.8    919.1
     1     1    15    10    21    15     0     0   -39.0   59.247 -148.670    464.5    914.1
     1     1    15    10    21    14     0     0   -40.0   59.367 -148.418    476.5    909.6
     1     1    15    10    21    13     0     0   -41.0   59.477 -148.095    484.9    905.5
     1     1    15    10    21    12     0     0   -42.0   59.574 -147.701    489.9    902.0
     1     1    15    10    21    11     0     0   -43.0   59.651 -147.243    492.7    898.1
     1     1    15    10    21    10     0     0   -44.0   59.694 -146.737    494.2    893.6
     1     1    15    10    21     9     0     0   -45.0   59.703 -146.195    493.0    890.2
     1     1    15    10    21     8     0     0   -46.0   59.676 -145.626    488.4    888.0
     1     1    15    10    21     7     0     0   -47.0   59.614 -145.037    479.7    887.4
     1     1    15    10    21     6     0     0   -48.0   59.519 -144.439    465.4    887.4
     1     1    15    10    21     5     0     0   -49.0   59.396 -143.853    444.6    889.5
     1     1    15    10    21     4     0     0   -50.0   59.252 -143.287    418.7    893.5
     1     1    15    10    21     3     0     0   -51.0   59.085 -142.740    389.6    899.2
     1     1    15    10    21     2     0     0   -52.0   58.897 -142.212    359.0    906.3
     1     1    15    10    21     1     0     0   -53.0   58.689 -141.702    327.6    914.6
     1     1    15    10    21     0     0     0   -54.0   58.466 -141.206    296.5    923.7
     1     1    15    10    20    23     0     0   -55.0   58.231 -140.718    267.4    933.2
     1     1    15    10    20    22     0     0   -56.0   57.989 -140.232    241.5    942.7
     1     1    15    10    20    21     0     0   -57.0   57.746 -139.744    218.8    952.2
     1     1    15    10    20    20     0     0   -58.0   57.508 -139.254    198.8    961.4
     1     1    15    10    20    19     0     0   -59.0   57.278 -138.781    180.3    964.1
     1     1    15    10    20    18     0     0   -60.0   57.055 -138.336    162.8    967.3
     1     1    15    10    20    17     0     0   -61.0   56.837 -137.905    146.5    970.8
     1     1    15    10    20    16     0     0   -62.0   56.621 -137.482    131.4    974.5
     1     1    15    10    20    15     0     0   -63.0   56.406 -137.067    117.6    977.2
     1     1    15    10    20    14     0     0   -64.0   56.191 -136.666    105.1    980.5
     1     1    15    10    20    13     0     0   -65.0   55.972 -136.275     94.2    984.2
     1     1    15    10    20    12     0     0   -66.0   55.744 -135.897     84.9    988.4
     1     1    15    10    20    11     0     0   -67.0   55.505 -135.530     75.7    993.7
     1     1    15    10    20    10     0     0   -68.0   55.246 -135.171     65.3    999.9
     1     1    15    10    20     9     0     0   -69.0   54.962 -134.810     54.5   1004.6
     1     1    15    10    20     8     0     0   -70.0   54.657 -134.450     44.1   1004.3
     1     1    15    10    20     7     0     0   -71.0   54.335 -134.105     35.1   1005.0
     1     1    15    10    20     6     0     0   -72.0   54.003 -133.774     27.6   1006.7
