     1     1
    CDC1    16     4     1     0     0
     1 BACKWARD OMEGA   
    16     4    11     0   60.984 -139.059   750.0
     1 PRESSURE
     1     1    16     4    11     0     0     0     0.0   60.984 -139.059    750.0    806.4
     1     1    16     4    10    23     0     0    -1.0   60.773 -139.100    739.8    810.9
     1     1    16     4    10    22     0     0    -2.0   60.552 -139.139    717.9    817.5
     1     1    16     4    10    21     0     0    -3.0   60.322 -139.181    684.3    825.6
     1     1    16     4    10    20     0     0    -4.0   60.080 -139.233    638.9    835.4
     1     1    16     4    10    19     0     0    -5.0   59.827 -139.298    584.8    849.2
     1     1    16     4    10    18     0     0    -6.0   59.567 -139.369    527.7    864.5
     1     1    16     4    10    17     0     0    -7.0   59.312 -139.425    475.6    879.3
     1     1    16     4    10    16     0     0    -8.0   59.074 -139.446    432.7    892.2
     1     1    16     4    10    15     0     0    -9.0   58.849 -139.433    397.7    903.9
     1     1    16     4    10    14     0     0   -10.0   58.635 -139.387    369.5    914.2
     1     1    16     4    10    13     0     0   -11.0   58.429 -139.309    347.1    923.2
     1     1    16     4    10    12     0     0   -12.0   58.228 -139.201    329.8    931.4
     1     1    16     4    10    11     0     0   -13.0   58.029 -139.078    316.3    939.4
     1     1    16     4    10    10     0     0   -14.0   57.829 -138.954    305.7    947.2
     1     1    16     4    10     9     0     0   -15.0   57.629 -138.827    297.2    954.6
     1     1    16     4    10     8     0     0   -16.0   57.429 -138.698    290.1    960.0
     1     1    16     4    10     7     0     0   -17.0   57.230 -138.571    283.4    962.3
     1     1    16     4    10     6     0     0   -18.0   57.033 -138.450    276.7    964.7
     1     1    16     4    10     5     0     0   -19.0   56.842 -138.331    271.0    967.6
     1     1    16     4    10     4     0     0   -20.0   56.661 -138.210    267.2    970.0
     1     1    16     4    10     3     0     0   -21.0   56.491 -138.085    265.8    972.2
     1     1    16     4    10     2     0     0   -22.0   56.330 -137.955    266.9    974.0
     1     1    16     4    10     1     0     0   -23.0   56.179 -137.819    270.8    975.4
     1     1    16     4    10     0     0     0   -24.0   56.039 -137.677    278.1    976.4
     1     1    16     4     9    23     0     0   -25.0   55.906 -137.545    287.3    976.9
     1     1    16     4     9    22     0     0   -26.0   55.776 -137.439    296.7    977.5
     1     1    16     4     9    21     0     0   -27.0   55.649 -137.360    306.1    978.0
     1     1    16     4     9    20     0     0   -28.0   55.525 -137.307    315.3    978.8
     1     1    16     4     9    19     0     0   -29.0   55.404 -137.279    324.3    979.7
     1     1    16     4     9    18     0     0   -30.0   55.284 -137.275    332.8    980.7
     1     1    16     4     9    17     0     0   -31.0   55.162 -137.290    339.7    981.3
     1     1    16     4     9    16     0     0   -32.0   55.033 -137.319    344.3    982.3
     1     1    16     4     9    15     0     0   -33.0   54.897 -137.358    345.9    982.2
     1     1    16     4     9    14     0     0   -34.0   54.752 -137.406    344.7    981.9
     1     1    16     4     9    13     0     0   -35.0   54.600 -137.461    340.6    981.9
     1     1    16     4     9    12     0     0   -36.0   54.439 -137.524    333.7    982.2
     1     1    16     4     9    11     0     0   -37.0   54.275 -137.606    324.3    982.7
     1     1    16     4     9    10     0     0   -38.0   54.114 -137.718    312.3    983.5
     1     1    16     4     9     9     0     0   -39.0   53.952 -137.859    297.8    984.6
     1     1    16     4     9     8     0     0   -40.0   53.788 -138.027    280.9    985.9
     1     1    16     4     9     7     0     0   -41.0   53.618 -138.221    261.8    987.5
     1     1    16     4     9     6     0     0   -42.0   53.441 -138.441    240.5    989.4
     1     1    16     4     9     5     0     0   -43.0   53.248 -138.680    220.5    991.5
     1     1    16     4     9     4     0     0   -44.0   53.034 -138.939    204.8    992.7
     1     1    16     4     9     3     0     0   -45.0   52.798 -139.219    193.7    992.9
     1     1    16     4     9     2     0     0   -46.0   52.537 -139.527    187.1    992.5
     1     1    16     4     9     1     0     0   -47.0   52.249 -139.857    184.6    992.9
     1     1    16     4     9     0     0     0   -48.0   51.938 -140.203    186.2    993.7
     1     1    16     4     8    23     0     0   -49.0   51.616 -140.550    189.0    994.3
     1     1    16     4     8    22     0     0   -50.0   51.292 -140.882    190.7    995.3
     1     1    16     4     8    21     0     0   -51.0   50.963 -141.197    192.2    996.4
     1     1    16     4     8    20     0     0   -52.0   50.630 -141.492    194.0    997.4
     1     1    16     4     8    19     0     0   -53.0   50.290 -141.766    197.1    998.3
     1     1    16     4     8    18     0     0   -54.0   49.944 -142.018    202.4    998.8
     1     1    16     4     8    17     0     0   -55.0   49.618 -142.269    209.4    997.9
     1     1    16     4     8    16     0     0   -56.0   49.328 -142.540    216.3    996.9
     1     1    16     4     8    15     0     0   -57.0   49.074 -142.835    222.5    995.2
     1     1    16     4     8    14     0     0   -58.0   48.850 -143.156    227.4    993.5
     1     1    16     4     8    13     0     0   -59.0   48.651 -143.502    230.2    992.1
     1     1    16     4     8    12     0     0   -60.0   48.471 -143.874    230.5    990.8
     1     1    16     4     8    11     0     0   -61.0   48.301 -144.264    229.8    989.8
     1     1    16     4     8    10     0     0   -62.0   48.135 -144.669    230.0    988.6
     1     1    16     4     8     9     0     0   -63.0   47.973 -145.087    231.5    987.3
     1     1    16     4     8     8     0     0   -64.0   47.811 -145.516    234.9    985.9
     1     1    16     4     8     7     0     0   -65.0   47.645 -145.954    240.2    984.2
     1     1    16     4     8     6     0     0   -66.0   47.473 -146.398    247.4    982.4
     1     1    16     4     8     5     0     0   -67.0   47.295 -146.843    255.6    980.8
     1     1    16     4     8     4     0     0   -68.0   47.116 -147.286    263.7    979.6
     1     1    16     4     8     3     0     0   -69.0   46.936 -147.726    272.2    979.1
     1     1    16     4     8     2     0     0   -70.0   46.757 -148.162    281.2    978.9
     1     1    16     4     8     1     0     0   -71.0   46.579 -148.595    290.9    978.6
     1     1    16     4     8     0     0     0   -72.0   46.401 -149.024    301.7    978.2
