     1     1
    CDC1    16     2     1     0     0
     1 BACKWARD OMEGA   
    16     2     5     6   60.984 -139.059   750.0
     1 PRESSURE
     1     1    16     2     5     6     0     0     0.0   60.984 -139.059    750.0    791.4
     1     1    16     2     5     5     0     0    -1.0   60.731 -139.076    726.6    797.4
     1     1    16     2     5     4     0     0    -2.0   60.463 -139.070    690.0    805.6
     1     1    16     2     5     3     0     0    -3.0   60.176 -139.041    637.6    815.8
     1     1    16     2     5     2     0     0    -4.0   59.869 -138.986    569.0    830.3
     1     1    16     2     5     1     0     0    -5.0   59.538 -138.907    489.9    849.5
     1     1    16     2     5     0     0     0    -6.0   59.183 -138.811    406.3    870.6
     1     1    16     2     4    23     0     0    -7.0   58.817 -138.690    330.6    891.7
     1     1    16     2     4    22     0     0    -8.0   58.452 -138.534    271.4    909.8
     1     1    16     2     4    21     0     0    -9.0   58.087 -138.332    226.2    926.3
     1     1    16     2     4    20     0     0   -10.0   57.720 -138.072    191.4    941.2
     1     1    16     2     4    19     0     0   -11.0   57.349 -137.750    163.0    951.4
     1     1    16     2     4    18     0     0   -12.0   56.976 -137.392    138.4    956.9
     1     1    16     2     4    17     0     0   -13.0   56.601 -137.018    117.6    962.5
     1     1    16     2     4    16     0     0   -14.0   56.223 -136.624    101.1    968.5
     1     1    16     2     4    15     0     0   -15.0   55.830 -136.198     88.2    975.2
     1     1    16     2     4    14     0     0   -16.0   55.412 -135.729     78.2    983.1
     1     1    16     2     4    13     0     0   -17.0   54.961 -135.206     70.3    991.6
     1     1    16     2     4    12     0     0   -18.0   54.488 -134.666     61.6    991.7
     1     1    16     2     4    11     0     0   -19.0   54.024 -134.200     51.2    992.6
     1     1    16     2     4    10     0     0   -20.0   53.584 -133.841     41.3    995.4
     1     1    16     2     4     9     0     0   -21.0   53.163 -133.563     33.5    999.3
     1     1    16     2     4     8     0     0   -22.0   52.760 -133.346     28.2   1003.6
     1     1    16     2     4     7     0     0   -23.0   52.378 -133.179     25.3   1006.8
     1     1    16     2     4     6     0     0   -24.0   52.022 -133.065     24.7   1007.3
     1     1    16     2     4     5     0     0   -25.0   51.689 -133.015     25.4   1007.1
     1     1    16     2     4     4     0     0   -26.0   51.375 -133.036     26.5   1006.7
     1     1    16     2     4     3     0     0   -27.0   51.079 -133.121     27.9   1006.0
     1     1    16     2     4     2     0     0   -28.0   50.802 -133.267     29.3   1005.1
     1     1    16     2     4     1     0     0   -29.0   50.548 -133.469     30.7   1003.9
     1     1    16     2     4     0     0     0   -30.0   50.321 -133.723     32.0   1002.3
     1     1    16     2     3    23     0     0   -31.0   50.104 -134.008     32.9   1000.1
     1     1    16     2     3    22     0     0   -32.0   49.878 -134.308     32.9    998.2
     1     1    16     2     3    21     0     0   -33.0   49.645 -134.630     32.5    996.7
     1     1    16     2     3    20     0     0   -34.0   49.406 -134.978     32.2    995.3
     1     1    16     2     3    19     0     0   -35.0   49.159 -135.344     32.3    994.7
     1     1    16     2     3    18     0     0   -36.0   48.905 -135.719     33.0    994.3
     1     1    16     2     3    17     0     0   -37.0   48.646 -136.107     34.1    994.2
     1     1    16     2     3    16     0     0   -38.0   48.380 -136.509     35.0    994.5
     1     1    16     2     3    15     0     0   -39.0   48.106 -136.933     35.6    995.1
     1     1    16     2     3    14     0     0   -40.0   47.822 -137.380     35.7    996.1
     1     1    16     2     3    13     0     0   -41.0   47.523 -137.848     34.9    997.6
     1     1    16     2     3    12     0     0   -42.0   47.206 -138.327     33.6    998.1
     1     1    16     2     3    11     0     0   -43.0   46.878 -138.807     32.7    997.9
     1     1    16     2     3    10     0     0   -44.0   46.547 -139.289     32.6    997.0
     1     1    16     2     3     9     0     0   -45.0   46.212 -139.781     33.0    995.8
     1     1    16     2     3     8     0     0   -46.0   45.876 -140.293     33.7    994.4
     1     1    16     2     3     7     0     0   -47.0   45.545 -140.837     34.6    993.4
     1     1    16     2     3     6     0     0   -48.0   45.217 -141.416     35.7    992.5
     1     1    16     2     3     5     0     0   -49.0   44.888 -142.027     37.0    992.2
     1     1    16     2     3     4     0     0   -50.0   44.558 -142.662     38.8    993.5
     1     1    16     2     3     3     0     0   -51.0   44.228 -143.320     41.2    995.1
     1     1    16     2     3     2     0     0   -52.0   43.903 -144.007     44.2    996.2
     1     1    16     2     3     1     0     0   -53.0   43.586 -144.731     48.3    996.5
     1     1    16     2     3     0     0     0   -54.0   43.292 -145.506     53.9    995.8
     1     1    16     2     2    23     0     0   -55.0   43.009 -146.320     59.4    994.0
     1     1    16     2     2    22     0     0   -56.0   42.716 -147.147     63.6    991.8
     1     1    16     2     2    21     0     0   -57.0   42.411 -147.986     67.2    990.4
     1     1    16     2     2    20     0     0   -58.0   42.115 -148.860     71.5    990.4
     1     1    16     2     2    19     0     0   -59.0   41.849 -149.800     77.2    990.2
     1     1    16     2     2    18     0     0   -60.0   41.633 -150.830     84.4    990.4
     1     1    16     2     2    17     0     0   -61.0   41.449 -151.916     91.7    990.6
     1     1    16     2     2    16     0     0   -62.0   41.260 -153.013     98.0    990.3
     1     1    16     2     2    15     0     0   -63.0   41.066 -154.117    103.5    989.1
     1     1    16     2     2    14     0     0   -64.0   40.886 -155.246    108.5    988.0
     1     1    16     2     2    13     0     0   -65.0   40.739 -156.405    112.2    987.6
     1     1    16     2     2    12     0     0   -66.0   40.643 -157.591    113.3    987.8
     1     1    16     2     2    11     0     0   -67.0   40.578 -158.773    111.6    987.8
     1     1    16     2     2    10     0     0   -68.0   40.537 -159.929    107.9    987.9
     1     1    16     2     2     9     0     0   -69.0   40.535 -161.067    103.4    988.1
     1     1    16     2     2     8     0     0   -70.0   40.583 -162.175     99.3    988.3
     1     1    16     2     2     7     0     0   -71.0   40.694 -163.257     96.3    989.3
     1     1    16     2     2     6     0     0   -72.0   40.865 -164.307     93.8    991.0
