     1     1
    CDC1    16     1     1     0     0
     1 BACKWARD OMEGA   
    16     1    15    18   60.984 -139.059   750.0
     1 PRESSURE
     1     1    16     1    15    18     0     0     0.0   60.984 -139.059    750.0    804.4
     1     1    16     1    15    17     0     0    -1.0   60.962 -139.014    784.5    801.3
     1     1    16     1    15    16     0     0    -2.0   60.942 -138.988    814.9    798.8
     1     1    16     1    15    15     0     0    -3.0   60.923 -138.982    841.2    796.8
     1     1    16     1    15    14     0     0    -4.0   60.906 -138.994    863.5    795.1
     1     1    16     1    15    13     0     0    -5.0   60.890 -139.021    881.9    793.9
     1     1    16     1    15    12     0     0    -6.0   60.876 -139.065    896.3    793.1
     1     1    16     1    15    11     0     0    -7.0   60.864 -139.126    909.1    792.4
     1     1    16     1    15    10     0     0    -8.0   60.853 -139.208    923.3    791.3
     1     1    16     1    15     9     0     0    -9.0   60.845 -139.310    938.7    790.0
     1     1    16     1    15     8     0     0   -10.0   60.838 -139.431    955.5    788.6
     1     1    16     1    15     7     0     0   -11.0   60.833 -139.573    973.8    787.0
     1     1    16     1    15     6     0     0   -12.0   60.828 -139.735    993.7    785.3
     1     1    16     1    15     5     0     0   -13.0   60.825 -139.907   1014.2    783.2
     1     1    16     1    15     4     0     0   -14.0   60.822 -140.079   1033.8    781.6
     1     1    16     1    15     3     0     0   -15.0   60.818 -140.250   1052.4    780.2
     1     1    16     1    15     2     0     0   -16.0   60.814 -140.420   1069.7    779.1
     1     1    16     1    15     1     0     0   -17.0   60.810 -140.589   1085.7    778.0
     1     1    16     1    15     0     0     0   -18.0   60.806 -140.758   1100.3    777.1
     1     1    16     1    14    23     0     0   -19.0   60.799 -140.917   1114.2    776.2
     1     1    16     1    14    22     0     0   -20.0   60.788 -141.059   1128.5    775.3
     1     1    16     1    14    21     0     0   -21.0   60.773 -141.186   1143.1    774.4
     1     1    16     1    14    20     0     0   -22.0   60.754 -141.301   1158.0    773.5
     1     1    16     1    14    19     0     0   -23.0   60.732 -141.404   1173.5    772.6
     1     1    16     1    14    18     0     0   -24.0   60.707 -141.499   1189.5    771.7
     1     1    16     1    14    17     0     0   -25.0   60.678 -141.582   1205.3    770.5
     1     1    16     1    14    16     0     0   -26.0   60.647 -141.651   1219.3    769.5
     1     1    16     1    14    15     0     0   -27.0   60.614 -141.706   1231.7    768.7
     1     1    16     1    14    14     0     0   -28.0   60.579 -141.747   1242.6    768.0
     1     1    16     1    14    13     0     0   -29.0   60.542 -141.774   1252.2    767.4
     1     1    16     1    14    12     0     0   -30.0   60.504 -141.787   1260.3    766.9
     1     1    16     1    14    11     0     0   -31.0   60.456 -141.783   1268.1    766.6
     1     1    16     1    14    10     0     0   -32.0   60.394 -141.761   1276.2    766.3
     1     1    16     1    14     9     0     0   -33.0   60.317 -141.720   1284.5    766.1
     1     1    16     1    14     8     0     0   -34.0   60.224 -141.660   1293.0    766.2
     1     1    16     1    14     7     0     0   -35.0   60.116 -141.581   1301.4    766.4
     1     1    16     1    14     6     0     0   -36.0   59.993 -141.482   1309.2    766.9
     1     1    16     1    14     5     0     0   -37.0   59.859 -141.361   1315.9    769.2
     1     1    16     1    14     4     0     0   -38.0   59.722 -141.212   1318.9    772.1
     1     1    16     1    14     3     0     0   -39.0   59.579 -141.038   1318.3    775.3
     1     1    16     1    14     2     0     0   -40.0   59.428 -140.838   1314.3    778.9
     1     1    16     1    14     1     0     0   -41.0   59.270 -140.616   1306.9    782.9
     1     1    16     1    14     0     0     0   -42.0   59.102 -140.372   1296.4    787.5
     1     1    16     1    13    23     0     0   -43.0   58.930 -140.125   1283.7    792.7
     1     1    16     1    13    22     0     0   -44.0   58.761 -139.889   1268.6    798.3
     1     1    16     1    13    21     0     0   -45.0   58.596 -139.663   1250.8    804.2
     1     1    16     1    13    20     0     0   -46.0   58.433 -139.444   1229.6    810.3
     1     1    16     1    13    19     0     0   -47.0   58.272 -139.228   1204.7    816.8
     1     1    16     1    13    18     0     0   -48.0   58.110 -139.009   1175.5    823.5
     1     1    16     1    13    17     0     0   -49.0   57.946 -138.770   1143.5    830.7
     1     1    16     1    13    16     0     0   -50.0   57.777 -138.492   1110.1    837.8
     1     1    16     1    13    15     0     0   -51.0   57.600 -138.168   1075.4    845.1
     1     1    16     1    13    14     0     0   -52.0   57.412 -137.801   1038.9    851.1
     1     1    16     1    13    13     0     0   -53.0   57.213 -137.407   1001.3    855.1
     1     1    16     1    13    12     0     0   -54.0   57.004 -137.000    963.9    858.4
     1     1    16     1    13    11     0     0   -55.0   56.783 -136.602    926.1    862.5
     1     1    16     1    13    10     0     0   -56.0   56.553 -136.234    887.0    867.1
     1     1    16     1    13     9     0     0   -57.0   56.314 -135.893    846.2    872.6
     1     1    16     1    13     8     0     0   -58.0   56.067 -135.578    803.4    879.2
     1     1    16     1    13     7     0     0   -59.0   55.811 -135.288    758.3    886.8
     1     1    16     1    13     6     0     0   -60.0   55.548 -135.023    710.9    895.6
     1     1    16     1    13     5     0     0   -61.0   55.272 -134.757    663.0    903.6
     1     1    16     1    13     4     0     0   -62.0   54.975 -134.460    616.2    911.0
     1     1    16     1    13     3     0     0   -63.0   54.650 -134.148    571.2    914.5
     1     1    16     1    13     2     0     0   -64.0   54.293 -133.843    530.1    918.6
     1     1    16     1    13     1     0     0   -65.0   53.898 -133.551    493.0    923.5
     1     1    16     1    13     0     0     0   -66.0   53.457 -133.279    459.5    929.3
     1     1    16     1    12    23     0     0   -67.0   52.973 -133.030    428.2    937.1
     1     1    16     1    12    22     0     0   -68.0   52.452 -132.799    397.0    946.1
     1     1    16     1    12    21     0     0   -69.0   51.902 -132.610    366.3    951.5
     1     1    16     1    12    20     0     0   -70.0   51.336 -132.490    337.2    956.0
     1     1    16     1    12    19     0     0   -71.0   50.751 -132.447    309.0    960.0
     1     1    16     1    12    18     0     0   -72.0   50.140 -132.492    281.8    963.9
