     1     1
    CDC1    15    12     1     0     0
     1 BACKWARD OMEGA   
    15    12     4     0   60.984 -139.059   750.0
     1 PRESSURE
     1     1    15    12     4     0     0     0     0.0   60.984 -139.059    750.0    792.4
     1     1    15    12     3    23     0     0    -1.0   60.834 -138.903    747.1    794.8
     1     1    15    12     3    22     0     0    -2.0   60.688 -138.748    743.6    797.3
     1     1    15    12     3    21     0     0    -3.0   60.544 -138.591    739.8    799.7
     1     1    15    12     3    20     0     0    -4.0   60.402 -138.429    736.0    802.1
     1     1    15    12     3    19     0     0    -5.0   60.260 -138.259    732.5    804.4
     1     1    15    12     3    18     0     0    -6.0   60.116 -138.079    730.0    806.6
     1     1    15    12     3    17     0     0    -7.0   59.965 -137.874    729.2    809.6
     1     1    15    12     3    16     0     0    -8.0   59.805 -137.634    730.6    814.1
     1     1    15    12     3    15     0     0    -9.0   59.636 -137.364    733.1    818.5
     1     1    15    12     3    14     0     0   -10.0   59.457 -137.072    736.5    822.6
     1     1    15    12     3    13     0     0   -11.0   59.265 -136.762    740.5    826.7
     1     1    15    12     3    12     0     0   -12.0   59.057 -136.440    744.4    831.1
     1     1    15    12     3    11     0     0   -13.0   58.836 -136.114    744.2    835.5
     1     1    15    12     3    10     0     0   -14.0   58.604 -135.790    736.1    841.1
     1     1    15    12     3     9     0     0   -15.0   58.359 -135.465    719.4    847.8
     1     1    15    12     3     8     0     0   -16.0   58.101 -135.137    693.7    855.6
     1     1    15    12     3     7     0     0   -17.0   57.829 -134.805    657.9    863.2
     1     1    15    12     3     6     0     0   -18.0   57.545 -134.472    612.3    870.8
     1     1    15    12     3     5     0     0   -19.0   57.255 -134.135    564.6    877.5
     1     1    15    12     3     4     0     0   -20.0   56.962 -133.792    522.5    883.0
     1     1    15    12     3     3     0     0   -21.0   56.670 -133.439    486.4    888.2
     1     1    15    12     3     2     0     0   -22.0   56.379 -133.069    456.0    893.2
     1     1    15    12     3     1     0     0   -23.0   56.089 -132.677    431.6    897.8
     1     1    15    12     3     0     0     0   -24.0   55.797 -132.258    413.2    900.5
     1     1    15    12     2    23     0     0   -25.0   55.492 -131.831    396.0    901.9
     1     1    15    12     2    22     0     0   -26.0   55.174 -131.409    374.8    904.9
     1     1    15    12     2    21     0     0   -27.0   54.841 -130.999    349.5    907.5
     1     1    15    12     2    20     0     0   -28.0   54.493 -130.626    321.8    910.9
     1     1    15    12     2    19     0     0   -29.0   54.131 -130.297    293.9    916.1
     1     1    15    12     2    18     0     0   -30.0   53.759 -129.992    266.3    922.5
     1     1    15    12     2    17     0     0   -31.0   53.396 -129.733    240.9    928.4
     1     1    15    12     2    16     0     0   -32.0   53.058 -129.542    218.4    934.6
     1     1    15    12     2    15     0     0   -33.0   52.741 -129.406    197.4    941.5
     1     1    15    12     2    14     0     0   -34.0   52.442 -129.318    177.2    947.7
     1     1    15    12     2    13     0     0   -35.0   52.157 -129.279    157.3    952.8
     1     1    15    12     2    12     0     0   -36.0   51.885 -129.280    138.2    958.5
     1     1    15    12     2    11     0     0   -37.0   51.621 -129.301    119.3    963.1
     1     1    15    12     2    10     0     0   -38.0   51.359 -129.336    100.3    968.2
     1     1    15    12     2     9     0     0   -39.0   51.102 -129.395     81.3    974.1
     1     1    15    12     2     8     0     0   -40.0   50.856 -129.492     62.9    979.8
     1     1    15    12     2     7     0     0   -41.0   50.624 -129.651     45.9    985.9
     1     1    15    12     2     6     0     0   -42.0   50.413 -129.911     30.5    993.3
     1     1    15    12     2     5     0     0   -43.0   50.214 -130.242     18.7    999.1
     1     1    15    12     2     4     0     0   -44.0   50.013 -130.587     11.2   1002.5
     1     1    15    12     2     3     0     0   -45.0   49.805 -130.938      6.7   1003.1
     1     1    15    12     2     2     0     0   -46.0   49.587 -131.294      3.8   1003.2
     1     1    15    12     2     1     0     0   -47.0   49.363 -131.672      1.8   1003.1
     1     1    15    12     2     0     0     0   -48.0   49.139 -132.097      0.1   1002.6
     1     1    15    12     1    23     0     0   -49.0   48.917 -132.552      0.0   1002.5
     1     1    15    12     1    22     0     0   -50.0   48.691 -132.991      0.0   1001.1
     1     1    15    12     1    21     0     0   -51.0   48.458 -133.397      0.0    999.9
     1     1    15    12     1    20     0     0   -52.0   48.218 -133.769      0.0    999.0
     1     1    15    12     1    19     0     0   -53.0   47.971 -134.112      0.0    998.2
     1     1    15    12     1    18     0     0   -54.0   47.716 -134.432      0.2    997.4
     1     1    15    12     1    17     0     0   -55.0   47.464 -134.751      0.5    997.7
     1     1    15    12     1    16     0     0   -56.0   47.231 -135.085      0.7    998.5
     1     1    15    12     1    15     0     0   -57.0   47.012 -135.418      0.9    999.5
     1     1    15    12     1    14     0     0   -58.0   46.796 -135.742      1.2   1000.3
     1     1    15    12     1    13     0     0   -59.0   46.578 -136.053      1.5   1001.0
     1     1    15    12     1    12     0     0   -60.0   46.353 -136.347      2.0   1001.6
     1     1    15    12     1    11     0     0   -61.0   46.123 -136.636      2.7   1002.0
     1     1    15    12     1    10     0     0   -62.0   45.895 -136.936      3.6   1002.4
     1     1    15    12     1     9     0     0   -63.0   45.672 -137.249      4.7   1002.9
     1     1    15    12     1     8     0     0   -64.0   45.457 -137.582      6.0   1003.3
     1     1    15    12     1     7     0     0   -65.0   45.251 -137.934      7.4   1002.9
     1     1    15    12     1     6     0     0   -66.0   45.052 -138.302      8.7   1002.4
     1     1    15    12     1     5     0     0   -67.0   44.853 -138.679      9.6   1001.4
     1     1    15    12     1     4     0     0   -68.0   44.655 -139.062     10.0   1000.3
     1     1    15    12     1     3     0     0   -69.0   44.465 -139.458     10.0    999.3
     1     1    15    12     1     2     0     0   -70.0   44.292 -139.875      9.6    998.2
     1     1    15    12     1     1     0     0   -71.0   44.137 -140.316      8.8    998.3
     1     1    15    12     1     0     0     0   -72.0   43.997 -140.778      7.9    999.0
