     1     1
    CDC1    16     1     1     0     0
     1 BACKWARD OMEGA   
    16     1     5    12   60.984 -139.059   750.0
     1 PRESSURE
     1     1    16     1     5    12     0     0     0.0   60.984 -139.059    750.0    804.3
     1     1    16     1     5    11     0     0    -1.0   60.857 -138.906    759.4    805.5
     1     1    16     1     5    10     0     0    -2.0   60.723 -138.757    765.7    807.1
     1     1    16     1     5     9     0     0    -3.0   60.584 -138.607    768.8    809.2
     1     1    16     1     5     8     0     0    -4.0   60.436 -138.453    768.7    811.7
     1     1    16     1     5     7     0     0    -5.0   60.280 -138.292    765.3    814.7
     1     1    16     1     5     6     0     0    -6.0   60.113 -138.120    758.6    818.1
     1     1    16     1     5     5     0     0    -7.0   59.940 -137.928    751.5    822.4
     1     1    16     1     5     4     0     0    -8.0   59.764 -137.714    748.6    827.7
     1     1    16     1     5     3     0     0    -9.0   59.586 -137.479    749.8    832.5
     1     1    16     1     5     2     0     0   -10.0   59.407 -137.224    754.4    836.3
     1     1    16     1     5     1     0     0   -11.0   59.226 -136.950    762.2    839.5
     1     1    16     1     5     0     0     0   -12.0   59.045 -136.659    773.3    842.3
     1     1    16     1     4    23     0     0   -13.0   58.863 -136.369    784.8    844.9
     1     1    16     1     4    22     0     0   -14.0   58.681 -136.093    793.2    848.0
     1     1    16     1     4    21     0     0   -15.0   58.498 -135.828    799.2    851.2
     1     1    16     1     4    20     0     0   -16.0   58.315 -135.572    803.1    854.5
     1     1    16     1     4    19     0     0   -17.0   58.132 -135.326    805.4    857.8
     1     1    16     1     4    18     0     0   -18.0   57.950 -135.088    806.4    861.2
     1     1    16     1     4    17     0     0   -19.0   57.771 -134.846    807.5    863.1
     1     1    16     1     4    16     0     0   -20.0   57.596 -134.590    811.0    863.3
     1     1    16     1     4    15     0     0   -21.0   57.423 -134.323    816.7    862.5
     1     1    16     1     4    14     0     0   -22.0   57.251 -134.051    825.5    860.9
     1     1    16     1     4    13     0     0   -23.0   57.080 -133.778    838.1    859.0
     1     1    16     1     4    12     0     0   -24.0   56.911 -133.506    854.5    856.9
     1     1    16     1     4    11     0     0   -25.0   56.740 -133.234    873.9    854.7
     1     1    16     1     4    10     0     0   -26.0   56.562 -132.957    895.4    852.5
     1     1    16     1     4     9     0     0   -27.0   56.380 -132.679    918.7    850.4
     1     1    16     1     4     8     0     0   -28.0   56.196 -132.405    943.2    847.6
     1     1    16     1     4     7     0     0   -29.0   56.013 -132.135    968.2    844.1
     1     1    16     1     4     6     0     0   -30.0   55.831 -131.871    993.6    840.6
     1     1    16     1     4     5     0     0   -31.0   55.660 -131.619   1019.4    837.5
     1     1    16     1     4     4     0     0   -32.0   55.503 -131.387   1045.6    834.3
     1     1    16     1     4     3     0     0   -33.0   55.357 -131.174   1071.7    831.3
     1     1    16     1     4     2     0     0   -34.0   55.218 -130.981   1097.6    828.5
     1     1    16     1     4     1     0     0   -35.0   55.085 -130.807   1122.9    826.1
     1     1    16     1     4     0     0     0   -36.0   54.953 -130.655   1147.4    823.8
     1     1    16     1     3    23     0     0   -37.0   54.822 -130.514   1166.6    821.4
     1     1    16     1     3    22     0     0   -38.0   54.688 -130.375   1177.2    820.4
     1     1    16     1     3    21     0     0   -39.0   54.552 -130.235   1178.9    820.5
     1     1    16     1     3    20     0     0   -40.0   54.414 -130.091   1171.7    821.5
     1     1    16     1     3    19     0     0   -41.0   54.273 -129.941   1156.0    823.4
     1     1    16     1     3    18     0     0   -42.0   54.130 -129.780   1132.4    826.1
     1     1    16     1     3    17     0     0   -43.0   53.990 -129.612   1108.5    829.4
     1     1    16     1     3    16     0     0   -44.0   53.857 -129.443   1090.3    831.2
     1     1    16     1     3    15     0     0   -45.0   53.730 -129.276   1078.6    832.1
     1     1    16     1     3    14     0     0   -46.0   53.607 -129.110   1073.5    832.3
     1     1    16     1     3    13     0     0   -47.0   53.485 -128.948   1075.1    831.6
     1     1    16     1     3    12     0     0   -48.0   53.362 -128.789   1083.6    830.2
     1     1    16     1     3    11     0     0   -49.0   53.233 -128.639   1094.8    828.5
     1     1    16     1     3    10     0     0   -50.0   53.094 -128.498   1104.0    827.8
     1     1    16     1     3     9     0     0   -51.0   52.947 -128.364   1110.4    827.5
     1     1    16     1     3     8     0     0   -52.0   52.794 -128.232   1113.3    827.7
     1     1    16     1     3     7     0     0   -53.0   52.638 -128.099   1111.6    828.4
     1     1    16     1     3     6     0     0   -54.0   52.481 -127.961   1103.9    829.6
     1     1    16     1     3     5     0     0   -55.0   52.324 -127.820   1093.7    830.8
     1     1    16     1     3     4     0     0   -56.0   52.166 -127.673   1084.9    831.6
     1     1    16     1     3     3     0     0   -57.0   52.006 -127.522   1077.6    832.3
     1     1    16     1     3     2     0     0   -58.0   51.845 -127.365   1071.9    832.8
     1     1    16     1     3     1     0     0   -59.0   51.683 -127.200   1067.9    833.1
     1     1    16     1     3     0     0     0   -60.0   51.521 -127.028   1065.5    833.1
     1     1    16     1     2    23     0     0   -61.0   51.355 -126.849   1062.8    832.7
     1     1    16     1     2    22     0     0   -62.0   51.186 -126.662   1058.4    832.7
     1     1    16     1     2    21     0     0   -63.0   51.015 -126.464   1053.1    832.7
     1     1    16     1     2    20     0     0   -64.0   50.843 -126.253   1047.7    832.5
     1     1    16     1     2    19     0     0   -65.0   50.673 -126.028   1043.3    832.0
     1     1    16     1     2    18     0     0   -66.0   50.506 -125.787   1040.7    831.0
     1     1    16     1     2    17     0     0   -67.0   50.340 -125.538   1039.7    829.5
     1     1    16     1     2    16     0     0   -68.0   50.170 -125.290   1040.0    828.1
     1     1    16     1     2    15     0     0   -69.0   49.998 -125.042   1040.9    826.7
     1     1    16     1     2    14     0     0   -70.0   49.821 -124.799   1043.7    827.7
     1     1    16     1     2    13     0     0   -71.0   49.641 -124.562   1047.6    828.8
     1     1    16     1     2    12     0     0   -72.0   49.458 -124.330   1052.6    830.1
