     1     1
    CDC1    16     3     1     0     0
     1 BACKWARD OMEGA   
    16     3    30     6   60.984 -139.059   750.0
     1 PRESSURE
     1     1    16     3    30     6     0     0     0.0   60.984 -139.059    750.0    822.1
     1     1    16     3    30     5     0     0    -1.0   60.824 -139.790    692.4    831.4
     1     1    16     3    30     4     0     0    -2.0   60.639 -140.393    631.0    843.4
     1     1    16     3    30     3     0     0    -3.0   60.441 -140.860    568.0    855.8
     1     1    16     3    30     2     0     0    -4.0   60.234 -141.188    506.2    867.7
     1     1    16     3    30     1     0     0    -5.0   60.024 -141.382    447.3    879.4
     1     1    16     3    30     0     0     0    -6.0   59.812 -141.462    394.3    893.3
     1     1    16     3    29    23     0     0    -7.0   59.594 -141.504    343.9    905.6
     1     1    16     3    29    22     0     0    -8.0   59.362 -141.562    291.8    919.2
     1     1    16     3    29    21     0     0    -9.0   59.118 -141.637    238.6    934.2
     1     1    16     3    29    20     0     0   -10.0   58.863 -141.731    184.9    950.2
     1     1    16     3    29    19     0     0   -11.0   58.594 -141.856    133.3    966.0
     1     1    16     3    29    18     0     0   -12.0   58.309 -142.028     87.5    983.3
     1     1    16     3    29    17     0     0   -13.0   58.008 -142.220     55.1    999.2
     1     1    16     3    29    16     0     0   -14.0   57.689 -142.419     36.4   1013.4
     1     1    16     3    29    15     0     0   -15.0   57.350 -142.630     26.6   1021.7
     1     1    16     3    29    14     0     0   -16.0   56.994 -142.843     20.7   1022.1
     1     1    16     3    29    13     0     0   -17.0   56.623 -143.050     16.8   1022.1
     1     1    16     3    29    12     0     0   -18.0   56.232 -143.253     14.1   1021.5
     1     1    16     3    29    11     0     0   -19.0   55.817 -143.453     12.1   1020.6
     1     1    16     3    29    10     0     0   -20.0   55.379 -143.644     10.4   1019.2
     1     1    16     3    29     9     0     0   -21.0   54.920 -143.817      9.0   1017.5
     1     1    16     3    29     8     0     0   -22.0   54.447 -143.957      7.6   1018.3
     1     1    16     3    29     7     0     0   -23.0   53.961 -144.056      6.2   1019.3
     1     1    16     3    29     6     0     0   -24.0   53.463 -144.121      5.0   1020.4
     1     1    16     3    29     5     0     0   -25.0   52.950 -144.158      4.0   1021.4
     1     1    16     3    29     4     0     0   -26.0   52.418 -144.171      3.4   1022.5
     1     1    16     3    29     3     0     0   -27.0   51.866 -144.161      2.9   1022.9
     1     1    16     3    29     2     0     0   -28.0   51.293 -144.129      2.6   1023.3
     1     1    16     3    29     1     0     0   -29.0   50.700 -144.068      2.4   1023.9
     1     1    16     3    29     0     0     0   -30.0   50.088 -143.973      2.2   1024.7
     1     1    16     3    28    23     0     0   -31.0   49.482 -143.844      2.0   1025.2
     1     1    16     3    28    22     0     0   -32.0   48.909 -143.683      1.9   1025.7
     1     1    16     3    28    21     0     0   -33.0   48.368 -143.495      2.0   1026.5
     1     1    16     3    28    20     0     0   -34.0   47.857 -143.280      2.1   1027.5
     1     1    16     3    28    19     0     0   -35.0   47.374 -143.046      2.3   1028.3
     1     1    16     3    28    18     0     0   -36.0   46.915 -142.806      2.7   1028.5
     1     1    16     3    28    17     0     0   -37.0   46.482 -142.574      3.1   1028.3
     1     1    16     3    28    16     0     0   -38.0   46.077 -142.349      3.4   1027.8
     1     1    16     3    28    15     0     0   -39.0   45.701 -142.128      3.5   1027.2
     1     1    16     3    28    14     0     0   -40.0   45.355 -141.909      3.6   1026.5
     1     1    16     3    28    13     0     0   -41.0   45.038 -141.690      3.7   1025.7
     1     1    16     3    28    12     0     0   -42.0   44.748 -141.473      3.6   1026.0
     1     1    16     3    28    11     0     0   -43.0   44.487 -141.265      3.6   1026.5
     1     1    16     3    28    10     0     0   -44.0   44.253 -141.067      3.6   1027.0
     1     1    16     3    28     9     0     0   -45.0   44.046 -140.879      3.6   1027.4
     1     1    16     3    28     8     0     0   -46.0   43.864 -140.700      3.7   1027.7
     1     1    16     3    28     7     0     0   -47.0   43.705 -140.531      3.8   1028.1
     1     1    16     3    28     6     0     0   -48.0   43.569 -140.372      3.9   1028.4
     1     1    16     3    28     5     0     0   -49.0   43.459 -140.223      4.1   1028.2
     1     1    16     3    28     4     0     0   -50.0   43.379 -140.081      4.6   1028.0
     1     1    16     3    28     3     0     0   -51.0   43.328 -139.950      5.1   1027.9
     1     1    16     3    28     2     0     0   -52.0   43.306 -139.831      5.9   1028.0
     1     1    16     3    28     1     0     0   -53.0   43.312 -139.726      6.8   1028.1
     1     1    16     3    28     0     0     0   -54.0   43.343 -139.638      7.8   1028.0
     1     1    16     3    27    23     0     0   -55.0   43.392 -139.582      8.9   1028.1
     1     1    16     3    27    22     0     0   -56.0   43.453 -139.574     10.0   1027.9
     1     1    16     3    27    21     0     0   -57.0   43.522 -139.611     11.1   1027.5
     1     1    16     3    27    20     0     0   -58.0   43.598 -139.693     12.3   1026.8
     1     1    16     3    27    19     0     0   -59.0   43.680 -139.817     13.7   1026.0
     1     1    16     3    27    18     0     0   -60.0   43.768 -139.983     15.3   1025.1
     1     1    16     3    27    17     0     0   -61.0   43.852 -140.180     17.0   1024.3
     1     1    16     3    27    16     0     0   -62.0   43.923 -140.395     18.4   1023.7
     1     1    16     3    27    15     0     0   -63.0   43.981 -140.629     19.3   1023.3
     1     1    16     3    27    14     0     0   -64.0   44.029 -140.880     19.9   1022.9
     1     1    16     3    27    13     0     0   -65.0   44.067 -141.149     20.0   1022.7
     1     1    16     3    27    12     0     0   -66.0   44.098 -141.435     19.7   1022.7
     1     1    16     3    27    11     0     0   -67.0   44.126 -141.728     19.3   1023.0
     1     1    16     3    27    10     0     0   -68.0   44.153 -142.018     19.2   1023.1
     1     1    16     3    27     9     0     0   -69.0   44.180 -142.306     19.3   1023.1
     1     1    16     3    27     8     0     0   -70.0   44.207 -142.591     19.7   1023.2
     1     1    16     3    27     7     0     0   -71.0   44.232 -142.875     20.3   1023.5
     1     1    16     3    27     6     0     0   -72.0   44.255 -143.157     21.1   1023.7
