     1     1
    CDC1    16     2     1     0     0
     1 BACKWARD OMEGA   
    16     2    13     0   60.984 -139.059   750.0
     1 PRESSURE
     1     1    16     2    13     0     0     0     0.0   60.984 -139.059    750.0    799.8
     1     1    16     2    12    23     0     0    -1.0   60.571 -138.867    675.8    813.4
     1     1    16     2    12    22     0     0    -2.0   60.147 -138.652    588.7    829.7
     1     1    16     2    12    21     0     0    -3.0   59.724 -138.416    496.6    850.8
     1     1    16     2    12    20     0     0    -4.0   59.317 -138.169    408.7    873.7
     1     1    16     2    12    19     0     0    -5.0   58.930 -137.909    330.5    894.4
     1     1    16     2    12    18     0     0    -6.0   58.557 -137.623    265.5    913.0
     1     1    16     2    12    17     0     0    -7.0   58.200 -137.301    216.3    929.4
     1     1    16     2    12    16     0     0    -8.0   57.862 -136.945    180.8    941.1
     1     1    16     2    12    15     0     0    -9.0   57.543 -136.559    154.9    950.3
     1     1    16     2    12    14     0     0   -10.0   57.246 -136.156    136.3    954.3
     1     1    16     2    12    13     0     0   -11.0   56.970 -135.749    124.6    957.0
     1     1    16     2    12    12     0     0   -12.0   56.703 -135.343    120.1    959.4
     1     1    16     2    12    11     0     0   -13.0   56.441 -134.944    119.5    962.0
     1     1    16     2    12    10     0     0   -14.0   56.187 -134.547    118.6    961.9
     1     1    16     2    12     9     0     0   -15.0   55.943 -134.146    116.6    962.0
     1     1    16     2    12     8     0     0   -16.0   55.713 -133.740    113.3    962.2
     1     1    16     2    12     7     0     0   -17.0   55.497 -133.323    108.8    962.6
     1     1    16     2    12     6     0     0   -18.0   55.298 -132.888    103.3    963.0
     1     1    16     2    12     5     0     0   -19.0   55.112 -132.432     97.8    963.7
     1     1    16     2    12     4     0     0   -20.0   54.924 -131.967     93.1    960.4
     1     1    16     2    12     3     0     0   -21.0   54.724 -131.501     89.9    956.2
     1     1    16     2    12     2     0     0   -22.0   54.516 -131.026     88.4    952.3
     1     1    16     2    12     1     0     0   -23.0   54.308 -130.533     88.4    948.6
     1     1    16     2    12     0     0     0   -24.0   54.104 -130.012     89.5    944.9
     1     1    16     2    11    23     0     0   -25.0   53.920 -129.501     91.1    940.9
     1     1    16     2    11    22     0     0   -26.0   53.764 -129.038     92.9    936.9
     1     1    16     2    11    21     0     0   -27.0   53.632 -128.616     94.9    932.8
     1     1    16     2    11    20     0     0   -28.0   53.520 -128.227     97.0    928.8
     1     1    16     2    11    19     0     0   -29.0   53.425 -127.865     98.8    924.8
     1     1    16     2    11    18     0     0   -30.0   53.345 -127.525    100.3    920.9
     1     1    16     2    11    17     0     0   -31.0   53.270 -127.224    102.0    918.2
     1     1    16     2    11    16     0     0   -32.0   53.191 -126.975    105.0    915.9
     1     1    16     2    11    15     0     0   -33.0   53.110 -126.775    109.2    914.0
     1     1    16     2    11    14     0     0   -34.0   53.026 -126.622    114.6    912.6
     1     1    16     2    11    13     0     0   -35.0   52.941 -126.512    121.5    911.5
     1     1    16     2    11    12     0     0   -36.0   52.854 -126.442    130.1    910.7
     1     1    16     2    11    11     0     0   -37.0   52.759 -126.408    138.9    909.8
     1     1    16     2    11    10     0     0   -38.0   52.652 -126.404    145.8    909.8
     1     1    16     2    11     9     0     0   -39.0   52.532 -126.431    150.6    910.7
     1     1    16     2    11     8     0     0   -40.0   52.398 -126.488    152.9    913.1
     1     1    16     2    11     7     0     0   -41.0   52.254 -126.573    152.2    916.6
     1     1    16     2    11     6     0     0   -42.0   52.102 -126.684    148.7    921.2
     1     1    16     2    11     5     0     0   -43.0   51.937 -126.794    142.6    925.8
     1     1    16     2    11     4     0     0   -44.0   51.760 -126.883    134.8    930.4
     1     1    16     2    11     3     0     0   -45.0   51.571 -126.960    125.7    935.1
     1     1    16     2    11     2     0     0   -46.0   51.372 -127.037    116.0    940.1
     1     1    16     2    11     1     0     0   -47.0   51.163 -127.122    106.2    945.5
     1     1    16     2    11     0     0     0   -48.0   50.944 -127.230     96.7    951.4
     1     1    16     2    10    23     0     0   -49.0   50.718 -127.344     88.3    957.6
     1     1    16     2    10    22     0     0   -50.0   50.487 -127.436     81.2    963.1
     1     1    16     2    10    21     0     0   -51.0   50.245 -127.499     75.1    968.2
     1     1    16     2    10    20     0     0   -52.0   49.987 -127.529     69.6    972.2
     1     1    16     2    10    19     0     0   -53.0   49.707 -127.526     63.9    976.7
     1     1    16     2    10    18     0     0   -54.0   49.405 -127.494     57.8    981.6
     1     1    16     2    10    17     0     0   -55.0   49.095 -127.436     51.9    987.3
     1     1    16     2    10    16     0     0   -56.0   48.794 -127.351     46.4    992.4
     1     1    16     2    10    15     0     0   -57.0   48.501 -127.231     41.7    997.0
     1     1    16     2    10    14     0     0   -58.0   48.213 -127.072     37.8   1001.2
     1     1    16     2    10    13     0     0   -59.0   47.932 -126.869     34.8   1005.1
     1     1    16     2    10    12     0     0   -60.0   47.659 -126.622     32.8   1008.8
     1     1    16     2    10    11     0     0   -61.0   47.396 -126.377     31.2   1011.3
     1     1    16     2    10    10     0     0   -62.0   47.142 -126.178     29.3   1010.8
     1     1    16     2    10     9     0     0   -63.0   46.900 -126.021     27.4   1010.4
     1     1    16     2    10     8     0     0   -64.0   46.670 -125.900     25.5   1010.1
     1     1    16     2    10     7     0     0   -65.0   46.453 -125.808     24.0   1009.9
     1     1    16     2    10     6     0     0   -66.0   46.251 -125.741     22.9   1009.7
     1     1    16     2    10     5     0     0   -67.0   46.051 -125.688     22.0   1009.2
     1     1    16     2    10     4     0     0   -68.0   45.842 -125.642     21.2   1008.9
     1     1    16     2    10     3     0     0   -69.0   45.622 -125.608     20.2   1008.7
     1     1    16     2    10     2     0     0   -70.0   45.392 -125.590     19.3   1008.6
     1     1    16     2    10     1     0     0   -71.0   45.148 -125.595     18.2   1008.8
     1     1    16     2    10     0     0     0   -72.0   44.891 -125.622     17.0   1008.8
