     1     1
    CDC1    16     3     1     0     0
     1 BACKWARD OMEGA   
    16     3    15    18   60.984 -139.059   750.0
     1 PRESSURE
     1     1    16     3    15    18     0     0     0.0   60.984 -139.059    750.0    801.4
     1     1    16     3    15    17     0     0    -1.0   60.845 -138.930    747.8    803.3
     1     1    16     3    15    16     0     0    -2.0   60.714 -138.805    744.3    805.3
     1     1    16     3    15    15     0     0    -3.0   60.593 -138.683    739.6    807.2
     1     1    16     3    15    14     0     0    -4.0   60.483 -138.562    734.2    809.1
     1     1    16     3    15    13     0     0    -5.0   60.383 -138.443    728.2    810.8
     1     1    16     3    15    12     0     0    -6.0   60.297 -138.325    721.9    812.4
     1     1    16     3    15    11     0     0    -7.0   60.219 -138.196    716.8    813.9
     1     1    16     3    15    10     0     0    -8.0   60.146 -138.043    714.6    814.9
     1     1    16     3    15     9     0     0    -9.0   60.078 -137.867    715.4    815.5
     1     1    16     3    15     8     0     0   -10.0   60.014 -137.667    719.2    815.6
     1     1    16     3    15     7     0     0   -11.0   59.955 -137.449    726.2    815.8
     1     1    16     3    15     6     0     0   -12.0   59.898 -137.219    735.8    815.5
     1     1    16     3    15     5     0     0   -13.0   59.837 -136.992    748.3    815.1
     1     1    16     3    15     4     0     0   -14.0   59.769 -136.778    763.7    814.5
     1     1    16     3    15     3     0     0   -15.0   59.695 -136.575    781.7    813.8
     1     1    16     3    15     2     0     0   -16.0   59.614 -136.381    801.9    813.0
     1     1    16     3    15     1     0     0   -17.0   59.525 -136.192    824.0    812.3
     1     1    16     3    15     0     0     0   -18.0   59.429 -136.008    847.4    811.6
     1     1    16     3    14    23     0     0   -19.0   59.326 -135.822    868.2    810.7
     1     1    16     3    14    22     0     0   -20.0   59.217 -135.632    884.2    810.8
     1     1    16     3    14    21     0     0   -21.0   59.104 -135.436    895.8    811.3
     1     1    16     3    14    20     0     0   -22.0   58.985 -135.235    903.8    812.1
     1     1    16     3    14    19     0     0   -23.0   58.861 -135.029    909.1    813.2
     1     1    16     3    14    18     0     0   -24.0   58.733 -134.819    912.2    813.6
     1     1    16     3    14    17     0     0   -25.0   58.601 -134.603    913.9    813.9
     1     1    16     3    14    16     0     0   -26.0   58.468 -134.376    914.0    814.1
     1     1    16     3    14    15     0     0   -27.0   58.335 -134.134    912.5    814.2
     1     1    16     3    14    14     0     0   -28.0   58.202 -133.873    909.7    813.9
     1     1    16     3    14    13     0     0   -29.0   58.071 -133.592    905.7    813.1
     1     1    16     3    14    12     0     0   -30.0   57.943 -133.287    900.9    811.9
     1     1    16     3    14    11     0     0   -31.0   57.818 -132.961    897.0    810.1
     1     1    16     3    14    10     0     0   -32.0   57.694 -132.619    895.9    807.3
     1     1    16     3    14     9     0     0   -33.0   57.570 -132.265    896.6    803.4
     1     1    16     3    14     8     0     0   -34.0   57.447 -131.907    898.4    799.1
     1     1    16     3    14     7     0     0   -35.0   57.321 -131.556    900.6    795.3
     1     1    16     3    14     6     0     0   -36.0   57.189 -131.216    902.6    791.9
     1     1    16     3    14     5     0     0   -37.0   57.051 -130.881    904.6    789.1
     1     1    16     3    14     4     0     0   -38.0   56.905 -130.542    908.5    786.2
     1     1    16     3    14     3     0     0   -39.0   56.752 -130.195    914.7    783.0
     1     1    16     3    14     2     0     0   -40.0   56.594 -129.835    924.7    780.3
     1     1    16     3    14     1     0     0   -41.0   56.436 -129.461    939.3    778.2
     1     1    16     3    14     0     0     0   -42.0   56.282 -129.068    959.2    775.0
     1     1    16     3    13    23     0     0   -43.0   56.116 -128.680    981.6    771.3
     1     1    16     3    13    22     0     0   -44.0   55.925 -128.324   1003.7    768.6
     1     1    16     3    13    21     0     0   -45.0   55.706 -128.001   1025.0    766.4
     1     1    16     3    13    20     0     0   -46.0   55.455 -127.711   1044.9    765.0
     1     1    16     3    13    19     0     0   -47.0   55.170 -127.454   1063.3    764.9
     1     1    16     3    13    18     0     0   -48.0   54.853 -127.228   1079.9    767.1
     1     1    16     3    13    17     0     0   -49.0   54.524 -127.017   1091.4    769.4
     1     1    16     3    13    16     0     0   -50.0   54.198 -126.806   1095.2    771.8
     1     1    16     3    13    15     0     0   -51.0   53.871 -126.601   1092.4    774.3
     1     1    16     3    13    14     0     0   -52.0   53.540 -126.410   1083.7    777.0
     1     1    16     3    13    13     0     0   -53.0   53.202 -126.239   1070.3    780.0
     1     1    16     3    13    12     0     0   -54.0   52.852 -126.098   1053.0    783.4
     1     1    16     3    13    11     0     0   -55.0   52.495 -125.989   1031.8    787.0
     1     1    16     3    13    10     0     0   -56.0   52.137 -125.909   1005.3    793.3
     1     1    16     3    13     9     0     0   -57.0   51.782 -125.857    971.0    801.1
     1     1    16     3    13     8     0     0   -58.0   51.428 -125.833    927.8    810.6
     1     1    16     3    13     7     0     0   -59.0   51.073 -125.842    874.8    821.6
     1     1    16     3    13     6     0     0   -60.0   50.716 -125.884    811.7    834.2
     1     1    16     3    13     5     0     0   -61.0   50.352 -125.946    744.0    848.2
     1     1    16     3    13     4     0     0   -62.0   49.980 -126.017    676.3    862.6
     1     1    16     3    13     3     0     0   -63.0   49.608 -126.093    613.4    879.7
     1     1    16     3    13     2     0     0   -64.0   49.245 -126.168    557.6    894.5
     1     1    16     3    13     1     0     0   -65.0   48.894 -126.245    509.2    908.3
     1     1    16     3    13     0     0     0   -66.0   48.553 -126.327    467.1    921.3
     1     1    16     3    12    23     0     0   -67.0   48.223 -126.424    428.4    933.4
     1     1    16     3    12    22     0     0   -68.0   47.904 -126.539    390.9    945.8
     1     1    16     3    12    21     0     0   -69.0   47.595 -126.677    354.4    957.0
     1     1    16     3    12    20     0     0   -70.0   47.294 -126.841    317.9    964.2
     1     1    16     3    12    19     0     0   -71.0   47.001 -127.040    281.3    970.0
     1     1    16     3    12    18     0     0   -72.0   46.718 -127.274    244.3    976.3
