     1     1
    CDC1    15    11     1     0     0
     1 BACKWARD OMEGA   
    15    11    11    12   60.984 -139.059   750.0
     1 PRESSURE
     1     1    15    11    11    12     0     0     0.0   60.984 -139.059    750.0    795.4
     1     1    15    11    11    11     0     0    -1.0   60.988 -139.371    732.3    797.3
     1     1    15    11    11    10     0     0    -2.0   61.005 -139.661    716.8    798.7
     1     1    15    11    11     9     0     0    -3.0   61.036 -139.925    703.8    799.6
     1     1    15    11    11     8     0     0    -4.0   61.078 -140.166    693.5    800.6
     1     1    15    11    11     7     0     0    -5.0   61.130 -140.384    685.8    801.1
     1     1    15    11    11     6     0     0    -6.0   61.191 -140.578    680.8    801.0
     1     1    15    11    11     5     0     0    -7.0   61.255 -140.760    675.9    800.2
     1     1    15    11    11     4     0     0    -8.0   61.315 -140.944    668.7    800.1
     1     1    15    11    11     3     0     0    -9.0   61.370 -141.129    659.3    800.2
     1     1    15    11    11     2     0     0   -10.0   61.421 -141.312    648.0    800.6
     1     1    15    11    11     1     0     0   -11.0   61.467 -141.491    634.9    801.3
     1     1    15    11    11     0     0     0   -12.0   61.509 -141.666    620.4    802.2
     1     1    15    11    10    23     0     0   -13.0   61.547 -141.825    607.3    803.5
     1     1    15    11    10    22     0     0   -14.0   61.581 -141.959    598.2    803.9
     1     1    15    11    10    21     0     0   -15.0   61.613 -142.070    593.0    803.8
     1     1    15    11    10    20     0     0   -16.0   61.641 -142.159    591.2    803.5
     1     1    15    11    10    19     0     0   -17.0   61.666 -142.227    592.8    802.7
     1     1    15    11    10    18     0     0   -18.0   61.687 -142.275    597.7    801.7
     1     1    15    11    10    17     0     0   -19.0   61.706 -142.308    602.3    800.9
     1     1    15    11    10    16     0     0   -20.0   61.724 -142.330    602.6    800.9
     1     1    15    11    10    15     0     0   -21.0   61.741 -142.342    598.6    801.2
     1     1    15    11    10    14     0     0   -22.0   61.757 -142.343    590.2    802.0
     1     1    15    11    10    13     0     0   -23.0   61.774 -142.334    577.5    803.1
     1     1    15    11    10    12     0     0   -24.0   61.790 -142.314    560.6    804.7
     1     1    15    11    10    11     0     0   -25.0   61.806 -142.297    543.4    806.8
     1     1    15    11    10    10     0     0   -26.0   61.823 -142.299    529.7    808.1
     1     1    15    11    10     9     0     0   -27.0   61.839 -142.320    519.5    809.2
     1     1    15    11    10     8     0     0   -28.0   61.856 -142.361    513.0    810.0
     1     1    15    11    10     7     0     0   -29.0   61.874 -142.423    510.3    810.4
     1     1    15    11    10     6     0     0   -30.0   61.894 -142.505    511.8    810.3
     1     1    15    11    10     5     0     0   -31.0   61.912 -142.624    512.7    810.2
     1     1    15    11    10     4     0     0   -32.0   61.922 -142.795    507.9    811.7
     1     1    15    11    10     3     0     0   -33.0   61.927 -143.018    497.9    814.1
     1     1    15    11    10     2     0     0   -34.0   61.927 -143.293    483.0    817.3
     1     1    15    11    10     1     0     0   -35.0   61.924 -143.619    463.8    821.5
     1     1    15    11    10     0     0     0   -36.0   61.919 -143.996    440.7    826.4
     1     1    15    11     9    23     0     0   -37.0   61.910 -144.399    413.8    831.6
     1     1    15    11     9    22     0     0   -38.0   61.895 -144.803    382.6    837.7
     1     1    15    11     9    21     0     0   -39.0   61.875 -145.212    347.2    844.5
     1     1    15    11     9    20     0     0   -40.0   61.846 -145.626    308.1    852.2
     1     1    15    11     9    19     0     0   -41.0   61.808 -146.041    266.8    860.7
     1     1    15    11     9    18     0     0   -42.0   61.763 -146.454    225.0    869.9
     1     1    15    11     9    17     0     0   -43.0   61.706 -146.837    185.9    879.3
     1     1    15    11     9    16     0     0   -44.0   61.636 -147.168    152.5    887.1
     1     1    15    11     9    15     0     0   -45.0   61.557 -147.457    125.5    894.3
     1     1    15    11     9    14     0     0   -46.0   61.474 -147.720    103.6    900.4
     1     1    15    11     9    13     0     0   -47.0   61.387 -147.972     85.6    906.2
     1     1    15    11     9    12     0     0   -48.0   61.301 -148.225     71.0    911.4
     1     1    15    11     9    11     0     0   -49.0   61.220 -148.450     58.6    915.9
     1     1    15    11     9    10     0     0   -50.0   61.148 -148.606     47.3    919.7
     1     1    15    11     9     9     0     0   -51.0   61.087 -148.685     37.2    922.8
     1     1    15    11     9     8     0     0   -52.0   61.040 -148.676     28.2    925.3
     1     1    15    11     9     7     0     0   -53.0   61.005 -148.568     20.8    927.0
     1     1    15    11     9     6     0     0   -54.0   60.981 -148.344     15.0    927.9
     1     1    15    11     9     5     0     0   -55.0   60.954 -148.038     11.0    929.1
     1     1    15    11     9     4     0     0   -56.0   60.917 -147.707      8.1    929.7
     1     1    15    11     9     3     0     0   -57.0   60.870 -147.370      5.7    930.3
     1     1    15    11     9     2     0     0   -58.0   60.815 -147.051      3.3    930.7
     1     1    15    11     9     1     0     0   -59.0   60.755 -146.766      1.1    931.5
     1     1    15    11     9     0     0     0   -60.0   60.697 -146.524      0.0    932.6
     1     1    15    11     8    23     0     0   -61.0   60.649 -146.322      0.0    933.1
     1     1    15    11     8    22     0     0   -62.0   60.616 -146.154      0.0    933.3
     1     1    15    11     8    21     0     0   -63.0   60.599 -146.013      0.0    933.2
     1     1    15    11     8    20     0     0   -64.0   60.595 -145.891      0.2    932.8
     1     1    15    11     8    19     0     0   -65.0   60.605 -145.783      1.1    932.0
     1     1    15    11     8    18     0     0   -66.0   60.628 -145.686      2.6    930.9
     1     1    15    11     8    17     0     0   -67.0   60.664 -145.603      4.4    929.3
     1     1    15    11     8    16     0     0   -68.0   60.718 -145.540      6.1    927.3
     1     1    15    11     8    15     0     0   -69.0   60.787 -145.495      7.8    925.1
     1     1    15    11     8    14     0     0   -70.0   60.873 -145.464      9.4    922.6
     1     1    15    11     8    13     0     0   -71.0   60.973 -145.447     11.0    919.5
     1     1    15    11     8    12     0     0   -72.0   61.087 -145.438     12.6    916.1
