     1     1
    CDC1    16     3     1     0     0
     1 BACKWARD OMEGA   
    16     3    10     6   60.984 -139.059   750.0
     1 PRESSURE
     1     1    16     3    10     6     0     0     0.0   60.984 -139.059    750.0    794.2
     1     1    16     3    10     5     0     0    -1.0   60.807 -138.699    745.9    797.0
     1     1    16     3    10     4     0     0    -2.0   60.631 -138.334    738.8    800.0
     1     1    16     3    10     3     0     0    -3.0   60.455 -137.964    727.2    803.5
     1     1    16     3    10     2     0     0    -4.0   60.277 -137.587    709.2    807.6
     1     1    16     3    10     1     0     0    -5.0   60.094 -137.205    683.0    812.2
     1     1    16     3    10     0     0     0    -6.0   59.908 -136.826    648.3    819.0
     1     1    16     3     9    23     0     0    -7.0   59.712 -136.448    611.6    828.5
     1     1    16     3     9    22     0     0    -8.0   59.504 -136.061    579.5    836.3
     1     1    16     3     9    21     0     0    -9.0   59.285 -135.663    552.4    843.6
     1     1    16     3     9    20     0     0   -10.0   59.059 -135.253    530.3    850.3
     1     1    16     3     9    19     0     0   -11.0   58.825 -134.830    513.1    855.3
     1     1    16     3     9    18     0     0   -12.0   58.587 -134.398    500.4    857.8
     1     1    16     3     9    17     0     0   -13.0   58.341 -133.978    489.0    859.6
     1     1    16     3     9    16     0     0   -14.0   58.091 -133.580    475.6    861.6
     1     1    16     3     9    15     0     0   -15.0   57.838 -133.193    459.8    863.5
     1     1    16     3     9    14     0     0   -16.0   57.586 -132.807    441.6    864.9
     1     1    16     3     9    13     0     0   -17.0   57.337 -132.425    421.5    866.7
     1     1    16     3     9    12     0     0   -18.0   57.091 -132.056    400.6    868.6
     1     1    16     3     9    11     0     0   -19.0   56.841 -131.722    378.9    871.3
     1     1    16     3     9    10     0     0   -20.0   56.587 -131.434    356.4    874.7
     1     1    16     3     9     9     0     0   -21.0   56.329 -131.178    333.4    878.6
     1     1    16     3     9     8     0     0   -22.0   56.070 -130.945    310.1    883.1
     1     1    16     3     9     7     0     0   -23.0   55.810 -130.726    286.8    888.0
     1     1    16     3     9     6     0     0   -24.0   55.553 -130.513    263.9    893.0
     1     1    16     3     9     5     0     0   -25.0   55.299 -130.300    241.9    897.7
     1     1    16     3     9     4     0     0   -26.0   55.051 -130.085    221.5    902.1
     1     1    16     3     9     3     0     0   -27.0   54.812 -129.877    204.4    906.0
     1     1    16     3     9     2     0     0   -28.0   54.586 -129.685    191.7    908.9
     1     1    16     3     9     1     0     0   -29.0   54.372 -129.506    183.0    911.2
     1     1    16     3     9     0     0     0   -30.0   54.169 -129.337    177.5    913.1
     1     1    16     3     8    23     0     0   -31.0   53.968 -129.182    171.3    914.7
     1     1    16     3     8    22     0     0   -32.0   53.756 -129.047    160.5    917.5
     1     1    16     3     8    21     0     0   -33.0   53.533 -128.928    145.3    921.1
     1     1    16     3     8    20     0     0   -34.0   53.296 -128.823    125.3    925.8
     1     1    16     3     8    19     0     0   -35.0   53.042 -128.724    100.8    931.6
     1     1    16     3     8    18     0     0   -36.0   52.767 -128.625     71.5    938.7
     1     1    16     3     8    17     0     0   -37.0   52.488 -128.503     45.1    945.0
     1     1    16     3     8    16     0     0   -38.0   52.227 -128.356     27.0    948.8
     1     1    16     3     8    15     0     0   -39.0   51.989 -128.202     16.4    951.5
     1     1    16     3     8    14     0     0   -40.0   51.764 -128.050      9.9    953.1
     1     1    16     3     8    13     0     0   -41.0   51.550 -127.905      6.0    954.3
     1     1    16     3     8    12     0     0   -42.0   51.341 -127.767      2.8    955.7
     1     1    16     3     8    11     0     0   -43.0   51.135 -127.645      0.1    957.4
     1     1    16     3     8    10     0     0   -44.0   50.934 -127.543      0.0    959.5
     1     1    16     3     8     9     0     0   -45.0   50.735 -127.461      0.0    961.8
     1     1    16     3     8     8     0     0   -46.0   50.538 -127.402      0.0    964.3
     1     1    16     3     8     7     0     0   -47.0   50.345 -127.366      0.0    967.1
     1     1    16     3     8     6     0     0   -48.0   50.158 -127.356      0.0    970.3
     1     1    16     3     8     5     0     0   -49.0   49.982 -127.373      0.0    973.5
     1     1    16     3     8     4     0     0   -50.0   49.826 -127.418      0.0    977.0
     1     1    16     3     8     3     0     0   -51.0   49.689 -127.490      0.0    980.6
     1     1    16     3     8     2     0     0   -52.0   49.573 -127.589      0.0    983.7
     1     1    16     3     8     1     0     0   -53.0   49.478 -127.712      0.0    986.6
     1     1    16     3     8     0     0     0   -54.0   49.406 -127.861      0.0    989.3
     1     1    16     3     7    23     0     0   -55.0   49.350 -128.037      0.0    991.1
     1     1    16     3     7    22     0     0   -56.0   49.304 -128.246      0.0    993.0
     1     1    16     3     7    21     0     0   -57.0   49.268 -128.493      0.0    995.1
     1     1    16     3     7    20     0     0   -58.0   49.243 -128.786      0.0    997.3
     1     1    16     3     7    19     0     0   -59.0   49.229 -129.134      0.0    999.9
     1     1    16     3     7    18     0     0   -60.0   49.228 -129.547      0.0   1002.9
     1     1    16     3     7    17     0     0   -61.0   49.214 -130.012      0.0   1006.1
     1     1    16     3     7    16     0     0   -62.0   49.171 -130.503      0.0   1005.8
     1     1    16     3     7    15     0     0   -63.0   49.110 -131.020      0.0   1005.4
     1     1    16     3     7    14     0     0   -64.0   49.039 -131.574      0.0   1004.7
     1     1    16     3     7    13     0     0   -65.0   48.966 -132.174      0.0   1003.8
     1     1    16     3     7    12     0     0   -66.0   48.902 -132.835      0.0   1002.0
     1     1    16     3     7    11     0     0   -67.0   48.861 -133.556      0.0    999.4
     1     1    16     3     7    10     0     0   -68.0   48.851 -134.338      0.0    996.5
     1     1    16     3     7     9     0     0   -69.0   48.881 -135.189      0.0    993.7
     1     1    16     3     7     8     0     0   -70.0   48.953 -136.080      0.3    992.0
     1     1    16     3     7     7     0     0   -71.0   49.074 -136.998      0.3    989.9
     1     1    16     3     7     6     0     0   -72.0   49.251 -137.954      0.2    988.9
