     1     1
    CDC1    15    11     1     0     0
     1 BACKWARD OMEGA   
    15    11    16     0   60.984 -139.059   750.0
     1 PRESSURE
     1     1    15    11    16     0     0     0     0.0   60.984 -139.059    750.0    794.6
     1     1    15    11    15    23     0     0    -1.0   60.865 -139.111    738.2    797.6
     1     1    15    11    15    22     0     0    -2.0   60.751 -139.154    723.8    801.0
     1     1    15    11    15    21     0     0    -3.0   60.642 -139.192    706.4    804.6
     1     1    15    11    15    20     0     0    -4.0   60.538 -139.229    685.8    808.5
     1     1    15    11    15    19     0     0    -5.0   60.442 -139.266    661.9    812.7
     1     1    15    11    15    18     0     0    -6.0   60.352 -139.308    634.4    817.3
     1     1    15    11    15    17     0     0    -7.0   60.270 -139.341    604.8    822.2
     1     1    15    11    15    16     0     0    -8.0   60.191 -139.354    574.8    826.4
     1     1    15    11    15    15     0     0    -9.0   60.115 -139.344    544.1    830.7
     1     1    15    11    15    14     0     0   -10.0   60.042 -139.308    512.6    835.1
     1     1    15    11    15    13     0     0   -11.0   59.972 -139.243    480.5    840.0
     1     1    15    11    15    12     0     0   -12.0   59.906 -139.149    448.2    845.7
     1     1    15    11    15    11     0     0   -13.0   59.842 -139.032    415.2    851.6
     1     1    15    11    15    10     0     0   -14.0   59.781 -138.894    380.8    857.7
     1     1    15    11    15     9     0     0   -15.0   59.722 -138.740    346.0    863.4
     1     1    15    11    15     8     0     0   -16.0   59.661 -138.577    312.1    868.9
     1     1    15    11    15     7     0     0   -17.0   59.598 -138.407    279.7    874.5
     1     1    15    11    15     6     0     0   -18.0   59.535 -138.234    249.4    880.0
     1     1    15    11    15     5     0     0   -19.0   59.470 -138.064    220.3    885.2
     1     1    15    11    15     4     0     0   -20.0   59.402 -137.906    192.2    890.7
     1     1    15    11    15     3     0     0   -21.0   59.330 -137.759    165.2    895.2
     1     1    15    11    15     2     0     0   -22.0   59.255 -137.618    139.4    900.0
     1     1    15    11    15     1     0     0   -23.0   59.175 -137.484    115.6    904.8
     1     1    15    11    15     0     0     0   -24.0   59.091 -137.355     94.4    909.5
     1     1    15    11    14    23     0     0   -25.0   59.005 -137.237     77.0    914.0
     1     1    15    11    14    22     0     0   -26.0   58.920 -137.130     62.8    917.1
     1     1    15    11    14    21     0     0   -27.0   58.837 -137.033     50.9    920.0
     1     1    15    11    14    20     0     0   -28.0   58.755 -136.947     40.8    922.9
     1     1    15    11    14    19     0     0   -29.0   58.673 -136.870     32.5    925.8
     1     1    15    11    14    18     0     0   -30.0   58.591 -136.804     25.7    928.6
     1     1    15    11    14    17     0     0   -31.0   58.504 -136.747     20.2    931.3
     1     1    15    11    14    16     0     0   -32.0   58.409 -136.701     15.8    934.3
     1     1    15    11    14    15     0     0   -33.0   58.305 -136.666     12.5    937.4
     1     1    15    11    14    14     0     0   -34.0   58.191 -136.644     10.0    940.8
     1     1    15    11    14    13     0     0   -35.0   58.068 -136.638      7.9    944.1
     1     1    15    11    14    12     0     0   -36.0   57.933 -136.649      5.8    947.8
     1     1    15    11    14    11     0     0   -37.0   57.791 -136.695      3.7    952.1
     1     1    15    11    14    10     0     0   -38.0   57.648 -136.791      1.6    956.8
     1     1    15    11    14     9     0     0   -39.0   57.505 -136.942      0.0    962.1
     1     1    15    11    14     8     0     0   -40.0   57.367 -137.156      0.0    965.5
     1     1    15    11    14     7     0     0   -41.0   57.237 -137.438      0.0    969.0
     1     1    15    11    14     6     0     0   -42.0   57.118 -137.793      0.0    971.5
     1     1    15    11    14     5     0     0   -43.0   57.010 -138.213      0.0    973.3
     1     1    15    11    14     4     0     0   -44.0   56.913 -138.695      0.0    974.9
     1     1    15    11    14     3     0     0   -45.0   56.830 -139.243      0.0    976.4
     1     1    15    11    14     2     0     0   -46.0   56.763 -139.859      0.0    977.7
     1     1    15    11    14     1     0     0   -47.0   56.720 -140.531      0.0    979.9
     1     1    15    11    14     0     0     0   -48.0   56.706 -141.238      0.0    982.2
     1     1    15    11    13    23     0     0   -49.0   56.728 -141.963      0.0    984.2
     1     1    15    11    13    22     0     0   -50.0   56.790 -142.689      0.0    986.3
     1     1    15    11    13    21     0     0   -51.0   56.898 -143.408      1.0    989.0
     1     1    15    11    13    20     0     0   -52.0   57.053 -144.109      2.8    992.4
     1     1    15    11    13    19     0     0   -53.0   57.251 -144.785      4.7    996.7
     1     1    15    11    13    18     0     0   -54.0   57.486 -145.430      6.2   1000.0
     1     1    15    11    13    17     0     0   -55.0   57.749 -146.032      8.0    992.7
     1     1    15    11    13    16     0     0   -56.0   58.031 -146.577     10.9    985.0
     1     1    15    11    13    15     0     0   -57.0   58.326 -147.068     16.3    976.6
     1     1    15    11    13    14     0     0   -58.0   58.629 -147.508     27.9    967.7
     1     1    15    11    13    13     0     0   -59.0   58.933 -147.884     51.2    956.3
     1     1    15    11    13    12     0     0   -60.0   59.234 -148.178     91.6    944.0
     1     1    15    11    13    11     0     0   -61.0   59.533 -148.372    146.3    928.6
     1     1    15    11    13    10     0     0   -62.0   59.831 -148.454    210.9    913.9
     1     1    15    11    13     9     0     0   -63.0   60.128 -148.411    281.7    896.9
     1     1    15    11    13     8     0     0   -64.0   60.421 -148.242    352.2    881.4
     1     1    15    11    13     7     0     0   -65.0   60.706 -147.945    419.9    865.3
     1     1    15    11    13     6     0     0   -66.0   60.977 -147.517    484.4    848.9
     1     1    15    11    13     5     0     0   -67.0   61.220 -147.023    543.0    833.0
     1     1    15    11    13     4     0     0   -68.0   61.422 -146.538    593.0    819.6
     1     1    15    11    13     3     0     0   -69.0   61.585 -146.079    633.9    807.9
     1     1    15    11    13     2     0     0   -70.0   61.710 -145.653    665.4    798.3
     1     1    15    11    13     1     0     0   -71.0   61.800 -145.261    687.6    790.9
     1     1    15    11    13     0     0     0   -72.0   61.857 -144.897    700.8    785.6
