     1     1
    CDC1    16     2     1     0     0
     1 BACKWARD OMEGA   
    16     2    17     6   60.984 -139.059   750.0
     1 PRESSURE
     1     1    16     2    17     6     0     0     0.0   60.984 -139.059    750.0    800.6
     1     1    16     2    17     5     0     0    -1.0   60.959 -138.796    738.9    802.3
     1     1    16     2    17     4     0     0    -2.0   60.949 -138.533    734.2    802.8
     1     1    16     2    17     3     0     0    -3.0   60.955 -138.271    736.4    802.4
     1     1    16     2    17     2     0     0    -4.0   60.979 -138.012    745.9    800.9
     1     1    16     2    17     1     0     0    -5.0   61.022 -137.757    763.1    798.4
     1     1    16     2    17     0     0     0    -6.0   61.085 -137.509    788.4    794.9
     1     1    16     2    16    23     0     0    -7.0   61.163 -137.277    817.6    789.1
     1     1    16     2    16    22     0     0    -8.0   61.251 -137.070    847.6    783.8
     1     1    16     2    16    21     0     0    -9.0   61.348 -136.889    877.9    778.4
     1     1    16     2    16    20     0     0   -10.0   61.456 -136.737    908.3    773.0
     1     1    16     2    16    19     0     0   -11.0   61.574 -136.615    938.8    767.4
     1     1    16     2    16    18     0     0   -12.0   61.702 -136.526    969.4    761.8
     1     1    16     2    16    17     0     0   -13.0   61.836 -136.468   1000.0    756.7
     1     1    16     2    16    16     0     0   -14.0   61.971 -136.439   1030.4    751.7
     1     1    16     2    16    15     0     0   -15.0   62.105 -136.442   1061.5    746.7
     1     1    16     2    16    14     0     0   -16.0   62.239 -136.479   1093.8    741.8
     1     1    16     2    16    13     0     0   -17.0   62.371 -136.552   1128.1    736.8
     1     1    16     2    16    12     0     0   -18.0   62.500 -136.665   1165.1    731.7
     1     1    16     2    16    11     0     0   -19.0   62.629 -136.815   1202.8    730.5
     1     1    16     2    16    10     0     0   -20.0   62.759 -136.997   1233.4    730.4
     1     1    16     2    16     9     0     0   -21.0   62.889 -137.205   1256.1    730.8
     1     1    16     2    16     8     0     0   -22.0   63.019 -137.435   1269.7    732.2
     1     1    16     2    16     7     0     0   -23.0   63.150 -137.683   1273.0    734.5
     1     1    16     2    16     6     0     0   -24.0   63.280 -137.944   1265.4    737.7
     1     1    16     2    16     5     0     0   -25.0   63.404 -138.232   1251.2    742.3
     1     1    16     2    16     4     0     0   -26.0   63.517 -138.561   1233.8    746.6
     1     1    16     2    16     3     0     0   -27.0   63.620 -138.924   1213.4    750.9
     1     1    16     2    16     2     0     0   -28.0   63.712 -139.319   1189.8    755.4
     1     1    16     2    16     1     0     0   -29.0   63.793 -139.742   1162.9    760.1
     1     1    16     2    16     0     0     0   -30.0   63.865 -140.187   1132.6    765.0
     1     1    16     2    15    23     0     0   -31.0   63.921 -140.635   1100.5    769.9
     1     1    16     2    15    22     0     0   -32.0   63.958 -141.073   1069.4    774.0
     1     1    16     2    15    21     0     0   -33.0   63.976 -141.502   1039.4    777.8
     1     1    16     2    15    20     0     0   -34.0   63.974 -141.925   1010.8    780.9
     1     1    16     2    15    19     0     0   -35.0   63.953 -142.346    983.9    783.5
     1     1    16     2    15    18     0     0   -36.0   63.912 -142.765    959.2    786.1
     1     1    16     2    15    17     0     0   -37.0   63.862 -143.161    935.2    788.9
     1     1    16     2    15    16     0     0   -38.0   63.812 -143.513    909.5    792.0
     1     1    16     2    15    15     0     0   -39.0   63.762 -143.822    881.7    794.8
     1     1    16     2    15    14     0     0   -40.0   63.713 -144.090    851.7    797.7
     1     1    16     2    15    13     0     0   -41.0   63.663 -144.317    819.2    800.7
     1     1    16     2    15    12     0     0   -42.0   63.613 -144.504    784.0    803.8
     1     1    16     2    15    11     0     0   -43.0   63.559 -144.685    746.5    807.0
     1     1    16     2    15    10     0     0   -44.0   63.496 -144.891    708.1    810.3
     1     1    16     2    15     9     0     0   -45.0   63.423 -145.119    668.2    813.9
     1     1    16     2    15     8     0     0   -46.0   63.341 -145.369    626.8    818.1
     1     1    16     2    15     7     0     0   -47.0   63.248 -145.635    583.9    822.3
     1     1    16     2    15     6     0     0   -48.0   63.145 -145.914    539.1    826.3
     1     1    16     2    15     5     0     0   -49.0   63.039 -146.154    494.8    830.8
     1     1    16     2    15     4     0     0   -50.0   62.939 -146.306    453.3    834.4
     1     1    16     2    15     3     0     0   -51.0   62.846 -146.371    414.3    837.5
     1     1    16     2    15     2     0     0   -52.0   62.761 -146.350    378.0    840.1
     1     1    16     2    15     1     0     0   -53.0   62.686 -146.246    345.0    841.3
     1     1    16     2    15     0     0     0   -54.0   62.620 -146.063    315.7    841.6
     1     1    16     2    14    23     0     0   -55.0   62.555 -145.850    287.1    841.5
     1     1    16     2    14    22     0     0   -56.0   62.479 -145.652    255.3    843.0
     1     1    16     2    14    21     0     0   -57.0   62.394 -145.469    220.1    847.9
     1     1    16     2    14    20     0     0   -58.0   62.300 -145.301    181.5    853.7
     1     1    16     2    14    19     0     0   -59.0   62.209 -145.142    142.3    858.9
     1     1    16     2    14    18     0     0   -60.0   62.132 -144.985    105.2    863.9
     1     1    16     2    14    17     0     0   -61.0   62.073 -144.818     74.2    869.1
     1     1    16     2    14    16     0     0   -62.0   62.028 -144.635     50.9    871.3
     1     1    16     2    14    15     0     0   -63.0   61.990 -144.437     33.9    873.0
     1     1    16     2    14    14     0     0   -64.0   61.957 -144.223     22.1    874.1
     1     1    16     2    14    13     0     0   -65.0   61.929 -143.990     14.3    874.8
     1     1    16     2    14    12     0     0   -66.0   61.899 -143.735      9.0    874.6
     1     1    16     2    14    11     0     0   -67.0   61.864 -143.484      4.9    874.0
     1     1    16     2    14    10     0     0   -68.0   61.819 -143.262      1.0    873.8
     1     1    16     2    14     9     0     0   -69.0   61.764 -143.067      0.0    873.9
     1     1    16     2    14     8     0     0   -70.0   61.699 -142.896      0.0    874.4
     1     1    16     2    14     7     0     0   -71.0   61.625 -142.744      0.0    875.2
     1     1    16     2    14     6     0     0   -72.0   61.544 -142.606      0.0    876.3
