     1     1
    CDC1    16     1     1     0     0
     1 BACKWARD OMEGA   
    16     1    29    12   60.984 -139.059   750.0
     1 PRESSURE
     1     1    16     1    29    12     0     0     0.0   60.984 -139.059    750.0    793.7
     1     1    16     1    29    11     0     0    -1.0   60.874 -139.195    703.2    799.8
     1     1    16     1    29    10     0     0    -2.0   60.737 -139.314    652.9    807.2
     1     1    16     1    29     9     0     0    -3.0   60.572 -139.415    598.3    815.6
     1     1    16     1    29     8     0     0    -4.0   60.375 -139.495    538.4    824.5
     1     1    16     1    29     7     0     0    -5.0   60.144 -139.550    472.2    835.1
     1     1    16     1    29     6     0     0    -6.0   59.879 -139.588    399.6    849.6
     1     1    16     1    29     5     0     0    -7.0   59.609 -139.610    330.6    866.8
     1     1    16     1    29     4     0     0    -8.0   59.354 -139.613    273.9    881.2
     1     1    16     1    29     3     0     0    -9.0   59.106 -139.603    229.0    894.4
     1     1    16     1    29     2     0     0   -10.0   58.856 -139.588    193.3    906.5
     1     1    16     1    29     1     0     0   -11.0   58.597 -139.578    164.6    917.5
     1     1    16     1    29     0     0     0   -12.0   58.321 -139.586    141.1    928.8
     1     1    16     1    28    23     0     0   -13.0   58.031 -139.626    120.7    940.2
     1     1    16     1    28    22     0     0   -14.0   57.731 -139.706    102.3    952.4
     1     1    16     1    28    21     0     0   -15.0   57.419 -139.826     86.4    962.9
     1     1    16     1    28    20     0     0   -16.0   57.099 -139.979     72.9    966.6
     1     1    16     1    28    19     0     0   -17.0   56.779 -140.161     61.5    969.5
     1     1    16     1    28    18     0     0   -18.0   56.458 -140.376     51.6    972.1
     1     1    16     1    28    17     0     0   -19.0   56.131 -140.617     43.3    974.5
     1     1    16     1    28    16     0     0   -20.0   55.792 -140.882     36.4    976.2
     1     1    16     1    28    15     0     0   -21.0   55.442 -141.183     30.7    977.1
     1     1    16     1    28    14     0     0   -22.0   55.082 -141.538     26.0    977.0
     1     1    16     1    28    13     0     0   -23.0   54.710 -141.941     22.1    976.1
     1     1    16     1    28    12     0     0   -24.0   54.323 -142.377     18.9    975.6
     1     1    16     1    28    11     0     0   -25.0   53.933 -142.836     16.4    975.6
     1     1    16     1    28    10     0     0   -26.0   53.558 -143.314     14.6    975.7
     1     1    16     1    28     9     0     0   -27.0   53.198 -143.818     13.3    975.7
     1     1    16     1    28     8     0     0   -28.0   52.849 -144.358     12.3    975.8
     1     1    16     1    28     7     0     0   -29.0   52.504 -144.943     11.8    976.2
     1     1    16     1    28     6     0     0   -30.0   52.164 -145.560     11.4    975.3
     1     1    16     1    28     5     0     0   -31.0   51.837 -146.175     11.2    974.0
     1     1    16     1    28     4     0     0   -32.0   51.522 -146.780     11.0    972.4
     1     1    16     1    28     3     0     0   -33.0   51.220 -147.394     10.9    970.5
     1     1    16     1    28     2     0     0   -34.0   50.931 -148.037     10.9    969.8
     1     1    16     1    28     1     0     0   -35.0   50.659 -148.725     10.8    969.4
     1     1    16     1    28     0     0     0   -36.0   50.405 -149.480     10.8    969.2
     1     1    16     1    27    23     0     0   -37.0   50.179 -150.284     10.8    968.8
     1     1    16     1    27    22     0     0   -38.0   49.987 -151.095     10.7    967.9
     1     1    16     1    27    21     0     0   -39.0   49.834 -151.896     10.6    967.2
     1     1    16     1    27    20     0     0   -40.0   49.724 -152.680     10.5    966.1
     1     1    16     1    27    19     0     0   -41.0   49.660 -153.463     10.5    963.6
     1     1    16     1    27    18     0     0   -42.0   49.650 -154.259     10.5    961.0
     1     1    16     1    27    17     0     0   -43.0   49.700 -155.061     10.5    958.7
     1     1    16     1    27    16     0     0   -44.0   49.816 -155.848     10.4    957.5
     1     1    16     1    27    15     0     0   -45.0   50.007 -156.619     10.2    955.8
     1     1    16     1    27    14     0     0   -46.0   50.278 -157.358      9.8    956.0
     1     1    16     1    27    13     0     0   -47.0   50.611 -158.024      9.3    958.3
     1     1    16     1    27    12     0     0   -48.0   50.984 -158.606      8.7    960.7
     1     1    16     1    27    11     0     0   -49.0   51.393 -159.094      7.9    962.7
     1     1    16     1    27    10     0     0   -50.0   51.829 -159.479      7.2    964.1
     1     1    16     1    27     9     0     0   -51.0   52.284 -159.757      6.4    965.0
     1     1    16     1    27     8     0     0   -52.0   52.737 -159.923      5.7    965.8
     1     1    16     1    27     7     0     0   -53.0   53.164 -159.975      5.0    966.6
     1     1    16     1    27     6     0     0   -54.0   53.556 -159.921      4.4    967.3
     1     1    16     1    27     5     0     0   -55.0   53.907 -159.791      3.8    968.0
     1     1    16     1    27     4     0     0   -56.0   54.208 -159.620      3.3    968.6
     1     1    16     1    27     3     0     0   -57.0   54.460 -159.409      2.8    969.3
     1     1    16     1    27     2     0     0   -58.0   54.665 -159.159      2.3    970.1
     1     1    16     1    27     1     0     0   -59.0   54.824 -158.871      1.8    971.0
     1     1    16     1    27     0     0     0   -60.0   54.940 -158.540      1.4    972.1
     1     1    16     1    26    23     0     0   -61.0   55.013 -158.190      1.1    972.3
     1     1    16     1    26    22     0     0   -62.0   55.042 -157.852      0.7    972.5
     1     1    16     1    26    21     0     0   -63.0   55.023 -157.530      0.4    973.0
     1     1    16     1    26    20     0     0   -64.0   54.953 -157.232      0.1    972.8
     1     1    16     1    26    19     0     0   -65.0   54.834 -156.958      0.0    972.4
     1     1    16     1    26    18     0     0   -66.0   54.667 -156.704      0.0    972.1
     1     1    16     1    26    17     0     0   -67.0   54.475 -156.459      0.0    971.3
     1     1    16     1    26    16     0     0   -68.0   54.279 -156.218      0.0    970.8
     1     1    16     1    26    15     0     0   -69.0   54.074 -155.986      0.0    970.6
     1     1    16     1    26    14     0     0   -70.0   53.855 -155.770      0.0    970.7
     1     1    16     1    26    13     0     0   -71.0   53.619 -155.581      0.0    971.2
     1     1    16     1    26    12     0     0   -72.0   53.361 -155.428      0.0    971.9
