     1     1
    CDC1    15    11     1     0     0
     1 BACKWARD OMEGA   
    15    11    12     0   60.984 -139.059   750.0
     1 PRESSURE
     1     1    15    11    12     0     0     0     0.0   60.984 -139.059    750.0    796.2
     1     1    15    11    11    23     0     0    -1.0   60.731 -139.045    702.7    805.5
     1     1    15    11    11    22     0     0    -2.0   60.501 -139.044    655.9    814.9
     1     1    15    11    11    21     0     0    -3.0   60.300 -139.064    611.1    823.8
     1     1    15    11    11    20     0     0    -4.0   60.135 -139.119    570.5    831.2
     1     1    15    11    11    19     0     0    -5.0   60.010 -139.216    536.3    837.2
     1     1    15    11    11    18     0     0    -6.0   59.928 -139.366    510.7    843.2
     1     1    15    11    11    17     0     0    -7.0   59.874 -139.556    488.9    847.0
     1     1    15    11    11    16     0     0    -8.0   59.830 -139.767    465.8    851.3
     1     1    15    11    11    15     0     0    -9.0   59.800 -140.005    442.0    855.4
     1     1    15    11    11    14     0     0   -10.0   59.784 -140.270    418.5    860.2
     1     1    15    11    11    13     0     0   -11.0   59.785 -140.564    395.9    864.5
     1     1    15    11    11    12     0     0   -12.0   59.806 -140.890    374.9    868.3
     1     1    15    11    11    11     0     0   -13.0   59.845 -141.222    356.7    870.3
     1     1    15    11    11    10     0     0   -14.0   59.899 -141.534    342.3    871.1
     1     1    15    11    11     9     0     0   -15.0   59.967 -141.826    330.9    870.9
     1     1    15    11    11     8     0     0   -16.0   60.048 -142.100    322.4    870.5
     1     1    15    11    11     7     0     0   -17.0   60.140 -142.361    316.5    870.0
     1     1    15    11    11     6     0     0   -18.0   60.239 -142.610    313.1    869.3
     1     1    15    11    11     5     0     0   -19.0   60.335 -142.858    310.7    868.9
     1     1    15    11    11     4     0     0   -20.0   60.417 -143.117    307.7    869.1
     1     1    15    11    11     3     0     0   -21.0   60.487 -143.386    303.8    869.7
     1     1    15    11    11     2     0     0   -22.0   60.542 -143.663    298.9    870.7
     1     1    15    11    11     1     0     0   -23.0   60.585 -143.949    292.8    872.2
     1     1    15    11    11     0     0     0   -24.0   60.614 -144.243    285.3    874.2
     1     1    15    11    10    23     0     0   -25.0   60.637 -144.536    278.9    876.8
     1     1    15    11    10    22     0     0   -26.0   60.664 -144.817    276.3    878.5
     1     1    15    11    10    21     0     0   -27.0   60.696 -145.088    277.4    879.6
     1     1    15    11    10    20     0     0   -28.0   60.731 -145.347    282.1    879.9
     1     1    15    11    10    19     0     0   -29.0   60.768 -145.593    290.1    879.7
     1     1    15    11    10    18     0     0   -30.0   60.809 -145.826    301.4    878.9
     1     1    15    11    10    17     0     0   -31.0   60.844 -146.038    312.9    878.0
     1     1    15    11    10    16     0     0   -32.0   60.865 -146.221    321.4    878.0
     1     1    15    11    10    15     0     0   -33.0   60.873 -146.378    327.2    878.4
     1     1    15    11    10    14     0     0   -34.0   60.868 -146.507    330.2    879.2
     1     1    15    11    10    13     0     0   -35.0   60.852 -146.608    330.6    880.4
     1     1    15    11    10    12     0     0   -36.0   60.824 -146.681    328.4    882.0
     1     1    15    11    10    11     0     0   -37.0   60.796 -146.743    326.9    883.9
     1     1    15    11    10    10     0     0   -38.0   60.776 -146.810    329.0    884.9
     1     1    15    11    10     9     0     0   -39.0   60.762 -146.881    334.9    885.4
     1     1    15    11    10     8     0     0   -40.0   60.755 -146.958    344.5    885.4
     1     1    15    11    10     7     0     0   -41.0   60.754 -147.040    358.0    884.9
     1     1    15    11    10     6     0     0   -42.0   60.758 -147.128    375.6    883.9
     1     1    15    11    10     5     0     0   -43.0   60.762 -147.236    393.0    882.4
     1     1    15    11    10     4     0     0   -44.0   60.759 -147.377    405.9    882.5
     1     1    15    11    10     3     0     0   -45.0   60.749 -147.549    414.4    883.2
     1     1    15    11    10     2     0     0   -46.0   60.731 -147.752    418.3    884.4
     1     1    15    11    10     1     0     0   -47.0   60.701 -147.982    417.5    886.4
     1     1    15    11    10     0     0     0   -48.0   60.659 -148.235    412.1    889.4
     1     1    15    11     9    23     0     0   -49.0   60.611 -148.513    402.7    892.5
     1     1    15    11     9    22     0     0   -50.0   60.561 -148.819    389.9    896.0
     1     1    15    11     9    21     0     0   -51.0   60.513 -149.157    374.5    899.9
     1     1    15    11     9    20     0     0   -52.0   60.467 -149.530    357.6    903.5
     1     1    15    11     9    19     0     0   -53.0   60.425 -149.943    340.4    907.2
     1     1    15    11     9    18     0     0   -54.0   60.385 -150.402    323.3    909.8
     1     1    15    11     9    17     0     0   -55.0   60.330 -150.883    306.5    912.5
     1     1    15    11     9    16     0     0   -56.0   60.252 -151.358    290.0    915.5
     1     1    15    11     9    15     0     0   -57.0   60.154 -151.828    273.9    918.6
     1     1    15    11     9    14     0     0   -58.0   60.042 -152.297    258.2    921.6
     1     1    15    11     9    13     0     0   -59.0   59.915 -152.768    242.8    924.9
     1     1    15    11     9    12     0     0   -60.0   59.772 -153.249    227.7    928.4
     1     1    15    11     9    11     0     0   -61.0   59.618 -153.729    209.9    931.8
     1     1    15    11     9    10     0     0   -62.0   59.465 -154.190    187.0    936.3
     1     1    15    11     9     9     0     0   -63.0   59.316 -154.630    162.0    940.5
     1     1    15    11     9     8     0     0   -64.0   59.178 -155.051    137.3    945.0
     1     1    15    11     9     7     0     0   -65.0   59.052 -155.459    114.9    950.8
     1     1    15    11     9     6     0     0   -66.0   58.935 -155.860     95.7    956.0
     1     1    15    11     9     5     0     0   -67.0   58.812 -156.270     80.2    960.4
     1     1    15    11     9     4     0     0   -68.0   58.670 -156.713     67.9    964.0
     1     1    15    11     9     3     0     0   -69.0   58.514 -157.217     57.9    967.3
     1     1    15    11     9     2     0     0   -70.0   58.348 -157.808     49.8    970.9
     1     1    15    11     9     1     0     0   -71.0   58.166 -158.505     43.3    975.0
     1     1    15    11     9     0     0     0   -72.0   57.963 -159.317     38.3    979.1
