     1     1
    CDC1    15    12     1     0     0
     1 BACKWARD OMEGA   
    15    12    26     0   60.984 -139.059   750.0
     1 PRESSURE
     1     1    15    12    26     0     0     0     0.0   60.984 -139.059    750.0    808.3
     1     1    15    12    25    23     0     0    -1.0   60.733 -138.852    679.4    820.5
     1     1    15    12    25    22     0     0    -2.0   60.474 -138.641    615.2    832.8
     1     1    15    12    25    21     0     0    -3.0   60.216 -138.417    563.0    843.1
     1     1    15    12    25    20     0     0    -4.0   59.972 -138.177    527.4    851.9
     1     1    15    12    25    19     0     0    -5.0   59.751 -137.927    511.5    861.1
     1     1    15    12    25    18     0     0    -6.0   59.559 -137.680    515.4    867.0
     1     1    15    12    25    17     0     0    -7.0   59.402 -137.462    529.8    869.1
     1     1    15    12    25    16     0     0    -8.0   59.289 -137.292    544.4    870.3
     1     1    15    12    25    15     0     0    -9.0   59.219 -137.174    558.6    870.4
     1     1    15    12    25    14     0     0   -10.0   59.189 -137.109    571.9    869.6
     1     1    15    12    25    13     0     0   -11.0   59.199 -137.099    583.9    867.9
     1     1    15    12    25    12     0     0   -12.0   59.248 -137.144    594.3    865.5
     1     1    15    12    25    11     0     0   -13.0   59.314 -137.230    601.8    862.7
     1     1    15    12    25    10     0     0   -14.0   59.373 -137.334    605.4    860.8
     1     1    15    12    25     9     0     0   -15.0   59.425 -137.457    604.9    859.5
     1     1    15    12    25     8     0     0   -16.0   59.471 -137.596    600.4    858.7
     1     1    15    12    25     7     0     0   -17.0   59.510 -137.749    592.3    858.3
     1     1    15    12    25     6     0     0   -18.0   59.544 -137.918    580.9    858.5
     1     1    15    12    25     5     0     0   -19.0   59.578 -138.086    569.5    858.9
     1     1    15    12    25     4     0     0   -20.0   59.618 -138.240    561.3    858.3
     1     1    15    12    25     3     0     0   -21.0   59.663 -138.383    555.6    857.3
     1     1    15    12    25     2     0     0   -22.0   59.714 -138.516    552.2    855.9
     1     1    15    12    25     1     0     0   -23.0   59.769 -138.640    550.7    854.0
     1     1    15    12    25     0     0     0   -24.0   59.828 -138.755    551.0    851.9
     1     1    15    12    24    23     0     0   -25.0   59.889 -138.859    553.0    849.1
     1     1    15    12    24    22     0     0   -26.0   59.952 -138.951    557.4    845.9
     1     1    15    12    24    21     0     0   -27.0   60.016 -139.030    564.2    842.7
     1     1    15    12    24    20     0     0   -28.0   60.084 -139.099    573.8    839.9
     1     1    15    12    24    19     0     0   -29.0   60.157 -139.162    586.0    836.8
     1     1    15    12    24    18     0     0   -30.0   60.235 -139.218    600.3    833.4
     1     1    15    12    24    17     0     0   -31.0   60.322 -139.286    617.3    829.9
     1     1    15    12    24    16     0     0   -32.0   60.422 -139.380    636.6    825.8
     1     1    15    12    24    15     0     0   -33.0   60.532 -139.502    658.4    821.4
     1     1    15    12    24    14     0     0   -34.0   60.651 -139.649    682.7    816.6
     1     1    15    12    24    13     0     0   -35.0   60.778 -139.819    709.7    811.5
     1     1    15    12    24    12     0     0   -36.0   60.910 -140.011    739.7    806.2
     1     1    15    12    24    11     0     0   -37.0   61.040 -140.202    768.4    800.5
     1     1    15    12    24    10     0     0   -38.0   61.161 -140.369    791.5    796.1
     1     1    15    12    24     9     0     0   -39.0   61.274 -140.510    809.0    792.3
     1     1    15    12    24     8     0     0   -40.0   61.381 -140.626    820.8    789.0
     1     1    15    12    24     7     0     0   -41.0   61.481 -140.714    827.0    786.4
     1     1    15    12    24     6     0     0   -42.0   61.576 -140.773    827.5    784.4
     1     1    15    12    24     5     0     0   -43.0   61.669 -140.827    824.0    782.9
     1     1    15    12    24     4     0     0   -44.0   61.765 -140.904    818.2    781.4
     1     1    15    12    24     3     0     0   -45.0   61.864 -141.002    810.5    780.1
     1     1    15    12    24     2     0     0   -46.0   61.967 -141.119    801.2    778.8
     1     1    15    12    24     1     0     0   -47.0   62.073 -141.254    790.6    777.7
     1     1    15    12    24     0     0     0   -48.0   62.181 -141.406    778.9    776.5
     1     1    15    12    23    23     0     0   -49.0   62.288 -141.546    768.8    775.7
     1     1    15    12    23    22     0     0   -50.0   62.389 -141.650    763.5    774.2
     1     1    15    12    23    21     0     0   -51.0   62.486 -141.716    763.0    772.3
     1     1    15    12    23    20     0     0   -52.0   62.579 -141.746    768.3    772.9
     1     1    15    12    23    19     0     0   -53.0   62.668 -141.744    778.4    773.4
     1     1    15    12    23    18     0     0   -54.0   62.753 -141.709    792.8    773.4
     1     1    15    12    23    17     0     0   -55.0   62.840 -141.675    809.1    773.1
     1     1    15    12    23    16     0     0   -56.0   62.933 -141.675    824.6    773.3
     1     1    15    12    23    15     0     0   -57.0   63.033 -141.712    839.7    773.7
     1     1    15    12    23    14     0     0   -58.0   63.140 -141.787    854.8    774.3
     1     1    15    12    23    13     0     0   -59.0   63.255 -141.903    870.1    775.0
     1     1    15    12    23    12     0     0   -60.0   63.377 -142.063    886.0    775.9
     1     1    15    12    23    11     0     0   -61.0   63.498 -142.248    902.6    776.4
     1     1    15    12    23    10     0     0   -62.0   63.609 -142.436    920.8    776.4
     1     1    15    12    23     9     0     0   -63.0   63.710 -142.621    940.3    776.3
     1     1    15    12    23     8     0     0   -64.0   63.800 -142.801    961.1    776.0
     1     1    15    12    23     7     0     0   -65.0   63.882 -142.974    983.6    775.3
     1     1    15    12    23     6     0     0   -66.0   63.956 -143.139   1007.8    774.3
     1     1    15    12    23     5     0     0   -67.0   64.031 -143.309   1031.3    773.2
     1     1    15    12    23     4     0     0   -68.0   64.114 -143.495   1050.5    773.1
     1     1    15    12    23     3     0     0   -69.0   64.207 -143.695   1065.3    773.6
     1     1    15    12    23     2     0     0   -70.0   64.309 -143.906   1075.7    774.7
     1     1    15    12    23     1     0     0   -71.0   64.422 -144.127   1081.8    776.5
     1     1    15    12    23     0     0     0   -72.0   64.544 -144.355   1083.6    778.8
