     1     1
    CDC1    15    11     1     0     0
     1 BACKWARD OMEGA   
    15    11    17     0   60.984 -139.059   750.0
     1 PRESSURE
     1     1    15    11    17     0     0     0     0.0   60.984 -139.059    750.0    786.8
     1     1    15    11    16    23     0     0    -1.0   61.020 -138.978    768.8    784.4
     1     1    15    11    16    22     0     0    -2.0   61.048 -138.889    787.1    782.2
     1     1    15    11    16    21     0     0    -3.0   61.069 -138.795    805.0    780.2
     1     1    15    11    16    20     0     0    -4.0   61.084 -138.698    822.4    778.4
     1     1    15    11    16    19     0     0    -5.0   61.093 -138.598    839.2    776.7
     1     1    15    11    16    18     0     0    -6.0   61.095 -138.496    855.2    775.2
     1     1    15    11    16    17     0     0    -7.0   61.082 -138.402    869.8    774.8
     1     1    15    11    16    16     0     0    -8.0   61.046 -138.322    881.0    775.1
     1     1    15    11    16    15     0     0    -9.0   60.987 -138.257    889.2    776.1
     1     1    15    11    16    14     0     0   -10.0   60.906 -138.205    894.5    777.8
     1     1    15    11    16    13     0     0   -11.0   60.802 -138.162    896.7    780.1
     1     1    15    11    16    12     0     0   -12.0   60.676 -138.125    895.9    783.1
     1     1    15    11    16    11     0     0   -13.0   60.541 -138.091    892.4    785.8
     1     1    15    11    16    10     0     0   -14.0   60.410 -138.062    887.3    788.6
     1     1    15    11    16     9     0     0   -15.0   60.284 -138.039    880.4    791.5
     1     1    15    11    16     8     0     0   -16.0   60.163 -138.025    871.9    794.5
     1     1    15    11    16     7     0     0   -17.0   60.048 -138.021    861.7    797.7
     1     1    15    11    16     6     0     0   -18.0   59.938 -138.027    850.2    801.9
     1     1    15    11    16     5     0     0   -19.0   59.829 -138.038    838.2    806.6
     1     1    15    11    16     4     0     0   -20.0   59.714 -138.056    825.3    811.6
     1     1    15    11    16     3     0     0   -21.0   59.595 -138.085    812.1    816.9
     1     1    15    11    16     2     0     0   -22.0   59.471 -138.132    798.7    822.5
     1     1    15    11    16     1     0     0   -23.0   59.342 -138.201    785.5    828.3
     1     1    15    11    16     0     0     0   -24.0   59.210 -138.299    772.9    834.3
     1     1    15    11    15    23     0     0   -25.0   59.081 -138.419    759.1    840.1
     1     1    15    11    15    22     0     0   -26.0   58.961 -138.552    741.9    846.2
     1     1    15    11    15    21     0     0   -27.0   58.853 -138.699    721.5    852.4
     1     1    15    11    15    20     0     0   -28.0   58.759 -138.866    698.1    858.6
     1     1    15    11    15    19     0     0   -29.0   58.681 -139.053    671.8    864.8
     1     1    15    11    15    18     0     0   -30.0   58.620 -139.262    642.7    871.0
     1     1    15    11    15    17     0     0   -31.0   58.572 -139.478    613.3    876.9
     1     1    15    11    15    16     0     0   -32.0   58.530 -139.686    585.8    881.7
     1     1    15    11    15    15     0     0   -33.0   58.492 -139.892    559.9    886.3
     1     1    15    11    15    14     0     0   -34.0   58.457 -140.098    535.8    890.9
     1     1    15    11    15    13     0     0   -35.0   58.424 -140.305    513.3    895.6
     1     1    15    11    15    12     0     0   -36.0   58.393 -140.514    492.6    900.1
     1     1    15    11    15    11     0     0   -37.0   58.366 -140.720    473.8    904.4
     1     1    15    11    15    10     0     0   -38.0   58.346 -140.913    457.1    908.2
     1     1    15    11    15     9     0     0   -39.0   58.332 -141.094    442.3    911.4
     1     1    15    11    15     8     0     0   -40.0   58.323 -141.260    428.9    914.3
     1     1    15    11    15     7     0     0   -41.0   58.318 -141.411    416.6    916.8
     1     1    15    11    15     6     0     0   -42.0   58.316 -141.547    405.3    919.0
     1     1    15    11    15     5     0     0   -43.0   58.321 -141.684    393.5    920.8
     1     1    15    11    15     4     0     0   -44.0   58.335 -141.839    380.5    922.7
     1     1    15    11    15     3     0     0   -45.0   58.358 -142.014    366.7    924.0
     1     1    15    11    15     2     0     0   -46.0   58.391 -142.208    352.4    925.2
     1     1    15    11    15     1     0     0   -47.0   58.435 -142.423    338.1    926.1
     1     1    15    11    15     0     0     0   -48.0   58.488 -142.656    324.3    927.0
     1     1    15    11    14    23     0     0   -49.0   58.551 -142.903    312.9    927.4
     1     1    15    11    14    22     0     0   -50.0   58.625 -143.159    305.5    926.8
     1     1    15    11    14    21     0     0   -51.0   58.714 -143.417    302.0    925.4
     1     1    15    11    14    20     0     0   -52.0   58.817 -143.670    302.5    922.9
     1     1    15    11    14    19     0     0   -53.0   58.938 -143.909    307.2    919.3
     1     1    15    11    14    18     0     0   -54.0   59.075 -144.130    316.2    914.5
     1     1    15    11    14    17     0     0   -55.0   59.223 -144.315    327.7    909.0
     1     1    15    11    14    16     0     0   -56.0   59.374 -144.451    339.0    903.2
     1     1    15    11    14    15     0     0   -57.0   59.526 -144.541    349.0    897.3
     1     1    15    11    14    14     0     0   -58.0   59.678 -144.586    356.7    891.4
     1     1    15    11    14    13     0     0   -59.0   59.829 -144.588    361.0    885.5
     1     1    15    11    14    12     0     0   -60.0   59.977 -144.548    361.1    879.9
     1     1    15    11    14    11     0     0   -61.0   60.125 -144.486    360.2    876.0
     1     1    15    11    14    10     0     0   -62.0   60.275 -144.425    360.8    871.8
     1     1    15    11    14     9     0     0   -63.0   60.428 -144.363    363.4    867.3
     1     1    15    11    14     8     0     0   -64.0   60.582 -144.299    368.4    862.5
     1     1    15    11    14     7     0     0   -65.0   60.739 -144.229    376.1    857.3
     1     1    15    11    14     6     0     0   -66.0   60.897 -144.150    386.8    851.4
     1     1    15    11    14     5     0     0   -67.0   61.050 -144.059    398.5    845.0
     1     1    15    11    14     4     0     0   -68.0   61.193 -143.953    408.5    839.2
     1     1    15    11    14     3     0     0   -69.0   61.324 -143.833    416.1    834.0
     1     1    15    11    14     2     0     0   -70.0   61.444 -143.700    420.9    829.3
     1     1    15    11    14     1     0     0   -71.0   61.551 -143.552    422.4    825.3
     1     1    15    11    14     0     0     0   -72.0   61.646 -143.390    420.7    822.0
