     1     1
    CDC1    15    10     1     0     0
     1 BACKWARD OMEGA   
    15    10     3    18   60.984 -139.059   750.0
     1 PRESSURE
     1     1    15    10     3    18     0     0     0.0   60.984 -139.059    750.0    824.3
     1     1    15    10     3    17     0     0    -1.0   60.880 -139.250    753.6    826.5
     1     1    15    10     3    16     0     0    -2.0   60.787 -139.448    755.9    828.6
     1     1    15    10     3    15     0     0    -3.0   60.705 -139.654    756.5    830.8
     1     1    15    10     3    14     0     0    -4.0   60.633 -139.869    755.1    833.2
     1     1    15    10     3    13     0     0    -5.0   60.568 -140.095    751.1    836.0
     1     1    15    10     3    12     0     0    -6.0   60.510 -140.331    744.3    839.4
     1     1    15    10     3    11     0     0    -7.0   60.460 -140.565    735.3    842.6
     1     1    15    10     3    10     0     0    -8.0   60.421 -140.785    726.8    845.5
     1     1    15    10     3     9     0     0    -9.0   60.393 -140.991    719.0    848.0
     1     1    15    10     3     8     0     0   -10.0   60.377 -141.183    712.4    850.1
     1     1    15    10     3     7     0     0   -11.0   60.372 -141.360    707.7    851.8
     1     1    15    10     3     6     0     0   -12.0   60.380 -141.524    705.2    852.8
     1     1    15    10     3     5     0     0   -13.0   60.389 -141.706    704.5    853.4
     1     1    15    10     3     4     0     0   -14.0   60.386 -141.930    704.7    854.5
     1     1    15    10     3     3     0     0   -15.0   60.371 -142.196    705.8    855.9
     1     1    15    10     3     2     0     0   -16.0   60.345 -142.502    708.1    857.6
     1     1    15    10     3     1     0     0   -17.0   60.306 -142.845    711.3    860.9
     1     1    15    10     3     0     0     0   -18.0   60.254 -143.220    714.3    864.9
     1     1    15    10     2    23     0     0   -19.0   60.187 -143.597    713.2    869.3
     1     1    15    10     2    22     0     0   -20.0   60.104 -143.943    704.8    875.2
     1     1    15    10     2    21     0     0   -21.0   60.008 -144.251    689.2    881.9
     1     1    15    10     2    20     0     0   -22.0   59.900 -144.523    667.4    890.1
     1     1    15    10     2    19     0     0   -23.0   59.784 -144.761    640.3    899.0
     1     1    15    10     2    18     0     0   -24.0   59.663 -144.964    608.6    908.3
     1     1    15    10     2    17     0     0   -25.0   59.538 -145.133    576.3    917.2
     1     1    15    10     2    16     0     0   -26.0   59.413 -145.274    546.9    925.1
     1     1    15    10     2    15     0     0   -27.0   59.290 -145.394    520.2    932.7
     1     1    15    10     2    14     0     0   -28.0   59.168 -145.499    495.7    939.9
     1     1    15    10     2    13     0     0   -29.0   59.049 -145.593    473.1    946.8
     1     1    15    10     2    12     0     0   -30.0   58.933 -145.681    451.9    953.4
     1     1    15    10     2    11     0     0   -31.0   58.826 -145.760    433.1    959.5
     1     1    15    10     2    10     0     0   -32.0   58.736 -145.823    417.7    964.5
     1     1    15    10     2     9     0     0   -33.0   58.661 -145.873    405.8    968.5
     1     1    15    10     2     8     0     0   -34.0   58.601 -145.911    397.1    971.6
     1     1    15    10     2     7     0     0   -35.0   58.555 -145.935    391.5    973.7
     1     1    15    10     2     6     0     0   -36.0   58.525 -145.947    389.1    974.9
     1     1    15    10     2     5     0     0   -37.0   58.512 -145.961    392.8    974.9
     1     1    15    10     2     4     0     0   -38.0   58.516 -145.992    405.4    972.8
     1     1    15    10     2     3     0     0   -39.0   58.537 -146.040    427.2    969.1
     1     1    15    10     2     2     0     0   -40.0   58.576 -146.102    458.6    963.9
     1     1    15    10     2     1     0     0   -41.0   58.634 -146.173    500.3    957.2
     1     1    15    10     2     0     0     0   -42.0   58.711 -146.250    553.3    948.8
     1     1    15    10     1    23     0     0   -43.0   58.808 -146.322    612.6    938.7
     1     1    15    10     1    22     0     0   -44.0   58.924 -146.382    672.4    927.8
     1     1    15    10     1    21     0     0   -45.0   59.062 -146.437    732.7    916.4
     1     1    15    10     1    20     0     0   -46.0   59.222 -146.488    794.2    904.5
     1     1    15    10     1    19     0     0   -47.0   59.405 -146.539    857.7    892.0
     1     1    15    10     1    18     0     0   -48.0   59.612 -146.595    924.2    878.9
     1     1    15    10     1    17     0     0   -49.0   59.828 -146.683    994.3    864.6
     1     1    15    10     1    16     0     0   -50.0   60.037 -146.827   1067.8    851.0
     1     1    15    10     1    15     0     0   -51.0   60.240 -147.042   1143.6    838.6
     1     1    15    10     1    14     0     0   -52.0   60.440 -147.335   1220.8    827.2
     1     1    15    10     1    13     0     0   -53.0   60.637 -147.704   1298.3    815.6
     1     1    15    10     1    12     0     0   -54.0   60.832 -148.152   1375.7    803.6
     1     1    15    10     1    11     0     0   -55.0   61.037 -148.651   1454.1    791.9
     1     1    15    10     1    10     0     0   -56.0   61.262 -149.181   1534.1    780.5
     1     1    15    10     1     9     0     0   -57.0   61.506 -149.743   1616.1    769.5
     1     1    15    10     1     8     0     0   -58.0   61.765 -150.341   1698.5    758.3
     1     1    15    10     1     7     0     0   -59.0   62.036 -150.978   1779.4    747.4
     1     1    15    10     1     6     0     0   -60.0   62.315 -151.656   1856.9    738.0
     1     1    15    10     1     5     0     0   -61.0   62.597 -152.365   1927.7    732.5
     1     1    15    10     1     4     0     0   -62.0   62.872 -153.094   1987.4    732.5
     1     1    15    10     1     3     0     0   -63.0   63.133 -153.849   2032.7    733.7
     1     1    15    10     1     2     0     0   -64.0   63.376 -154.640   2066.1    735.6
     1     1    15    10     1     1     0     0   -65.0   63.597 -155.476   2089.6    738.2
     1     1    15    10     1     0     0     0   -66.0   63.791 -156.362   2103.2    741.4
