     1     1
    CDC1    16     3     1     0     0
     1 BACKWARD OMEGA   
    16     3    30    18   60.984 -139.059   750.0
     1 PRESSURE
     1     1    16     3    30    18     0     0     0.0   60.984 -139.059    750.0    823.3
     1     1    16     3    30    17     0     0    -1.0   60.871 -139.660    744.2    826.1
     1     1    16     3    30    16     0     0    -2.0   60.724 -140.185    727.1    831.8
     1     1    16     3    30    15     0     0    -3.0   60.545 -140.618    699.0    840.0
     1     1    16     3    30    14     0     0    -4.0   60.341 -140.949    660.4    849.9
     1     1    16     3    30    13     0     0    -5.0   60.116 -141.176    612.3    861.2
     1     1    16     3    30    12     0     0    -6.0   59.879 -141.303    557.7    874.2
     1     1    16     3    30    11     0     0    -7.0   59.643 -141.388    502.4    888.6
     1     1    16     3    30    10     0     0    -8.0   59.411 -141.478    449.5    902.7
     1     1    16     3    30     9     0     0    -9.0   59.181 -141.565    398.7    917.0
     1     1    16     3    30     8     0     0   -10.0   58.950 -141.648    350.0    930.7
     1     1    16     3    30     7     0     0   -11.0   58.716 -141.726    303.3    944.2
     1     1    16     3    30     6     0     0   -12.0   58.477 -141.798    259.0    958.1
     1     1    16     3    30     5     0     0   -13.0   58.230 -141.843    219.6    972.7
     1     1    16     3    30     4     0     0   -14.0   57.974 -141.853    187.3    985.9
     1     1    16     3    30     3     0     0   -15.0   57.708 -141.849    162.1    998.3
     1     1    16     3    30     2     0     0   -16.0   57.432 -141.849    143.1   1008.0
     1     1    16     3    30     1     0     0   -17.0   57.146 -141.866    128.6   1009.8
     1     1    16     3    30     0     0     0   -18.0   56.848 -141.902    117.7   1011.3
     1     1    16     3    29    23     0     0   -19.0   56.536 -141.968    108.1   1012.2
     1     1    16     3    29    22     0     0   -20.0   56.204 -142.069     98.2   1013.5
     1     1    16     3    29    21     0     0   -21.0   55.853 -142.201     88.8   1014.7
     1     1    16     3    29    20     0     0   -22.0   55.481 -142.356     80.2   1015.5
     1     1    16     3    29    19     0     0   -23.0   55.088 -142.526     72.6   1015.7
     1     1    16     3    29    18     0     0   -24.0   54.676 -142.696     65.8   1015.9
     1     1    16     3    29    17     0     0   -25.0   54.245 -142.844     60.1   1016.4
     1     1    16     3    29    16     0     0   -26.0   53.796 -142.961     56.0   1016.9
     1     1    16     3    29    15     0     0   -27.0   53.329 -143.047     53.3   1017.6
     1     1    16     3    29    14     0     0   -28.0   52.842 -143.101     51.5   1018.4
     1     1    16     3    29    13     0     0   -29.0   52.338 -143.124     50.5   1019.3
     1     1    16     3    29    12     0     0   -30.0   51.821 -143.116     49.5   1020.3
     1     1    16     3    29    11     0     0   -31.0   51.293 -143.080     48.2   1021.4
     1     1    16     3    29    10     0     0   -32.0   50.755 -143.021     47.0   1022.8
     1     1    16     3    29     9     0     0   -33.0   50.207 -142.939     45.9   1024.5
     1     1    16     3    29     8     0     0   -34.0   49.657 -142.831     45.3   1025.1
     1     1    16     3    29     7     0     0   -35.0   49.115 -142.693     45.0   1025.4
     1     1    16     3    29     6     0     0   -36.0   48.591 -142.524     45.2   1025.8
     1     1    16     3    29     5     0     0   -37.0   48.089 -142.315     45.7   1025.6
     1     1    16     3    29     4     0     0   -38.0   47.618 -142.064     46.5   1025.7
     1     1    16     3    29     3     0     0   -39.0   47.179 -141.786     47.4   1025.3
     1     1    16     3    29     2     0     0   -40.0   46.770 -141.496     48.3   1024.5
     1     1    16     3    29     1     0     0   -41.0   46.391 -141.202     49.2   1023.9
     1     1    16     3    29     0     0     0   -42.0   46.041 -140.909     50.1   1023.3
     1     1    16     3    28    23     0     0   -43.0   45.719 -140.620     51.2   1022.6
     1     1    16     3    28    22     0     0   -44.0   45.424 -140.339     52.6   1021.9
     1     1    16     3    28    21     0     0   -45.0   45.154 -140.064     54.4   1021.1
     1     1    16     3    28    20     0     0   -46.0   44.909 -139.793     56.4   1021.2
     1     1    16     3    28    19     0     0   -47.0   44.689 -139.529     58.7   1022.1
     1     1    16     3    28    18     0     0   -48.0   44.490 -139.272     61.3   1023.0
     1     1    16     3    28    17     0     0   -49.0   44.318 -139.026     63.9   1023.4
     1     1    16     3    28    16     0     0   -50.0   44.179 -138.792     66.3   1023.7
     1     1    16     3    28    15     0     0   -51.0   44.073 -138.571     68.7   1023.9
     1     1    16     3    28    14     0     0   -52.0   43.998 -138.364     70.9   1024.0
     1     1    16     3    28    13     0     0   -53.0   43.953 -138.171     73.1   1024.1
     1     1    16     3    28    12     0     0   -54.0   43.939 -137.994     75.2   1024.0
     1     1    16     3    28    11     0     0   -55.0   43.949 -137.835     77.2   1024.3
     1     1    16     3    28    10     0     0   -56.0   43.979 -137.696     79.0   1024.5
     1     1    16     3    28     9     0     0   -57.0   44.025 -137.579     80.5   1024.7
     1     1    16     3    28     8     0     0   -58.0   44.086 -137.483     81.7   1024.8
     1     1    16     3    28     7     0     0   -59.0   44.160 -137.408     82.4   1024.9
     1     1    16     3    28     6     0     0   -60.0   44.243 -137.356     82.8   1025.1
     1     1    16     3    28     5     0     0   -61.0   44.339 -137.326     83.5   1024.9
     1     1    16     3    28     4     0     0   -62.0   44.450 -137.318     85.2   1024.5
     1     1    16     3    28     3     0     0   -63.0   44.575 -137.334     88.2   1024.0
     1     1    16     3    28     2     0     0   -64.0   44.715 -137.373     92.6   1023.2
     1     1    16     3    28     1     0     0   -65.0   44.868 -137.435     98.7   1022.3
     1     1    16     3    28     0     0     0   -66.0   45.035 -137.520    106.9   1021.0
     1     1    16     3    27    23     0     0   -67.0   45.205 -137.637    116.6   1018.7
     1     1    16     3    27    22     0     0   -68.0   45.368 -137.793    127.1   1016.5
     1     1    16     3    27    21     0     0   -69.0   45.524 -137.989    138.4   1014.2
     1     1    16     3    27    20     0     0   -70.0   45.677 -138.222    150.6   1011.8
     1     1    16     3    27    19     0     0   -71.0   45.828 -138.492    163.8   1009.5
     1     1    16     3    27    18     0     0   -72.0   45.982 -138.798    178.1   1007.1
