     1     1
    CDC1    15    12     1     0     0
     1 BACKWARD OMEGA   
    15    12     3     0   60.984 -139.059   750.0
     1 PRESSURE
     1     1    15    12     3     0     0     0     0.0   60.984 -139.059    750.0    796.1
     1     1    15    12     2    23     0     0    -1.0   60.837 -139.034    742.0    799.4
     1     1    15    12     2    22     0     0    -2.0   60.683 -139.013    735.0    802.6
     1     1    15    12     2    21     0     0    -3.0   60.525 -139.000    728.8    805.9
     1     1    15    12     2    20     0     0    -4.0   60.363 -138.999    723.0    809.2
     1     1    15    12     2    19     0     0    -5.0   60.201 -139.015    717.6    812.5
     1     1    15    12     2    18     0     0    -6.0   60.039 -139.052    712.2    815.8
     1     1    15    12     2    17     0     0    -7.0   59.880 -139.103    704.8    820.5
     1     1    15    12     2    16     0     0    -8.0   59.726 -139.157    692.2    826.6
     1     1    15    12     2    15     0     0    -9.0   59.576 -139.223    675.4    833.0
     1     1    15    12     2    14     0     0   -10.0   59.430 -139.310    655.2    839.9
     1     1    15    12     2    13     0     0   -11.0   59.287 -139.425    632.5    847.1
     1     1    15    12     2    12     0     0   -12.0   59.146 -139.578    608.2    854.5
     1     1    15    12     2    11     0     0   -13.0   59.006 -139.733    584.8    862.1
     1     1    15    12     2    10     0     0   -14.0   58.870 -139.850    563.2    869.2
     1     1    15    12     2     9     0     0   -15.0   58.741 -139.931    543.4    875.8
     1     1    15    12     2     8     0     0   -16.0   58.620 -139.979    524.8    882.0
     1     1    15    12     2     7     0     0   -17.0   58.508 -139.996    507.3    887.7
     1     1    15    12     2     6     0     0   -18.0   58.406 -139.984    490.6    892.9
     1     1    15    12     2     5     0     0   -19.0   58.294 -139.963    469.8    898.3
     1     1    15    12     2     4     0     0   -20.0   58.150 -139.954    440.6    906.4
     1     1    15    12     2     3     0     0   -21.0   57.974 -139.956    404.5    916.9
     1     1    15    12     2     2     0     0   -22.0   57.765 -139.972    363.9    929.0
     1     1    15    12     2     1     0     0   -23.0   57.522 -140.005    322.0    942.0
     1     1    15    12     2     0     0     0   -24.0   57.249 -140.066    280.5    949.0
     1     1    15    12     1    23     0     0   -25.0   56.962 -140.142    243.9    955.2
     1     1    15    12     1    22     0     0   -26.0   56.672 -140.213    214.1    960.3
     1     1    15    12     1    21     0     0   -27.0   56.378 -140.282    189.8    964.3
     1     1    15    12     1    20     0     0   -28.0   56.080 -140.347    169.5    967.5
     1     1    15    12     1    19     0     0   -29.0   55.779 -140.410    152.6    970.5
     1     1    15    12     1    18     0     0   -30.0   55.476 -140.469    138.5    973.3
     1     1    15    12     1    17     0     0   -31.0   55.176 -140.553    127.0    975.3
     1     1    15    12     1    16     0     0   -32.0   54.877 -140.693    117.7    976.2
     1     1    15    12     1    15     0     0   -33.0   54.577 -140.884    110.3    976.0
     1     1    15    12     1    14     0     0   -34.0   54.276 -141.113    104.4    975.8
     1     1    15    12     1    13     0     0   -35.0   53.973 -141.375     99.8    975.7
     1     1    15    12     1    12     0     0   -36.0   53.669 -141.664     96.3    975.7
     1     1    15    12     1    11     0     0   -37.0   53.373 -141.954     93.4    975.9
     1     1    15    12     1    10     0     0   -38.0   53.092 -142.231     90.9    976.4
     1     1    15    12     1     9     0     0   -39.0   52.825 -142.509     89.0    977.0
     1     1    15    12     1     8     0     0   -40.0   52.569 -142.799     87.5    977.5
     1     1    15    12     1     7     0     0   -41.0   52.322 -143.102     86.5    978.0
     1     1    15    12     1     6     0     0   -42.0   52.082 -143.412     86.0    978.5
     1     1    15    12     1     5     0     0   -43.0   51.839 -143.718     85.7    978.8
     1     1    15    12     1     4     0     0   -44.0   51.590 -144.022     85.6    979.1
     1     1    15    12     1     3     0     0   -45.0   51.336 -144.337     85.9    979.1
     1     1    15    12     1     2     0     0   -46.0   51.078 -144.673     86.5    979.0
     1     1    15    12     1     1     0     0   -47.0   50.821 -145.039     87.9    978.6
     1     1    15    12     1     0     0     0   -48.0   50.564 -145.438     89.9    977.9
