     1     1
    CDC1    16     2     1     0     0
     1 BACKWARD OMEGA   
    16     2    14    18   60.984 -139.059   750.0
     1 PRESSURE
     1     1    16     2    14    18     0     0     0.0   60.984 -139.059    750.0    798.5
     1     1    16     2    14    17     0     0    -1.0   60.816 -139.030    696.6    806.3
     1     1    16     2    14    16     0     0    -2.0   60.625 -138.965    637.1    815.8
     1     1    16     2    14    15     0     0    -3.0   60.412 -138.865    572.0    826.1
     1     1    16     2    14    14     0     0    -4.0   60.176 -138.733    502.4    837.1
     1     1    16     2    14    13     0     0    -5.0   59.919 -138.569    430.4    850.7
     1     1    16     2    14    12     0     0    -6.0   59.646 -138.382    360.8    867.8
     1     1    16     2    14    11     0     0    -7.0   59.379 -138.182    302.6    883.0
     1     1    16     2    14    10     0     0    -8.0   59.130 -137.977    259.3    895.4
     1     1    16     2    14     9     0     0    -9.0   58.896 -137.775    227.5    906.2
     1     1    16     2    14     8     0     0   -10.0   58.675 -137.578    204.4    915.6
     1     1    16     2    14     7     0     0   -11.0   58.464 -137.385    187.8    923.1
     1     1    16     2    14     6     0     0   -12.0   58.261 -137.196    176.5    929.4
     1     1    16     2    14     5     0     0   -13.0   58.065 -136.998    168.3    935.1
     1     1    16     2    14     4     0     0   -14.0   57.874 -136.774    161.4    940.3
     1     1    16     2    14     3     0     0   -15.0   57.692 -136.525    155.6    944.8
     1     1    16     2    14     2     0     0   -16.0   57.517 -136.249    150.9    948.5
     1     1    16     2    14     1     0     0   -17.0   57.351 -135.960    147.2    949.6
     1     1    16     2    14     0     0     0   -18.0   57.194 -135.677    144.6    950.4
     1     1    16     2    13    23     0     0   -19.0   57.039 -135.406    142.6    951.8
     1     1    16     2    13    22     0     0   -20.0   56.879 -135.142    140.2    953.6
     1     1    16     2    13    21     0     0   -21.0   56.714 -134.879    137.3    954.8
     1     1    16     2    13    20     0     0   -22.0   56.542 -134.605    133.8    955.1
     1     1    16     2    13    19     0     0   -23.0   56.361 -134.314    129.3    955.7
     1     1    16     2    13    18     0     0   -24.0   56.170 -134.001    123.9    956.5
     1     1    16     2    13    17     0     0   -25.0   55.978 -133.671    118.0    957.5
     1     1    16     2    13    16     0     0   -26.0   55.794 -133.341    112.5    958.4
     1     1    16     2    13    15     0     0   -27.0   55.614 -133.017    107.2    959.7
     1     1    16     2    13    14     0     0   -28.0   55.437 -132.713    102.5    961.3
     1     1    16     2    13    13     0     0   -29.0   55.259 -132.441     98.2    963.0
     1     1    16     2    13    12     0     0   -30.0   55.079 -132.211     94.4    963.9
     1     1    16     2    13    11     0     0   -31.0   54.903 -132.011     91.0    964.1
     1     1    16     2    13    10     0     0   -32.0   54.738 -131.832     88.1    963.8
     1     1    16     2    13     9     0     0   -33.0   54.582 -131.678     86.2    963.7
     1     1    16     2    13     8     0     0   -34.0   54.436 -131.553     85.4    963.9
     1     1    16     2    13     7     0     0   -35.0   54.299 -131.458     86.1    964.4
     1     1    16     2    13     6     0     0   -36.0   54.172 -131.394     88.1    965.0
     1     1    16     2    13     5     0     0   -37.0   54.044 -131.343     90.2    965.6
     1     1    16     2    13     4     0     0   -38.0   53.904 -131.287     91.0    966.7
     1     1    16     2    13     3     0     0   -39.0   53.753 -131.226     90.6    968.1
     1     1    16     2    13     2     0     0   -40.0   53.590 -131.162     89.2    969.8
     1     1    16     2    13     1     0     0   -41.0   53.415 -131.095     87.1    971.8
     1     1    16     2    13     0     0     0   -42.0   53.230 -131.028     84.4    974.1
     1     1    16     2    12    23     0     0   -43.0   53.034 -130.962     82.2    977.0
     1     1    16     2    12    22     0     0   -44.0   52.828 -130.899     80.9    980.0
     1     1    16     2    12    21     0     0   -45.0   52.613 -130.836     80.5    983.2
     1     1    16     2    12    20     0     0   -46.0   52.389 -130.773     80.7    985.3
     1     1    16     2    12    19     0     0   -47.0   52.157 -130.714     81.0    986.4
     1     1    16     2    12    18     0     0   -48.0   51.917 -130.659     81.0    987.6
     1     1    16     2    12    17     0     0   -49.0   51.671 -130.613     79.9    988.9
     1     1    16     2    12    16     0     0   -50.0   51.422 -130.582     76.7    990.8
     1     1    16     2    12    15     0     0   -51.0   51.169 -130.562     70.8    993.2
     1     1    16     2    12    14     0     0   -52.0   50.914 -130.552     62.3    995.7
     1     1    16     2    12    13     0     0   -53.0   50.659 -130.552     51.5    998.6
     1     1    16     2    12    12     0     0   -54.0   50.410 -130.562     39.4   1001.8
     1     1    16     2    12    11     0     0   -55.0   50.164 -130.583     28.8   1004.9
     1     1    16     2    12    10     0     0   -56.0   49.911 -130.614     21.1   1007.1
     1     1    16     2    12     9     0     0   -57.0   49.646 -130.660     15.9   1008.2
     1     1    16     2    12     8     0     0   -58.0   49.366 -130.720     12.5   1008.9
     1     1    16     2    12     7     0     0   -59.0   49.074 -130.792     10.3   1009.5
     1     1    16     2    12     6     0     0   -60.0   48.773 -130.877      8.5   1009.6
     1     1    16     2    12     5     0     0   -61.0   48.465 -130.958      7.1   1009.7
     1     1    16     2    12     4     0     0   -62.0   48.145 -131.030      6.2   1009.5
     1     1    16     2    12     3     0     0   -63.0   47.809 -131.114      5.7   1009.2
     1     1    16     2    12     2     0     0   -64.0   47.455 -131.234      5.5   1008.3
     1     1    16     2    12     1     0     0   -65.0   47.093 -131.387      5.5   1006.3
     1     1    16     2    12     0     0     0   -66.0   46.737 -131.562      5.9   1004.2
     1     1    16     2    11    23     0     0   -67.0   46.391 -131.734      6.0   1002.9
     1     1    16     2    11    22     0     0   -68.0   46.056 -131.887      5.2   1001.5
     1     1    16     2    11    21     0     0   -69.0   45.726 -132.040      3.8   1000.3
     1     1    16     2    11    20     0     0   -70.0   45.398 -132.214      2.3    998.9
     1     1    16     2    11    19     0     0   -71.0   45.072 -132.429      1.3    997.6
     1     1    16     2    11    18     0     0   -72.0   44.742 -132.680      0.8    998.8
