     1     1
    CDC1    16     3     1     0     0
     1 BACKWARD OMEGA   
    16     3     3     6   60.984 -139.059   750.0
     1 PRESSURE
     1     1    16     3     3     6     0     0     0.0   60.984 -139.059    750.0    801.9
     1     1    16     3     3     5     0     0    -1.0   60.976 -138.667    796.9    797.2
     1     1    16     3     3     4     0     0    -2.0   60.968 -138.296    840.0    793.0
     1     1    16     3     3     3     0     0    -3.0   60.962 -137.950    878.9    789.4
     1     1    16     3     3     2     0     0    -4.0   60.956 -137.635    913.4    786.1
     1     1    16     3     3     1     0     0    -5.0   60.950 -137.353    943.0    782.9
     1     1    16     3     3     0     0     0    -6.0   60.946 -137.109    967.6    780.2
     1     1    16     3     2    23     0     0    -7.0   60.934 -136.888    990.8    778.1
     1     1    16     3     2    22     0     0    -8.0   60.906 -136.673   1015.9    775.6
     1     1    16     3     2    21     0     0    -9.0   60.863 -136.463   1043.2    773.2
     1     1    16     3     2    20     0     0   -10.0   60.804 -136.254   1073.0    770.8
     1     1    16     3     2    19     0     0   -11.0   60.728 -136.043   1105.6    768.3
     1     1    16     3     2    18     0     0   -12.0   60.637 -135.824   1141.5    765.8
     1     1    16     3     2    17     0     0   -13.0   60.545 -135.593   1179.5    762.6
     1     1    16     3     2    16     0     0   -14.0   60.465 -135.350   1218.8    759.2
     1     1    16     3     2    15     0     0   -15.0   60.402 -135.093   1258.9    755.4
     1     1    16     3     2    14     0     0   -16.0   60.358 -134.826   1299.4    750.4
     1     1    16     3     2    13     0     0   -17.0   60.338 -134.550   1340.0    744.9
     1     1    16     3     2    12     0     0   -18.0   60.345 -134.266   1380.7    739.1
     1     1    16     3     2    11     0     0   -19.0   60.377 -133.985   1419.8    733.2
     1     1    16     3     2    10     0     0   -20.0   60.428 -133.718   1454.8    727.9
     1     1    16     3     2     9     0     0   -21.0   60.495 -133.473   1485.3    723.1
     1     1    16     3     2     8     0     0   -22.0   60.576 -133.252   1511.1    718.8
     1     1    16     3     2     7     0     0   -23.0   60.668 -133.060   1532.4    715.1
     1     1    16     3     2     6     0     0   -24.0   60.769 -132.900   1549.1    711.9
     1     1    16     3     2     5     0     0   -25.0   60.870 -132.774   1567.8    709.1
     1     1    16     3     2     4     0     0   -26.0   60.965 -132.678   1594.3    705.3
     1     1    16     3     2     3     0     0   -27.0   61.054 -132.607   1628.2    701.0
     1     1    16     3     2     2     0     0   -28.0   61.137 -132.558   1669.0    696.1
     1     1    16     3     2     1     0     0   -29.0   61.214 -132.526   1716.1    690.6
     1     1    16     3     2     0     0     0   -30.0   61.286 -132.507   1768.8    684.7
     1     1    16     3     1    23     0     0   -31.0   61.362 -132.496   1823.3    678.9
     1     1    16     3     1    22     0     0   -32.0   61.450 -132.490   1873.8    673.7
     1     1    16     3     1    21     0     0   -33.0   61.551 -132.497   1920.9    668.9
     1     1    16     3     1    20     0     0   -34.0   61.662 -132.522   1964.3    664.3
     1     1    16     3     1    19     0     0   -35.0   61.785 -132.569   2003.9    660.2
     1     1    16     3     1    18     0     0   -36.0   61.919 -132.644   2039.2    656.5
     1     1    16     3     1    17     0     0   -37.0   62.055 -132.759   2068.8    653.2
     1     1    16     3     1    16     0     0   -38.0   62.184 -132.916   2095.5    650.4
     1     1    16     3     1    15     0     0   -39.0   62.306 -133.110   2119.7    647.8
     1     1    16     3     1    14     0     0   -40.0   62.415 -133.334   2142.9    645.3
     1     1    16     3     1    13     0     0   -41.0   62.510 -133.579   2167.0    643.2
     1     1    16     3     1    12     0     0   -42.0   62.588 -133.841   2194.9    642.8
     1     1    16     3     1    11     0     0   -43.0   62.655 -134.102   2221.4    641.6
     1     1    16     3     1    10     0     0   -44.0   62.718 -134.350   2241.1    641.3
     1     1    16     3     1     9     0     0   -45.0   62.780 -134.583   2253.7    641.5
     1     1    16     3     1     8     0     0   -46.0   62.842 -134.803   2258.7    642.4
     1     1    16     3     1     7     0     0   -47.0   62.906 -135.009   2255.6    644.0
     1     1    16     3     1     6     0     0   -48.0   62.973 -135.201   2243.9    646.3
     1     1    16     3     1     5     0     0   -49.0   63.041 -135.396   2232.5    649.5
     1     1    16     3     1     4     0     0   -50.0   63.110 -135.611   2231.6    651.0
     1     1    16     3     1     3     0     0   -51.0   63.181 -135.842   2241.2    651.7
     1     1    16     3     1     2     0     0   -52.0   63.254 -136.089   2261.4    651.6
     1     1    16     3     1     1     0     0   -53.0   63.329 -136.348   2293.1    650.6
     1     1    16     3     1     0     0     0   -54.0   63.406 -136.615   2336.8    648.6
