     1     1
    CDC1    15    10     1     0     0
     1 BACKWARD OMEGA   
    15    10    30    18   60.984 -139.059   750.0
     1 PRESSURE
     1     1    15    10    30    18     0     0     0.0   60.984 -139.059    750.0    791.5
     1     1    15    10    30    17     0     0    -1.0   60.969 -138.935    748.1    791.6
     1     1    15    10    30    16     0     0    -2.0   60.952 -138.816    745.1    791.9
     1     1    15    10    30    15     0     0    -3.0   60.932 -138.700    740.7    792.5
     1     1    15    10    30    14     0     0    -4.0   60.908 -138.588    735.0    793.2
     1     1    15    10    30    13     0     0    -5.0   60.881 -138.478    727.9    794.2
     1     1    15    10    30    12     0     0    -6.0   60.851 -138.371    719.4    795.4
     1     1    15    10    30    11     0     0    -7.0   60.819 -138.262    713.2    797.1
     1     1    15    10    30    10     0     0    -8.0   60.789 -138.145    713.0    797.7
     1     1    15    10    30     9     0     0    -9.0   60.759 -138.021    718.7    797.7
     1     1    15    10    30     8     0     0   -10.0   60.731 -137.889    730.3    797.0
     1     1    15    10    30     7     0     0   -11.0   60.705 -137.747    748.0    795.7
     1     1    15    10    30     6     0     0   -12.0   60.681 -137.596    772.0    793.8
     1     1    15    10    30     5     0     0   -13.0   60.651 -137.454    794.2    791.5
     1     1    15    10    30     4     0     0   -14.0   60.602 -137.336    806.5    791.2
     1     1    15    10    30     3     0     0   -15.0   60.535 -137.242    808.4    792.2
     1     1    15    10    30     2     0     0   -16.0   60.448 -137.166    799.4    794.7
     1     1    15    10    30     1     0     0   -17.0   60.342 -137.104    778.8    798.7
     1     1    15    10    30     0     0     0   -18.0   60.215 -137.050    745.7    804.3
     1     1    15    10    29    23     0     0   -19.0   60.071 -136.994    705.8    811.5
     1     1    15    10    29    22     0     0   -20.0   59.912 -136.936    666.3    819.6
     1     1    15    10    29    21     0     0   -21.0   59.738 -136.890    627.0    829.1
     1     1    15    10    29    20     0     0   -22.0   59.549 -136.858    587.5    839.0
     1     1    15    10    29    19     0     0   -23.0   59.345 -136.834    547.6    849.2
     1     1    15    10    29    18     0     0   -24.0   59.125 -136.813    507.2    860.3
     1     1    15    10    29    17     0     0   -25.0   58.898 -136.796    466.0    871.5
     1     1    15    10    29    16     0     0   -26.0   58.676 -136.788    424.7    882.9
     1     1    15    10    29    15     0     0   -27.0   58.461 -136.790    384.3    894.4
     1     1    15    10    29    14     0     0   -28.0   58.256 -136.807    346.7    904.8
     1     1    15    10    29    13     0     0   -29.0   58.066 -136.843    313.3    914.3
     1     1    15    10    29    12     0     0   -30.0   57.892 -136.903    284.4    923.3
     1     1    15    10    29    11     0     0   -31.0   57.727 -136.976    258.7    931.9
     1     1    15    10    29    10     0     0   -32.0   57.568 -137.049    235.1    940.4
     1     1    15    10    29     9     0     0   -33.0   57.413 -137.126    213.5    947.2
     1     1    15    10    29     8     0     0   -34.0   57.261 -137.211    194.0    952.4
     1     1    15    10    29     7     0     0   -35.0   57.109 -137.310    176.1    956.9
     1     1    15    10    29     6     0     0   -36.0   56.957 -137.425    159.8    961.4
     1     1    15    10    29     5     0     0   -37.0   56.801 -137.537    144.4    965.5
     1     1    15    10    29     4     0     0   -38.0   56.640 -137.627    129.4    969.2
     1     1    15    10    29     3     0     0   -39.0   56.474 -137.699    115.0    972.8
     1     1    15    10    29     2     0     0   -40.0   56.306 -137.759    101.0    976.4
     1     1    15    10    29     1     0     0   -41.0   56.138 -137.810     87.7    980.0
     1     1    15    10    29     0     0     0   -42.0   55.971 -137.859     75.0    983.5
     1     1    15    10    28    23     0     0   -43.0   55.807 -137.899     62.4    986.0
     1     1    15    10    28    22     0     0   -44.0   55.642 -137.918     49.5    988.7
     1     1    15    10    28    21     0     0   -45.0   55.476 -137.915     36.0    991.6
     1     1    15    10    28    20     0     0   -46.0   55.305 -137.885     22.1    994.9
     1     1    15    10    28    19     0     0   -47.0   55.129 -137.826      7.6    998.7
     1     1    15    10    28    18     0     0   -48.0   54.945 -137.731      0.0    999.7
     1     1    15    10    28    17     0     0   -49.0   54.749 -137.624      0.0    999.3
     1     1    15    10    28    16     0     0   -50.0   54.540 -137.535      0.0    998.8
     1     1    15    10    28    15     0     0   -51.0   54.318 -137.471      0.0    998.3
     1     1    15    10    28    14     0     0   -52.0   54.084 -137.440      0.0    997.6
     1     1    15    10    28    13     0     0   -53.0   53.840 -137.448      0.0    996.8
     1     1    15    10    28    12     0     0   -54.0   53.587 -137.502      0.0    995.9
     1     1    15    10    28    11     0     0   -55.0   53.326 -137.581      0.0    994.8
     1     1    15    10    28    10     0     0   -56.0   53.054 -137.659      0.0    993.7
     1     1    15    10    28     9     0     0   -57.0   52.772 -137.739      0.0    992.5
     1     1    15    10    28     8     0     0   -58.0   52.479 -137.827      0.0    991.3
     1     1    15    10    28     7     0     0   -59.0   52.181 -137.917      0.0    990.9
     1     1    15    10    28     6     0     0   -60.0   51.887 -138.007      0.0    990.7
     1     1    15    10    28     5     0     0   -61.0   51.608 -138.115      0.0    990.6
     1     1    15    10    28     4     0     0   -62.0   51.352 -138.256      0.0    990.4
     1     1    15    10    28     3     0     0   -63.0   51.115 -138.430      0.0    990.4
     1     1    15    10    28     2     0     0   -64.0   50.895 -138.638      0.0    990.4
     1     1    15    10    28     1     0     0   -65.0   50.689 -138.878      0.1    990.6
     1     1    15    10    28     0     0     0   -66.0   50.496 -139.148      0.3    990.9
     1     1    15    10    27    23     0     0   -67.0   50.299 -139.422      0.5    991.4
     1     1    15    10    27    22     0     0   -68.0   50.085 -139.679      0.7    992.1
     1     1    15    10    27    21     0     0   -69.0   49.852 -139.926      1.2    993.1
     1     1    15    10    27    20     0     0   -70.0   49.599 -140.160      2.4    994.1
     1     1    15    10    27    19     0     0   -71.0   49.325 -140.383      4.4    994.9
     1     1    15    10    27    18     0     0   -72.0   49.033 -140.598      7.0    995.5
