     1     1
    CDC1    15    12     1     0     0
     1 BACKWARD OMEGA   
    15    12     5     0   60.984 -139.059   750.0
     1 PRESSURE
     1     1    15    12     5     0     0     0     0.0   60.984 -139.059    750.0    795.8
     1     1    15    12     4    23     0     0    -1.0   60.831 -139.275    763.2    797.0
     1     1    15    12     4    22     0     0    -2.0   60.682 -139.489    774.5    798.3
     1     1    15    12     4    21     0     0    -3.0   60.537 -139.702    783.1    799.9
     1     1    15    12     4    20     0     0    -4.0   60.396 -139.917    788.1    801.9
     1     1    15    12     4    19     0     0    -5.0   60.258 -140.135    788.9    804.6
     1     1    15    12     4    18     0     0    -6.0   60.124 -140.358    784.3    808.1
     1     1    15    12     4    17     0     0    -7.0   59.990 -140.575    776.5    812.4
     1     1    15    12     4    16     0     0    -8.0   59.854 -140.769    770.1    818.2
     1     1    15    12     4    15     0     0    -9.0   59.719 -140.938    764.7    823.7
     1     1    15    12     4    14     0     0   -10.0   59.586 -141.085    760.3    829.0
     1     1    15    12     4    13     0     0   -11.0   59.454 -141.212    756.8    834.1
     1     1    15    12     4    12     0     0   -12.0   59.325 -141.322    754.2    838.9
     1     1    15    12     4    11     0     0   -13.0   59.205 -141.431    751.5    843.4
     1     1    15    12     4    10     0     0   -14.0   59.097 -141.551    747.3    847.8
     1     1    15    12     4     9     0     0   -15.0   59.002 -141.682    741.3    852.1
     1     1    15    12     4     8     0     0   -16.0   58.919 -141.827    733.3    856.2
     1     1    15    12     4     7     0     0   -17.0   58.847 -141.986    722.9    860.4
     1     1    15    12     4     6     0     0   -18.0   58.786 -142.161    709.8    864.5
     1     1    15    12     4     5     0     0   -19.0   58.733 -142.329    696.5    869.1
     1     1    15    12     4     4     0     0   -20.0   58.685 -142.464    685.5    872.8
     1     1    15    12     4     3     0     0   -21.0   58.643 -142.566    677.3    876.0
     1     1    15    12     4     2     0     0   -22.0   58.606 -142.633    672.1    878.4
     1     1    15    12     4     1     0     0   -23.0   58.573 -142.663    669.9    880.1
     1     1    15    12     4     0     0     0   -24.0   58.546 -142.654    670.4    881.0
     1     1    15    12     3    23     0     0   -25.0   58.521 -142.615    670.9    881.0
     1     1    15    12     3    22     0     0   -26.0   58.499 -142.552    668.9    881.4
     1     1    15    12     3    21     0     0   -27.0   58.479 -142.464    664.4    881.8
     1     1    15    12     3    20     0     0   -28.0   58.460 -142.347    657.2    882.5
     1     1    15    12     3    19     0     0   -29.0   58.439 -142.200    647.7    883.4
     1     1    15    12     3    18     0     0   -30.0   58.415 -142.019    635.8    884.5
     1     1    15    12     3    17     0     0   -31.0   58.381 -141.788    623.2    886.0
     1     1    15    12     3    16     0     0   -32.0   58.328 -141.492    611.8    887.3
     1     1    15    12     3    15     0     0   -33.0   58.252 -141.131    601.4    888.9
     1     1    15    12     3    14     0     0   -34.0   58.152 -140.703    592.5    890.8
     1     1    15    12     3    13     0     0   -35.0   58.023 -140.208    585.4    893.2
     1     1    15    12     3    12     0     0   -36.0   57.861 -139.652    580.4    896.6
     1     1    15    12     3    11     0     0   -37.0   57.679 -139.073    574.7    900.4
     1     1    15    12     3    10     0     0   -38.0   57.486 -138.502    565.4    905.0
     1     1    15    12     3     9     0     0   -39.0   57.279 -137.954    550.0    906.5
     1     1    15    12     3     8     0     0   -40.0   57.055 -137.445    528.9    909.6
     1     1    15    12     3     7     0     0   -41.0   56.815 -136.980    501.2    912.9
     1     1    15    12     3     6     0     0   -42.0   56.561 -136.562    467.3    918.1
     1     1    15    12     3     5     0     0   -43.0   56.293 -136.162    432.4    925.0
     1     1    15    12     3     4     0     0   -44.0   56.012 -135.753    401.0    931.6
     1     1    15    12     3     3     0     0   -45.0   55.719 -135.329    373.5    938.2
     1     1    15    12     3     2     0     0   -46.0   55.414 -134.882    350.0    943.6
     1     1    15    12     3     1     0     0   -47.0   55.104 -134.406    329.8    946.3
     1     1    15    12     3     0     0     0   -48.0   54.789 -133.919    313.5    946.9
     1     1    15    12     2    23     0     0   -49.0   54.460 -133.458    298.8    947.9
     1     1    15    12     2    22     0     0   -50.0   54.114 -133.037    283.0    950.7
     1     1    15    12     2    21     0     0   -51.0   53.749 -132.649    266.5    955.2
     1     1    15    12     2    20     0     0   -52.0   53.370 -132.285    249.4    958.8
     1     1    15    12     2    19     0     0   -53.0   52.979 -131.933    232.2    962.2
     1     1    15    12     2    18     0     0   -54.0   52.582 -131.570    215.7    966.4
     1     1    15    12     2    17     0     0   -55.0   52.192 -131.233    199.6    968.7
     1     1    15    12     2    16     0     0   -56.0   51.815 -130.964    183.4    970.9
     1     1    15    12     2    15     0     0   -57.0   51.447 -130.751    167.1    974.1
     1     1    15    12     2    14     0     0   -58.0   51.085 -130.574    150.4    978.0
     1     1    15    12     2    13     0     0   -59.0   50.727 -130.412    132.6    982.8
     1     1    15    12     2    12     0     0   -60.0   50.373 -130.244    112.9    988.4
     1     1    15    12     2    11     0     0   -61.0   50.029 -130.091     90.8    993.8
     1     1    15    12     2    10     0     0   -62.0   49.711 -129.996     69.2    997.5
     1     1    15    12     2     9     0     0   -63.0   49.433 -129.978     51.4    999.7
     1     1    15    12     2     8     0     0   -64.0   49.194 -130.052     37.5   1002.0
     1     1    15    12     2     7     0     0   -65.0   48.991 -130.231     26.9   1004.0
     1     1    15    12     2     6     0     0   -66.0   48.824 -130.519     19.0   1005.8
     1     1    15    12     2     5     0     0   -67.0   48.666 -130.867     13.6   1006.2
     1     1    15    12     2     4     0     0   -68.0   48.491 -131.222     10.3   1005.9
     1     1    15    12     2     3     0     0   -69.0   48.304 -131.598      7.9   1004.8
     1     1    15    12     2     2     0     0   -70.0   48.109 -132.016      5.6   1003.4
     1     1    15    12     2     1     0     0   -71.0   47.915 -132.503      3.0   1001.7
     1     1    15    12     2     0     0     0   -72.0   47.728 -133.076      0.0   1000.4
