     1     1
    CDC1    16     3     1     0     0
     1 BACKWARD OMEGA   
    16     3     7     0   60.984 -139.059   750.0
     1 PRESSURE
     1     1    16     3     7     0     0     0     0.0   60.984 -139.059    750.0    788.1
     1     1    16     3     6    23     0     0    -1.0   61.023 -138.723    768.9    785.6
     1     1    16     3     6    22     0     0    -2.0   61.062 -138.391    792.8    782.2
     1     1    16     3     6    21     0     0    -3.0   61.100 -138.060    821.3    778.4
     1     1    16     3     6    20     0     0    -4.0   61.137 -137.728    854.2    774.1
     1     1    16     3     6    19     0     0    -5.0   61.170 -137.391    891.0    769.4
     1     1    16     3     6    18     0     0    -6.0   61.195 -137.050    931.0    763.9
     1     1    16     3     6    17     0     0    -7.0   61.209 -136.716    970.7    759.1
     1     1    16     3     6    16     0     0    -8.0   61.211 -136.406   1006.8    755.2
     1     1    16     3     6    15     0     0    -9.0   61.204 -136.118   1039.9    751.8
     1     1    16     3     6    14     0     0   -10.0   61.187 -135.853   1070.0    748.9
     1     1    16     3     6    13     0     0   -11.0   61.165 -135.608   1097.6    746.3
     1     1    16     3     6    12     0     0   -12.0   61.137 -135.384   1123.0    744.1
     1     1    16     3     6    11     0     0   -13.0   61.104 -135.176   1148.2    741.9
     1     1    16     3     6    10     0     0   -14.0   61.064 -134.977   1173.6    739.7
     1     1    16     3     6     9     0     0   -15.0   61.017 -134.790   1199.5    737.2
     1     1    16     3     6     8     0     0   -16.0   60.963 -134.618   1225.9    734.8
     1     1    16     3     6     7     0     0   -17.0   60.902 -134.463   1252.9    732.4
     1     1    16     3     6     6     0     0   -18.0   60.834 -134.326   1280.3    729.9
     1     1    16     3     6     5     0     0   -19.0   60.756 -134.202   1306.7    727.4
     1     1    16     3     6     4     0     0   -20.0   60.668 -134.084   1330.5    725.5
     1     1    16     3     6     3     0     0   -21.0   60.568 -133.970   1351.0    724.1
     1     1    16     3     6     2     0     0   -22.0   60.455 -133.858   1367.7    723.2
     1     1    16     3     6     1     0     0   -23.0   60.331 -133.746   1380.1    722.9
     1     1    16     3     6     0     0     0   -24.0   60.194 -133.632   1387.7    723.1
     1     1    16     3     5    23     0     0   -25.0   60.048 -133.507   1392.2    723.6
     1     1    16     3     5    22     0     0   -26.0   59.897 -133.362   1397.4    724.4
     1     1    16     3     5    21     0     0   -27.0   59.741 -133.195   1402.3    725.4
     1     1    16     3     5    20     0     0   -28.0   59.582 -133.003   1405.9    726.2
     1     1    16     3     5    19     0     0   -29.0   59.422 -132.780   1407.3    726.7
     1     1    16     3     5    18     0     0   -30.0   59.261 -132.519   1405.4    727.0
     1     1    16     3     5    17     0     0   -31.0   59.094 -132.268   1399.2    728.3
     1     1    16     3     5    16     0     0   -32.0   58.919 -132.070   1389.2    730.4
     1     1    16     3     5    15     0     0   -33.0   58.740 -131.921   1377.6    733.0
     1     1    16     3     5    14     0     0   -34.0   58.558 -131.817   1366.7    735.8
     1     1    16     3     5    13     0     0   -35.0   58.374 -131.752   1358.3    738.8
     1     1    16     3     5    12     0     0   -36.0   58.189 -131.724   1354.1    741.7
     1     1    16     3     5    11     0     0   -37.0   57.989 -131.720   1350.1    744.0
     1     1    16     3     5    10     0     0   -38.0   57.764 -131.731   1341.9    747.7
     1     1    16     3     5     9     0     0   -39.0   57.512 -131.765   1330.0    752.5
     1     1    16     3     5     8     0     0   -40.0   57.235 -131.818   1314.1    760.5
     1     1    16     3     5     7     0     0   -41.0   56.932 -131.882   1291.3    770.3
     1     1    16     3     5     6     0     0   -42.0   56.605 -131.957   1261.6    781.7
     1     1    16     3     5     5     0     0   -43.0   56.266 -132.010   1224.8    793.2
     1     1    16     3     5     4     0     0   -44.0   55.925 -132.019   1181.5    804.8
     1     1    16     3     5     3     0     0   -45.0   55.580 -132.001   1133.1    816.6
     1     1    16     3     5     2     0     0   -46.0   55.229 -131.973   1080.7    829.0
     1     1    16     3     5     1     0     0   -47.0   54.870 -131.947   1025.0    841.0
     1     1    16     3     5     0     0     0   -48.0   54.502 -131.932    967.5    851.8
     1     1    16     3     4    23     0     0   -49.0   54.130 -131.920    911.9    862.5
     1     1    16     3     4    22     0     0   -50.0   53.758 -131.902    858.7    872.3
     1     1    16     3     4    21     0     0   -51.0   53.385 -131.892    807.7    882.0
     1     1    16     3     4    20     0     0   -52.0   53.012 -131.899    758.6    891.8
     1     1    16     3     4    19     0     0   -53.0   52.640 -131.934    711.5    901.9
     1     1    16     3     4    18     0     0   -54.0   52.270 -132.009    666.4    910.0
     1     1    16     3     4    17     0     0   -55.0   51.903 -132.101    624.0    917.3
     1     1    16     3     4    16     0     0   -56.0   51.533 -132.187    582.3    923.5
     1     1    16     3     4    15     0     0   -57.0   51.158 -132.266    540.3    929.5
     1     1    16     3     4    14     0     0   -58.0   50.778 -132.339    497.4    935.4
     1     1    16     3     4    13     0     0   -59.0   50.394 -132.405    453.6    941.2
     1     1    16     3     4    12     0     0   -60.0   50.012 -132.459    408.9    947.0
     1     1    16     3     4    11     0     0   -61.0   49.629 -132.523    368.0    951.6
     1     1    16     3     4    10     0     0   -62.0   49.237 -132.622    334.3    954.1
     1     1    16     3     4     9     0     0   -63.0   48.840 -132.749    306.4    956.1
     1     1    16     3     4     8     0     0   -64.0   48.441 -132.892    283.2    957.8
     1     1    16     3     4     7     0     0   -65.0   48.046 -133.040    263.8    959.4
     1     1    16     3     4     6     0     0   -66.0   47.661 -133.181    247.4    960.9
     1     1    16     3     4     5     0     0   -67.0   47.280 -133.324    232.6    962.2
     1     1    16     3     4     4     0     0   -68.0   46.893 -133.491    219.0    963.7
     1     1    16     3     4     3     0     0   -69.0   46.497 -133.687    206.8    965.4
     1     1    16     3     4     2     0     0   -70.0   46.094 -133.917    196.2    967.0
     1     1    16     3     4     1     0     0   -71.0   45.683 -134.183    187.0    968.7
     1     1    16     3     4     0     0     0   -72.0   45.267 -134.483    179.2    970.7
