     1     1
    CDC1    15    10     1     0     0
     1 BACKWARD OMEGA   
    15    10     4    18   60.984 -139.059   750.0
     1 PRESSURE
     1     1    15    10     4    18     0     0     0.0   60.984 -139.059    750.0    818.9
     1     1    15    10     4    17     0     0    -1.0   61.129 -139.338    782.0    813.5
     1     1    15    10     4    16     0     0    -2.0   61.265 -139.662    810.9    808.8
     1     1    15    10     4    15     0     0    -3.0   61.390 -140.031    837.2    804.5
     1     1    15    10     4    14     0     0    -4.0   61.506 -140.445    861.3    801.4
     1     1    15    10     4    13     0     0    -5.0   61.611 -140.907    883.0    798.8
     1     1    15    10     4    12     0     0    -6.0   61.706 -141.417    902.5    796.6
     1     1    15    10     4    11     0     0    -7.0   61.798 -141.954    920.3    794.6
     1     1    15    10     4    10     0     0    -8.0   61.895 -142.497    936.1    792.3
     1     1    15    10     4     9     0     0    -9.0   61.997 -143.044    949.7    791.6
     1     1    15    10     4     8     0     0   -10.0   62.100 -143.592    958.7    791.2
     1     1    15    10     4     7     0     0   -11.0   62.204 -144.143    961.9    791.3
     1     1    15    10     4     6     0     0   -12.0   62.310 -144.697    957.8    792.1
     1     1    15    10     4     5     0     0   -13.0   62.399 -145.249    946.5    794.5
     1     1    15    10     4     4     0     0   -14.0   62.450 -145.788    929.0    798.8
     1     1    15    10     4     3     0     0   -15.0   62.465 -146.304    907.0    804.4
     1     1    15    10     4     2     0     0   -16.0   62.444 -146.789    881.9    810.9
     1     1    15    10     4     1     0     0   -17.0   62.389 -147.239    855.0    818.0
     1     1    15    10     4     0     0     0   -18.0   62.304 -147.650    827.5    825.7
     1     1    15    10     3    23     0     0   -19.0   62.189 -148.019    796.0    834.1
     1     1    15    10     3    22     0     0   -20.0   62.049 -148.343    755.9    843.9
     1     1    15    10     3    21     0     0   -21.0   61.889 -148.618    708.0    854.8
     1     1    15    10     3    20     0     0   -22.0   61.714 -148.844    652.7    866.5
     1     1    15    10     3    19     0     0   -23.0   61.530 -149.014    590.6    878.8
     1     1    15    10     3    18     0     0   -24.0   61.343 -149.122    523.6    890.8
     1     1    15    10     3    17     0     0   -25.0   61.161 -149.167    456.8    903.1
     1     1    15    10     3    16     0     0   -26.0   60.986 -149.154    394.8    914.8
     1     1    15    10     3    15     0     0   -27.0   60.818 -149.090    338.6    924.8
     1     1    15    10     3    14     0     0   -28.0   60.659 -148.982    289.2    933.9
     1     1    15    10     3    13     0     0   -29.0   60.507 -148.839    247.0    942.4
     1     1    15    10     3    12     0     0   -30.0   60.361 -148.669    211.7    950.5
     1     1    15    10     3    11     0     0   -31.0   60.227 -148.484    182.8    957.2
     1     1    15    10     3    10     0     0   -32.0   60.112 -148.290    159.4    962.7
     1     1    15    10     3     9     0     0   -33.0   60.013 -148.091    140.1    967.7
     1     1    15    10     3     8     0     0   -34.0   59.927 -147.892    124.3    972.2
     1     1    15    10     3     7     0     0   -35.0   59.848 -147.697    111.7    976.3
     1     1    15    10     3     6     0     0   -36.0   59.774 -147.508    101.6    980.0
     1     1    15    10     3     5     0     0   -37.0   59.700 -147.329     93.4    982.3
     1     1    15    10     3     4     0     0   -38.0   59.623 -147.167     86.5    984.7
     1     1    15    10     3     3     0     0   -39.0   59.542 -147.022     80.8    987.2
     1     1    15    10     3     2     0     0   -40.0   59.461 -146.896     76.1    989.8
     1     1    15    10     3     1     0     0   -41.0   59.378 -146.789     72.3    992.3
     1     1    15    10     3     0     0     0   -42.0   59.296 -146.703     69.2    994.8
     1     1    15    10     2    23     0     0   -43.0   59.211 -146.637     66.3    997.1
     1     1    15    10     2    22     0     0   -44.0   59.120 -146.590     63.3    999.7
     1     1    15    10     2    21     0     0   -45.0   59.022 -146.560     60.2   1002.6
     1     1    15    10     2    20     0     0   -46.0   58.916 -146.550     57.0   1006.0
     1     1    15    10     2    19     0     0   -47.0   58.802 -146.560     53.7   1009.7
     1     1    15    10     2    18     0     0   -48.0   58.677 -146.592     50.4   1013.9
     1     1    15    10     2    17     0     0   -49.0   58.547 -146.650     47.3   1018.4
     1     1    15    10     2    16     0     0   -50.0   58.416 -146.735     44.4   1023.0
     1     1    15    10     2    15     0     0   -51.0   58.282 -146.846     41.8   1027.6
     1     1    15    10     2    14     0     0   -52.0   58.147 -146.982     39.2   1032.4
     1     1    15    10     2    13     0     0   -53.0   58.008 -147.143     36.8   1037.2
     1     1    15    10     2    12     0     0   -54.0   57.866 -147.328     34.3   1042.0
     1     1    15    10     2    11     0     0   -55.0   57.723 -147.529     32.0   1046.5
     1     1    15    10     2    10     0     0   -56.0   57.587 -147.732     30.1   1049.5
     1     1    15    10     2     9     0     0   -57.0   57.458 -147.931     28.4   1050.6
     1     1    15    10     2     8     0     0   -58.0   57.340 -148.116     26.9   1048.6
     1     1    15    10     2     7     0     0   -59.0   57.236 -148.280     25.5   1046.9
     1     1    15    10     2     6     0     0   -60.0   57.146 -148.425     24.4   1045.4
     1     1    15    10     2     5     0     0   -61.0   57.071 -148.567     23.6   1043.8
     1     1    15    10     2     4     0     0   -62.0   57.012 -148.719     23.7   1042.2
     1     1    15    10     2     3     0     0   -63.0   56.969 -148.881     24.5   1040.7
     1     1    15    10     2     2     0     0   -64.0   56.939 -149.051     26.2   1039.2
     1     1    15    10     2     1     0     0   -65.0   56.922 -149.227     29.1   1037.8
     1     1    15    10     2     0     0     0   -66.0   56.917 -149.409     33.4   1036.4
     1     1    15    10     1    23     0     0   -67.0   56.929 -149.587     38.5   1034.7
     1     1    15    10     1    22     0     0   -68.0   56.964 -149.752     43.6   1033.5
     1     1    15    10     1    21     0     0   -69.0   57.022 -149.904     48.4   1032.5
     1     1    15    10     1    20     0     0   -70.0   57.103 -150.044     52.9   1031.8
     1     1    15    10     1    19     0     0   -71.0   57.207 -150.172     57.2   1031.2
     1     1    15    10     1    18     0     0   -72.0   57.335 -150.287     61.4   1030.8
