     1     1
    CDC1    15    12     1     0     0
     1 BACKWARD OMEGA   
    15    12    13     0   60.984 -139.059   750.0
     1 PRESSURE
     1     1    15    12    13     0     0     0     0.0   60.984 -139.059    750.0    794.3
     1     1    15    12    12    23     0     0    -1.0   60.884 -139.189    743.4    796.3
     1     1    15    12    12    22     0     0    -2.0   60.775 -139.309    730.0    799.6
     1     1    15    12    12    21     0     0    -3.0   60.657 -139.420    709.3    803.8
     1     1    15    12    12    20     0     0    -4.0   60.530 -139.521    680.9    809.0
     1     1    15    12    12    19     0     0    -5.0   60.395 -139.615    644.2    815.4
     1     1    15    12    12    18     0     0    -6.0   60.253 -139.703    598.4    823.1
     1     1    15    12    12    17     0     0    -7.0   60.106 -139.788    549.2    831.4
     1     1    15    12    12    16     0     0    -8.0   59.960 -139.878    503.0    839.7
     1     1    15    12    12    15     0     0    -9.0   59.818 -139.971    461.8    849.6
     1     1    15    12    12    14     0     0   -10.0   59.681 -140.065    426.2    858.9
     1     1    15    12    12    13     0     0   -11.0   59.549 -140.164    396.1    867.7
     1     1    15    12    12    12     0     0   -12.0   59.420 -140.268    371.0    875.8
     1     1    15    12    12    11     0     0   -13.0   59.292 -140.366    346.8    882.9
     1     1    15    12    12    10     0     0   -14.0   59.162 -140.446    320.6    890.7
     1     1    15    12    12     9     0     0   -15.0   59.027 -140.507    293.7    898.7
     1     1    15    12    12     8     0     0   -16.0   58.888 -140.551    267.2    907.0
     1     1    15    12    12     7     0     0   -17.0   58.740 -140.577    242.0    915.4
     1     1    15    12    12     6     0     0   -18.0   58.582 -140.587    218.9    924.0
     1     1    15    12    12     5     0     0   -19.0   58.412 -140.583    198.8    932.9
     1     1    15    12    12     4     0     0   -20.0   58.230 -140.571    181.2    941.2
     1     1    15    12    12     3     0     0   -21.0   58.036 -140.558    165.7    949.7
     1     1    15    12    12     2     0     0   -22.0   57.831 -140.549    152.1    958.6
     1     1    15    12    12     1     0     0   -23.0   57.614 -140.550    140.2    967.8
     1     1    15    12    12     0     0     0   -24.0   57.389 -140.567    129.5    973.8
     1     1    15    12    11    23     0     0   -25.0   57.172 -140.605    119.7    976.0
     1     1    15    12    11    22     0     0   -26.0   56.979 -140.669    111.3    978.0
     1     1    15    12    11    21     0     0   -27.0   56.806 -140.763    104.4    979.9
     1     1    15    12    11    20     0     0   -28.0   56.655 -140.889     98.9    981.5
     1     1    15    12    11    19     0     0   -29.0   56.521 -141.052     94.9    982.9
     1     1    15    12    11    18     0     0   -30.0   56.404 -141.251     92.3    984.1
     1     1    15    12    11    17     0     0   -31.0   56.293 -141.486     90.0    984.9
     1     1    15    12    11    16     0     0   -32.0   56.179 -141.755     87.0    986.0
     1     1    15    12    11    15     0     0   -33.0   56.060 -142.061     83.4    987.0
     1     1    15    12    11    14     0     0   -34.0   55.931 -142.406     79.2    987.9
     1     1    15    12    11    13     0     0   -35.0   55.794 -142.797     74.7    988.7
     1     1    15    12    11    12     0     0   -36.0   55.649 -143.247     69.9    988.8
     1     1    15    12    11    11     0     0   -37.0   55.494 -143.765     65.6    988.5
     1     1    15    12    11    10     0     0   -38.0   55.331 -144.355     62.0    987.4
     1     1    15    12    11     9     0     0   -39.0   55.152 -145.024     58.7    985.2
     1     1    15    12    11     8     0     0   -40.0   54.967 -145.769     55.4    982.1
     1     1    15    12    11     7     0     0   -41.0   54.796 -146.563     51.8    981.3
     1     1    15    12    11     6     0     0   -42.0   54.647 -147.389     48.1    980.8
     1     1    15    12    11     5     0     0   -43.0   54.517 -148.221     44.8    980.8
     1     1    15    12    11     4     0     0   -44.0   54.402 -149.034     42.1    980.9
     1     1    15    12    11     3     0     0   -45.0   54.307 -149.831     40.1    980.9
     1     1    15    12    11     2     0     0   -46.0   54.230 -150.610     38.7    982.0
     1     1    15    12    11     1     0     0   -47.0   54.172 -151.371     37.8    983.2
     1     1    15    12    11     0     0     0   -48.0   54.135 -152.121     37.1    984.1
     1     1    15    12    10    23     0     0   -49.0   54.116 -152.855     36.5    985.0
     1     1    15    12    10    22     0     0   -50.0   54.106 -153.566     35.9    985.9
     1     1    15    12    10    21     0     0   -51.0   54.099 -154.255     35.4    986.8
     1     1    15    12    10    20     0     0   -52.0   54.092 -154.931     35.1    987.6
     1     1    15    12    10    19     0     0   -53.0   54.084 -155.592     35.1    987.7
     1     1    15    12    10    18     0     0   -54.0   54.079 -156.237     35.4    987.4
     1     1    15    12    10    17     0     0   -55.0   54.080 -156.856     35.8    987.2
     1     1    15    12    10    16     0     0   -56.0   54.089 -157.433     35.9    987.1
     1     1    15    12    10    15     0     0   -57.0   54.104 -157.970     35.9    986.4
     1     1    15    12    10    14     0     0   -58.0   54.127 -158.474     35.8    985.6
     1     1    15    12    10    13     0     0   -59.0   54.156 -158.952     35.5    984.7
     1     1    15    12    10    12     0     0   -60.0   54.190 -159.412     35.1    983.7
     1     1    15    12    10    11     0     0   -61.0   54.236 -159.860     34.7    982.6
     1     1    15    12    10    10     0     0   -62.0   54.301 -160.298     34.4    981.7
     1     1    15    12    10     9     0     0   -63.0   54.387 -160.725     34.1    980.8
     1     1    15    12    10     8     0     0   -64.0   54.489 -161.141     34.0    979.9
     1     1    15    12    10     7     0     0   -65.0   54.608 -161.547     34.0    978.8
     1     1    15    12    10     6     0     0   -66.0   54.741 -161.942     34.3    977.6
     1     1    15    12    10     5     0     0   -67.0   54.884 -162.316     34.4    976.0
     1     1    15    12    10     4     0     0   -68.0   55.031 -162.652     34.2    974.8
     1     1    15    12    10     3     0     0   -69.0   55.181 -162.939     33.7    974.6
     1     1    15    12    10     2     0     0   -70.0   55.335 -163.174     32.9    974.4
     1     1    15    12    10     1     0     0   -71.0   55.494 -163.357     31.8    974.4
     1     1    15    12    10     0     0     0   -72.0   55.661 -163.489     30.6    974.4
