     1     1
    CDC1    15    10     1     0     0
     1 BACKWARD OMEGA   
    15    10    19     0   60.984 -139.059   750.0
     1 PRESSURE
     1     1    15    10    19     0     0     0     0.0   60.984 -139.059    750.0    803.7
     1     1    15    10    18    23     0     0    -1.0   60.762 -138.971    694.0    812.5
     1     1    15    10    18    22     0     0    -2.0   60.532 -138.868    630.4    823.0
     1     1    15    10    18    21     0     0    -3.0   60.293 -138.735    560.7    834.0
     1     1    15    10    18    20     0     0    -4.0   60.045 -138.548    487.9    845.4
     1     1    15    10    18    19     0     0    -5.0   59.798 -138.314    417.8    860.3
     1     1    15    10    18    18     0     0    -6.0   59.563 -138.047    355.1    874.2
     1     1    15    10    18    17     0     0    -7.0   59.348 -137.766    299.7    886.2
     1     1    15    10    18    16     0     0    -8.0   59.156 -137.486    250.7    897.3
     1     1    15    10    18    15     0     0    -9.0   58.981 -137.205    208.1    906.9
     1     1    15    10    18    14     0     0   -10.0   58.816 -136.926    170.7    914.5
     1     1    15    10    18    13     0     0   -11.0   58.654 -136.649    137.3    921.5
     1     1    15    10    18    12     0     0   -12.0   58.493 -136.369    108.1    928.3
     1     1    15    10    18    11     0     0   -13.0   58.333 -136.101     84.8    935.0
     1     1    15    10    18    10     0     0   -14.0   58.176 -135.863     67.2    940.2
     1     1    15    10    18     9     0     0   -15.0   58.018 -135.651     53.5    944.8
     1     1    15    10    18     8     0     0   -16.0   57.860 -135.463     42.4    949.6
     1     1    15    10    18     7     0     0   -17.0   57.701 -135.296     33.6    954.5
     1     1    15    10    18     6     0     0   -18.0   57.542 -135.150     26.7    959.3
     1     1    15    10    18     5     0     0   -19.0   57.378 -135.029     21.1    962.0
     1     1    15    10    18     4     0     0   -20.0   57.204 -134.939     16.4    964.4
     1     1    15    10    18     3     0     0   -21.0   57.018 -134.884     12.8    967.4
     1     1    15    10    18     2     0     0   -22.0   56.823 -134.869     10.1    971.1
     1     1    15    10    18     1     0     0   -23.0   56.622 -134.897      7.7    975.1
     1     1    15    10    18     0     0     0   -24.0   56.419 -134.978      5.3    979.9
     1     1    15    10    17    23     0     0   -25.0   56.215 -135.086      2.6    983.9
     1     1    15    10    17    22     0     0   -26.0   56.010 -135.196      0.0    987.6
     1     1    15    10    17    21     0     0   -27.0   55.801 -135.314      0.0    991.2
     1     1    15    10    17    20     0     0   -28.0   55.587 -135.449      0.0    994.7
     1     1    15    10    17    19     0     0   -29.0   55.367 -135.612      0.0    998.2
     1     1    15    10    17    18     0     0   -30.0   55.138 -135.816      0.0   1001.7
     1     1    15    10    17    17     0     0   -31.0   54.907 -136.042      0.0   1004.0
     1     1    15    10    17    16     0     0   -32.0   54.679 -136.263      0.0   1003.8
     1     1    15    10    17    15     0     0   -33.0   54.452 -136.481      0.0   1003.3
     1     1    15    10    17    14     0     0   -34.0   54.220 -136.708      1.5   1002.3
     1     1    15    10    17    13     0     0   -35.0   53.978 -136.957      4.0   1001.0
     1     1    15    10    17    12     0     0   -36.0   53.720 -137.247      6.9    999.2
     1     1    15    10    17    11     0     0   -37.0   53.444 -137.566      9.1    997.6
     1     1    15    10    17    10     0     0   -38.0   53.158 -137.882     10.2    995.9
     1     1    15    10    17     9     0     0   -39.0   52.865 -138.183     10.4    994.3
     1     1    15    10    17     8     0     0   -40.0   52.566 -138.459     10.3    992.6
     1     1    15    10    17     7     0     0   -41.0   52.268 -138.706     10.0    992.0
     1     1    15    10    17     6     0     0   -42.0   51.976 -138.933      9.7    991.7
     1     1    15    10    17     5     0     0   -43.0   51.694 -139.174      9.5    991.9
     1     1    15    10    17     4     0     0   -44.0   51.426 -139.448      9.3    992.1
     1     1    15    10    17     3     0     0   -45.0   51.170 -139.745      9.1    992.4
     1     1    15    10    17     2     0     0   -46.0   50.925 -140.054      9.0    992.8
     1     1    15    10    17     1     0     0   -47.0   50.692 -140.368      9.0    993.3
     1     1    15    10    17     0     0     0   -48.0   50.469 -140.677      8.9    993.7
     1     1    15    10    16    23     0     0   -49.0   50.248 -140.984      8.9    994.3
     1     1    15    10    16    22     0     0   -50.0   50.022 -141.290      8.9    995.0
     1     1    15    10    16    21     0     0   -51.0   49.797 -141.593      9.1    995.5
     1     1    15    10    16    20     0     0   -52.0   49.582 -141.892      9.5    995.7
     1     1    15    10    16    19     0     0   -53.0   49.376 -142.183      9.9    995.7
     1     1    15    10    16    18     0     0   -54.0   49.182 -142.463     10.3    995.4
     1     1    15    10    16    17     0     0   -55.0   48.999 -142.735     10.4    994.8
     1     1    15    10    16    16     0     0   -56.0   48.825 -142.998     10.5    994.0
     1     1    15    10    16    15     0     0   -57.0   48.659 -143.248     10.5    993.2
     1     1    15    10    16    14     0     0   -58.0   48.497 -143.482     10.4    992.3
     1     1    15    10    16    13     0     0   -59.0   48.340 -143.697     10.2    991.5
     1     1    15    10    16    12     0     0   -60.0   48.185 -143.891     10.0    990.6
     1     1    15    10    16    11     0     0   -61.0   48.025 -144.076      9.7    990.2
     1     1    15    10    16    10     0     0   -62.0   47.856 -144.263      9.5    989.7
     1     1    15    10    16     9     0     0   -63.0   47.673 -144.447      9.2    989.1
     1     1    15    10    16     8     0     0   -64.0   47.476 -144.623      9.0    988.5
     1     1    15    10    16     7     0     0   -65.0   47.261 -144.786      8.8    988.7
     1     1    15    10    16     6     0     0   -66.0   47.028 -144.931      8.6    989.0
     1     1    15    10    16     5     0     0   -67.0   46.781 -145.079      8.5    989.5
     1     1    15    10    16     4     0     0   -68.0   46.527 -145.246      8.4    990.1
     1     1    15    10    16     3     0     0   -69.0   46.268 -145.431      8.4    990.7
     1     1    15    10    16     2     0     0   -70.0   46.003 -145.626      8.5    991.4
     1     1    15    10    16     1     0     0   -71.0   45.729 -145.826      8.6    992.1
     1     1    15    10    16     0     0     0   -72.0   45.444 -146.028      8.8    993.0
