     1     1
    CDC1    15    10     1     0     0
     1 BACKWARD OMEGA   
    15    10    29    12   60.984 -139.059   750.0
     1 PRESSURE
     1     1    15    10    29    12     0     0     0.0   60.984 -139.059    750.0    796.8
     1     1    15    10    29    11     0     0    -1.0   60.794 -139.212    730.5    802.0
     1     1    15    10    29    10     0     0    -2.0   60.591 -139.342    707.2    808.1
     1     1    15    10    29     9     0     0    -3.0   60.372 -139.453    679.4    815.1
     1     1    15    10    29     8     0     0    -4.0   60.135 -139.546    646.2    823.0
     1     1    15    10    29     7     0     0    -5.0   59.880 -139.630    608.2    833.9
     1     1    15    10    29     6     0     0    -6.0   59.614 -139.716    567.7    847.0
     1     1    15    10    29     5     0     0    -7.0   59.343 -139.784    525.8    860.5
     1     1    15    10    29     4     0     0    -8.0   59.071 -139.814    482.6    874.3
     1     1    15    10    29     3     0     0    -9.0   58.799 -139.806    439.3    888.2
     1     1    15    10    29     2     0     0   -10.0   58.531 -139.761    396.8    901.9
     1     1    15    10    29     1     0     0   -11.0   58.270 -139.678    356.4    914.6
     1     1    15    10    29     0     0     0   -12.0   58.017 -139.557    318.9    926.2
     1     1    15    10    28    23     0     0   -13.0   57.774 -139.397    285.7    937.6
     1     1    15    10    28    22     0     0   -14.0   57.542 -139.194    256.7    947.9
     1     1    15    10    28    21     0     0   -15.0   57.321 -138.954    230.4    953.1
     1     1    15    10    28    20     0     0   -16.0   57.111 -138.687    206.4    957.2
     1     1    15    10    28    19     0     0   -17.0   56.912 -138.392    183.7    960.5
     1     1    15    10    28    18     0     0   -18.0   56.723 -138.066    161.2    963.7
     1     1    15    10    28    17     0     0   -19.0   56.541 -137.727    138.7    967.4
     1     1    15    10    28    16     0     0   -20.0   56.359 -137.396    116.9    971.3
     1     1    15    10    28    15     0     0   -21.0   56.175 -137.078     97.2    975.1
     1     1    15    10    28    14     0     0   -22.0   55.989 -136.776     80.9    979.0
     1     1    15    10    28    13     0     0   -23.0   55.798 -136.488     68.5    982.3
     1     1    15    10    28    12     0     0   -24.0   55.599 -136.214     60.7    985.4
     1     1    15    10    28    11     0     0   -25.0   55.395 -135.941     56.5    988.6
     1     1    15    10    28    10     0     0   -26.0   55.190 -135.656     54.6    991.9
     1     1    15    10    28     9     0     0   -27.0   54.985 -135.356     54.8    995.0
     1     1    15    10    28     8     0     0   -28.0   54.779 -135.041     56.7    995.2
     1     1    15    10    28     7     0     0   -29.0   54.576 -134.715     58.8    993.0
     1     1    15    10    28     6     0     0   -30.0   54.374 -134.373     59.9    991.1
     1     1    15    10    28     5     0     0   -31.0   54.179 -134.016     61.6    990.1
     1     1    15    10    28     4     0     0   -32.0   53.994 -133.647     65.6    989.3
     1     1    15    10    28     3     0     0   -33.0   53.821 -133.263     72.5    988.7
     1     1    15    10    28     2     0     0   -34.0   53.660 -132.864     82.4    987.8
     1     1    15    10    28     1     0     0   -35.0   53.509 -132.450     95.1    986.3
     1     1    15    10    28     0     0     0   -36.0   53.361 -132.025    109.8    981.0
     1     1    15    10    27    23     0     0   -37.0   53.205 -131.590    122.5    976.0
     1     1    15    10    27    22     0     0   -38.0   53.036 -131.143    129.6    972.7
     1     1    15    10    27    21     0     0   -39.0   52.858 -130.686    131.6    970.4
     1     1    15    10    27    20     0     0   -40.0   52.677 -130.221    129.2    969.2
     1     1    15    10    27    19     0     0   -41.0   52.499 -129.759    123.8    966.9
     1     1    15    10    27    18     0     0   -42.0   52.326 -129.311    116.2    961.8
     1     1    15    10    27    17     0     0   -43.0   52.158 -128.884    109.1    957.7
     1     1    15    10    27    16     0     0   -44.0   51.997 -128.475    105.6    953.5
     1     1    15    10    27    15     0     0   -45.0   51.845 -128.077    106.4    949.2
     1     1    15    10    27    14     0     0   -46.0   51.700 -127.685    112.0    944.4
     1     1    15    10    27    13     0     0   -47.0   51.563 -127.301    123.2    939.1
     1     1    15    10    27    12     0     0   -48.0   51.435 -126.924    141.2    933.1
     1     1    15    10    27    11     0     0   -49.0   51.317 -126.566    164.8    926.3
     1     1    15    10    27    10     0     0   -50.0   51.206 -126.239    192.0    919.9
     1     1    15    10    27     9     0     0   -51.0   51.105 -125.941    222.8    912.7
     1     1    15    10    27     8     0     0   -52.0   51.017 -125.673    256.8    905.5
     1     1    15    10    27     7     0     0   -53.0   50.942 -125.431    294.1    898.4
     1     1    15    10    27     6     0     0   -54.0   50.883 -125.213    334.6    891.4
     1     1    15    10    27     5     0     0   -55.0   50.835 -125.029    376.5    884.4
     1     1    15    10    27     4     0     0   -56.0   50.795 -124.897    417.0    877.8
     1     1    15    10    27     3     0     0   -57.0   50.763 -124.819    454.6    872.5
     1     1    15    10    27     2     0     0   -58.0   50.737 -124.795    488.3    868.5
     1     1    15    10    27     1     0     0   -59.0   50.714 -124.823    517.9    865.9
     1     1    15    10    27     0     0     0   -60.0   50.692 -124.902    543.0    864.6
     1     1    15    10    26    23     0     0   -61.0   50.674 -125.002    567.7    864.1
     1     1    15    10    26    22     0     0   -62.0   50.666 -125.092    594.8    862.7
     1     1    15    10    26    21     0     0   -63.0   50.672 -125.174    624.4    860.7
     1     1    15    10    26    20     0     0   -64.0   50.694 -125.249    656.6    857.7
     1     1    15    10    26    19     0     0   -65.0   50.735 -125.318    691.1    854.2
     1     1    15    10    26    18     0     0   -66.0   50.793 -125.379    728.1    850.1
     1     1    15    10    26    17     0     0   -67.0   50.861 -125.448    761.1    845.6
     1     1    15    10    26    16     0     0   -68.0   50.926 -125.534    783.7    843.3
     1     1    15    10    26    15     0     0   -69.0   50.990 -125.640    796.6    842.3
     1     1    15    10    26    14     0     0   -70.0   51.052 -125.764    800.7    842.6
     1     1    15    10    26    13     0     0   -71.0   51.115 -125.909    796.8    843.9
     1     1    15    10    26    12     0     0   -72.0   51.181 -126.074    786.2    846.3
