     1     1
    CDC1    15    10     1     0     0
     1 BACKWARD OMEGA   
    15    10    29     6   60.984 -139.059   750.0
     1 PRESSURE
     1     1    15    10    29     6     0     0     0.0   60.984 -139.059    750.0    797.3
     1     1    15    10    29     5     0     0    -1.0   60.746 -139.190    721.2    804.3
     1     1    15    10    29     4     0     0    -2.0   60.486 -139.266    683.3    813.1
     1     1    15    10    29     3     0     0    -3.0   60.202 -139.284    636.5    823.5
     1     1    15    10    29     2     0     0    -4.0   59.898 -139.242    582.5    836.2
     1     1    15    10    29     1     0     0    -5.0   59.590 -139.146    526.1    852.0
     1     1    15    10    29     0     0     0    -6.0   59.285 -139.004    469.9    867.5
     1     1    15    10    28    23     0     0    -7.0   58.994 -138.825    417.5    882.8
     1     1    15    10    28    22     0     0    -8.0   58.722 -138.618    371.0    896.3
     1     1    15    10    28    21     0     0    -9.0   58.470 -138.379    330.4    907.8
     1     1    15    10    28    20     0     0   -10.0   58.238 -138.100    295.2    918.0
     1     1    15    10    28    19     0     0   -11.0   58.024 -137.779    264.1    927.1
     1     1    15    10    28    18     0     0   -12.0   57.829 -137.411    236.4    934.8
     1     1    15    10    28    17     0     0   -13.0   57.648 -137.015    210.4    940.9
     1     1    15    10    28    16     0     0   -14.0   57.472 -136.612    185.6    945.8
     1     1    15    10    28    15     0     0   -15.0   57.304 -136.214    162.2    948.1
     1     1    15    10    28    14     0     0   -16.0   57.142 -135.831    141.1    950.7
     1     1    15    10    28    13     0     0   -17.0   56.988 -135.457    123.2    953.5
     1     1    15    10    28    12     0     0   -18.0   56.840 -135.091    109.4    956.2
     1     1    15    10    28    11     0     0   -19.0   56.703 -134.733     99.3    956.1
     1     1    15    10    28    10     0     0   -20.0   56.578 -134.382     92.1    954.9
     1     1    15    10    28     9     0     0   -21.0   56.465 -134.038     86.7    953.6
     1     1    15    10    28     8     0     0   -22.0   56.362 -133.698     82.3    952.1
     1     1    15    10    28     7     0     0   -23.0   56.270 -133.362     78.6    950.6
     1     1    15    10    28     6     0     0   -24.0   56.191 -133.031     75.1    948.9
     1     1    15    10    28     5     0     0   -25.0   56.123 -132.707     71.9    947.4
     1     1    15    10    28     4     0     0   -26.0   56.065 -132.393     69.2    945.1
     1     1    15    10    28     3     0     0   -27.0   56.011 -132.094     67.0    941.7
     1     1    15    10    28     2     0     0   -28.0   55.958 -131.810     65.8    938.5
     1     1    15    10    28     1     0     0   -29.0   55.910 -131.540     65.6    935.4
     1     1    15    10    28     0     0     0   -30.0   55.867 -131.283     66.6    932.2
     1     1    15    10    27    23     0     0   -31.0   55.825 -131.035     68.4    929.1
     1     1    15    10    27    22     0     0   -32.0   55.776 -130.788     70.5    926.2
     1     1    15    10    27    21     0     0   -33.0   55.722 -130.543     72.3    923.5
     1     1    15    10    27    20     0     0   -34.0   55.662 -130.301     73.7    921.0
     1     1    15    10    27    19     0     0   -35.0   55.600 -130.062     74.3    918.6
     1     1    15    10    27    18     0     0   -36.0   55.536 -129.826     74.1    917.4
     1     1    15    10    27    17     0     0   -37.0   55.474 -129.588     73.9    915.9
     1     1    15    10    27    16     0     0   -38.0   55.414 -129.344     74.8    913.9
     1     1    15    10    27    15     0     0   -39.0   55.356 -129.094     76.7    911.6
     1     1    15    10    27    14     0     0   -40.0   55.300 -128.838     79.6    908.8
     1     1    15    10    27    13     0     0   -41.0   55.249 -128.575     83.4    905.7
     1     1    15    10    27    12     0     0   -42.0   55.203 -128.306     88.2    902.2
     1     1    15    10    27    11     0     0   -43.0   55.166 -128.038     93.9    898.3
     1     1    15    10    27    10     0     0   -44.0   55.138 -127.779    100.7    894.1
     1     1    15    10    27     9     0     0   -45.0   55.120 -127.530    108.3    889.9
     1     1    15    10    27     8     0     0   -46.0   55.109 -127.290    117.4    887.9
     1     1    15    10    27     7     0     0   -47.0   55.100 -127.056    128.5    886.0
     1     1    15    10    27     6     0     0   -48.0   55.093 -126.825    142.1    883.9
     1     1    15    10    27     5     0     0   -49.0   55.092 -126.606    158.1    881.3
     1     1    15    10    27     4     0     0   -50.0   55.106 -126.410    176.5    878.5
     1     1    15    10    27     3     0     0   -51.0   55.138 -126.240    197.8    875.3
     1     1    15    10    27     2     0     0   -52.0   55.195 -126.098    222.8    870.9
     1     1    15    10    27     1     0     0   -53.0   55.282 -125.989    252.5    866.0
     1     1    15    10    27     0     0     0   -54.0   55.408 -125.914    287.6    860.5
     1     1    15    10    26    23     0     0   -55.0   55.571 -125.853    327.1    853.9
     1     1    15    10    26    22     0     0   -56.0   55.766 -125.782    368.4    847.3
     1     1    15    10    26    21     0     0   -57.0   55.991 -125.702    409.4    839.6
     1     1    15    10    26    20     0     0   -58.0   56.241 -125.617    448.1    832.3
     1     1    15    10    26    19     0     0   -59.0   56.517 -125.530    483.3    825.5
     1     1    15    10    26    18     0     0   -60.0   56.816 -125.444    513.8    819.3
     1     1    15    10    26    17     0     0   -61.0   57.123 -125.381    539.3    814.1
     1     1    15    10    26    16     0     0   -62.0   57.424 -125.357    559.7    809.6
     1     1    15    10    26    15     0     0   -63.0   57.713 -125.370    576.3    809.4
     1     1    15    10    26    14     0     0   -64.0   57.990 -125.419    589.2    810.7
     1     1    15    10    26    13     0     0   -65.0   58.259 -125.502    599.1    811.9
     1     1    15    10    26    12     0     0   -66.0   58.524 -125.616    607.0    812.8
     1     1    15    10    26    11     0     0   -67.0   58.772 -125.752    615.8    813.1
     1     1    15    10    26    10     0     0   -68.0   58.982 -125.898    628.7    812.0
     1     1    15    10    26     9     0     0   -69.0   59.154 -126.051    643.7    810.1
     1     1    15    10    26     8     0     0   -70.0   59.287 -126.210    660.1    807.5
     1     1    15    10    26     7     0     0   -71.0   59.379 -126.377    676.8    804.4
     1     1    15    10    26     6     0     0   -72.0   59.433 -126.552    693.3    800.9
