     1     1
    CDC1    16     1     1     0     0
     1 BACKWARD OMEGA   
    16     1     4    12   60.984 -139.059   750.0
     1 PRESSURE
     1     1    16     1     4    12     0     0     0.0   60.984 -139.059    750.0    807.4
     1     1    16     1     4    11     0     0    -1.0   60.783 -138.704    769.5    808.4
     1     1    16     1     4    10     0     0    -2.0   60.587 -138.346    788.9    809.3
     1     1    16     1     4     9     0     0    -3.0   60.394 -137.977    808.4    810.1
     1     1    16     1     4     8     0     0    -4.0   60.200 -137.592    828.3    810.6
     1     1    16     1     4     7     0     0    -5.0   60.005 -137.185    848.6    810.7
     1     1    16     1     4     6     0     0    -6.0   59.809 -136.762    871.3    813.0
     1     1    16     1     4     5     0     0    -7.0   59.622 -136.358    897.5    814.8
     1     1    16     1     4     4     0     0    -8.0   59.453 -135.995    927.1    815.2
     1     1    16     1     4     3     0     0    -9.0   59.304 -135.669    960.2    814.7
     1     1    16     1     4     2     0     0   -10.0   59.174 -135.378    996.7    813.2
     1     1    16     1     4     1     0     0   -11.0   59.064 -135.119   1037.1    811.0
     1     1    16     1     4     0     0     0   -12.0   58.974 -134.893   1081.4    807.4
     1     1    16     1     3    23     0     0   -13.0   58.898 -134.705   1128.5    802.8
     1     1    16     1     3    22     0     0   -14.0   58.830 -134.559   1175.8    798.5
     1     1    16     1     3    21     0     0   -15.0   58.769 -134.449   1223.0    794.4
     1     1    16     1     3    20     0     0   -16.0   58.716 -134.373   1269.6    790.5
     1     1    16     1     3    19     0     0   -17.0   58.671 -134.329   1315.2    786.6
     1     1    16     1     3    18     0     0   -18.0   58.635 -134.317   1359.5    783.0
     1     1    16     1     3    17     0     0   -19.0   58.600 -134.345   1400.5    779.5
     1     1    16     1     3    16     0     0   -20.0   58.558 -134.419   1436.8    777.5
     1     1    16     1     3    15     0     0   -21.0   58.508 -134.533   1467.8    776.7
     1     1    16     1     3    14     0     0   -22.0   58.451 -134.681   1493.2    777.0
     1     1    16     1     3    13     0     0   -23.0   58.387 -134.857   1512.3    778.4
     1     1    16     1     3    12     0     0   -24.0   58.317 -135.055   1524.3    780.7
     1     1    16     1     3    11     0     0   -25.0   58.233 -135.256   1528.8    783.7
     1     1    16     1     3    10     0     0   -26.0   58.128 -135.437   1525.5    787.9
     1     1    16     1     3     9     0     0   -27.0   58.005 -135.597   1513.8    793.4
     1     1    16     1     3     8     0     0   -28.0   57.867 -135.735   1492.7    800.3
     1     1    16     1     3     7     0     0   -29.0   57.715 -135.851   1461.7    808.5
     1     1    16     1     3     6     0     0   -30.0   57.555 -135.947   1420.0    818.2
     1     1    16     1     3     5     0     0   -31.0   57.381 -136.025   1367.8    827.3
     1     1    16     1     3     4     0     0   -32.0   57.186 -136.091   1311.5    836.5
     1     1    16     1     3     3     0     0   -33.0   56.973 -136.152   1253.4    845.8
     1     1    16     1     3     2     0     0   -34.0   56.745 -136.212   1195.6    855.0
     1     1    16     1     3     1     0     0   -35.0   56.507 -136.277   1139.5    864.4
     1     1    16     1     3     0     0     0   -36.0   56.263 -136.351   1085.8    873.8
     1     1    16     1     2    23     0     0   -37.0   56.018 -136.423   1035.0    883.1
     1     1    16     1     2    22     0     0   -38.0   55.773 -136.484    987.3    892.0
     1     1    16     1     2    21     0     0   -39.0   55.525 -136.541    943.4    900.5
     1     1    16     1     2    20     0     0   -40.0   55.271 -136.600    903.6    908.0
     1     1    16     1     2    19     0     0   -41.0   55.008 -136.669    868.4    914.9
     1     1    16     1     2    18     0     0   -42.0   54.735 -136.751    836.5    917.4
     1     1    16     1     2    17     0     0   -43.0   54.449 -136.820    805.1    919.3
     1     1    16     1     2    16     0     0   -44.0   54.144 -136.857    771.4    921.7
     1     1    16     1     2    15     0     0   -45.0   53.821 -136.867    735.8    924.4
     1     1    16     1     2    14     0     0   -46.0   53.481 -136.857    698.6    927.3
     1     1    16     1     2    13     0     0   -47.0   53.122 -136.833    660.3    930.4
     1     1    16     1     2    12     0     0   -48.0   52.744 -136.803    621.3    933.6
     1     1    16     1     2    11     0     0   -49.0   52.348 -136.770    582.8    936.7
     1     1    16     1     2    10     0     0   -50.0   51.937 -136.728    545.0    939.8
     1     1    16     1     2     9     0     0   -51.0   51.515 -136.671    508.7    942.9
     1     1    16     1     2     8     0     0   -52.0   51.078 -136.600    475.1    945.7
     1     1    16     1     2     7     0     0   -53.0   50.621 -136.516    445.2    947.9
     1     1    16     1     2     6     0     0   -54.0   50.134 -136.419    420.2    949.4
     1     1    16     1     2     5     0     0   -55.0   49.630 -136.305    399.1    952.8
     1     1    16     1     2     4     0     0   -56.0   49.122 -136.169    378.9    956.6
     1     1    16     1     2     3     0     0   -57.0   48.608 -136.017    358.0    960.0
     1     1    16     1     2     2     0     0   -58.0   48.087 -135.854    335.0    963.4
     1     1    16     1     2     1     0     0   -59.0   47.557 -135.688    308.6    967.1
     1     1    16     1     2     0     0     0   -60.0   47.023 -135.523    278.4    971.3
     1     1    16     1     1    23     0     0   -61.0   46.494 -135.349    246.9    976.8
     1     1    16     1     1    22     0     0   -62.0   45.974 -135.147    216.6    982.2
     1     1    16     1     1    21     0     0   -63.0   45.463 -134.915    187.9    986.9
     1     1    16     1     1    20     0     0   -64.0   44.966 -134.658    161.4    990.2
     1     1    16     1     1    19     0     0   -65.0   44.484 -134.377    137.4    993.2
     1     1    16     1     1    18     0     0   -66.0   44.015 -134.071    115.7    996.4
     1     1    16     1     1    17     0     0   -67.0   43.570 -133.763     96.5    999.5
     1     1    16     1     1    16     0     0   -68.0   43.158 -133.477     79.9   1002.6
     1     1    16     1     1    15     0     0   -69.0   42.776 -133.211     65.6   1004.9
     1     1    16     1     1    14     0     0   -70.0   42.420 -132.960     53.5   1006.9
     1     1    16     1     1    13     0     0   -71.0   42.082 -132.721     42.8   1008.1
     1     1    16     1     1    12     0     0   -72.0   41.759 -132.492     33.2   1009.6
