     1     1
    CDC1    15    12     1     0     0
     1 BACKWARD OMEGA   
    15    12    21    18   60.984 -139.059   750.0
     1 PRESSURE
     1     1    15    12    21    18     0     0     0.0   60.984 -139.059    750.0    787.1
     1     1    15    12    21    17     0     0    -1.0   60.829 -138.831    741.1    790.1
     1     1    15    12    21    16     0     0    -2.0   60.681 -138.593    729.7    793.4
     1     1    15    12    21    15     0     0    -3.0   60.536 -138.343    716.2    796.8
     1     1    15    12    21    14     0     0    -4.0   60.392 -138.081    701.1    800.3
     1     1    15    12    21    13     0     0    -5.0   60.245 -137.806    684.6    803.9
     1     1    15    12    21    12     0     0    -6.0   60.092 -137.516    667.4    807.6
     1     1    15    12    21    11     0     0    -7.0   59.934 -137.213    650.4    812.0
     1     1    15    12    21    10     0     0    -8.0   59.774 -136.910    633.5    817.6
     1     1    15    12    21     9     0     0    -9.0   59.612 -136.614    616.1    823.1
     1     1    15    12    21     8     0     0   -10.0   59.445 -136.327    597.8    828.4
     1     1    15    12    21     7     0     0   -11.0   59.271 -136.048    578.4    833.8
     1     1    15    12    21     6     0     0   -12.0   59.085 -135.779    557.5    839.6
     1     1    15    12    21     5     0     0   -13.0   58.890 -135.541    533.8    846.0
     1     1    15    12    21     4     0     0   -14.0   58.689 -135.350    505.7    853.4
     1     1    15    12    21     3     0     0   -15.0   58.484 -135.203    473.5    861.6
     1     1    15    12    21     2     0     0   -16.0   58.277 -135.095    437.5    870.6
     1     1    15    12    21     1     0     0   -17.0   58.071 -135.021    397.9    880.4
     1     1    15    12    21     0     0     0   -18.0   57.870 -134.977    355.0    890.1
     1     1    15    12    20    23     0     0   -19.0   57.674 -134.945    310.0    899.5
     1     1    15    12    20    22     0     0   -20.0   57.484 -134.913    264.4    908.9
     1     1    15    12    20    21     0     0   -21.0   57.298 -134.888    220.2    917.6
     1     1    15    12    20    20     0     0   -22.0   57.110 -134.871    179.7    925.7
     1     1    15    12    20    19     0     0   -23.0   56.920 -134.859    144.4    932.9
     1     1    15    12    20    18     0     0   -24.0   56.731 -134.854    114.6    939.9
     1     1    15    12    20    17     0     0   -25.0   56.542 -134.870     91.8    947.0
     1     1    15    12    20    16     0     0   -26.0   56.350 -134.919     76.0    953.4
     1     1    15    12    20    15     0     0   -27.0   56.154 -135.014     65.1    959.1
     1     1    15    12    20    14     0     0   -28.0   55.952 -135.166     57.7    964.2
     1     1    15    12    20    13     0     0   -29.0   55.745 -135.385     52.9    969.1
     1     1    15    12    20    12     0     0   -30.0   55.531 -135.687     49.8    974.0
     1     1    15    12    20    11     0     0   -31.0   55.314 -136.088     47.3    978.2
     1     1    15    12    20    10     0     0   -32.0   55.097 -136.610     44.7    982.0
     1     1    15    12    20     9     0     0   -33.0   54.885 -137.256     42.0    983.7
     1     1    15    12    20     8     0     0   -34.0   54.691 -138.002     39.2    982.4
     1     1    15    12    20     7     0     0   -35.0   54.518 -138.823     36.5    980.8
     1     1    15    12    20     6     0     0   -36.0   54.365 -139.704     33.7    979.6
     1     1    15    12    20     5     0     0   -37.0   54.231 -140.644     31.1    978.9
     1     1    15    12    20     4     0     0   -38.0   54.117 -141.653     28.7    978.9
     1     1    15    12    20     3     0     0   -39.0   54.018 -142.740     26.6    979.3
     1     1    15    12    20     2     0     0   -40.0   53.930 -143.898     24.8    979.6
     1     1    15    12    20     1     0     0   -41.0   53.848 -145.114     23.2    980.0
     1     1    15    12    20     0     0     0   -42.0   53.767 -146.366     21.8    979.8
     1     1    15    12    19    23     0     0   -43.0   53.689 -147.618     20.7    979.5
     1     1    15    12    19    22     0     0   -44.0   53.621 -148.830     20.1    980.7
     1     1    15    12    19    21     0     0   -45.0   53.567 -149.989     19.8    981.9
     1     1    15    12    19    20     0     0   -46.0   53.531 -151.108     19.7    984.0
     1     1    15    12    19    19     0     0   -47.0   53.515 -152.198     19.7    985.6
     1     1    15    12    19    18     0     0   -48.0   53.514 -153.258     19.9    986.3
     1     1    15    12    19    17     0     0   -49.0   53.515 -154.286     20.2    987.0
     1     1    15    12    19    16     0     0   -50.0   53.505 -155.283     20.5    987.3
     1     1    15    12    19    15     0     0   -51.0   53.475 -156.247     20.8    986.6
     1     1    15    12    19    14     0     0   -52.0   53.419 -157.185     21.1    985.9
     1     1    15    12    19    13     0     0   -53.0   53.337 -158.111     21.4    985.5
     1     1    15    12    19    12     0     0   -54.0   53.229 -159.041     21.7    985.7
     1     1    15    12    19    11     0     0   -55.0   53.099 -159.963     22.1    985.7
     1     1    15    12    19    10     0     0   -56.0   52.952 -160.857     22.5    985.2
     1     1    15    12    19     9     0     0   -57.0   52.795 -161.723     23.1    984.8
     1     1    15    12    19     8     0     0   -58.0   52.631 -162.569     23.8    984.5
     1     1    15    12    19     7     0     0   -59.0   52.471 -163.410     24.6    983.7
     1     1    15    12    19     6     0     0   -60.0   52.323 -164.261     25.5    983.0
     1     1    15    12    19     5     0     0   -61.0   52.181 -165.130     26.3    982.8
     1     1    15    12    19     4     0     0   -62.0   52.035 -166.020     27.0    982.8
     1     1    15    12    19     3     0     0   -63.0   51.878 -166.941     27.8    982.5
     1     1    15    12    19     2     0     0   -64.0   51.711 -167.900     28.7    982.5
     1     1    15    12    19     1     0     0   -65.0   51.530 -168.900     29.6    983.1
     1     1    15    12    19     0     0     0   -66.0   51.331 -169.939     30.5    983.6
     1     1    15    12    18    23     0     0   -67.0   51.120 -170.992     31.4    984.5
     1     1    15    12    18    22     0     0   -68.0   50.898 -172.038     32.5    985.4
     1     1    15    12    18    21     0     0   -69.0   50.668 -173.089     33.8    985.6
     1     1    15    12    18    20     0     0   -70.0   50.434 -174.153     35.6    985.0
     1     1    15    12    18    19     0     0   -71.0   50.195 -175.228     37.9    984.2
     1     1    15    12    18    18     0     0   -72.0   49.954 -176.306     40.7    982.6
