     1     1
    CDC1    16     1     1     0     0
     1 BACKWARD OMEGA   
    16     1    19     6   60.984 -139.059   750.0
     1 PRESSURE
     1     1    16     1    19     6     0     0     0.0   60.984 -139.059    750.0    798.5
     1     1    16     1    19     5     0     0    -1.0   60.822 -138.843    747.9    800.9
     1     1    16     1    19     4     0     0    -2.0   60.628 -138.609    738.7    804.8
     1     1    16     1    19     3     0     0    -3.0   60.399 -138.354    721.8    810.1
     1     1    16     1    19     2     0     0    -4.0   60.135 -138.076    696.5    816.9
     1     1    16     1    19     1     0     0    -5.0   59.839 -137.774    662.7    827.5
     1     1    16     1    19     0     0     0    -6.0   59.522 -137.442    620.7    841.4
     1     1    16     1    18    23     0     0    -7.0   59.208 -137.082    574.7    854.6
     1     1    16     1    18    22     0     0    -8.0   58.911 -136.706    529.0    866.4
     1     1    16     1    18    21     0     0    -9.0   58.630 -136.316    483.3    877.4
     1     1    16     1    18    20     0     0   -10.0   58.365 -135.916    437.0    887.9
     1     1    16     1    18    19     0     0   -11.0   58.114 -135.509    389.3    898.2
     1     1    16     1    18    18     0     0   -12.0   57.880 -135.102    340.6    907.1
     1     1    16     1    18    17     0     0   -13.0   57.667 -134.709    294.3    912.6
     1     1    16     1    18    16     0     0   -14.0   57.471 -134.343    254.1    916.0
     1     1    16     1    18    15     0     0   -15.0   57.287 -134.004    220.5    918.3
     1     1    16     1    18    14     0     0   -16.0   57.106 -133.684    192.9    920.3
     1     1    16     1    18    13     0     0   -17.0   56.924 -133.379    170.1    921.7
     1     1    16     1    18    12     0     0   -18.0   56.738 -133.084    151.0    923.5
     1     1    16     1    18    11     0     0   -19.0   56.547 -132.784    134.9    924.5
     1     1    16     1    18    10     0     0   -20.0   56.348 -132.469    121.4    925.4
     1     1    16     1    18     9     0     0   -21.0   56.134 -132.154    108.9    925.3
     1     1    16     1    18     8     0     0   -22.0   55.902 -131.856     97.1    926.1
     1     1    16     1    18     7     0     0   -23.0   55.655 -131.576     86.4    927.5
     1     1    16     1    18     6     0     0   -24.0   55.400 -131.316     77.4    929.5
     1     1    16     1    18     5     0     0   -25.0   55.138 -131.031     69.7    930.7
     1     1    16     1    18     4     0     0   -26.0   54.870 -130.677     62.8    929.9
     1     1    16     1    18     3     0     0   -27.0   54.595 -130.275     56.2    928.3
     1     1    16     1    18     2     0     0   -28.0   54.305 -129.862     49.2    927.7
     1     1    16     1    18     1     0     0   -29.0   53.986 -129.474     40.4    927.9
     1     1    16     1    18     0     0     0   -30.0   53.627 -129.136     28.3    929.8
     1     1    16     1    17    23     0     0   -31.0   53.242 -128.845     15.0    933.9
     1     1    16     1    17    22     0     0   -32.0   52.850 -128.569      2.0    936.8
     1     1    16     1    17    21     0     0   -33.0   52.449 -128.274      0.0    938.1
     1     1    16     1    17    20     0     0   -34.0   52.071 -127.959      0.0    938.1
     1     1    16     1    17    19     0     0   -35.0   51.738 -127.642      0.0    937.9
     1     1    16     1    17    18     0     0   -36.0   51.442 -127.331      0.0    937.3
     1     1    16     1    17    17     0     0   -37.0   51.168 -127.025      0.0    936.8
     1     1    16     1    17    16     0     0   -38.0   50.908 -126.708      0.0    935.9
     1     1    16     1    17    15     0     0   -39.0   50.667 -126.364      0.0    934.3
     1     1    16     1    17    14     0     0   -40.0   50.451 -125.981      0.0    931.7
     1     1    16     1    17    13     0     0   -41.0   50.268 -125.555      0.0    928.0
     1     1    16     1    17    12     0     0   -42.0   50.128 -125.091      0.0    923.3
     1     1    16     1    17    11     0     0   -43.0   50.014 -124.653      0.0    919.4
     1     1    16     1    17    10     0     0   -44.0   49.893 -124.290      0.0    918.1
     1     1    16     1    17     9     0     0   -45.0   49.761 -123.995      0.0    918.4
     1     1    16     1    17     8     0     0   -46.0   49.620 -123.756      0.0    919.8
     1     1    16     1    17     7     0     0   -47.0   49.468 -123.565      0.0    922.3
     1     1    16     1    17     6     0     0   -48.0   49.307 -123.418      0.0    925.8
     1     1    16     1    17     5     0     0   -49.0   49.142 -123.297      0.0    928.8
     1     1    16     1    17     4     0     0   -50.0   48.975 -123.190      0.0    932.2
     1     1    16     1    17     3     0     0   -51.0   48.806 -123.097      0.0    935.9
     1     1    16     1    17     2     0     0   -52.0   48.633 -123.020      0.0    940.1
     1     1    16     1    17     1     0     0   -53.0   48.455 -122.965      0.0    944.9
     1     1    16     1    17     0     0     0   -54.0   48.271 -122.934      0.0    950.2
     1     1    16     1    16    23     0     0   -55.0   48.078 -122.912      0.0    955.6
     1     1    16     1    16    22     0     0   -56.0   47.878 -122.882      0.0    961.2
     1     1    16     1    16    21     0     0   -57.0   47.668 -122.847      0.0    966.9
     1     1    16     1    16    20     0     0   -58.0   47.448 -122.812      0.0    970.8
     1     1    16     1    16    19     0     0   -59.0   47.218 -122.781      0.0    967.3
     1     1    16     1    16    18     0     0   -60.0   46.980 -122.756      0.0    963.8
     1     1    16     1    16    17     0     0   -61.0   46.744 -122.727      0.0    960.8
     1     1    16     1    16    16     0     0   -62.0   46.518 -122.675      0.0    957.4
     1     1    16     1    16    15     0     0   -63.0   46.301 -122.594      0.0    953.5
     1     1    16     1    16    14     0     0   -64.0   46.093 -122.479      0.0    948.9
     1     1    16     1    16    13     0     0   -65.0   45.893 -122.326      0.0    944.1
     1     1    16     1    16    12     0     0   -66.0   45.700 -122.135      0.0    938.8
     1     1    16     1    16    11     0     0   -67.0   45.519 -121.929      0.0    934.1
     1     1    16     1    16    10     0     0   -68.0   45.350 -121.733      0.0    929.5
     1     1    16     1    16     9     0     0   -69.0   45.193 -121.546      0.0    924.9
     1     1    16     1    16     8     0     0   -70.0   45.045 -121.367      0.0    920.3
     1     1    16     1    16     7     0     0   -71.0   44.908 -121.199      0.0    915.5
     1     1    16     1    16     6     0     0   -72.0   44.779 -121.047      0.0    910.8
