     1     1
    CDC1    16     4     1     0     0
     1 BACKWARD OMEGA   
    16     4    27    18   60.984 -139.059   750.0
     1 PRESSURE
     1     1    16     4    27    18     0     0     0.0   60.984 -139.059    750.0    810.5
     1     1    16     4    27    17     0     0    -1.0   60.838 -138.968    747.7    812.9
     1     1    16     4    27    16     0     0    -2.0   60.696 -138.867    742.8    815.7
     1     1    16     4    27    15     0     0    -3.0   60.557 -138.756    735.4    818.5
     1     1    16     4    27    14     0     0    -4.0   60.421 -138.633    725.8    821.5
     1     1    16     4    27    13     0     0    -5.0   60.288 -138.500    714.2    824.6
     1     1    16     4    27    12     0     0    -6.0   60.159 -138.355    700.9    827.8
     1     1    16     4    27    11     0     0    -7.0   60.028 -138.208    687.8    831.4
     1     1    16     4    27    10     0     0    -8.0   59.892 -138.072    678.3    836.1
     1     1    16     4    27     9     0     0    -9.0   59.750 -137.951    672.3    841.1
     1     1    16     4    27     8     0     0   -10.0   59.602 -137.842    669.7    845.9
     1     1    16     4    27     7     0     0   -11.0   59.447 -137.741    670.5    850.5
     1     1    16     4    27     6     0     0   -12.0   59.283 -137.644    674.7    855.0
     1     1    16     4    27     5     0     0   -13.0   59.107 -137.535    679.2    859.1
     1     1    16     4    27     4     0     0   -14.0   58.913 -137.404    682.2    863.9
     1     1    16     4    27     3     0     0   -15.0   58.703 -137.253    684.0    869.1
     1     1    16     4    27     2     0     0   -16.0   58.478 -137.085    685.7    874.5
     1     1    16     4    27     1     0     0   -17.0   58.238 -136.902    688.1    879.9
     1     1    16     4    27     0     0     0   -18.0   57.985 -136.708    692.5    885.2
     1     1    16     4    26    23     0     0   -19.0   57.727 -136.517    696.8    890.3
     1     1    16     4    26    22     0     0   -20.0   57.471 -136.342    697.8    895.4
     1     1    16     4    26    21     0     0   -21.0   57.222 -136.183    693.3    898.0
     1     1    16     4    26    20     0     0   -22.0   56.979 -136.041    683.1    901.6
     1     1    16     4    26    19     0     0   -23.0   56.743 -135.912    666.5    906.2
     1     1    16     4    26    18     0     0   -24.0   56.516 -135.795    642.9    911.7
     1     1    16     4    26    17     0     0   -25.0   56.295 -135.670    612.5    918.0
     1     1    16     4    26    16     0     0   -26.0   56.079 -135.520    576.9    924.3
     1     1    16     4    26    15     0     0   -27.0   55.868 -135.345    536.5    931.4
     1     1    16     4    26    14     0     0   -28.0   55.666 -135.146    492.2    939.0
     1     1    16     4    26    13     0     0   -29.0   55.474 -134.921    444.9    946.5
     1     1    16     4    26    12     0     0   -30.0   55.291 -134.669    395.7    953.2
     1     1    16     4    26    11     0     0   -31.0   55.106 -134.406    348.0    960.0
     1     1    16     4    26    10     0     0   -32.0   54.911 -134.152    303.6    965.3
     1     1    16     4    26     9     0     0   -33.0   54.702 -133.907    263.3    969.4
     1     1    16     4    26     8     0     0   -34.0   54.480 -133.672    227.6    973.8
     1     1    16     4    26     7     0     0   -35.0   54.243 -133.442    196.4    978.2
     1     1    16     4    26     6     0     0   -36.0   53.986 -133.217    169.1    982.1
     1     1    16     4    26     5     0     0   -37.0   53.697 -132.981    145.5    987.0
     1     1    16     4    26     4     0     0   -38.0   53.366 -132.725    125.7    992.6
     1     1    16     4    26     3     0     0   -39.0   52.991 -132.453    108.9    998.9
     1     1    16     4    26     2     0     0   -40.0   52.580 -132.177     94.7   1003.6
     1     1    16     4    26     1     0     0   -41.0   52.145 -131.912     83.1   1005.4
     1     1    16     4    26     0     0     0   -42.0   51.697 -131.667     74.1   1006.8
     1     1    16     4    25    23     0     0   -43.0   51.259 -131.456     67.0   1008.6
     1     1    16     4    25    22     0     0   -44.0   50.849 -131.283     61.3   1010.9
     1     1    16     4    25    21     0     0   -45.0   50.466 -131.143     56.7   1013.6
     1     1    16     4    25    20     0     0   -46.0   50.109 -131.036     52.9   1016.5
     1     1    16     4    25    19     0     0   -47.0   49.780 -130.959     49.8   1018.1
     1     1    16     4    25    18     0     0   -48.0   49.482 -130.913     47.5   1019.0
     1     1    16     4    25    17     0     0   -49.0   49.217 -130.912     45.7   1019.5
     1     1    16     4    25    16     0     0   -50.0   48.983 -130.965     44.2   1019.9
     1     1    16     4    25    15     0     0   -51.0   48.777 -131.065     43.1   1020.3
     1     1    16     4    25    14     0     0   -52.0   48.594 -131.208     42.3   1020.6
     1     1    16     4    25    13     0     0   -53.0   48.432 -131.391     41.8   1020.9
     1     1    16     4    25    12     0     0   -54.0   48.289 -131.610     41.6   1021.0
     1     1    16     4    25    11     0     0   -55.0   48.155 -131.844     41.5   1020.8
     1     1    16     4    25    10     0     0   -56.0   48.023 -132.072     41.5   1020.5
     1     1    16     4    25     9     0     0   -57.0   47.896 -132.296     41.5   1020.0
     1     1    16     4    25     8     0     0   -58.0   47.775 -132.514     41.6   1019.5
     1     1    16     4    25     7     0     0   -59.0   47.663 -132.727     41.8   1019.2
     1     1    16     4    25     6     0     0   -60.0   47.563 -132.939     42.0   1019.0
     1     1    16     4    25     5     0     0   -61.0   47.472 -133.161     42.6   1018.7
     1     1    16     4    25     4     0     0   -62.0   47.384 -133.401     44.1   1018.3
     1     1    16     4    25     3     0     0   -63.0   47.301 -133.663     46.6   1017.9
     1     1    16     4    25     2     0     0   -64.0   47.225 -133.946     50.0   1017.7
     1     1    16     4    25     1     0     0   -65.0   47.158 -134.254     54.6   1017.4
     1     1    16     4    25     0     0     0   -66.0   47.103 -134.588     60.6   1017.3
     1     1    16     4    24    23     0     0   -67.0   47.054 -134.944     67.5   1016.8
     1     1    16     4    24    22     0     0   -68.0   47.002 -135.316     75.1   1016.1
     1     1    16     4    24    21     0     0   -69.0   46.949 -135.706     83.3   1014.9
     1     1    16     4    24    20     0     0   -70.0   46.895 -136.121     92.6   1013.7
     1     1    16     4    24    19     0     0   -71.0   46.844 -136.566    102.7   1012.6
     1     1    16     4    24    18     0     0   -72.0   46.796 -137.046    113.8   1011.4
