     1     1
    CDC1    16     2     1     0     0
     1 BACKWARD OMEGA   
    16     2    27     6   60.984 -139.059   750.0
     1 PRESSURE
     1     1    16     2    27     6     0     0     0.0   60.984 -139.059    750.0    801.6
     1     1    16     2    27     5     0     0    -1.0   60.682 -139.200    695.9    811.7
     1     1    16     2    27     4     0     0    -2.0   60.365 -139.261    630.6    824.3
     1     1    16     2    27     3     0     0    -3.0   60.032 -139.245    555.9    837.8
     1     1    16     2    27     2     0     0    -4.0   59.686 -139.158    480.3    856.6
     1     1    16     2    27     1     0     0    -5.0   59.328 -139.018    409.3    876.1
     1     1    16     2    27     0     0     0    -6.0   58.957 -138.842    345.6    894.9
     1     1    16     2    26    23     0     0    -7.0   58.580 -138.644    292.5    912.6
     1     1    16     2    26    22     0     0    -8.0   58.202 -138.437    250.2    929.2
     1     1    16     2    26    21     0     0    -9.0   57.819 -138.230    216.1    945.3
     1     1    16     2    26    20     0     0   -10.0   57.429 -138.032    187.5    958.9
     1     1    16     2    26    19     0     0   -11.0   57.032 -137.864    161.1    964.8
     1     1    16     2    26    18     0     0   -12.0   56.627 -137.735    134.6    971.4
     1     1    16     2    26    17     0     0   -13.0   56.208 -137.615    108.9    978.8
     1     1    16     2    26    16     0     0   -14.0   55.770 -137.475     84.8    986.8
     1     1    16     2    26    15     0     0   -15.0   55.315 -137.316     63.8    994.1
     1     1    16     2    26    14     0     0   -16.0   54.855 -137.157     47.9    998.9
     1     1    16     2    26    13     0     0   -17.0   54.401 -137.024     38.2    998.5
     1     1    16     2    26    12     0     0   -18.0   53.956 -136.930     33.4    997.5
     1     1    16     2    26    11     0     0   -19.0   53.512 -136.876     30.9    996.2
     1     1    16     2    26    10     0     0   -20.0   53.062 -136.869     29.0    995.0
     1     1    16     2    26     9     0     0   -21.0   52.599 -136.921     27.6    993.6
     1     1    16     2    26     8     0     0   -22.0   52.125 -137.022     26.5    992.2
     1     1    16     2    26     7     0     0   -23.0   51.655 -137.148     25.6    990.9
     1     1    16     2    26     6     0     0   -24.0   51.197 -137.292     24.9    989.5
     1     1    16     2    26     5     0     0   -25.0   50.758 -137.442     24.6    988.1
     1     1    16     2    26     4     0     0   -26.0   50.334 -137.586     24.3    987.3
     1     1    16     2    26     3     0     0   -27.0   49.916 -137.735     24.1    987.4
     1     1    16     2    26     2     0     0   -28.0   49.502 -137.889     24.0    989.2
     1     1    16     2    26     1     0     0   -29.0   49.094 -138.048     23.9    990.8
     1     1    16     2    26     0     0     0   -30.0   48.698 -138.215     23.7    992.3
     1     1    16     2    25    23     0     0   -31.0   48.313 -138.377     23.5    994.0
     1     1    16     2    25    22     0     0   -32.0   47.934 -138.518     23.4    995.5
     1     1    16     2    25    21     0     0   -33.0   47.552 -138.643     23.1    996.8
     1     1    16     2    25    20     0     0   -34.0   47.161 -138.753     22.8    996.8
     1     1    16     2    25    19     0     0   -35.0   46.762 -138.851     22.4    996.5
     1     1    16     2    25    18     0     0   -36.0   46.357 -138.944     21.8    996.0
     1     1    16     2    25    17     0     0   -37.0   45.953 -139.030     20.2    995.8
     1     1    16     2    25    16     0     0   -38.0   45.557 -139.106     17.3    995.7
     1     1    16     2    25    15     0     0   -39.0   45.164 -139.169     14.0    995.6
     1     1    16     2    25    14     0     0   -40.0   44.768 -139.215     11.2    995.9
     1     1    16     2    25    13     0     0   -41.0   44.366 -139.238      8.6    996.3
     1     1    16     2    25    12     0     0   -42.0   43.950 -139.239      5.9    996.6
     1     1    16     2    25    11     0     0   -43.0   43.519 -139.239      3.4    997.5
     1     1    16     2    25    10     0     0   -44.0   43.079 -139.253      1.4    998.3
     1     1    16     2    25     9     0     0   -45.0   42.630 -139.276      0.0    998.9
     1     1    16     2    25     8     0     0   -46.0   42.174 -139.301      0.0    999.7
     1     1    16     2    25     7     0     0   -47.0   41.714 -139.321      0.0   1000.6
     1     1    16     2    25     6     0     0   -48.0   41.245 -139.329      0.0   1001.4
     1     1    16     2    25     5     0     0   -49.0   40.770 -139.330      0.0   1002.5
     1     1    16     2    25     4     0     0   -50.0   40.295 -139.331      0.0   1003.6
     1     1    16     2    25     3     0     0   -51.0   39.826 -139.326      0.0   1004.6
     1     1    16     2    25     2     0     0   -52.0   39.370 -139.316      0.0   1005.4
     1     1    16     2    25     1     0     0   -53.0   38.933 -139.302      0.0   1006.0
     1     1    16     2    25     0     0     0   -54.0   38.514 -139.284      0.0   1006.6
     1     1    16     2    24    23     0     0   -55.0   38.108 -139.275      0.0   1007.4
     1     1    16     2    24    22     0     0   -56.0   37.712 -139.291      0.0   1008.0
     1     1    16     2    24    21     0     0   -57.0   37.330 -139.330      0.0   1009.0
     1     1    16     2    24    20     0     0   -58.0   36.962 -139.392      0.0   1010.2
     1     1    16     2    24    19     0     0   -59.0   36.608 -139.473      0.0   1011.5
     1     1    16     2    24    18     0     0   -60.0   36.269 -139.567      0.0   1012.7
     1     1    16     2    24    17     0     0   -61.0   35.940 -139.664      0.0   1013.3
     1     1    16     2    24    16     0     0   -62.0   35.620 -139.754      0.0   1013.8
     1     1    16     2    24    15     0     0   -63.0   35.308 -139.836      0.0   1014.3
     1     1    16     2    24    14     0     0   -64.0   35.007 -139.907      0.0   1014.8
     1     1    16     2    24    13     0     0   -65.0   34.717 -139.966      0.0   1014.1
     1     1    16     2    24    12     0     0   -66.0   34.439 -140.015      0.1   1013.5
     1     1    16     2    24    11     0     0   -67.0   34.176 -140.059      0.3   1013.7
     1     1    16     2    24    10     0     0   -68.0   33.933 -140.106      0.6   1013.8
     1     1    16     2    24     9     0     0   -69.0   33.705 -140.155      1.0   1013.8
     1     1    16     2    24     8     0     0   -70.0   33.493 -140.205      1.4   1013.8
     1     1    16     2    24     7     0     0   -71.0   33.294 -140.254      1.9   1013.8
     1     1    16     2    24     6     0     0   -72.0   33.107 -140.303      2.4   1013.8
