     1     1
    CDC1    16     4     1     0     0
     1 BACKWARD OMEGA   
    16     4     7    18   60.984 -139.059   750.0
     1 PRESSURE
     1     1    16     4     7    18     0     0     0.0   60.984 -139.059    750.0    808.2
     1     1    16     4     7    17     0     0    -1.0   60.580 -138.745    669.3    823.3
     1     1    16     4     7    16     0     0    -2.0   60.205 -138.392    586.8    838.6
     1     1    16     4     7    15     0     0    -3.0   59.872 -138.009    507.3    854.6
     1     1    16     4     7    14     0     0    -4.0   59.587 -137.617    436.4    871.5
     1     1    16     4     7    13     0     0    -5.0   59.348 -137.233    374.8    885.5
     1     1    16     4     7    12     0     0    -6.0   59.152 -136.860    321.5    895.9
     1     1    16     4     7    11     0     0    -7.0   58.984 -136.512    277.1    905.0
     1     1    16     4     7    10     0     0    -8.0   58.835 -136.198    242.3    912.5
     1     1    16     4     7     9     0     0    -9.0   58.706 -135.914    215.5    918.6
     1     1    16     4     7     8     0     0   -10.0   58.597 -135.658    195.4    923.2
     1     1    16     4     7     7     0     0   -11.0   58.508 -135.429    180.7    926.2
     1     1    16     4     7     6     0     0   -12.0   58.439 -135.226    170.6    928.3
     1     1    16     4     7     5     0     0   -13.0   58.378 -135.051    163.4    930.0
     1     1    16     4     7     4     0     0   -14.0   58.311 -134.900    157.7    931.3
     1     1    16     4     7     3     0     0   -15.0   58.237 -134.769    153.3    932.6
     1     1    16     4     7     2     0     0   -16.0   58.157 -134.657    150.4    934.1
     1     1    16     4     7     1     0     0   -17.0   58.071 -134.559    149.0    935.7
     1     1    16     4     7     0     0     0   -18.0   57.980 -134.475    149.2    937.5
     1     1    16     4     6    23     0     0   -19.0   57.884 -134.402    149.3    938.9
     1     1    16     4     6    22     0     0   -20.0   57.781 -134.341    147.3    941.0
     1     1    16     4     6    21     0     0   -21.0   57.673 -134.288    143.2    943.6
     1     1    16     4     6    20     0     0   -22.0   57.559 -134.243    136.6    946.8
     1     1    16     4     6    19     0     0   -23.0   57.441 -134.204    127.8    950.2
     1     1    16     4     6    18     0     0   -24.0   57.318 -134.172    116.8    953.8
     1     1    16     4     6    17     0     0   -25.0   57.192 -134.145    104.0    957.3
     1     1    16     4     6    16     0     0   -26.0   57.065 -134.126     90.1    961.3
     1     1    16     4     6    15     0     0   -27.0   56.935 -134.115     75.8    965.8
     1     1    16     4     6    14     0     0   -28.0   56.804 -134.114     61.9    969.7
     1     1    16     4     6    13     0     0   -29.0   56.670 -134.125     49.3    973.7
     1     1    16     4     6    12     0     0   -30.0   56.534 -134.151     38.4    978.0
     1     1    16     4     6    11     0     0   -31.0   56.398 -134.188     29.7    982.0
     1     1    16     4     6    10     0     0   -32.0   56.261 -134.232     23.2    985.9
     1     1    16     4     6     9     0     0   -33.0   56.124 -134.286     18.3    989.8
     1     1    16     4     6     8     0     0   -34.0   55.986 -134.350     14.8    993.7
     1     1    16     4     6     7     0     0   -35.0   55.848 -134.427     12.3    997.6
     1     1    16     4     6     6     0     0   -36.0   55.710 -134.520     10.5   1001.6
     1     1    16     4     6     5     0     0   -37.0   55.567 -134.639      9.0   1005.6
     1     1    16     4     6     4     0     0   -38.0   55.418 -134.799      7.8   1010.0
     1     1    16     4     6     3     0     0   -39.0   55.263 -135.000      6.4   1015.0
     1     1    16     4     6     2     0     0   -40.0   55.102 -135.246      5.1   1018.0
     1     1    16     4     6     1     0     0   -41.0   54.932 -135.534      3.7   1019.7
     1     1    16     4     6     0     0     0   -42.0   54.753 -135.858      2.4   1019.4
     1     1    16     4     5    23     0     0   -43.0   54.571 -136.219      1.1   1018.2
     1     1    16     4     5    22     0     0   -44.0   54.394 -136.625      0.0   1016.9
     1     1    16     4     5    21     0     0   -45.0   54.222 -137.072      0.0   1015.4
     1     1    16     4     5    20     0     0   -46.0   54.052 -137.553      0.0   1013.5
     1     1    16     4     5    19     0     0   -47.0   53.884 -138.053      0.0   1011.2
     1     1    16     4     5    18     0     0   -48.0   53.711 -138.553      0.0   1009.2
     1     1    16     4     5    17     0     0   -49.0   53.529 -139.027      0.0   1006.9
     1     1    16     4     5    16     0     0   -50.0   53.339 -139.460      0.0   1004.7
     1     1    16     4     5    15     0     0   -51.0   53.157 -139.868      0.0   1002.7
     1     1    16     4     5    14     0     0   -52.0   52.989 -140.263      0.0   1001.5
     1     1    16     4     5    13     0     0   -53.0   52.838 -140.656      0.0   1000.9
     1     1    16     4     5    12     0     0   -54.0   52.701 -141.048      0.0   1000.6
     1     1    16     4     5    11     0     0   -55.0   52.561 -141.422      0.7   1000.9
     1     1    16     4     5    10     0     0   -56.0   52.403 -141.769      2.9   1001.5
     1     1    16     4     5     9     0     0   -57.0   52.231 -142.099      6.5   1002.2
     1     1    16     4     5     8     0     0   -58.0   52.049 -142.421     11.5   1002.8
     1     1    16     4     5     7     0     0   -59.0   51.860 -142.750     18.3   1001.6
     1     1    16     4     5     6     0     0   -60.0   51.665 -143.094     27.1    999.9
     1     1    16     4     5     5     0     0   -61.0   51.461 -143.446     37.0    998.4
     1     1    16     4     5     4     0     0   -62.0   51.243 -143.797     46.6    997.1
     1     1    16     4     5     3     0     0   -63.0   51.017 -144.147     55.5    995.8
     1     1    16     4     5     2     0     0   -64.0   50.788 -144.495     63.0    994.5
     1     1    16     4     5     1     0     0   -65.0   50.560 -144.838     68.2    993.2
     1     1    16     4     5     0     0     0   -66.0   50.334 -145.169     70.6    992.1
     1     1    16     4     4    23     0     0   -67.0   50.095 -145.486     72.7    991.8
     1     1    16     4     4    22     0     0   -68.0   49.835 -145.801     76.8    990.9
     1     1    16     4     4    21     0     0   -69.0   49.557 -146.123     82.6    989.5
     1     1    16     4     4    20     0     0   -70.0   49.269 -146.453     89.2    987.9
     1     1    16     4     4    19     0     0   -71.0   48.977 -146.790     96.0    986.2
     1     1    16     4     4    18     0     0   -72.0   48.689 -147.130    102.2    984.5
