     1     1
    CDC1    16     3     1     0     0
     1 BACKWARD OMEGA   
    16     3    27    18   60.984 -139.059   750.0
     1 PRESSURE
     1     1    16     3    27    18     0     0     0.0   60.984 -139.059    750.0    804.2
     1     1    16     3    27    17     0     0    -1.0   60.876 -139.337    743.3    807.0
     1     1    16     3    27    16     0     0    -2.0   60.765 -139.576    740.7    809.2
     1     1    16     3    27    15     0     0    -3.0   60.652 -139.775    743.0    810.9
     1     1    16     3    27    14     0     0    -4.0   60.538 -139.936    750.8    811.9
     1     1    16     3    27    13     0     0    -5.0   60.424 -140.062    764.6    812.4
     1     1    16     3    27    12     0     0    -6.0   60.310 -140.153    784.5    812.3
     1     1    16     3    27    11     0     0    -7.0   60.202 -140.219    802.4    811.6
     1     1    16     3    27    10     0     0    -8.0   60.106 -140.266    809.4    812.5
     1     1    16     3    27     9     0     0    -9.0   60.022 -140.293    805.1    814.3
     1     1    16     3    27     8     0     0   -10.0   59.949 -140.301    789.6    817.7
     1     1    16     3    27     7     0     0   -11.0   59.889 -140.293    762.8    822.2
     1     1    16     3    27     6     0     0   -12.0   59.841 -140.268    725.0    827.4
     1     1    16     3    27     5     0     0   -13.0   59.792 -140.217    683.6    833.9
     1     1    16     3    27     4     0     0   -14.0   59.727 -140.132    646.1    839.7
     1     1    16     3    27     3     0     0   -15.0   59.644 -140.013    612.1    845.6
     1     1    16     3    27     2     0     0   -16.0   59.544 -139.863    582.0    851.3
     1     1    16     3    27     1     0     0   -17.0   59.423 -139.684    555.5    857.3
     1     1    16     3    27     0     0     0   -18.0   59.282 -139.476    532.1    863.7
     1     1    16     3    26    23     0     0   -19.0   59.128 -139.257    504.2    870.4
     1     1    16     3    26    22     0     0   -20.0   58.965 -139.038    466.5    879.5
     1     1    16     3    26    21     0     0   -21.0   58.795 -138.816    420.5    889.9
     1     1    16     3    26    20     0     0   -22.0   58.619 -138.585    368.6    901.5
     1     1    16     3    26    19     0     0   -23.0   58.434 -138.339    314.7    912.6
     1     1    16     3    26    18     0     0   -24.0   58.239 -138.074    263.0    924.2
     1     1    16     3    26    17     0     0   -25.0   58.036 -137.787    218.5    936.4
     1     1    16     3    26    16     0     0   -26.0   57.829 -137.475    182.4    946.2
     1     1    16     3    26    15     0     0   -27.0   57.624 -137.138    151.9    953.7
     1     1    16     3    26    14     0     0   -28.0   57.425 -136.782    125.1    959.4
     1     1    16     3    26    13     0     0   -29.0   57.233 -136.414    101.5    963.0
     1     1    16     3    26    12     0     0   -30.0   57.048 -136.038     81.1    966.9
     1     1    16     3    26    11     0     0   -31.0   56.862 -135.681     63.5    970.5
     1     1    16     3    26    10     0     0   -32.0   56.667 -135.367     48.4    974.4
     1     1    16     3    26     9     0     0   -33.0   56.465 -135.091     36.0    979.0
     1     1    16     3    26     8     0     0   -34.0   56.255 -134.848     25.9    982.7
     1     1    16     3    26     7     0     0   -35.0   56.038 -134.635     17.5    986.3
     1     1    16     3    26     6     0     0   -36.0   55.816 -134.446     10.5    990.6
     1     1    16     3    26     5     0     0   -37.0   55.587 -134.269      4.6    993.9
     1     1    16     3    26     4     0     0   -38.0   55.348 -134.097      0.0    997.5
     1     1    16     3    26     3     0     0   -39.0   55.100 -133.928      0.0   1001.6
     1     1    16     3    26     2     0     0   -40.0   54.843 -133.766      0.0   1003.7
     1     1    16     3    26     1     0     0   -41.0   54.579 -133.613      0.0   1004.6
     1     1    16     3    26     0     0     0   -42.0   54.307 -133.465      0.0   1006.0
     1     1    16     3    25    23     0     0   -43.0   54.033 -133.317      0.0   1007.6
     1     1    16     3    25    22     0     0   -44.0   53.763 -133.166      0.0   1009.5
     1     1    16     3    25    21     0     0   -45.0   53.497 -133.010      0.0   1011.8
     1     1    16     3    25    20     0     0   -46.0   53.233 -132.851      0.0   1014.5
     1     1    16     3    25    19     0     0   -47.0   52.971 -132.689      0.0   1017.6
     1     1    16     3    25    18     0     0   -48.0   52.710 -132.526      0.0   1021.1
     1     1    16     3    25    17     0     0   -49.0   52.462 -132.386      0.0   1022.4
     1     1    16     3    25    16     0     0   -50.0   52.241 -132.284      0.0   1021.6
     1     1    16     3    25    15     0     0   -51.0   52.051 -132.215      0.0   1021.2
     1     1    16     3    25    14     0     0   -52.0   51.891 -132.184      0.0   1021.3
     1     1    16     3    25    13     0     0   -53.0   51.761 -132.194      0.0   1021.8
     1     1    16     3    25    12     0     0   -54.0   51.662 -132.251      0.0   1022.6
     1     1    16     3    25    11     0     0   -55.0   51.588 -132.355      0.0   1023.7
     1     1    16     3    25    10     0     0   -56.0   51.534 -132.506      0.0   1025.0
     1     1    16     3    25     9     0     0   -57.0   51.497 -132.704      0.0   1024.7
     1     1    16     3    25     8     0     0   -58.0   51.478 -132.946      0.0   1024.4
     1     1    16     3    25     7     0     0   -59.0   51.476 -133.232      0.0   1024.0
     1     1    16     3    25     6     0     0   -60.0   51.491 -133.563      0.0   1023.8
     1     1    16     3    25     5     0     0   -61.0   51.514 -133.934      0.0   1022.9
     1     1    16     3    25     4     0     0   -62.0   51.539 -134.341      0.0   1022.0
     1     1    16     3    25     3     0     0   -63.0   51.566 -134.787      0.0   1021.1
     1     1    16     3    25     2     0     0   -64.0   51.596 -135.271      0.0   1019.6
     1     1    16     3    25     1     0     0   -65.0   51.628 -135.786      0.1   1017.6
     1     1    16     3    25     0     0     0   -66.0   51.664 -136.333      0.3   1015.5
     1     1    16     3    24    23     0     0   -67.0   51.699 -136.905      0.4   1013.1
     1     1    16     3    24    22     0     0   -68.0   51.730 -137.490      0.3   1010.7
     1     1    16     3    24    21     0     0   -69.0   51.755 -138.085      0.1   1010.6
     1     1    16     3    24    20     0     0   -70.0   51.773 -138.684      0.0   1010.6
     1     1    16     3    24    19     0     0   -71.0   51.783 -139.287      0.0   1010.6
     1     1    16     3    24    18     0     0   -72.0   51.786 -139.891      0.0   1010.7
