     1     1
    CDC1    16     1     1     0     0
     1 BACKWARD OMEGA   
    16     1    16     6   60.984 -139.059   750.0
     1 PRESSURE
     1     1    16     1    16     6     0     0     0.0   60.984 -139.059    750.0    801.4
     1     1    16     1    16     5     0     0    -1.0   60.881 -138.704    770.0    801.0
     1     1    16     1    16     4     0     0    -2.0   60.782 -138.383    790.4    800.6
     1     1    16     1    16     3     0     0    -3.0   60.686 -138.098    810.8    800.1
     1     1    16     1    16     2     0     0    -4.0   60.593 -137.853    830.8    799.8
     1     1    16     1    16     1     0     0    -5.0   60.502 -137.649    850.1    799.5
     1     1    16     1    16     0     0     0    -6.0   60.414 -137.489    868.7    799.4
     1     1    16     1    15    23     0     0    -7.0   60.329 -137.361    887.8    798.8
     1     1    16     1    15    22     0     0    -8.0   60.248 -137.256    910.1    797.6
     1     1    16     1    15    21     0     0    -9.0   60.171 -137.174    935.3    795.9
     1     1    16     1    15    20     0     0   -10.0   60.098 -137.115    963.0    794.0
     1     1    16     1    15    19     0     0   -11.0   60.028 -137.081    993.3    791.8
     1     1    16     1    15    18     0     0   -12.0   59.962 -137.068   1026.1    790.0
     1     1    16     1    15    17     0     0   -13.0   59.897 -137.069   1058.0    788.4
     1     1    16     1    15    16     0     0   -14.0   59.831 -137.075   1086.2    787.7
     1     1    16     1    15    15     0     0   -15.0   59.763 -137.087   1110.8    787.4
     1     1    16     1    15    14     0     0   -16.0   59.694 -137.102   1132.0    787.4
     1     1    16     1    15    13     0     0   -17.0   59.625 -137.120   1150.2    787.9
     1     1    16     1    15    12     0     0   -18.0   59.556 -137.139   1165.4    788.7
     1     1    16     1    15    11     0     0   -19.0   59.489 -137.167   1179.5    789.8
     1     1    16     1    15    10     0     0   -20.0   59.427 -137.213   1193.6    790.8
     1     1    16     1    15     9     0     0   -21.0   59.370 -137.278   1208.0    791.6
     1     1    16     1    15     8     0     0   -22.0   59.318 -137.362   1223.0    792.3
     1     1    16     1    15     7     0     0   -23.0   59.272 -137.467   1238.8    792.8
     1     1    16     1    15     6     0     0   -24.0   59.231 -137.594   1255.6    793.0
     1     1    16     1    15     5     0     0   -25.0   59.191 -137.728   1271.2    792.5
     1     1    16     1    15     4     0     0   -26.0   59.146 -137.858   1284.7    792.4
     1     1    16     1    15     3     0     0   -27.0   59.098 -137.983   1295.3    792.8
     1     1    16     1    15     2     0     0   -28.0   59.047 -138.103   1302.8    793.7
     1     1    16     1    15     1     0     0   -29.0   58.992 -138.219   1306.8    795.0
     1     1    16     1    15     0     0     0   -30.0   58.933 -138.331   1307.2    796.9
     1     1    16     1    14    23     0     0   -31.0   58.875 -138.430   1306.5    799.0
     1     1    16     1    14    22     0     0   -32.0   58.823 -138.512   1307.4    800.5
     1     1    16     1    14    21     0     0   -33.0   58.777 -138.579   1309.9    801.6
     1     1    16     1    14    20     0     0   -34.0   58.740 -138.634   1314.2    802.1
     1     1    16     1    14    19     0     0   -35.0   58.711 -138.679   1320.2    802.2
     1     1    16     1    14    18     0     0   -36.0   58.692 -138.716   1328.1    801.7
     1     1    16     1    14    17     0     0   -37.0   58.674 -138.749   1336.7    800.9
     1     1    16     1    14    16     0     0   -38.0   58.648 -138.782   1343.5    800.6
     1     1    16     1    14    15     0     0   -39.0   58.615 -138.815   1349.1    800.6
     1     1    16     1    14    14     0     0   -40.0   58.576 -138.850   1353.5    801.0
     1     1    16     1    14    13     0     0   -41.0   58.530 -138.888   1357.0    801.7
     1     1    16     1    14    12     0     0   -42.0   58.478 -138.932   1359.9    802.7
     1     1    16     1    14    11     0     0   -43.0   58.421 -138.981   1361.7    803.6
     1     1    16     1    14    10     0     0   -44.0   58.357 -139.031   1362.3    804.9
     1     1    16     1    14     9     0     0   -45.0   58.290 -139.086   1361.3    806.6
     1     1    16     1    14     8     0     0   -46.0   58.218 -139.146   1358.3    808.6
     1     1    16     1    14     7     0     0   -47.0   58.143 -139.213   1352.9    810.9
     1     1    16     1    14     6     0     0   -48.0   58.067 -139.291   1345.0    813.6
     1     1    16     1    14     5     0     0   -49.0   57.985 -139.361   1334.9    816.8
     1     1    16     1    14     4     0     0   -50.0   57.894 -139.408   1322.6    820.4
     1     1    16     1    14     3     0     0   -51.0   57.793 -139.430   1307.8    824.5
     1     1    16     1    14     2     0     0   -52.0   57.682 -139.429   1289.7    829.2
     1     1    16     1    14     1     0     0   -53.0   57.561 -139.406   1268.3    834.3
     1     1    16     1    14     0     0     0   -54.0   57.430 -139.366   1242.9    838.3
     1     1    16     1    13    23     0     0   -55.0   57.298 -139.325   1215.3    841.7
     1     1    16     1    13    22     0     0   -56.0   57.173 -139.299   1185.5    845.2
     1     1    16     1    13    21     0     0   -57.0   57.056 -139.285   1153.8    848.9
     1     1    16     1    13    20     0     0   -58.0   56.947 -139.284   1120.2    852.8
     1     1    16     1    13    19     0     0   -59.0   56.845 -139.293   1084.5    857.0
     1     1    16     1    13    18     0     0   -60.0   56.751 -139.312   1046.8    861.4
     1     1    16     1    13    17     0     0   -61.0   56.662 -139.317   1007.8    865.8
     1     1    16     1    13    16     0     0   -62.0   56.572 -139.287    968.5    870.2
     1     1    16     1    13    15     0     0   -63.0   56.481 -139.219    928.4    874.6
     1     1    16     1    13    14     0     0   -64.0   56.385 -139.112    887.7    878.5
     1     1    16     1    13    13     0     0   -65.0   56.283 -138.964    846.6    882.6
     1     1    16     1    13    12     0     0   -66.0   56.173 -138.776    805.3    886.9
     1     1    16     1    13    11     0     0   -67.0   56.056 -138.567    764.9    891.7
     1     1    16     1    13    10     0     0   -68.0   55.931 -138.357    726.2    896.5
     1     1    16     1    13     9     0     0   -69.0   55.800 -138.148    688.4    901.4
     1     1    16     1    13     8     0     0   -70.0   55.661 -137.942    650.8    906.5
     1     1    16     1    13     7     0     0   -71.0   55.514 -137.741    612.8    911.7
     1     1    16     1    13     6     0     0   -72.0   55.360 -137.543    574.3    916.7
