     1     1
    CDC1    15    10     1     0     0
     1 BACKWARD OMEGA   
    15    10    17     0   60.984 -139.059   750.0
     1 PRESSURE
     1     1    15    10    17     0     0     0     0.0   60.984 -139.059    750.0    802.7
     1     1    15    10    16    23     0     0    -1.0   60.657 -138.784    684.9    814.7
     1     1    15    10    16    22     0     0    -2.0   60.332 -138.482    620.7    827.3
     1     1    15    10    16    21     0     0    -3.0   60.011 -138.151    560.7    838.8
     1     1    15    10    16    20     0     0    -4.0   59.700 -137.794    511.7    853.4
     1     1    15    10    16    19     0     0    -5.0   59.404 -137.415    475.8    865.7
     1     1    15    10    16    18     0     0    -6.0   59.122 -137.021    451.7    875.7
     1     1    15    10    16    17     0     0    -7.0   58.847 -136.617    432.7    883.9
     1     1    15    10    16    16     0     0    -8.0   58.576 -136.207    412.4    892.5
     1     1    15    10    16    15     0     0    -9.0   58.314 -135.792    391.1    900.8
     1     1    15    10    16    14     0     0   -10.0   58.065 -135.377    368.8    908.3
     1     1    15    10    16    13     0     0   -11.0   57.836 -134.968    345.6    914.6
     1     1    15    10    16    12     0     0   -12.0   57.635 -134.575    321.2    917.0
     1     1    15    10    16    11     0     0   -13.0   57.470 -134.209    298.1    918.3
     1     1    15    10    16    10     0     0   -14.0   57.335 -133.869    277.4    918.5
     1     1    15    10    16     9     0     0   -15.0   57.219 -133.547    258.9    918.7
     1     1    15    10    16     8     0     0   -16.0   57.116 -133.242    241.9    918.9
     1     1    15    10    16     7     0     0   -17.0   57.022 -132.951    226.2    919.3
     1     1    15    10    16     6     0     0   -18.0   56.933 -132.670    211.5    919.8
     1     1    15    10    16     5     0     0   -19.0   56.843 -132.397    198.2    919.8
     1     1    15    10    16     4     0     0   -20.0   56.749 -132.128    187.4    918.5
     1     1    15    10    16     3     0     0   -21.0   56.651 -131.866    179.2    917.2
     1     1    15    10    16     2     0     0   -22.0   56.547 -131.610    173.7    915.8
     1     1    15    10    16     1     0     0   -23.0   56.436 -131.361    170.9    914.5
     1     1    15    10    16     0     0     0   -24.0   56.317 -131.118    171.3    913.3
     1     1    15    10    15    23     0     0   -25.0   56.193 -130.890    172.9    911.9
     1     1    15    10    15    22     0     0   -26.0   56.071 -130.682    173.6    911.1
     1     1    15    10    15    21     0     0   -27.0   55.952 -130.491    173.5    910.5
     1     1    15    10    15    20     0     0   -28.0   55.839 -130.315    172.6    910.2
     1     1    15    10    15    19     0     0   -29.0   55.732 -130.152    170.6    910.0
     1     1    15    10    15    18     0     0   -30.0   55.635 -130.002    167.6    909.8
     1     1    15    10    15    17     0     0   -31.0   55.546 -129.850    164.1    910.7
     1     1    15    10    15    16     0     0   -32.0   55.463 -129.684    160.9    911.1
     1     1    15    10    15    15     0     0   -33.0   55.387 -129.506    157.8    911.2
     1     1    15    10    15    14     0     0   -34.0   55.318 -129.317    154.8    910.9
     1     1    15    10    15    13     0     0   -35.0   55.258 -129.121    151.7    910.2
     1     1    15    10    15    12     0     0   -36.0   55.208 -128.918    148.5    909.3
     1     1    15    10    15    11     0     0   -37.0   55.175 -128.713    146.2    907.4
     1     1    15    10    15    10     0     0   -38.0   55.160 -128.509    146.2    904.7
     1     1    15    10    15     9     0     0   -39.0   55.163 -128.308    148.4    901.4
     1     1    15    10    15     8     0     0   -40.0   55.181 -128.109    152.7    897.6
     1     1    15    10    15     7     0     0   -41.0   55.212 -127.914    159.5    893.4
     1     1    15    10    15     6     0     0   -42.0   55.257 -127.722    169.1    888.7
     1     1    15    10    15     5     0     0   -43.0   55.310 -127.553    182.0    884.4
     1     1    15    10    15     4     0     0   -44.0   55.361 -127.426    198.4    881.2
     1     1    15    10    15     3     0     0   -45.0   55.410 -127.339    218.6    877.9
     1     1    15    10    15     2     0     0   -46.0   55.456 -127.292    243.2    874.3
     1     1    15    10    15     1     0     0   -47.0   55.502 -127.286    272.6    870.6
     1     1    15    10    15     0     0     0   -48.0   55.547 -127.319    307.5    866.5
     1     1    15    10    14    23     0     0   -49.0   55.598 -127.381    345.5    861.7
     1     1    15    10    14    22     0     0   -50.0   55.661 -127.462    383.5    856.8
     1     1    15    10    14    21     0     0   -51.0   55.737 -127.569    421.0    852.1
     1     1    15    10    14    20     0     0   -52.0   55.828 -127.703    457.6    848.3
     1     1    15    10    14    19     0     0   -53.0   55.933 -127.868    492.6    844.8
     1     1    15    10    14    18     0     0   -54.0   56.054 -128.067    525.5    841.8
     1     1    15    10    14    17     0     0   -55.0   56.176 -128.314    555.5    839.3
     1     1    15    10    14    16     0     0   -56.0   56.283 -128.617    581.3    838.2
     1     1    15    10    14    15     0     0   -57.0   56.375 -128.967    602.2    838.3
     1     1    15    10    14    14     0     0   -58.0   56.451 -129.356    617.3    839.4
     1     1    15    10    14    13     0     0   -59.0   56.511 -129.775    625.6    841.8
     1     1    15    10    14    12     0     0   -60.0   56.554 -130.215    626.2    847.1
     1     1    15    10    14    11     0     0   -61.0   56.575 -130.657    621.1    855.0
     1     1    15    10    14    10     0     0   -62.0   56.572 -131.086    613.5    863.1
     1     1    15    10    14     9     0     0   -63.0   56.547 -131.503    602.0    871.9
     1     1    15    10    14     8     0     0   -64.0   56.503 -131.905    586.0    881.2
     1     1    15    10    14     7     0     0   -65.0   56.444 -132.291    565.0    891.3
     1     1    15    10    14     6     0     0   -66.0   56.373 -132.663    539.2    901.2
     1     1    15    10    14     5     0     0   -67.0   56.290 -133.014    510.3    910.8
     1     1    15    10    14     4     0     0   -68.0   56.196 -133.340    479.7    920.3
     1     1    15    10    14     3     0     0   -69.0   56.094 -133.652    448.4    929.8
     1     1    15    10    14     2     0     0   -70.0   55.986 -133.958    417.4    939.3
     1     1    15    10    14     1     0     0   -71.0   55.875 -134.270    387.4    948.9
     1     1    15    10    14     0     0     0   -72.0   55.762 -134.596    359.1    957.7
