     1     1
    CDC1    16     1     1     0     0
     1 BACKWARD OMEGA   
    16     1    20    18   60.984 -139.059   750.0
     1 PRESSURE
     1     1    16     1    20    18     0     0     0.0   60.984 -139.059    750.0    804.1
     1     1    16     1    20    17     0     0    -1.0   60.827 -139.031    752.2    806.1
     1     1    16     1    20    16     0     0    -2.0   60.665 -138.979    747.5    809.3
     1     1    16     1    20    15     0     0    -3.0   60.497 -138.908    735.8    813.4
     1     1    16     1    20    14     0     0    -4.0   60.325 -138.822    717.3    818.3
     1     1    16     1    20    13     0     0    -5.0   60.146 -138.726    692.0    824.1
     1     1    16     1    20    12     0     0    -6.0   59.961 -138.626    660.2    831.3
     1     1    16     1    20    11     0     0    -7.0   59.769 -138.513    625.9    841.0
     1     1    16     1    20    10     0     0    -8.0   59.572 -138.378    593.2    850.0
     1     1    16     1    20     9     0     0    -9.0   59.370 -138.222    562.0    858.7
     1     1    16     1    20     8     0     0   -10.0   59.164 -138.045    531.9    867.5
     1     1    16     1    20     7     0     0   -11.0   58.954 -137.851    502.8    876.5
     1     1    16     1    20     6     0     0   -12.0   58.740 -137.641    474.2    885.5
     1     1    16     1    20     5     0     0   -13.0   58.527 -137.419    446.7    894.3
     1     1    16     1    20     4     0     0   -14.0   58.319 -137.184    421.6    902.0
     1     1    16     1    20     3     0     0   -15.0   58.115 -136.937    398.6    909.1
     1     1    16     1    20     2     0     0   -16.0   57.915 -136.677    378.0    915.6
     1     1    16     1    20     1     0     0   -17.0   57.718 -136.403    359.7    921.1
     1     1    16     1    20     0     0     0   -18.0   57.526 -136.114    343.8    926.0
     1     1    16     1    19    23     0     0   -19.0   57.338 -135.823    330.2    928.2
     1     1    16     1    19    22     0     0   -20.0   57.157 -135.543    319.4    930.0
     1     1    16     1    19    21     0     0   -21.0   56.979 -135.276    310.9    931.8
     1     1    16     1    19    20     0     0   -22.0   56.803 -135.023    304.2    933.8
     1     1    16     1    19    19     0     0   -23.0   56.628 -134.784    298.5    933.9
     1     1    16     1    19    18     0     0   -24.0   56.452 -134.557    293.5    934.3
     1     1    16     1    19    17     0     0   -25.0   56.271 -134.343    287.8    935.0
     1     1    16     1    19    16     0     0   -26.0   56.080 -134.142    279.9    936.6
     1     1    16     1    19    15     0     0   -27.0   55.875 -133.956    269.9    939.1
     1     1    16     1    19    14     0     0   -28.0   55.655 -133.783    258.1    942.5
     1     1    16     1    19    13     0     0   -29.0   55.416 -133.629    244.8    946.9
     1     1    16     1    19    12     0     0   -30.0   55.151 -133.496    230.5    952.5
     1     1    16     1    19    11     0     0   -31.0   54.873 -133.361    216.8    957.1
     1     1    16     1    19    10     0     0   -32.0   54.602 -133.196    205.0    959.3
     1     1    16     1    19     9     0     0   -33.0   54.339 -133.011    195.0    961.2
     1     1    16     1    19     8     0     0   -34.0   54.079 -132.815    186.3    963.1
     1     1    16     1    19     7     0     0   -35.0   53.819 -132.616    178.5    965.4
     1     1    16     1    19     6     0     0   -36.0   53.556 -132.420    171.2    967.3
     1     1    16     1    19     5     0     0   -37.0   53.288 -132.224    164.6    968.7
     1     1    16     1    19     4     0     0   -38.0   53.007 -132.018    159.2    970.1
     1     1    16     1    19     3     0     0   -39.0   52.710 -131.800    155.0    971.7
     1     1    16     1    19     2     0     0   -40.0   52.396 -131.572    152.0    972.5
     1     1    16     1    19     1     0     0   -41.0   52.076 -131.339    150.2    971.5
     1     1    16     1    19     0     0     0   -42.0   51.759 -131.114    150.0    970.7
     1     1    16     1    18    23     0     0   -43.0   51.438 -130.898    149.4    971.3
     1     1    16     1    18    22     0     0   -44.0   51.104 -130.682    145.9    972.9
     1     1    16     1    18    21     0     0   -45.0   50.744 -130.454    139.8    975.4
     1     1    16     1    18    20     0     0   -46.0   50.350 -130.198    131.3    979.0
     1     1    16     1    18    19     0     0   -47.0   49.920 -129.905    121.0    982.5
     1     1    16     1    18    18     0     0   -48.0   49.484 -129.602    109.5    983.0
     1     1    16     1    18    17     0     0   -49.0   49.068 -129.335     98.7    985.3
     1     1    16     1    18    16     0     0   -50.0   48.675 -129.117     89.9    988.5
     1     1    16     1    18    15     0     0   -51.0   48.293 -128.929     83.1    992.3
     1     1    16     1    18    14     0     0   -52.0   47.916 -128.757     78.4    996.6
     1     1    16     1    18    13     0     0   -53.0   47.535 -128.586     75.4   1001.4
     1     1    16     1    18    12     0     0   -54.0   47.147 -128.414     74.0   1002.5
     1     1    16     1    18    11     0     0   -55.0   46.761 -128.280     73.6   1003.2
     1     1    16     1    18    10     0     0   -56.0   46.385 -128.213     73.6   1003.6
     1     1    16     1    18     9     0     0   -57.0   46.022 -128.208     73.6   1003.8
     1     1    16     1    18     8     0     0   -58.0   45.674 -128.259     72.8   1003.9
     1     1    16     1    18     7     0     0   -59.0   45.342 -128.359     70.8   1003.7
     1     1    16     1    18     6     0     0   -60.0   45.031 -128.500     67.5   1003.3
     1     1    16     1    18     5     0     0   -61.0   44.734 -128.667     64.0   1002.6
     1     1    16     1    18     4     0     0   -62.0   44.442 -128.853     61.7   1001.9
     1     1    16     1    18     3     0     0   -63.0   44.160 -129.062     60.4   1000.9
     1     1    16     1    18     2     0     0   -64.0   43.893 -129.300     60.7    999.8
     1     1    16     1    18     1     0     0   -65.0   43.646 -129.574     62.7    998.4
     1     1    16     1    18     0     0     0   -66.0   43.426 -129.888     67.3    996.7
     1     1    16     1    17    23     0     0   -67.0   43.218 -130.237     72.9    995.9
     1     1    16     1    17    22     0     0   -68.0   43.003 -130.608     77.4    995.6
     1     1    16     1    17    21     0     0   -69.0   42.781 -131.004     81.1    995.2
     1     1    16     1    17    20     0     0   -70.0   42.555 -131.431     84.9    994.7
     1     1    16     1    17    19     0     0   -71.0   42.328 -131.888     89.9    993.3
     1     1    16     1    17    18     0     0   -72.0   42.106 -132.370     98.2    991.4
