     1     1
    CDC1    16     1     1     0     0
     1 BACKWARD OMEGA   
    16     1    17    18   60.984 -139.059   750.0
     1 PRESSURE
     1     1    16     1    17    18     0     0     0.0   60.984 -139.059    750.0    795.3
     1     1    16     1    17    17     0     0    -1.0   60.902 -138.626    756.7    796.1
     1     1    16     1    17    16     0     0    -2.0   60.795 -138.220    769.2    796.6
     1     1    16     1    17    15     0     0    -3.0   60.662 -137.847    787.7    796.9
     1     1    16     1    17    14     0     0    -4.0   60.502 -137.514    813.1    797.0
     1     1    16     1    17    13     0     0    -5.0   60.315 -137.232    845.6    796.6
     1     1    16     1    17    12     0     0    -6.0   60.104 -137.010    886.3    796.0
     1     1    16     1    17    11     0     0    -7.0   59.878 -136.810    928.1    795.2
     1     1    16     1    17    10     0     0    -8.0   59.649 -136.590    960.5    797.2
     1     1    16     1    17     9     0     0    -9.0   59.416 -136.353    982.2    800.4
     1     1    16     1    17     8     0     0   -10.0   59.180 -136.103    993.4    804.6
     1     1    16     1    17     7     0     0   -11.0   58.939 -135.845    994.8    809.7
     1     1    16     1    17     6     0     0   -12.0   58.695 -135.583    987.4    815.6
     1     1    16     1    17     5     0     0   -13.0   58.448 -135.318    974.9    822.3
     1     1    16     1    17     4     0     0   -14.0   58.197 -135.051    958.8    828.8
     1     1    16     1    17     3     0     0   -15.0   57.947 -134.786    938.5    834.1
     1     1    16     1    17     2     0     0   -16.0   57.699 -134.525    913.9    839.2
     1     1    16     1    17     1     0     0   -17.0   57.456 -134.270    885.3    843.7
     1     1    16     1    17     0     0     0   -18.0   57.220 -134.024    854.2    847.7
     1     1    16     1    16    23     0     0   -19.0   56.992 -133.775    822.9    851.3
     1     1    16     1    16    22     0     0   -20.0   56.771 -133.504    792.8    854.6
     1     1    16     1    16    21     0     0   -21.0   56.557 -133.213    763.8    857.6
     1     1    16     1    16    20     0     0   -22.0   56.351 -132.899    736.1    860.4
     1     1    16     1    16    19     0     0   -23.0   56.154 -132.561    709.8    862.9
     1     1    16     1    16    18     0     0   -24.0   55.965 -132.196    684.5    863.6
     1     1    16     1    16    17     0     0   -25.0   55.773 -131.800    661.9    863.5
     1     1    16     1    16    16     0     0   -26.0   55.568 -131.372    642.6    862.6
     1     1    16     1    16    15     0     0   -27.0   55.346 -130.909    625.1    861.2
     1     1    16     1    16    14     0     0   -28.0   55.100 -130.408    607.3    859.5
     1     1    16     1    16    13     0     0   -29.0   54.830 -129.874    588.3    857.8
     1     1    16     1    16    12     0     0   -30.0   54.540 -129.337    569.6    857.2
     1     1    16     1    16    11     0     0   -31.0   54.234 -128.814    550.9    857.3
     1     1    16     1    16    10     0     0   -32.0   53.914 -128.308    529.2    857.8
     1     1    16     1    16     9     0     0   -33.0   53.575 -127.820    502.8    859.2
     1     1    16     1    16     8     0     0   -34.0   53.219 -127.353    470.9    862.3
     1     1    16     1    16     7     0     0   -35.0   52.850 -126.916    434.3    866.8
     1     1    16     1    16     6     0     0   -36.0   52.467 -126.512    393.3    871.1
     1     1    16     1    16     5     0     0   -37.0   52.091 -126.148    353.3    876.0
     1     1    16     1    16     4     0     0   -38.0   51.740 -125.830    319.7    879.9
     1     1    16     1    16     3     0     0   -39.0   51.413 -125.551    291.2    883.8
     1     1    16     1    16     2     0     0   -40.0   51.100 -125.305    267.0    887.7
     1     1    16     1    16     1     0     0   -41.0   50.792 -125.085    246.9    891.8
     1     1    16     1    16     0     0     0   -42.0   50.483 -124.881    231.3    895.8
     1     1    16     1    15    23     0     0   -43.0   50.182 -124.698    218.3    899.0
     1     1    16     1    15    22     0     0   -44.0   49.899 -124.541    206.0    904.0
     1     1    16     1    15    21     0     0   -45.0   49.643 -124.407    195.5    911.0
     1     1    16     1    15    20     0     0   -46.0   49.414 -124.297    186.7    917.0
     1     1    16     1    15    19     0     0   -47.0   49.208 -124.208    179.3    922.6
     1     1    16     1    15    18     0     0   -48.0   49.024 -124.139    173.0    927.9
     1     1    16     1    15    17     0     0   -49.0   48.861 -124.077    166.0    932.1
     1     1    16     1    15    16     0     0   -50.0   48.720 -124.013    156.4    936.2
     1     1    16     1    15    15     0     0   -51.0   48.601 -123.947    144.5    939.9
     1     1    16     1    15    14     0     0   -52.0   48.505 -123.881    130.5    943.2
     1     1    16     1    15    13     0     0   -53.0   48.430 -123.815    114.7    946.3
     1     1    16     1    15    12     0     0   -54.0   48.375 -123.752     97.7    949.0
     1     1    16     1    15    11     0     0   -55.0   48.338 -123.683     82.5    951.3
     1     1    16     1    15    10     0     0   -56.0   48.317 -123.603     71.2    951.8
     1     1    16     1    15     9     0     0   -57.0   48.312 -123.517     63.2    951.1
     1     1    16     1    15     8     0     0   -58.0   48.323 -123.427     58.1    949.6
     1     1    16     1    15     7     0     0   -59.0   48.351 -123.340     55.3    947.4
     1     1    16     1    15     6     0     0   -60.0   48.395 -123.258     54.4    944.7
     1     1    16     1    15     5     0     0   -61.0   48.444 -123.179     54.6    942.0
     1     1    16     1    15     4     0     0   -62.0   48.485 -123.098     55.0    939.7
     1     1    16     1    15     3     0     0   -63.0   48.518 -123.017     55.5    937.6
     1     1    16     1    15     2     0     0   -64.0   48.542 -122.935     56.3    935.7
     1     1    16     1    15     1     0     0   -65.0   48.559 -122.853     57.4    934.0
     1     1    16     1    15     0     0     0   -66.0   48.567 -122.771     58.9    932.6
     1     1    16     1    14    23     0     0   -67.0   48.565 -122.690     60.8    932.1
     1     1    16     1    14    22     0     0   -68.0   48.551 -122.612     63.2    932.0
     1     1    16     1    14    21     0     0   -69.0   48.526 -122.536     65.9    932.3
     1     1    16     1    14    20     0     0   -70.0   48.488 -122.461     69.0    933.0
     1     1    16     1    14    19     0     0   -71.0   48.435 -122.384     72.4    934.2
     1     1    16     1    14    18     0     0   -72.0   48.368 -122.306     76.3    935.6
