     1     1
    CDC1    15    12     1     0     0
     1 BACKWARD OMEGA   
    15    12    25    12   60.984 -139.059   750.0
     1 PRESSURE
     1     1    15    12    25    12     0     0     0.0   60.984 -139.059    750.0    810.4
     1     1    15    12    25    11     0     0    -1.0   61.039 -139.350    757.9    808.5
     1     1    15    12    25    10     0     0    -2.0   61.091 -139.660    762.1    807.3
     1     1    15    12    25     9     0     0    -3.0   61.139 -139.987    762.5    806.5
     1     1    15    12    25     8     0     0    -4.0   61.185 -140.330    760.0    807.0
     1     1    15    12    25     7     0     0    -5.0   61.228 -140.686    754.6    807.8
     1     1    15    12    25     6     0     0    -6.0   61.270 -141.056    746.6    809.0
     1     1    15    12    25     5     0     0    -7.0   61.311 -141.423    739.0    810.4
     1     1    15    12    25     4     0     0    -8.0   61.352 -141.770    735.0    810.9
     1     1    15    12    25     3     0     0    -9.0   61.392 -142.098    734.5    811.0
     1     1    15    12    25     2     0     0   -10.0   61.434 -142.408    737.9    810.7
     1     1    15    12    25     1     0     0   -11.0   61.477 -142.699    745.9    810.3
     1     1    15    12    25     0     0     0   -12.0   61.523 -142.972    759.1    809.4
     1     1    15    12    24    23     0     0   -13.0   61.574 -143.232    775.2    807.4
     1     1    15    12    24    22     0     0   -14.0   61.632 -143.487    792.0    805.3
     1     1    15    12    24    21     0     0   -15.0   61.696 -143.736    809.1    803.0
     1     1    15    12    24    20     0     0   -16.0   61.768 -143.980    826.2    800.5
     1     1    15    12    24    19     0     0   -17.0   61.845 -144.218    843.2    797.8
     1     1    15    12    24    18     0     0   -18.0   61.930 -144.452    860.0    795.0
     1     1    15    12    24    17     0     0   -19.0   62.018 -144.690    878.0    792.2
     1     1    15    12    24    16     0     0   -20.0   62.107 -144.945    898.3    789.1
     1     1    15    12    24    15     0     0   -21.0   62.195 -145.216    920.2    786.0
     1     1    15    12    24    14     0     0   -22.0   62.280 -145.504    942.8    783.2
     1     1    15    12    24    13     0     0   -23.0   62.361 -145.812    964.9    780.7
     1     1    15    12    24    12     0     0   -24.0   62.438 -146.141    985.5    778.6
     1     1    15    12    24    11     0     0   -25.0   62.510 -146.477   1002.8    777.1
     1     1    15    12    24    10     0     0   -26.0   62.582 -146.807   1016.3    778.6
     1     1    15    12    24     9     0     0   -27.0   62.653 -147.132   1025.0    780.4
     1     1    15    12    24     8     0     0   -28.0   62.725 -147.456   1029.0    782.7
     1     1    15    12    24     7     0     0   -29.0   62.799 -147.779   1028.7    785.6
     1     1    15    12    24     6     0     0   -30.0   62.877 -148.102   1024.3    789.1
     1     1    15    12    24     5     0     0   -31.0   62.954 -148.433   1016.0    792.9
     1     1    15    12    24     4     0     0   -32.0   63.027 -148.779   1004.0    797.1
     1     1    15    12    24     3     0     0   -33.0   63.093 -149.139    988.6    801.6
     1     1    15    12    24     2     0     0   -34.0   63.153 -149.514    969.9    806.5
     1     1    15    12    24     1     0     0   -35.0   63.203 -149.904    948.1    811.7
     1     1    15    12    24     0     0     0   -36.0   63.243 -150.309    923.4    816.9
     1     1    15    12    23    23     0     0   -37.0   63.278 -150.706    898.8    822.3
     1     1    15    12    23    22     0     0   -38.0   63.313 -151.072    877.8    826.7
     1     1    15    12    23    21     0     0   -39.0   63.349 -151.409    859.7    830.6
     1     1    15    12    23    20     0     0   -40.0   63.387 -151.716    844.0    834.1
     1     1    15    12    23    19     0     0   -41.0   63.425 -151.994    830.4    837.2
     1     1    15    12    23    18     0     0   -42.0   63.465 -152.243    818.5    840.0
     1     1    15    12    23    17     0     0   -43.0   63.497 -152.488    805.5    842.5
     1     1    15    12    23    16     0     0   -44.0   63.512 -152.755    789.1    845.6
     1     1    15    12    23    15     0     0   -45.0   63.509 -153.042    769.3    849.1
     1     1    15    12    23    14     0     0   -46.0   63.486 -153.348    746.2    853.0
     1     1    15    12    23    13     0     0   -47.0   63.440 -153.674    719.6    857.2
     1     1    15    12    23    12     0     0   -48.0   63.367 -154.019    689.4    862.0
     1     1    15    12    23    11     0     0   -49.0   63.277 -154.360    660.4    867.1
     1     1    15    12    23    10     0     0   -50.0   63.182 -154.677    637.7    870.7
     1     1    15    12    23     9     0     0   -51.0   63.082 -154.975    621.3    873.3
     1     1    15    12    23     8     0     0   -52.0   62.978 -155.254    611.1    875.0
     1     1    15    12    23     7     0     0   -53.0   62.872 -155.517    607.5    876.0
     1     1    15    12    23     6     0     0   -54.0   62.764 -155.765    610.5    876.3
     1     1    15    12    23     5     0     0   -55.0   62.651 -156.028    614.0    876.4
     1     1    15    12    23     4     0     0   -56.0   62.528 -156.326    612.1    878.0
     1     1    15    12    23     3     0     0   -57.0   62.394 -156.658    605.0    881.3
     1     1    15    12    23     2     0     0   -58.0   62.251 -157.020    592.6    885.3
     1     1    15    12    23     1     0     0   -59.0   62.097 -157.413    575.7    890.0
     1     1    15    12    23     0     0     0   -60.0   61.933 -157.836    555.1    895.1
     1     1    15    12    22    23     0     0   -61.0   61.777 -158.252    534.3    900.3
     1     1    15    12    22    22     0     0   -62.0   61.642 -158.628    516.1    904.6
     1     1    15    12    22    21     0     0   -63.0   61.527 -158.967    499.4    908.3
     1     1    15    12    22    20     0     0   -64.0   61.429 -159.271    483.7    911.8
     1     1    15    12    22    19     0     0   -65.0   61.349 -159.541    468.4    915.0
     1     1    15    12    22    18     0     0   -66.0   61.284 -159.778    453.3    917.9
     1     1    15    12    22    17     0     0   -67.0   61.228 -160.001    438.8    921.2
     1     1    15    12    22    16     0     0   -68.0   61.173 -160.230    425.5    924.0
     1     1    15    12    22    15     0     0   -69.0   61.122 -160.460    413.4    926.7
     1     1    15    12    22    14     0     0   -70.0   61.073 -160.690    402.6    929.2
     1     1    15    12    22    13     0     0   -71.0   61.028 -160.918    392.8    931.6
     1     1    15    12    22    12     0     0   -72.0   60.984 -161.140    383.9    933.9
