     1     1
    CDC1    15    12     1     0     0
     1 BACKWARD OMEGA   
    15    12    26    18   60.984 -139.059   750.0
     1 PRESSURE
     1     1    15    12    26    18     0     0     0.0   60.984 -139.059    750.0    802.8
     1     1    15    12    26    17     0     0    -1.0   60.823 -138.892    723.8    807.8
     1     1    15    12    26    16     0     0    -2.0   60.634 -138.695    690.7    814.3
     1     1    15    12    26    15     0     0    -3.0   60.417 -138.466    648.9    822.3
     1     1    15    12    26    14     0     0    -4.0   60.168 -138.201    596.7    832.2
     1     1    15    12    26    13     0     0    -5.0   59.892 -137.891    536.1    844.7
     1     1    15    12    26    12     0     0    -6.0   59.602 -137.532    473.0    861.0
     1     1    15    12    26    11     0     0    -7.0   59.320 -137.140    411.2    876.8
     1     1    15    12    26    10     0     0    -8.0   59.060 -136.726    352.3    890.8
     1     1    15    12    26     9     0     0    -9.0   58.830 -136.291    297.7    902.5
     1     1    15    12    26     8     0     0   -10.0   58.634 -135.836    248.3    912.8
     1     1    15    12    26     7     0     0   -11.0   58.477 -135.365    204.3    921.6
     1     1    15    12    26     6     0     0   -12.0   58.355 -134.890    164.5    926.7
     1     1    15    12    26     5     0     0   -13.0   58.251 -134.427    127.5    927.8
     1     1    15    12    26     4     0     0   -14.0   58.150 -133.978     93.1    928.8
     1     1    15    12    26     3     0     0   -15.0   58.057 -133.544     61.4    929.1
     1     1    15    12    26     2     0     0   -16.0   57.993 -133.136     36.1    927.8
     1     1    15    12    26     1     0     0   -17.0   57.976 -132.761     20.2    925.4
     1     1    15    12    26     0     0     0   -18.0   57.991 -132.409     10.6    920.6
     1     1    15    12    25    23     0     0   -19.0   58.032 -132.089      6.0    914.7
     1     1    15    12    25    22     0     0   -20.0   58.084 -131.814      3.6    909.4
     1     1    15    12    25    21     0     0   -21.0   58.142 -131.580      2.7    904.7
     1     1    15    12    25    20     0     0   -22.0   58.204 -131.388      3.0    900.8
     1     1    15    12    25    19     0     0   -23.0   58.269 -131.234      4.3    897.6
     1     1    15    12    25    18     0     0   -24.0   58.338 -131.119      6.4    894.9
     1     1    15    12    25    17     0     0   -25.0   58.407 -131.017      8.6    892.2
     1     1    15    12    25    16     0     0   -26.0   58.471 -130.907     10.7    889.3
     1     1    15    12    25    15     0     0   -27.0   58.532 -130.788     13.0    886.2
     1     1    15    12    25    14     0     0   -28.0   58.589 -130.663     15.3    883.2
     1     1    15    12    25    13     0     0   -29.0   58.644 -130.529     17.6    880.1
     1     1    15    12    25    12     0     0   -30.0   58.698 -130.386     19.6    877.2
     1     1    15    12    25    11     0     0   -31.0   58.751 -130.246     21.6    874.0
     1     1    15    12    25    10     0     0   -32.0   58.803 -130.119     23.4    871.0
     1     1    15    12    25     9     0     0   -33.0   58.854 -130.005     25.0    868.3
     1     1    15    12    25     8     0     0   -34.0   58.906 -129.906     26.2    866.7
     1     1    15    12    25     7     0     0   -35.0   58.958 -129.822     26.9    865.4
     1     1    15    12    25     6     0     0   -36.0   59.012 -129.750     26.9    864.2
     1     1    15    12    25     5     0     0   -37.0   59.068 -129.677     27.8    863.5
     1     1    15    12    25     4     0     0   -38.0   59.129 -129.593     30.9    862.2
     1     1    15    12    25     3     0     0   -39.0   59.195 -129.502     37.0    860.8
     1     1    15    12    25     2     0     0   -40.0   59.270 -129.408     47.0    859.0
     1     1    15    12    25     1     0     0   -41.0   59.357 -129.320     62.8    856.9
     1     1    15    12    25     0     0     0   -42.0   59.462 -129.246     86.2    853.6
     1     1    15    12    24    23     0     0   -43.0   59.581 -129.197    114.3    848.5
     1     1    15    12    24    22     0     0   -44.0   59.702 -129.171    142.6    844.4
     1     1    15    12    24    21     0     0   -45.0   59.822 -129.161    169.5    840.6
     1     1    15    12    24    20     0     0   -46.0   59.936 -129.160    193.4    837.2
     1     1    15    12    24    19     0     0   -47.0   60.042 -129.164    212.9    833.8
     1     1    15    12    24    18     0     0   -48.0   60.137 -129.171    227.1    831.3
     1     1    15    12    24    17     0     0   -49.0   60.230 -129.185    236.7    829.8
     1     1    15    12    24    16     0     0   -50.0   60.325 -129.212    242.6    828.5
     1     1    15    12    24    15     0     0   -51.0   60.425 -129.248    245.2    827.6
     1     1    15    12    24    14     0     0   -52.0   60.528 -129.294    244.6    827.0
     1     1    15    12    24    13     0     0   -53.0   60.635 -129.348    241.3    826.6
     1     1    15    12    24    12     0     0   -54.0   60.747 -129.409    235.5    826.5
     1     1    15    12    24    11     0     0   -55.0   60.857 -129.474    229.7    826.6
     1     1    15    12    24    10     0     0   -56.0   60.961 -129.539    225.9    826.2
     1     1    15    12    24     9     0     0   -57.0   61.060 -129.606    223.8    825.6
     1     1    15    12    24     8     0     0   -58.0   61.156 -129.675    223.3    824.7
     1     1    15    12    24     7     0     0   -59.0   61.250 -129.748    224.1    823.6
     1     1    15    12    24     6     0     0   -60.0   61.343 -129.827    226.1    822.4
     1     1    15    12    24     5     0     0   -61.0   61.439 -129.920    228.2    820.5
     1     1    15    12    24     4     0     0   -62.0   61.543 -130.039    230.3    818.8
     1     1    15    12    24     3     0     0   -63.0   61.651 -130.179    232.4    817.6
     1     1    15    12    24     2     0     0   -64.0   61.762 -130.339    234.5    816.4
     1     1    15    12    24     1     0     0   -65.0   61.874 -130.523    236.7    815.1
     1     1    15    12    24     0     0     0   -66.0   61.989 -130.732    239.3    813.8
     1     1    15    12    23    23     0     0   -67.0   62.100 -130.948    242.0    812.9
     1     1    15    12    23    22     0     0   -68.0   62.202 -131.150    244.5    812.0
     1     1    15    12    23    21     0     0   -69.0   62.296 -131.333    246.7    810.9
     1     1    15    12    23    20     0     0   -70.0   62.383 -131.496    248.8    809.8
     1     1    15    12    23    19     0     0   -71.0   62.461 -131.634    250.6    808.6
     1     1    15    12    23    18     0     0   -72.0   62.532 -131.745    252.2    808.4
