     1     1
    CDC1    15    10     1     0     0
     1 BACKWARD OMEGA   
    15    10     8     6   60.984 -139.059   750.0
     1 PRESSURE
     1     1    15    10     8     6     0     0     0.0   60.984 -139.059    750.0    808.4
     1     1    15    10     8     5     0     0    -1.0   60.777 -138.773    726.6    813.9
     1     1    15    10     8     4     0     0    -2.0   60.575 -138.493    704.3    819.3
     1     1    15    10     8     3     0     0    -3.0   60.375 -138.215    683.5    824.6
     1     1    15    10     8     2     0     0    -4.0   60.178 -137.934    664.9    829.7
     1     1    15    10     8     1     0     0    -5.0   59.981 -137.643    649.4    834.8
     1     1    15    10     8     0     0     0    -6.0   59.783 -137.347    638.7    841.8
     1     1    15    10     7    23     0     0    -7.0   59.582 -137.071    632.3    847.8
     1     1    15    10     7    22     0     0    -8.0   59.380 -136.834    628.6    853.4
     1     1    15    10     7    21     0     0    -9.0   59.179 -136.626    627.0    858.7
     1     1    15    10     7    20     0     0   -10.0   58.980 -136.440    627.0    863.7
     1     1    15    10     7    19     0     0   -11.0   58.786 -136.269    628.0    868.4
     1     1    15    10     7    18     0     0   -12.0   58.598 -136.107    629.3    872.8
     1     1    15    10     7    17     0     0   -13.0   58.417 -135.941    632.6    876.8
     1     1    15    10     7    16     0     0   -14.0   58.241 -135.761    640.3    879.8
     1     1    15    10     7    15     0     0   -15.0   58.071 -135.572    652.7    881.9
     1     1    15    10     7    14     0     0   -16.0   57.906 -135.379    670.2    883.2
     1     1    15    10     7    13     0     0   -17.0   57.744 -135.183    693.2    883.7
     1     1    15    10     7    12     0     0   -18.0   57.584 -134.989    722.1    883.2
     1     1    15    10     7    11     0     0   -19.0   57.430 -134.818    750.4    880.2
     1     1    15    10     7    10     0     0   -20.0   57.283 -134.688    773.0    878.2
     1     1    15    10     7     9     0     0   -21.0   57.146 -134.596    790.2    877.4
     1     1    15    10     7     8     0     0   -22.0   57.020 -134.535    802.3    877.4
     1     1    15    10     7     7     0     0   -23.0   56.908 -134.503    809.7    878.2
     1     1    15    10     7     6     0     0   -24.0   56.809 -134.498    812.7    879.5
     1     1    15    10     7     5     0     0   -25.0   56.721 -134.502    813.5    881.4
     1     1    15    10     7     4     0     0   -26.0   56.636 -134.497    813.7    883.0
     1     1    15    10     7     3     0     0   -27.0   56.555 -134.485    813.7    884.5
     1     1    15    10     7     2     0     0   -28.0   56.478 -134.467    813.3    885.9
     1     1    15    10     7     1     0     0   -29.0   56.405 -134.441    812.7    887.1
     1     1    15    10     7     0     0     0   -30.0   56.336 -134.410    811.6    888.3
     1     1    15    10     6    23     0     0   -31.0   56.274 -134.370    812.4    889.0
     1     1    15    10     6    22     0     0   -32.0   56.223 -134.321    817.3    888.8
     1     1    15    10     6    21     0     0   -33.0   56.182 -134.265    826.3    887.8
     1     1    15    10     6    20     0     0   -34.0   56.151 -134.203    839.4    886.1
     1     1    15    10     6    19     0     0   -35.0   56.131 -134.136    856.6    883.8
     1     1    15    10     6    18     0     0   -36.0   56.120 -134.065    877.8    880.8
     1     1    15    10     6    17     0     0   -37.0   56.115 -133.996    902.0    877.6
     1     1    15    10     6    16     0     0   -38.0   56.112 -133.933    928.0    874.4
     1     1    15    10     6    15     0     0   -39.0   56.113 -133.879    956.0    870.7
     1     1    15    10     6    14     0     0   -40.0   56.118 -133.834    986.1    866.9
     1     1    15    10     6    13     0     0   -41.0   56.125 -133.799   1018.5    863.0
     1     1    15    10     6    12     0     0   -42.0   56.137 -133.775   1053.2    858.9
     1     1    15    10     6    11     0     0   -43.0   56.151 -133.765   1086.8    854.5
     1     1    15    10     6    10     0     0   -44.0   56.168 -133.770   1117.0    851.0
     1     1    15    10     6     9     0     0   -45.0   56.188 -133.790   1143.4    848.0
     1     1    15    10     6     8     0     0   -46.0   56.211 -133.823   1166.1    845.6
     1     1    15    10     6     7     0     0   -47.0   56.237 -133.869   1185.0    843.7
     1     1    15    10     6     6     0     0   -48.0   56.267 -133.926   1200.1    842.3
     1     1    15    10     6     5     0     0   -49.0   56.301 -133.994   1214.0    841.8
     1     1    15    10     6     4     0     0   -50.0   56.340 -134.071   1227.6    841.1
     1     1    15    10     6     3     0     0   -51.0   56.384 -134.156   1241.6    840.5
     1     1    15    10     6     2     0     0   -52.0   56.432 -134.251   1256.0    839.8
     1     1    15    10     6     1     0     0   -53.0   56.485 -134.353   1271.2    839.2
     1     1    15    10     6     0     0     0   -54.0   56.541 -134.463   1287.0    838.5
     1     1    15    10     5    23     0     0   -55.0   56.597 -134.572   1303.2    837.1
     1     1    15    10     5    22     0     0   -56.0   56.649 -134.671   1320.4    835.6
     1     1    15    10     5    21     0     0   -57.0   56.697 -134.761   1338.1    834.0
     1     1    15    10     5    20     0     0   -58.0   56.741 -134.842   1356.2    832.4
     1     1    15    10     5    19     0     0   -59.0   56.782 -134.914   1374.6    830.6
     1     1    15    10     5    18     0     0   -60.0   56.818 -134.978   1393.3    828.8
     1     1    15    10     5    17     0     0   -61.0   56.857 -135.033   1412.5    826.8
     1     1    15    10     5    16     0     0   -62.0   56.903 -135.079   1433.7    824.1
     1     1    15    10     5    15     0     0   -63.0   56.957 -135.116   1456.6    821.1
     1     1    15    10     5    14     0     0   -64.0   57.019 -135.145   1480.9    817.8
     1     1    15    10     5    13     0     0   -65.0   57.088 -135.164   1506.5    814.2
     1     1    15    10     5    12     0     0   -66.0   57.166 -135.175   1532.9    810.3
     1     1    15    10     5    11     0     0   -67.0   57.250 -135.182   1561.0    806.5
     1     1    15    10     5    10     0     0   -68.0   57.339 -135.190   1590.5    802.4
     1     1    15    10     5     9     0     0   -69.0   57.434 -135.197   1621.8    798.1
     1     1    15    10     5     8     0     0   -70.0   57.536 -135.203   1655.1    793.3
     1     1    15    10     5     7     0     0   -71.0   57.647 -135.208   1689.8    787.7
     1     1    15    10     5     6     0     0   -72.0   57.767 -135.210   1726.3    781.5
