     1     1
    CDC1    15    12     1     0     0
     1 BACKWARD OMEGA   
    15    12     5    12   60.984 -139.059   750.0
     1 PRESSURE
     1     1    15    12     5    12     0     0     0.0   60.984 -139.059    750.0    797.5
     1     1    15    12     5    11     0     0    -1.0   60.879 -139.012    777.0    796.2
     1     1    15    12     5    10     0     0    -2.0   60.774 -138.996    800.6    795.5
     1     1    15    12     5     9     0     0    -3.0   60.671 -139.014    821.0    795.1
     1     1    15    12     5     8     0     0    -4.0   60.569 -139.068    838.1    795.2
     1     1    15    12     5     7     0     0    -5.0   60.469 -139.159    851.7    795.6
     1     1    15    12     5     6     0     0    -6.0   60.370 -139.290    861.7    796.4
     1     1    15    12     5     5     0     0    -7.0   60.268 -139.443    871.5    797.5
     1     1    15    12     5     4     0     0    -8.0   60.158 -139.604    884.2    798.2
     1     1    15    12     5     3     0     0    -9.0   60.040 -139.780    901.1    798.8
     1     1    15    12     5     2     0     0   -10.0   59.915 -139.969    923.2    800.0
     1     1    15    12     5     1     0     0   -11.0   59.783 -140.168    951.3    802.1
     1     1    15    12     5     0     0     0   -12.0   59.646 -140.381    985.9    803.9
     1     1    15    12     4    23     0     0   -13.0   59.508 -140.596   1021.9    804.8
     1     1    15    12     4    22     0     0   -14.0   59.374 -140.802   1052.7    806.6
     1     1    15    12     4    21     0     0   -15.0   59.244 -141.005   1078.2    808.9
     1     1    15    12     4    20     0     0   -16.0   59.118 -141.211   1098.0    811.6
     1     1    15    12     4    19     0     0   -17.0   58.995 -141.427   1111.7    814.9
     1     1    15    12     4    18     0     0   -18.0   58.874 -141.659   1119.0    818.9
     1     1    15    12     4    17     0     0   -19.0   58.754 -141.895   1122.5    823.6
     1     1    15    12     4    16     0     0   -20.0   58.634 -142.120   1125.6    828.0
     1     1    15    12     4    15     0     0   -21.0   58.514 -142.338   1128.0    832.4
     1     1    15    12     4    14     0     0   -22.0   58.397 -142.555   1130.0    836.9
     1     1    15    12     4    13     0     0   -23.0   58.283 -142.775   1132.0    841.5
     1     1    15    12     4    12     0     0   -24.0   58.175 -143.000   1134.5    845.9
     1     1    15    12     4    11     0     0   -25.0   58.074 -143.236   1136.2    850.0
     1     1    15    12     4    10     0     0   -26.0   57.984 -143.488   1135.5    854.2
     1     1    15    12     4     9     0     0   -27.0   57.904 -143.755   1132.0    858.4
     1     1    15    12     4     8     0     0   -28.0   57.833 -144.042   1125.5    862.7
     1     1    15    12     4     7     0     0   -29.0   57.771 -144.350   1115.6    867.2
     1     1    15    12     4     6     0     0   -30.0   57.717 -144.683   1101.9    872.0
     1     1    15    12     4     5     0     0   -31.0   57.672 -145.019   1088.9    877.3
     1     1    15    12     4     4     0     0   -32.0   57.638 -145.330   1080.0    880.0
     1     1    15    12     4     3     0     0   -33.0   57.613 -145.616   1076.9    881.6
     1     1    15    12     4     2     0     0   -34.0   57.597 -145.880   1079.4    882.2
     1     1    15    12     4     1     0     0   -35.0   57.590 -146.124   1087.5    882.0
     1     1    15    12     4     0     0     0   -36.0   57.592 -146.352   1101.4    880.8
     1     1    15    12     3    23     0     0   -37.0   57.606 -146.565   1116.8    878.2
     1     1    15    12     3    22     0     0   -38.0   57.633 -146.765   1130.6    875.9
     1     1    15    12     3    21     0     0   -39.0   57.675 -146.953   1142.9    873.4
     1     1    15    12     3    20     0     0   -40.0   57.732 -147.129   1154.0    870.8
     1     1    15    12     3    19     0     0   -41.0   57.803 -147.296   1164.3    867.9
     1     1    15    12     3    18     0     0   -42.0   57.888 -147.455   1174.5    864.8
     1     1    15    12     3    17     0     0   -43.0   57.976 -147.586   1184.2    861.7
     1     1    15    12     3    16     0     0   -44.0   58.060 -147.670   1190.2    859.1
     1     1    15    12     3    15     0     0   -45.0   58.140 -147.706   1192.6    857.1
     1     1    15    12     3    14     0     0   -46.0   58.218 -147.692   1190.8    855.7
     1     1    15    12     3    13     0     0   -47.0   58.293 -147.625   1184.2    855.1
     1     1    15    12     3    12     0     0   -48.0   58.366 -147.503   1172.3    855.1
     1     1    15    12     3    11     0     0   -49.0   58.433 -147.333   1158.3    854.9
     1     1    15    12     3    10     0     0   -50.0   58.490 -147.126   1146.2    854.2
     1     1    15    12     3     9     0     0   -51.0   58.539 -146.881   1136.0    853.4
     1     1    15    12     3     8     0     0   -52.0   58.578 -146.600   1127.5    852.4
     1     1    15    12     3     7     0     0   -53.0   58.609 -146.284   1120.6    851.3
     1     1    15    12     3     6     0     0   -54.0   58.633 -145.933   1115.2    850.1
     1     1    15    12     3     5     0     0   -55.0   58.645 -145.555   1109.3    848.9
     1     1    15    12     3     4     0     0   -56.0   58.643 -145.155   1100.4    848.4
     1     1    15    12     3     3     0     0   -57.0   58.627 -144.735   1088.6    847.9
     1     1    15    12     3     2     0     0   -58.0   58.595 -144.298   1074.2    847.5
     1     1    15    12     3     1     0     0   -59.0   58.546 -143.846   1057.6    847.7
     1     1    15    12     3     0     0     0   -60.0   58.482 -143.376   1039.3    848.4
     1     1    15    12     2    23     0     0   -61.0   58.402 -142.902   1019.9    850.3
     1     1    15    12     2    22     0     0   -62.0   58.308 -142.439    998.6    853.2
     1     1    15    12     2    21     0     0   -63.0   58.201 -141.988    975.0    857.6
     1     1    15    12     2    20     0     0   -64.0   58.081 -141.547    948.4    862.9
     1     1    15    12     2    19     0     0   -65.0   57.951 -141.109    918.1    868.9
     1     1    15    12     2    18     0     0   -66.0   57.813 -140.669    883.0    875.4
     1     1    15    12     2    17     0     0   -67.0   57.665 -140.252    844.7    881.8
     1     1    15    12     2    16     0     0   -68.0   57.509 -139.894    806.6    889.0
     1     1    15    12     2    15     0     0   -69.0   57.348 -139.611    769.0    892.7
     1     1    15    12     2    14     0     0   -70.0   57.184 -139.412    733.7    896.6
     1     1    15    12     2    13     0     0   -71.0   57.019 -139.294    701.1    900.8
     1     1    15    12     2    12     0     0   -72.0   56.853 -139.252    671.4    905.2
