     1     1
    CDC1    16     2     1     0     0
     1 BACKWARD OMEGA   
    16     2    12     6   60.984 -139.059   750.0
     1 PRESSURE
     1     1    16     2    12     6     0     0     0.0   60.984 -139.059    750.0    805.5
     1     1    16     2    12     5     0     0    -1.0   60.734 -138.493    743.1    809.7
     1     1    16     2    12     4     0     0    -2.0   60.464 -137.920    727.8    815.8
     1     1    16     2    12     3     0     0    -3.0   60.175 -137.334    705.3    822.7
     1     1    16     2    12     2     0     0    -4.0   59.871 -136.747    678.8    831.7
     1     1    16     2    12     1     0     0    -5.0   59.559 -136.183    652.8    842.7
     1     1    16     2    12     0     0     0    -6.0   59.245 -135.644    628.4    852.9
     1     1    16     2    11    23     0     0    -7.0   58.932 -135.146    604.0    861.7
     1     1    16     2    11    22     0     0    -8.0   58.620 -134.711    578.8    868.5
     1     1    16     2    11    21     0     0    -9.0   58.316 -134.331    552.3    874.4
     1     1    16     2    11    20     0     0   -10.0   58.023 -133.999    525.1    880.2
     1     1    16     2    11    19     0     0   -11.0   57.747 -133.711    497.3    885.9
     1     1    16     2    11    18     0     0   -12.0   57.493 -133.467    469.7    891.5
     1     1    16     2    11    17     0     0   -13.0   57.241 -133.253    440.4    896.6
     1     1    16     2    11    16     0     0   -14.0   56.971 -133.053    407.4    903.5
     1     1    16     2    11    15     0     0   -15.0   56.684 -132.863    372.5    911.6
     1     1    16     2    11    14     0     0   -16.0   56.381 -132.678    337.1    919.7
     1     1    16     2    11    13     0     0   -17.0   56.064 -132.490    302.8    928.4
     1     1    16     2    11    12     0     0   -18.0   55.732 -132.296    271.4    936.4
     1     1    16     2    11    11     0     0   -19.0   55.401 -132.089    245.5    943.5
     1     1    16     2    11    10     0     0   -20.0   55.077 -131.874    224.4    949.6
     1     1    16     2    11     9     0     0   -21.0   54.759 -131.671    205.4    953.4
     1     1    16     2    11     8     0     0   -22.0   54.444 -131.490    187.2    956.9
     1     1    16     2    11     7     0     0   -23.0   54.129 -131.336    170.2    960.9
     1     1    16     2    11     6     0     0   -24.0   53.812 -131.208    155.0    965.6
     1     1    16     2    11     5     0     0   -25.0   53.488 -131.087    143.1    969.8
     1     1    16     2    11     4     0     0   -26.0   53.156 -130.965    135.3    973.9
     1     1    16     2    11     3     0     0   -27.0   52.811 -130.860    131.1    978.2
     1     1    16     2    11     2     0     0   -28.0   52.452 -130.788    130.2    982.4
     1     1    16     2    11     1     0     0   -29.0   52.078 -130.763    130.6    983.6
     1     1    16     2    11     0     0     0   -30.0   51.689 -130.794    131.5    985.7
     1     1    16     2    10    23     0     0   -31.0   51.290 -130.854    132.4    988.2
     1     1    16     2    10    22     0     0   -32.0   50.886 -130.912    132.5    990.6
     1     1    16     2    10    21     0     0   -33.0   50.470 -130.979    132.0    992.9
     1     1    16     2    10    20     0     0   -34.0   50.033 -131.065    130.5    995.1
     1     1    16     2    10    19     0     0   -35.0   49.575 -131.172    127.4    995.4
     1     1    16     2    10    18     0     0   -36.0   49.101 -131.300    121.8    995.9
     1     1    16     2    10    17     0     0   -37.0   48.618 -131.425    114.2    997.1
     1     1    16     2    10    16     0     0   -38.0   48.133 -131.515    105.1    997.9
     1     1    16     2    10    15     0     0   -39.0   47.643 -131.572     94.8    998.3
     1     1    16     2    10    14     0     0   -40.0   47.153 -131.602     84.5    998.0
     1     1    16     2    10    13     0     0   -41.0   46.674 -131.623     75.4    997.0
     1     1    16     2    10    12     0     0   -42.0   46.208 -131.663     68.2    995.0
     1     1    16     2    10    11     0     0   -43.0   45.756 -131.740     62.5    994.3
     1     1    16     2    10    10     0     0   -44.0   45.319 -131.843     58.2    993.3
     1     1    16     2    10     9     0     0   -45.0   44.892 -131.942     55.2    993.0
     1     1    16     2    10     8     0     0   -46.0   44.462 -132.007     53.0    994.7
     1     1    16     2    10     7     0     0   -47.0   44.016 -132.028     50.8    996.5
     1     1    16     2    10     6     0     0   -48.0   43.549 -132.012     48.7    998.3
     1     1    16     2    10     5     0     0   -49.0   43.070 -132.005     47.0   1000.4
     1     1    16     2    10     4     0     0   -50.0   42.592 -132.042     46.1   1002.3
     1     1    16     2    10     3     0     0   -51.0   42.122 -132.106     46.0   1003.1
     1     1    16     2    10     2     0     0   -52.0   41.668 -132.185     46.3   1003.6
     1     1    16     2    10     1     0     0   -53.0   41.231 -132.271     46.8   1004.0
     1     1    16     2    10     0     0     0   -54.0   40.809 -132.361     47.6   1004.4
     1     1    16     2     9    23     0     0   -55.0   40.397 -132.457     48.6   1004.4
     1     1    16     2     9    22     0     0   -56.0   39.994 -132.563     49.9   1004.4
     1     1    16     2     9    21     0     0   -57.0   39.609 -132.681     51.8   1005.2
     1     1    16     2     9    20     0     0   -58.0   39.244 -132.811     54.7   1005.8
     1     1    16     2     9    19     0     0   -59.0   38.900 -132.958     58.8   1006.3
     1     1    16     2     9    18     0     0   -60.0   38.575 -133.126     64.3   1006.6
     1     1    16     2     9    17     0     0   -61.0   38.252 -133.300     70.0   1006.4
     1     1    16     2     9    16     0     0   -62.0   37.912 -133.469     74.2   1006.4
     1     1    16     2     9    15     0     0   -63.0   37.558 -133.633     77.3   1006.2
     1     1    16     2     9    14     0     0   -64.0   37.189 -133.797     79.9   1005.1
     1     1    16     2     9    13     0     0   -65.0   36.808 -133.967     82.9   1003.5
     1     1    16     2     9    12     0     0   -66.0   36.416 -134.147     86.7   1001.7
     1     1    16     2     9    11     0     0   -67.0   36.012 -134.327     91.6   1000.0
     1     1    16     2     9    10     0     0   -68.0   35.594 -134.498     98.1    998.0
     1     1    16     2     9     9     0     0   -69.0   35.160 -134.665    106.6    995.7
     1     1    16     2     9     8     0     0   -70.0   34.712 -134.833    116.5    994.0
     1     1    16     2     9     7     0     0   -71.0   34.257 -135.002    126.9    992.9
     1     1    16     2     9     6     0     0   -72.0   33.803 -135.176    137.4    992.2
