     1     1
    CDC1    15    10     1     0     0
     1 BACKWARD OMEGA   
    15    10    26     6   60.984 -139.059   750.0
     1 PRESSURE
     1     1    15    10    26     6     0     0     0.0   60.984 -139.059    750.0    814.5
     1     1    15    10    26     5     0     0    -1.0   61.083 -139.036    803.4    807.3
     1     1    15    10    26     4     0     0    -2.0   61.186 -139.033    854.6    800.4
     1     1    15    10    26     3     0     0    -3.0   61.291 -139.045    903.6    793.8
     1     1    15    10    26     2     0     0    -4.0   61.400 -139.070    950.5    786.9
     1     1    15    10    26     1     0     0    -5.0   61.512 -139.105    995.4    780.4
     1     1    15    10    26     0     0     0    -6.0   61.627 -139.148   1038.5    774.1
     1     1    15    10    25    23     0     0    -7.0   61.737 -139.220   1077.5    768.3
     1     1    15    10    25    22     0     0    -8.0   61.836 -139.346   1110.1    763.5
     1     1    15    10    25    21     0     0    -9.0   61.922 -139.526   1136.1    759.7
     1     1    15    10    25    20     0     0   -10.0   61.993 -139.761   1155.3    756.7
     1     1    15    10    25    19     0     0   -11.0   62.050 -140.053   1168.2    754.6
     1     1    15    10    25    18     0     0   -12.0   62.090 -140.399   1176.2    754.0
     1     1    15    10    25    17     0     0   -13.0   62.107 -140.750   1182.4    754.1
     1     1    15    10    25    16     0     0   -14.0   62.095 -141.055   1188.1    754.2
     1     1    15    10    25    15     0     0   -15.0   62.056 -141.311   1192.0    754.9
     1     1    15    10    25    14     0     0   -16.0   61.993 -141.519   1193.1    756.2
     1     1    15    10    25    13     0     0   -17.0   61.906 -141.677   1190.4    758.1
     1     1    15    10    25    12     0     0   -18.0   61.795 -141.786   1183.8    760.8
     1     1    15    10    25    11     0     0   -19.0   61.672 -141.861   1173.1    764.3
     1     1    15    10    25    10     0     0   -20.0   61.547 -141.911   1158.0    768.2
     1     1    15    10    25     9     0     0   -21.0   61.418 -141.937   1138.2    772.5
     1     1    15    10    25     8     0     0   -22.0   61.284 -141.937   1113.4    777.4
     1     1    15    10    25     7     0     0   -23.0   61.146 -141.908   1083.5    782.8
     1     1    15    10    25     6     0     0   -24.0   61.002 -141.851   1048.0    788.9
     1     1    15    10    25     5     0     0   -25.0   60.842 -141.770   1009.8    795.7
     1     1    15    10    25     4     0     0   -26.0   60.656 -141.668    971.3    802.7
     1     1    15    10    25     3     0     0   -27.0   60.445 -141.541    931.5    810.3
     1     1    15    10    25     2     0     0   -28.0   60.208 -141.387    889.6    818.5
     1     1    15    10    25     1     0     0   -29.0   59.948 -141.204    845.1    827.6
     1     1    15    10    25     0     0     0   -30.0   59.673 -141.002    800.2    840.3
     1     1    15    10    24    23     0     0   -31.0   59.395 -140.783    751.6    853.3
     1     1    15    10    24    22     0     0   -32.0   59.115 -140.539    696.1    867.7
     1     1    15    10    24    21     0     0   -33.0   58.831 -140.270    634.9    883.3
     1     1    15    10    24    20     0     0   -34.0   58.541 -139.974    571.5    898.8
     1     1    15    10    24    19     0     0   -35.0   58.247 -139.650    511.3    914.4
     1     1    15    10    24    18     0     0   -36.0   57.949 -139.301    456.9    929.6
     1     1    15    10    24    17     0     0   -37.0   57.654 -138.938    410.2    944.4
     1     1    15    10    24    16     0     0   -38.0   57.370 -138.581    370.5    954.3
     1     1    15    10    24    15     0     0   -39.0   57.099 -138.247    336.7    959.7
     1     1    15    10    24    14     0     0   -40.0   56.839 -137.939    308.5    965.0
     1     1    15    10    24    13     0     0   -41.0   56.590 -137.646    285.5    970.2
     1     1    15    10    24    12     0     0   -42.0   56.353 -137.361    266.8    974.6
     1     1    15    10    24    11     0     0   -43.0   56.129 -137.093    252.2    978.4
     1     1    15    10    24    10     0     0   -44.0   55.921 -136.853    241.1    982.1
     1     1    15    10    24     9     0     0   -45.0   55.725 -136.639    232.6    985.6
     1     1    15    10    24     8     0     0   -46.0   55.541 -136.453    226.2    989.0
     1     1    15    10    24     7     0     0   -47.0   55.367 -136.293    221.1    992.3
     1     1    15    10    24     6     0     0   -48.0   55.203 -136.160    217.0    995.5
     1     1    15    10    24     5     0     0   -49.0   55.048 -136.053    215.2    998.4
     1     1    15    10    24     4     0     0   -50.0   54.904 -135.973    217.2    998.8
     1     1    15    10    24     3     0     0   -51.0   54.773 -135.915    223.0    998.0
     1     1    15    10    24     2     0     0   -52.0   54.652 -135.880    232.9    996.7
     1     1    15    10    24     1     0     0   -53.0   54.542 -135.869    247.1    994.8
     1     1    15    10    24     0     0     0   -54.0   54.441 -135.882    265.7    992.5
     1     1    15    10    23    23     0     0   -55.0   54.351 -135.912    283.7    989.4
     1     1    15    10    23    22     0     0   -56.0   54.276 -135.954    296.0    987.7
     1     1    15    10    23    21     0     0   -57.0   54.214 -136.007    302.3    986.7
     1     1    15    10    23    20     0     0   -58.0   54.165 -136.070    302.4    986.5
     1     1    15    10    23    19     0     0   -59.0   54.130 -136.145    296.2    987.0
     1     1    15    10    23    18     0     0   -60.0   54.107 -136.230    283.7    988.4
     1     1    15    10    23    17     0     0   -61.0   54.094 -136.334    269.8    990.4
     1     1    15    10    23    16     0     0   -62.0   54.087 -136.462    259.5    991.3
     1     1    15    10    23    15     0     0   -63.0   54.087 -136.615    252.8    991.9
     1     1    15    10    23    14     0     0   -64.0   54.093 -136.794    250.0    991.9
     1     1    15    10    23    13     0     0   -65.0   54.107 -136.999    251.2    991.5
     1     1    15    10    23    12     0     0   -66.0   54.127 -137.231    256.6    990.5
     1     1    15    10    23    11     0     0   -67.0   54.151 -137.481    264.1    988.9
     1     1    15    10    23    10     0     0   -68.0   54.170 -137.740    270.8    987.4
     1     1    15    10    23     9     0     0   -69.0   54.185 -138.009    276.8    985.9
     1     1    15    10    23     8     0     0   -70.0   54.200 -138.291    282.1    984.5
     1     1    15    10    23     7     0     0   -71.0   54.218 -138.589    286.9    983.1
     1     1    15    10    23     6     0     0   -72.0   54.241 -138.907    291.5    981.7
