     1     1
    CDC1    16     3     1     0     0
     1 BACKWARD OMEGA   
    16     3    19     6   60.984 -139.059   750.0
     1 PRESSURE
     1     1    16     3    19     6     0     0     0.0   60.984 -139.059    750.0    806.2
     1     1    16     3    19     5     0     0    -1.0   60.765 -139.121    672.2    818.8
     1     1    16     3    19     4     0     0    -2.0   60.554 -139.157    597.5    831.5
     1     1    16     3    19     3     0     0    -3.0   60.352 -139.159    528.5    842.8
     1     1    16     3    19     2     0     0    -4.0   60.159 -139.122    467.1    853.3
     1     1    16     3    19     1     0     0    -5.0   59.976 -139.041    413.7    863.4
     1     1    16     3    19     0     0     0    -6.0   59.804 -138.914    369.0    874.5
     1     1    16     3    18    23     0     0    -7.0   59.645 -138.755    332.3    883.3
     1     1    16     3    18    22     0     0    -8.0   59.496 -138.583    302.9    891.1
     1     1    16     3    18    21     0     0    -9.0   59.358 -138.404    279.2    898.1
     1     1    16     3    18    20     0     0   -10.0   59.230 -138.221    260.1    904.4
     1     1    16     3    18    19     0     0   -11.0   59.110 -138.038    244.7    910.0
     1     1    16     3    18    18     0     0   -12.0   58.998 -137.858    232.4    915.1
     1     1    16     3    18    17     0     0   -13.0   58.892 -137.677    221.1    919.8
     1     1    16     3    18    16     0     0   -14.0   58.790 -137.490    209.2    924.7
     1     1    16     3    18    15     0     0   -15.0   58.692 -137.299    197.1    928.9
     1     1    16     3    18    14     0     0   -16.0   58.601 -137.103    184.7    932.5
     1     1    16     3    18    13     0     0   -17.0   58.516 -136.907    172.1    935.8
     1     1    16     3    18    12     0     0   -18.0   58.439 -136.709    159.5    938.8
     1     1    16     3    18    11     0     0   -19.0   58.370 -136.510    148.2    942.0
     1     1    16     3    18    10     0     0   -20.0   58.309 -136.308    139.3    944.5
     1     1    16     3    18     9     0     0   -21.0   58.257 -136.107    132.6    946.4
     1     1    16     3    18     8     0     0   -22.0   58.215 -135.908    128.0    947.7
     1     1    16     3    18     7     0     0   -23.0   58.183 -135.714    125.3    948.4
     1     1    16     3    18     6     0     0   -24.0   58.161 -135.528    124.4    948.6
     1     1    16     3    18     5     0     0   -25.0   58.142 -135.348    124.3    948.4
     1     1    16     3    18     4     0     0   -26.0   58.123 -135.170    124.0    948.3
     1     1    16     3    18     3     0     0   -27.0   58.103 -134.992    123.8    948.2
     1     1    16     3    18     2     0     0   -28.0   58.080 -134.811    123.8    946.9
     1     1    16     3    18     1     0     0   -29.0   58.052 -134.622    124.4    945.5
     1     1    16     3    18     0     0     0   -30.0   58.019 -134.426    125.7    944.0
     1     1    16     3    17    23     0     0   -31.0   57.984 -134.236    127.5    942.2
     1     1    16     3    17    22     0     0   -32.0   57.945 -134.065    129.4    940.8
     1     1    16     3    17    21     0     0   -33.0   57.901 -133.910    131.1    939.7
     1     1    16     3    17    20     0     0   -34.0   57.852 -133.773    132.3    939.1
     1     1    16     3    17    19     0     0   -35.0   57.797 -133.651    132.7    938.8
     1     1    16     3    17    18     0     0   -36.0   57.737 -133.545    132.0    939.1
     1     1    16     3    17    17     0     0   -37.0   57.674 -133.448    131.4    939.1
     1     1    16     3    17    16     0     0   -38.0   57.614 -133.352    131.8    938.9
     1     1    16     3    17    15     0     0   -39.0   57.556 -133.256    133.3    938.4
     1     1    16     3    17    14     0     0   -40.0   57.502 -133.161    136.1    937.6
     1     1    16     3    17    13     0     0   -41.0   57.451 -133.066    140.1    936.8
     1     1    16     3    17    12     0     0   -42.0   57.405 -132.970    145.8    935.6
     1     1    16     3    17    11     0     0   -43.0   57.358 -132.883    151.7    934.4
     1     1    16     3    17    10     0     0   -44.0   57.305 -132.816    156.3    934.0
     1     1    16     3    17     9     0     0   -45.0   57.247 -132.768    159.4    934.3
     1     1    16     3    17     8     0     0   -46.0   57.185 -132.740    160.9    935.1
     1     1    16     3    17     7     0     0   -47.0   57.118 -132.732    160.7    936.6
     1     1    16     3    17     6     0     0   -48.0   57.047 -132.744    158.6    938.8
     1     1    16     3    17     5     0     0   -49.0   56.972 -132.762    154.7    940.9
     1     1    16     3    17     4     0     0   -50.0   56.892 -132.776    149.0    943.3
     1     1    16     3    17     3     0     0   -51.0   56.809 -132.784    141.5    946.0
     1     1    16     3    17     2     0     0   -52.0   56.722 -132.786    132.4    948.8
     1     1    16     3    17     1     0     0   -53.0   56.631 -132.784    121.9    951.9
     1     1    16     3    17     0     0     0   -54.0   56.538 -132.775    110.1    955.2
     1     1    16     3    16    23     0     0   -55.0   56.449 -132.771     96.4    958.6
     1     1    16     3    16    22     0     0   -56.0   56.369 -132.777     80.4    962.6
     1     1    16     3    16    21     0     0   -57.0   56.298 -132.793     62.9    966.3
     1     1    16     3    16    20     0     0   -58.0   56.230 -132.815     45.3    969.7
     1     1    16     3    16    19     0     0   -59.0   56.164 -132.838     29.0    973.3
     1     1    16     3    16    18     0     0   -60.0   56.098 -132.857     15.2    977.1
     1     1    16     3    16    17     0     0   -61.0   56.029 -132.873      4.4    979.0
     1     1    16     3    16    16     0     0   -62.0   55.954 -132.892      0.0    980.4
     1     1    16     3    16    15     0     0   -63.0   55.875 -132.920      0.0    982.0
     1     1    16     3    16    14     0     0   -64.0   55.791 -132.958      0.0    983.8
     1     1    16     3    16    13     0     0   -65.0   55.700 -133.005      0.0    985.9
     1     1    16     3    16    12     0     0   -66.0   55.601 -133.060      0.0    988.2
     1     1    16     3    16    11     0     0   -67.0   55.496 -133.128      0.0    990.9
     1     1    16     3    16    10     0     0   -68.0   55.385 -133.211      0.0    993.9
     1     1    16     3    16     9     0     0   -69.0   55.271 -133.312      0.0    997.2
     1     1    16     3    16     8     0     0   -70.0   55.152 -133.436      0.0   1000.7
     1     1    16     3    16     7     0     0   -71.0   55.030 -133.588      0.0   1004.6
     1     1    16     3    16     6     0     0   -72.0   54.904 -133.773      0.0   1007.5
