     1     1
    CDC1    15    12     1     0     0
     1 BACKWARD OMEGA   
    15    12    25     6   60.984 -139.059   750.0
     1 PRESSURE
     1     1    15    12    25     6     0     0     0.0   60.984 -139.059    750.0    808.8
     1     1    15    12    25     5     0     0    -1.0   61.029 -139.409    741.5    809.3
     1     1    15    12    25     4     0     0    -2.0   61.075 -139.747    736.1    809.2
     1     1    15    12    25     3     0     0    -3.0   61.121 -140.072    733.9    808.8
     1     1    15    12    25     2     0     0    -4.0   61.167 -140.384    735.1    808.7
     1     1    15    12    25     1     0     0    -5.0   61.214 -140.681    739.9    808.1
     1     1    15    12    25     0     0     0    -6.0   61.262 -140.965    748.6    807.1
     1     1    15    12    24    23     0     0    -7.0   61.314 -141.238    759.0    805.2
     1     1    15    12    24    22     0     0    -8.0   61.372 -141.505    769.8    803.3
     1     1    15    12    24    21     0     0    -9.0   61.435 -141.766    780.6    801.3
     1     1    15    12    24    20     0     0   -10.0   61.505 -142.021    791.3    799.1
     1     1    15    12    24    19     0     0   -11.0   61.581 -142.273    801.7    796.8
     1     1    15    12    24    18     0     0   -12.0   61.662 -142.521    811.8    794.3
     1     1    15    12    24    17     0     0   -13.0   61.749 -142.771    823.5    792.7
     1     1    15    12    24    16     0     0   -14.0   61.838 -143.032    838.5    790.4
     1     1    15    12    24    15     0     0   -15.0   61.928 -143.304    855.9    788.0
     1     1    15    12    24    14     0     0   -16.0   62.018 -143.590    875.3    785.4
     1     1    15    12    24    13     0     0   -17.0   62.107 -143.891    895.9    782.7
     1     1    15    12    24    12     0     0   -18.0   62.193 -144.209    916.8    779.8
     1     1    15    12    24    11     0     0   -19.0   62.275 -144.530    935.3    776.8
     1     1    15    12    24    10     0     0   -20.0   62.352 -144.837    948.6    774.6
     1     1    15    12    24     9     0     0   -21.0   62.426 -145.129    956.7    773.2
     1     1    15    12    24     8     0     0   -22.0   62.495 -145.407    959.6    772.6
     1     1    15    12    24     7     0     0   -23.0   62.562 -145.670    958.2    775.0
     1     1    15    12    24     6     0     0   -24.0   62.628 -145.924    952.1    778.1
     1     1    15    12    24     5     0     0   -25.0   62.694 -146.180    942.1    781.5
     1     1    15    12    24     4     0     0   -26.0   62.758 -146.450    928.4    785.3
     1     1    15    12    24     3     0     0   -27.0   62.821 -146.736    911.3    789.6
     1     1    15    12    24     2     0     0   -28.0   62.879 -147.035    890.7    794.1
     1     1    15    12    24     1     0     0   -29.0   62.933 -147.348    866.5    798.7
     1     1    15    12    24     0     0     0   -30.0   62.981 -147.676    839.0    803.9
     1     1    15    12    23    23     0     0   -31.0   63.024 -147.995    812.1    809.6
     1     1    15    12    23    22     0     0   -32.0   63.066 -148.284    789.8    814.3
     1     1    15    12    23    21     0     0   -33.0   63.107 -148.543    771.6    818.2
     1     1    15    12    23    20     0     0   -34.0   63.146 -148.770    757.2    821.5
     1     1    15    12    23    19     0     0   -35.0   63.183 -148.966    746.3    824.2
     1     1    15    12    23    18     0     0   -36.0   63.218 -149.130    738.7    826.3
     1     1    15    12    23    17     0     0   -37.0   63.250 -149.292    731.4    828.0
     1     1    15    12    23    16     0     0   -38.0   63.274 -149.481    721.3    830.4
     1     1    15    12    23    15     0     0   -39.0   63.291 -149.698    708.2    833.3
     1     1    15    12    23    14     0     0   -40.0   63.297 -149.942    692.0    836.6
     1     1    15    12    23    13     0     0   -41.0   63.291 -150.213    672.5    840.3
     1     1    15    12    23    12     0     0   -42.0   63.271 -150.509    649.7    844.2
     1     1    15    12    23    11     0     0   -43.0   63.243 -150.804    628.3    848.5
     1     1    15    12    23    10     0     0   -44.0   63.214 -151.074    613.1    851.3
     1     1    15    12    23     9     0     0   -45.0   63.185 -151.320    604.0    853.1
     1     1    15    12    23     8     0     0   -46.0   63.155 -151.544    600.9    854.1
     1     1    15    12    23     7     0     0   -47.0   63.126 -151.748    604.0    854.4
     1     1    15    12    23     6     0     0   -48.0   63.099 -151.937    613.4    854.0
     1     1    15    12    23     5     0     0   -49.0   63.071 -152.131    622.6    852.9
     1     1    15    12    23     4     0     0   -50.0   63.041 -152.350    625.0    853.5
     1     1    15    12    23     3     0     0   -51.0   63.006 -152.591    620.6    855.0
     1     1    15    12    23     2     0     0   -52.0   62.964 -152.854    609.6    857.3
     1     1    15    12    23     1     0     0   -53.0   62.914 -153.134    592.5    860.1
     1     1    15    12    23     0     0     0   -54.0   62.853 -153.430    569.6    863.5
     1     1    15    12    22    23     0     0   -55.0   62.789 -153.713    547.5    867.3
     1     1    15    12    22    22     0     0   -56.0   62.732 -153.956    531.2    869.8
     1     1    15    12    22    21     0     0   -57.0   62.684 -154.162    520.4    871.7
     1     1    15    12    22    20     0     0   -58.0   62.649 -154.331    514.7    872.8
     1     1    15    12    22    19     0     0   -59.0   62.628 -154.460    514.0    873.4
     1     1    15    12    22    18     0     0   -60.0   62.623 -154.548    518.3    873.2
     1     1    15    12    22    17     0     0   -61.0   62.627 -154.613    524.2    872.4
     1     1    15    12    22    16     0     0   -62.0   62.631 -154.675    528.2    872.1
     1     1    15    12    22    15     0     0   -63.0   62.636 -154.733    530.3    872.0
     1     1    15    12    22    14     0     0   -64.0   62.642 -154.786    530.8    872.0
     1     1    15    12    22    13     0     0   -65.0   62.648 -154.835    529.5    872.3
     1     1    15    12    22    12     0     0   -66.0   62.656 -154.880    526.7    872.7
     1     1    15    12    22    11     0     0   -67.0   62.667 -154.897    521.7    873.0
     1     1    15    12    22    10     0     0   -68.0   62.682 -154.862    514.7    873.3
     1     1    15    12    22     9     0     0   -69.0   62.703 -154.771    505.5    873.5
     1     1    15    12    22     8     0     0   -70.0   62.729 -154.622    494.2    873.7
     1     1    15    12    22     7     0     0   -71.0   62.761 -154.416    481.0    873.8
     1     1    15    12    22     6     0     0   -72.0   62.798 -154.152    466.1    873.9
