     1     1
    CDC1    15    12     1     0     0
     1 BACKWARD OMEGA   
    15    12    25     0   60.984 -139.059   750.0
     1 PRESSURE
     1     1    15    12    25     0     0     0     0.0   60.984 -139.059    750.0    806.8
     1     1    15    12    24    23     0     0    -1.0   61.043 -139.317    760.0    804.4
     1     1    15    12    24    22     0     0    -2.0   61.105 -139.571    769.7    801.9
     1     1    15    12    24    21     0     0    -3.0   61.171 -139.820    778.9    799.4
     1     1    15    12    24    20     0     0    -4.0   61.241 -140.066    787.7    797.0
     1     1    15    12    24    19     0     0    -5.0   61.315 -140.306    796.2    795.1
     1     1    15    12    24    18     0     0    -6.0   61.395 -140.542    803.9    793.1
     1     1    15    12    24    17     0     0    -7.0   61.480 -140.779    813.2    791.6
     1     1    15    12    24    16     0     0    -8.0   61.570 -141.028    825.1    789.4
     1     1    15    12    24    15     0     0    -9.0   61.664 -141.288    839.9    786.8
     1     1    15    12    24    14     0     0   -10.0   61.759 -141.562    857.3    783.8
     1     1    15    12    24    13     0     0   -11.0   61.855 -141.849    877.1    780.5
     1     1    15    12    24    12     0     0   -12.0   61.951 -142.150    898.7    776.9
     1     1    15    12    24    11     0     0   -13.0   62.042 -142.450    919.1    772.8
     1     1    15    12    24    10     0     0   -14.0   62.127 -142.729    933.9    770.5
     1     1    15    12    24     9     0     0   -15.0   62.207 -142.986    943.1    768.9
     1     1    15    12    24     8     0     0   -16.0   62.281 -143.220    946.6    767.8
     1     1    15    12    24     7     0     0   -17.0   62.351 -143.433    944.3    767.2
     1     1    15    12    24     6     0     0   -18.0   62.417 -143.622    936.3    767.2
     1     1    15    12    24     5     0     0   -19.0   62.480 -143.805    923.9    767.4
     1     1    15    12    24     4     0     0   -20.0   62.546 -144.002    909.5    769.6
     1     1    15    12    24     3     0     0   -21.0   62.613 -144.212    892.8    773.0
     1     1    15    12    24     2     0     0   -22.0   62.680 -144.436    873.6    776.5
     1     1    15    12    24     1     0     0   -23.0   62.747 -144.674    851.8    780.3
     1     1    15    12    24     0     0     0   -24.0   62.812 -144.923    827.2    784.4
     1     1    15    12    23    23     0     0   -25.0   62.875 -145.162    803.6    789.2
     1     1    15    12    23    22     0     0   -26.0   62.935 -145.370    785.5    793.0
     1     1    15    12    23    21     0     0   -27.0   62.993 -145.547    772.4    796.0
     1     1    15    12    23    20     0     0   -28.0   63.048 -145.692    763.8    798.4
     1     1    15    12    23    19     0     0   -29.0   63.101 -145.805    759.8    800.0
     1     1    15    12    23    18     0     0   -30.0   63.152 -145.887    760.0    801.0
     1     1    15    12    23    17     0     0   -31.0   63.202 -145.968    762.0    801.7
     1     1    15    12    23    16     0     0   -32.0   63.256 -146.078    762.3    803.1
     1     1    15    12    23    15     0     0   -33.0   63.311 -146.218    761.1    804.8
     1     1    15    12    23    14     0     0   -34.0   63.366 -146.391    758.2    806.8
     1     1    15    12    23    13     0     0   -35.0   63.421 -146.596    753.5    809.2
     1     1    15    12    23    12     0     0   -36.0   63.474 -146.835    746.8    811.8
     1     1    15    12    23    11     0     0   -37.0   63.524 -147.082    740.8    814.7
     1     1    15    12    23    10     0     0   -38.0   63.569 -147.311    738.9    816.6
     1     1    15    12    23     9     0     0   -39.0   63.612 -147.520    741.2    817.9
     1     1    15    12    23     8     0     0   -40.0   63.654 -147.708    747.9    818.7
     1     1    15    12    23     7     0     0   -41.0   63.693 -147.874    759.1    818.8
     1     1    15    12    23     6     0     0   -42.0   63.731 -148.018    774.7    818.2
     1     1    15    12    23     5     0     0   -43.0   63.772 -148.161    789.7    817.3
     1     1    15    12    23     4     0     0   -44.0   63.818 -148.320    798.0    817.9
     1     1    15    12    23     3     0     0   -45.0   63.868 -148.494    799.9    819.3
     1     1    15    12    23     2     0     0   -46.0   63.921 -148.681    795.4    821.5
     1     1    15    12    23     1     0     0   -47.0   63.977 -148.880    784.7    824.5
     1     1    15    12    23     0     0     0   -48.0   64.035 -149.090    768.0    828.2
     1     1    15    12    22    23     0     0   -49.0   64.089 -149.281    751.6    832.1
     1     1    15    12    22    22     0     0   -50.0   64.135 -149.427    741.7    834.3
     1     1    15    12    22    21     0     0   -51.0   64.177 -149.527    738.4    835.3
     1     1    15    12    22    20     0     0   -52.0   64.215 -149.580    742.0    835.3
     1     1    15    12    22    19     0     0   -53.0   64.251 -149.589    752.5    834.3
     1     1    15    12    22    18     0     0   -54.0   64.285 -149.556    770.1    832.2
     1     1    15    12    22    17     0     0   -55.0   64.321 -149.496    788.0    829.1
     1     1    15    12    22    16     0     0   -56.0   64.361 -149.419    800.4    827.3
     1     1    15    12    22    15     0     0   -57.0   64.406 -149.320    806.8    826.1
     1     1    15    12    22    14     0     0   -58.0   64.456 -149.197    807.2    825.4
     1     1    15    12    22    13     0     0   -59.0   64.512 -149.049    801.5    825.4
     1     1    15    12    22    12     0     0   -60.0   64.574 -148.872    789.8    825.9
     1     1    15    12    22    11     0     0   -61.0   64.635 -148.656    774.9    827.6
     1     1    15    12    22    10     0     0   -62.0   64.689 -148.394    759.1    828.8
     1     1    15    12    22     9     0     0   -63.0   64.736 -148.084    742.8    829.7
     1     1    15    12    22     8     0     0   -64.0   64.775 -147.725    725.9    830.4
     1     1    15    12    22     7     0     0   -65.0   64.805 -147.319    708.5    831.1
     1     1    15    12    22     6     0     0   -66.0   64.823 -146.869    690.8    831.8
     1     1    15    12    22     5     0     0   -67.0   64.837 -146.410    672.5    832.1
     1     1    15    12    22     4     0     0   -68.0   64.852 -145.975    653.9    832.7
     1     1    15    12    22     3     0     0   -69.0   64.868 -145.561    634.9    833.6
     1     1    15    12    22     2     0     0   -70.0   64.886 -145.169    615.4    834.6
     1     1    15    12    22     1     0     0   -71.0   64.905 -144.800    596.0    835.8
     1     1    15    12    22     0     0     0   -72.0   64.926 -144.459    576.8    837.3
