     1     1
    CDC1    16     4     1     0     0
     1 BACKWARD OMEGA   
    16     4    11     6   60.984 -139.059   750.0
     1 PRESSURE
     1     1    16     4    11     6     0     0     0.0   60.984 -139.059    750.0    806.8
     1     1    16     4    11     5     0     0    -1.0   60.810 -139.274    734.6    811.7
     1     1    16     4    11     4     0     0    -2.0   60.629 -139.455    721.4    816.5
     1     1    16     4    11     3     0     0    -3.0   60.442 -139.599    709.3    821.2
     1     1    16     4    11     2     0     0    -4.0   60.249 -139.709    697.2    826.0
     1     1    16     4    11     1     0     0    -5.0   60.053 -139.783    684.0    830.9
     1     1    16     4    11     0     0     0    -6.0   59.855 -139.824    669.9    838.4
     1     1    16     4    10    23     0     0    -7.0   59.651 -139.853    650.9    847.4
     1     1    16     4    10    22     0     0    -8.0   59.436 -139.888    622.7    858.5
     1     1    16     4    10    21     0     0    -9.0   59.209 -139.932    587.6    870.5
     1     1    16     4    10    20     0     0   -10.0   58.970 -139.982    548.6    883.2
     1     1    16     4    10    19     0     0   -11.0   58.719 -140.040    508.2    896.8
     1     1    16     4    10    18     0     0   -12.0   58.455 -140.107    468.6    911.0
     1     1    16     4    10    17     0     0   -13.0   58.189 -140.164    434.1    924.9
     1     1    16     4    10    16     0     0   -14.0   57.928 -140.189    407.3    937.2
     1     1    16     4    10    15     0     0   -15.0   57.668 -140.181    387.2    948.7
     1     1    16     4    10    14     0     0   -16.0   57.407 -140.145    372.3    956.2
     1     1    16     4    10    13     0     0   -17.0   57.141 -140.087    360.8    958.2
     1     1    16     4    10    12     0     0   -18.0   56.872 -140.010    352.4    960.2
     1     1    16     4    10    11     0     0   -19.0   56.597 -139.927    346.0    962.3
     1     1    16     4    10    10     0     0   -20.0   56.317 -139.848    340.7    964.5
     1     1    16     4    10     9     0     0   -21.0   56.033 -139.772    336.0    966.8
     1     1    16     4    10     8     0     0   -22.0   55.743 -139.701    331.6    969.2
     1     1    16     4    10     7     0     0   -23.0   55.448 -139.635    327.4    971.8
     1     1    16     4    10     6     0     0   -24.0   55.146 -139.575    323.0    974.5
     1     1    16     4    10     5     0     0   -25.0   54.846 -139.514    318.7    976.0
     1     1    16     4    10     4     0     0   -26.0   54.555 -139.447    315.5    975.8
     1     1    16     4    10     3     0     0   -27.0   54.274 -139.369    313.4    975.6
     1     1    16     4    10     2     0     0   -28.0   54.002 -139.279    312.4    975.3
     1     1    16     4    10     1     0     0   -29.0   53.740 -139.175    312.9    974.9
     1     1    16     4    10     0     0     0   -30.0   53.487 -139.058    315.2    974.3
     1     1    16     4     9    23     0     0   -31.0   53.242 -138.945    318.8    973.8
     1     1    16     4     9    22     0     0   -32.0   52.999 -138.856    322.7    973.2
     1     1    16     4     9    21     0     0   -33.0   52.760 -138.786    326.8    972.7
     1     1    16     4     9    20     0     0   -34.0   52.524 -138.736    331.2    972.1
     1     1    16     4     9    19     0     0   -35.0   52.289 -138.699    335.3    972.1
     1     1    16     4     9    18     0     0   -36.0   52.057 -138.670    338.4    972.4
     1     1    16     4     9    17     0     0   -37.0   51.825 -138.645    339.4    972.5
     1     1    16     4     9    16     0     0   -38.0   51.590 -138.623    337.7    973.0
     1     1    16     4     9    15     0     0   -39.0   51.354 -138.600    333.8    973.7
     1     1    16     4     9    14     0     0   -40.0   51.118 -138.575    328.1    974.6
     1     1    16     4     9    13     0     0   -41.0   50.884 -138.547    321.2    975.7
     1     1    16     4     9    12     0     0   -42.0   50.652 -138.515    313.5    976.8
     1     1    16     4     9    11     0     0   -43.0   50.430 -138.492    305.7    977.9
     1     1    16     4     9    10     0     0   -44.0   50.225 -138.489    298.5    979.0
     1     1    16     4     9     9     0     0   -45.0   50.034 -138.506    292.2    980.0
     1     1    16     4     9     8     0     0   -46.0   49.856 -138.544    286.8    981.5
     1     1    16     4     9     7     0     0   -47.0   49.691 -138.602    282.5    982.9
     1     1    16     4     9     6     0     0   -48.0   49.537 -138.681    279.4    984.2
     1     1    16     4     9     5     0     0   -49.0   49.385 -138.783    278.7    985.4
     1     1    16     4     9     4     0     0   -50.0   49.230 -138.909    281.7    986.1
     1     1    16     4     9     3     0     0   -51.0   49.068 -139.060    288.1    986.3
     1     1    16     4     9     2     0     0   -52.0   48.900 -139.237    297.7    986.2
     1     1    16     4     9     1     0     0   -53.0   48.724 -139.440    310.3    985.8
     1     1    16     4     9     0     0     0   -54.0   48.538 -139.671    325.6    985.1
     1     1    16     4     8    23     0     0   -55.0   48.344 -139.916    342.5    983.8
     1     1    16     4     8    22     0     0   -56.0   48.148 -140.157    360.7    982.2
     1     1    16     4     8    21     0     0   -57.0   47.951 -140.391    380.7    980.2
     1     1    16     4     8    20     0     0   -58.0   47.754 -140.619    403.2    977.6
     1     1    16     4     8    19     0     0   -59.0   47.562 -140.842    428.8    974.4
     1     1    16     4     8    18     0     0   -60.0   47.377 -141.061    457.7    970.5
     1     1    16     4     8    17     0     0   -61.0   47.215 -141.293    486.5    965.7
     1     1    16     4     8    16     0     0   -62.0   47.082 -141.555    510.5    962.2
     1     1    16     4     8    15     0     0   -63.0   46.975 -141.848    529.2    959.3
     1     1    16     4     8    14     0     0   -64.0   46.890 -142.174    541.8    957.4
     1     1    16     4     8    13     0     0   -65.0   46.824 -142.535    547.9    956.2
     1     1    16     4     8    12     0     0   -66.0   46.769 -142.935    547.8    955.3
     1     1    16     4     8    11     0     0   -67.0   46.715 -143.368    547.0    955.0
     1     1    16     4     8    10     0     0   -68.0   46.658 -143.822    549.6    954.0
     1     1    16     4     8     9     0     0   -69.0   46.600 -144.294    555.5    952.7
     1     1    16     4     8     8     0     0   -70.0   46.543 -144.781    564.8    951.3
     1     1    16     4     8     7     0     0   -71.0   46.484 -145.277    577.4    949.5
     1     1    16     4     8     6     0     0   -72.0   46.419 -145.780    592.9    947.3
