     1     1
    CDC1    15    10     1     0     0
     1 BACKWARD OMEGA   
    15    10    14    18   60.984 -139.059   750.0
     1 PRESSURE
     1     1    15    10    14    18     0     0     0.0   60.984 -139.059    750.0    820.4
     1     1    15    10    14    17     0     0    -1.0   60.864 -139.290    717.8    825.6
     1     1    15    10    14    16     0     0    -2.0   60.731 -139.483    685.3    831.2
     1     1    15    10    14    15     0     0    -3.0   60.584 -139.636    653.0    837.2
     1     1    15    10    14    14     0     0    -4.0   60.425 -139.748    620.9    843.5
     1     1    15    10    14    13     0     0    -5.0   60.254 -139.817    589.7    849.7
     1     1    15    10    14    12     0     0    -6.0   60.075 -139.845    560.1    855.7
     1     1    15    10    14    11     0     0    -7.0   59.900 -139.858    530.7    862.5
     1     1    15    10    14    10     0     0    -8.0   59.740 -139.885    500.2    870.6
     1     1    15    10    14     9     0     0    -9.0   59.595 -139.928    468.5    878.4
     1     1    15    10    14     8     0     0   -10.0   59.462 -139.985    435.9    886.2
     1     1    15    10    14     7     0     0   -11.0   59.341 -140.055    402.5    894.0
     1     1    15    10    14     6     0     0   -12.0   59.230 -140.139    368.5    901.7
     1     1    15    10    14     5     0     0   -13.0   59.122 -140.221    336.4    908.9
     1     1    15    10    14     4     0     0   -14.0   59.013 -140.294    308.3    915.5
     1     1    15    10    14     3     0     0   -15.0   58.904 -140.359    284.2    921.8
     1     1    15    10    14     2     0     0   -16.0   58.796 -140.421    264.2    927.6
     1     1    15    10    14     1     0     0   -17.0   58.690 -140.485    248.4    932.9
     1     1    15    10    14     0     0     0   -18.0   58.587 -140.556    236.9    937.6
     1     1    15    10    13    23     0     0   -19.0   58.484 -140.642    227.4    941.7
     1     1    15    10    13    22     0     0   -20.0   58.379 -140.750    217.6    946.5
     1     1    15    10    13    21     0     0   -21.0   58.272 -140.884    207.7    951.4
     1     1    15    10    13    20     0     0   -22.0   58.164 -141.048    197.8    956.6
     1     1    15    10    13    19     0     0   -23.0   58.057 -141.246    187.8    961.5
     1     1    15    10    13    18     0     0   -24.0   57.952 -141.479    177.4    966.7
     1     1    15    10    13    17     0     0   -25.0   57.841 -141.737    164.8    972.5
     1     1    15    10    13    16     0     0   -26.0   57.717 -142.015    147.6    979.5
     1     1    15    10    13    15     0     0   -27.0   57.584 -142.317    124.5    987.8
     1     1    15    10    13    14     0     0   -28.0   57.446 -142.648     95.1    995.6
     1     1    15    10    13    13     0     0   -29.0   57.296 -143.014     64.4   1000.8
     1     1    15    10    13    12     0     0   -30.0   57.127 -143.417     39.9   1004.2
     1     1    15    10    13    11     0     0   -31.0   56.944 -143.852     24.4   1007.0
     1     1    15    10    13    10     0     0   -32.0   56.756 -144.306     15.6   1008.2
     1     1    15    10    13     9     0     0   -33.0   56.569 -144.771     10.7   1008.3
     1     1    15    10    13     8     0     0   -34.0   56.389 -145.245      8.1   1006.8
     1     1    15    10    13     7     0     0   -35.0   56.225 -145.731      6.7   1004.4
     1     1    15    10    13     6     0     0   -36.0   56.084 -146.237      6.0   1001.8
     1     1    15    10    13     5     0     0   -37.0   55.955 -146.781      5.8    999.0
     1     1    15    10    13     4     0     0   -38.0   55.824 -147.374      5.8    995.8
     1     1    15    10    13     3     0     0   -39.0   55.683 -148.008      6.0    992.1
     1     1    15    10    13     2     0     0   -40.0   55.531 -148.676      6.3    988.3
     1     1    15    10    13     1     0     0   -41.0   55.371 -149.384      6.6    984.7
     1     1    15    10    13     0     0     0   -42.0   55.208 -150.139      7.0    981.7
     1     1    15    10    12    23     0     0   -43.0   55.071 -150.922      7.4    981.4
     1     1    15    10    12    22     0     0   -44.0   54.982 -151.692      7.8    981.8
     1     1    15    10    12    21     0     0   -45.0   54.940 -152.433      8.3    982.4
     1     1    15    10    12    20     0     0   -46.0   54.940 -153.134      8.8    984.1
     1     1    15    10    12    19     0     0   -47.0   54.982 -153.795      9.2    985.6
     1     1    15    10    12    18     0     0   -48.0   55.071 -154.422      9.6    987.1
     1     1    15    10    12    17     0     0   -49.0   55.194 -155.015     10.0    987.7
     1     1    15    10    12    16     0     0   -50.0   55.325 -155.575     10.3    986.9
     1     1    15    10    12    15     0     0   -51.0   55.455 -156.107     10.7    986.1
     1     1    15    10    12    14     0     0   -52.0   55.585 -156.620     10.9    985.5
     1     1    15    10    12    13     0     0   -53.0   55.717 -157.123     11.2    984.8
     1     1    15    10    12    12     0     0   -54.0   55.851 -157.620     11.4    984.1
     1     1    15    10    12    11     0     0   -55.0   55.984 -158.100     11.6    983.2
     1     1    15    10    12    10     0     0   -56.0   56.112 -158.551     11.8    982.3
     1     1    15    10    12     9     0     0   -57.0   56.237 -158.972     11.9    981.6
     1     1    15    10    12     8     0     0   -58.0   56.362 -159.359     12.0    980.9
     1     1    15    10    12     7     0     0   -59.0   56.486 -159.711     12.0    980.3
     1     1    15    10    12     6     0     0   -60.0   56.612 -160.025     12.0    979.7
     1     1    15    10    12     5     0     0   -61.0   56.740 -160.316     12.0    979.4
     1     1    15    10    12     4     0     0   -62.0   56.867 -160.604     12.1    979.2
     1     1    15    10    12     3     0     0   -63.0   56.994 -160.899     12.1    979.1
     1     1    15    10    12     2     0     0   -64.0   57.121 -161.209     12.1    979.2
     1     1    15    10    12     1     0     0   -65.0   57.250 -161.545     12.1    979.5
     1     1    15    10    12     0     0     0   -66.0   57.381 -161.919     12.2    980.1
     1     1    15    10    11    23     0     0   -67.0   57.520 -162.311     12.2    980.8
     1     1    15    10    11    22     0     0   -68.0   57.668 -162.681     12.3    981.4
     1     1    15    10    11    21     0     0   -69.0   57.823 -163.020     12.4    982.0
     1     1    15    10    11    20     0     0   -70.0   57.980 -163.328     12.5    982.5
     1     1    15    10    11    19     0     0   -71.0   58.138 -163.607     12.5    983.0
     1     1    15    10    11    18     0     0   -72.0   58.293 -163.862     12.6    983.4
