     1     1
    CDC1    16     2     1     0     0
     1 BACKWARD OMEGA   
    16     2    14    12   60.984 -139.059   750.0
     1 PRESSURE
     1     1    16     2    14    12     0     0     0.0   60.984 -139.059    750.0    798.0
     1     1    16     2    14    11     0     0    -1.0   60.711 -138.978    684.3    809.4
     1     1    16     2    14    10     0     0    -2.0   60.433 -138.874    620.0    821.3
     1     1    16     2    14     9     0     0    -3.0   60.151 -138.747    559.3    832.4
     1     1    16     2    14     8     0     0    -4.0   59.869 -138.603    505.7    844.8
     1     1    16     2    14     7     0     0    -5.0   59.595 -138.456    461.7    858.5
     1     1    16     2    14     6     0     0    -6.0   59.331 -138.316    427.6    870.6
     1     1    16     2    14     5     0     0    -7.0   59.073 -138.165    400.0    881.6
     1     1    16     2    14     4     0     0    -8.0   58.819 -137.981    375.2    892.5
     1     1    16     2    14     3     0     0    -9.0   58.569 -137.768    353.8    902.2
     1     1    16     2    14     2     0     0   -10.0   58.323 -137.530    335.9    911.3
     1     1    16     2    14     1     0     0   -11.0   58.082 -137.269    321.2    919.1
     1     1    16     2    14     0     0     0   -12.0   57.847 -136.987    309.6    925.8
     1     1    16     2    13    23     0     0   -13.0   57.613 -136.685    299.7    932.0
     1     1    16     2    13    22     0     0   -14.0   57.377 -136.368    289.9    936.2
     1     1    16     2    13    21     0     0   -15.0   57.140 -136.048    279.8    939.0
     1     1    16     2    13    20     0     0   -16.0   56.899 -135.726    269.4    942.3
     1     1    16     2    13    19     0     0   -17.0   56.651 -135.393    258.7    946.2
     1     1    16     2    13    18     0     0   -18.0   56.394 -135.038    247.4    950.6
     1     1    16     2    13    17     0     0   -19.0   56.141 -134.677    236.0    952.7
     1     1    16     2    13    16     0     0   -20.0   55.904 -134.327    225.7    954.6
     1     1    16     2    13    15     0     0   -21.0   55.680 -133.983    215.9    956.7
     1     1    16     2    13    14     0     0   -22.0   55.464 -133.646    206.9    959.0
     1     1    16     2    13    13     0     0   -23.0   55.254 -133.323    198.6    961.6
     1     1    16     2    13    12     0     0   -24.0   55.047 -133.027    191.3    964.2
     1     1    16     2    13    11     0     0   -25.0   54.846 -132.768    185.0    965.1
     1     1    16     2    13    10     0     0   -26.0   54.659 -132.547    180.1    966.0
     1     1    16     2    13     9     0     0   -27.0   54.487 -132.362    176.7    965.8
     1     1    16     2    13     8     0     0   -28.0   54.329 -132.215    175.0    965.7
     1     1    16     2    13     7     0     0   -29.0   54.186 -132.108    175.4    966.0
     1     1    16     2    13     6     0     0   -30.0   54.059 -132.041    178.3    966.4
     1     1    16     2    13     5     0     0   -31.0   53.935 -131.994    181.7    966.7
     1     1    16     2    13     4     0     0   -32.0   53.800 -131.946    183.8    967.5
     1     1    16     2    13     3     0     0   -33.0   53.654 -131.896    184.8    968.5
     1     1    16     2    13     2     0     0   -34.0   53.495 -131.846    184.7    969.8
     1     1    16     2    13     1     0     0   -35.0   53.325 -131.797    184.0    971.3
     1     1    16     2    13     0     0     0   -36.0   53.144 -131.750    182.9    973.1
     1     1    16     2    12    23     0     0   -37.0   52.949 -131.704    182.3    975.6
     1     1    16     2    12    22     0     0   -38.0   52.739 -131.655    182.8    978.1
     1     1    16     2    12    21     0     0   -39.0   52.514 -131.600    184.4    980.8
     1     1    16     2    12    20     0     0   -40.0   52.273 -131.543    186.3    981.1
     1     1    16     2    12    19     0     0   -41.0   52.018 -131.488    187.8    981.6
     1     1    16     2    12    18     0     0   -42.0   51.749 -131.435    189.1    982.1
     1     1    16     2    12    17     0     0   -43.0   51.471 -131.392    189.2    982.8
     1     1    16     2    12    16     0     0   -44.0   51.187 -131.368    186.6    984.0
     1     1    16     2    12    15     0     0   -45.0   50.896 -131.359    180.7    985.8
     1     1    16     2    12    14     0     0   -46.0   50.599 -131.362    170.8    988.2
     1     1    16     2    12    13     0     0   -47.0   50.297 -131.375    156.8    991.1
     1     1    16     2    12    12     0     0   -48.0   49.990 -131.393    138.2    994.7
     1     1    16     2    12    11     0     0   -49.0   49.680 -131.424    118.4    997.2
     1     1    16     2    12    10     0     0   -50.0   49.366 -131.476    100.5    999.3
     1     1    16     2    12     9     0     0   -51.0   49.046 -131.546     84.4   1001.3
     1     1    16     2    12     8     0     0   -52.0   48.720 -131.634     69.9   1002.9
     1     1    16     2    12     7     0     0   -53.0   48.392 -131.738     57.1   1003.7
     1     1    16     2    12     6     0     0   -54.0   48.066 -131.858     45.9   1004.3
     1     1    16     2    12     5     0     0   -55.0   47.739 -131.988     37.0   1004.4
     1     1    16     2    12     4     0     0   -56.0   47.407 -132.134     30.8   1003.7
     1     1    16     2    12     3     0     0   -57.0   47.074 -132.306     26.6   1002.3
     1     1    16     2    12     2     0     0   -58.0   46.746 -132.504     24.2   1000.6
     1     1    16     2    12     1     0     0   -59.0   46.427 -132.724     23.3    999.5
     1     1    16     2    12     0     0     0   -60.0   46.117 -132.961     24.0    998.5
     1     1    16     2    11    23     0     0   -61.0   45.812 -133.202     24.6    998.2
     1     1    16     2    11    22     0     0   -62.0   45.504 -133.441     23.9    998.6
     1     1    16     2    11    21     0     0   -63.0   45.194 -133.691     22.4    999.3
     1     1    16     2    11    20     0     0   -64.0   44.881 -133.957     20.5   1000.7
     1     1    16     2    11    19     0     0   -65.0   44.563 -134.231     18.4   1002.6
     1     1    16     2    11    18     0     0   -66.0   44.244 -134.501     16.3   1004.4
     1     1    16     2    11    17     0     0   -67.0   43.924 -134.745     13.9   1005.8
     1     1    16     2    11    16     0     0   -68.0   43.599 -134.954     11.1   1007.1
     1     1    16     2    11    15     0     0   -69.0   43.266 -135.148      8.3   1007.3
     1     1    16     2    11    14     0     0   -70.0   42.919 -135.344      5.6   1006.9
     1     1    16     2    11    13     0     0   -71.0   42.559 -135.561      2.7   1006.3
     1     1    16     2    11    12     0     0   -72.0   42.187 -135.804      0.0   1005.0
