     1     1
    CDC1    16     2     1     0     0
     1 BACKWARD OMEGA   
    16     2    10    12   60.984 -139.059   750.0
     1 PRESSURE
     1     1    16     2    10    12     0     0     0.0   60.984 -139.059    750.0    805.4
     1     1    16     2    10    11     0     0    -1.0   60.743 -138.741    684.5    816.4
     1     1    16     2    10    10     0     0    -2.0   60.500 -138.354    628.8    826.2
     1     1    16     2    10     9     0     0    -3.0   60.253 -137.885    582.6    834.4
     1     1    16     2    10     8     0     0    -4.0   60.003 -137.327    544.9    841.2
     1     1    16     2    10     7     0     0    -5.0   59.753 -136.696    517.5    850.0
     1     1    16     2    10     6     0     0    -6.0   59.508 -136.013    499.5    856.8
     1     1    16     2    10     5     0     0    -7.0   59.290 -135.349    489.6    861.9
     1     1    16     2    10     4     0     0    -8.0   59.116 -134.762    487.2    863.3
     1     1    16     2    10     3     0     0    -9.0   58.982 -134.247    490.8    861.5
     1     1    16     2    10     2     0     0   -10.0   58.881 -133.799    499.9    858.6
     1     1    16     2    10     1     0     0   -11.0   58.810 -133.421    515.0    854.9
     1     1    16     2    10     0     0     0   -12.0   58.766 -133.114    537.1    850.6
     1     1    16     2     9    23     0     0   -13.0   58.741 -132.887    565.3    846.2
     1     1    16     2     9    22     0     0   -14.0   58.731 -132.746    598.8    842.2
     1     1    16     2     9    21     0     0   -15.0   58.738 -132.692    639.4    837.7
     1     1    16     2     9    20     0     0   -16.0   58.766 -132.729    688.4    832.8
     1     1    16     2     9    19     0     0   -17.0   58.815 -132.855    747.0    827.6
     1     1    16     2     9    18     0     0   -18.0   58.883 -133.068    816.3    821.9
     1     1    16     2     9    17     0     0   -19.0   58.946 -133.354    887.1    815.6
     1     1    16     2     9    16     0     0   -20.0   58.976 -133.691    948.9    811.8
     1     1    16     2     9    15     0     0   -21.0   58.979 -134.075   1001.5    810.0
     1     1    16     2     9    14     0     0   -22.0   58.956 -134.500   1045.0    810.4
     1     1    16     2     9    13     0     0   -23.0   58.913 -134.961   1079.6    812.9
     1     1    16     2     9    12     0     0   -24.0   58.851 -135.458   1104.2    814.8
     1     1    16     2     9    11     0     0   -25.0   58.758 -135.957   1115.4    817.3
     1     1    16     2     9    10     0     0   -26.0   58.618 -136.420   1111.5    823.1
     1     1    16     2     9     9     0     0   -27.0   58.436 -136.850   1092.1    831.8
     1     1    16     2     9     8     0     0   -28.0   58.215 -137.258   1057.8    843.5
     1     1    16     2     9     7     0     0   -29.0   57.959 -137.655   1010.1    857.9
     1     1    16     2     9     6     0     0   -30.0   57.673 -138.059    951.5    874.6
     1     1    16     2     9     5     0     0   -31.0   57.394 -138.447    891.6    890.0
     1     1    16     2     9     4     0     0   -32.0   57.150 -138.785    839.8    898.5
     1     1    16     2     9     3     0     0   -33.0   56.936 -139.085    797.0    905.2
     1     1    16     2     9     2     0     0   -34.0   56.749 -139.361    761.9    910.5
     1     1    16     2     9     1     0     0   -35.0   56.587 -139.626    733.7    914.5
     1     1    16     2     9     0     0     0   -36.0   56.449 -139.888    711.9    917.4
     1     1    16     2     8    23     0     0   -37.0   56.321 -140.116    693.7    920.7
     1     1    16     2     8    22     0     0   -38.0   56.191 -140.279    674.6    924.0
     1     1    16     2     8    21     0     0   -39.0   56.056 -140.378    653.7    927.3
     1     1    16     2     8    20     0     0   -40.0   55.916 -140.416    630.3    930.6
     1     1    16     2     8    19     0     0   -41.0   55.770 -140.393    603.7    933.5
     1     1    16     2     8    18     0     0   -42.0   55.621 -140.309    573.6    936.7
     1     1    16     2     8    17     0     0   -43.0   55.470 -140.177    541.0    941.4
     1     1    16     2     8    16     0     0   -44.0   55.322 -140.006    505.9    946.6
     1     1    16     2     8    15     0     0   -45.0   55.181 -139.787    468.7    952.7
     1     1    16     2     8    14     0     0   -46.0   55.047 -139.512    429.4    959.5
     1     1    16     2     8    13     0     0   -47.0   54.924 -139.176    388.6    966.4
     1     1    16     2     8    12     0     0   -48.0   54.814 -138.777    346.8    972.1
     1     1    16     2     8    11     0     0   -49.0   54.704 -138.367    305.5    977.9
     1     1    16     2     8    10     0     0   -50.0   54.581 -137.995    265.9    983.6
     1     1    16     2     8     9     0     0   -51.0   54.447 -137.654    227.7    989.2
     1     1    16     2     8     8     0     0   -52.0   54.307 -137.339    191.3    994.4
     1     1    16     2     8     7     0     0   -53.0   54.162 -137.047    158.3    998.3
     1     1    16     2     8     6     0     0   -54.0   54.014 -136.774    129.4   1002.2
     1     1    16     2     8     5     0     0   -55.0   53.863 -136.519    106.5   1005.6
     1     1    16     2     8     4     0     0   -56.0   53.708 -136.282     90.4   1008.3
     1     1    16     2     8     3     0     0   -57.0   53.550 -136.062     79.9   1010.4
     1     1    16     2     8     2     0     0   -58.0   53.393 -135.859     74.1   1011.8
     1     1    16     2     8     1     0     0   -59.0   53.241 -135.676     72.4   1012.8
     1     1    16     2     8     0     0     0   -60.0   53.099 -135.514     74.7   1013.6
     1     1    16     2     7    23     0     0   -61.0   52.954 -135.377     78.0   1013.0
     1     1    16     2     7    22     0     0   -62.0   52.794 -135.268     79.3   1013.0
     1     1    16     2     7    21     0     0   -63.0   52.619 -135.190     78.5   1013.3
     1     1    16     2     7    20     0     0   -64.0   52.431 -135.143     75.6   1013.6
     1     1    16     2     7    19     0     0   -65.0   52.227 -135.125     70.7   1013.1
     1     1    16     2     7    18     0     0   -66.0   52.006 -135.136     64.0   1012.6
     1     1    16     2     7    17     0     0   -67.0   51.761 -135.164     56.9   1011.6
     1     1    16     2     7    16     0     0   -68.0   51.486 -135.202     50.3   1010.4
     1     1    16     2     7    15     0     0   -69.0   51.187 -135.256     44.4   1009.2
     1     1    16     2     7    14     0     0   -70.0   50.870 -135.331     38.9   1008.0
     1     1    16     2     7    13     0     0   -71.0   50.544 -135.431     33.9   1006.8
     1     1    16     2     7    12     0     0   -72.0   50.221 -135.561     29.4   1005.7
