     1     1
    CDC1    15    11     1     0     0
     1 BACKWARD OMEGA   
    15    11    26     6   60.984 -139.059   750.0
     1 PRESSURE
     1     1    15    11    26     6     0     0     0.0   60.984 -139.059    750.0    816.7
     1     1    15    11    26     5     0     0    -1.0   60.442 -139.276    669.6    834.2
     1     1    15    11    26     4     0     0    -2.0   59.911 -139.382    569.5    857.7
     1     1    15    11    26     3     0     0    -3.0   59.435 -139.377    477.1    885.9
     1     1    15    11    26     2     0     0    -4.0   59.021 -139.292    403.8    908.7
     1     1    15    11    26     1     0     0    -5.0   58.650 -139.150    345.0    927.7
     1     1    15    11    26     0     0     0    -6.0   58.306 -138.964    297.0    944.5
     1     1    15    11    25    23     0     0    -7.0   57.987 -138.746    258.9    960.1
     1     1    15    11    25    22     0     0    -8.0   57.693 -138.509    230.0    973.6
     1     1    15    11    25    21     0     0    -9.0   57.426 -138.265    207.8    983.5
     1     1    15    11    25    20     0     0   -10.0   57.189 -138.029    191.5    987.6
     1     1    15    11    25    19     0     0   -11.0   56.982 -137.811    180.6    990.8
     1     1    15    11    25    18     0     0   -12.0   56.802 -137.612    174.0    993.6
     1     1    15    11    25    17     0     0   -13.0   56.650 -137.437    170.6    995.4
     1     1    15    11    25    16     0     0   -14.0   56.527 -137.293    169.6    996.5
     1     1    15    11    25    15     0     0   -15.0   56.430 -137.178    170.8    997.3
     1     1    15    11    25    14     0     0   -16.0   56.357 -137.092    173.9    997.8
     1     1    15    11    25    13     0     0   -17.0   56.307 -137.033    178.7    998.0
     1     1    15    11    25    12     0     0   -18.0   56.280 -137.001    185.2    997.8
     1     1    15    11    25    11     0     0   -19.0   56.262 -136.991    191.2    997.6
     1     1    15    11    25    10     0     0   -20.0   56.244 -137.000    194.0    998.0
     1     1    15    11    25     9     0     0   -21.0   56.223 -137.026    193.7    998.8
     1     1    15    11    25     8     0     0   -22.0   56.198 -137.072    190.2   1000.2
     1     1    15    11    25     7     0     0   -23.0   56.170 -137.138    183.4   1002.0
     1     1    15    11    25     6     0     0   -24.0   56.139 -137.226    173.4   1004.3
     1     1    15    11    25     5     0     0   -25.0   56.108 -137.331    163.4   1006.5
     1     1    15    11    25     4     0     0   -26.0   56.082 -137.447    156.2   1007.9
     1     1    15    11    25     3     0     0   -27.0   56.060 -137.573    151.8   1008.8
     1     1    15    11    25     2     0     0   -28.0   56.040 -137.708    150.0   1009.2
     1     1    15    11    25     1     0     0   -29.0   56.023 -137.851    150.9   1009.2
     1     1    15    11    25     0     0     0   -30.0   56.007 -138.004    154.4   1008.9
     1     1    15    11    24    23     0     0   -31.0   55.993 -138.167    157.9   1008.5
     1     1    15    11    24    22     0     0   -32.0   55.979 -138.342    158.6   1008.8
     1     1    15    11    24    21     0     0   -33.0   55.968 -138.530    156.7   1009.3
     1     1    15    11    24    20     0     0   -34.0   55.959 -138.734    152.2   1010.1
     1     1    15    11    24    19     0     0   -35.0   55.952 -138.954    145.4   1011.1
     1     1    15    11    24    18     0     0   -36.0   55.950 -139.193    136.7   1012.4
     1     1    15    11    24    17     0     0   -37.0   55.951 -139.457    128.6   1013.7
     1     1    15    11    24    16     0     0   -38.0   55.953 -139.751    123.3   1014.3
     1     1    15    11    24    15     0     0   -39.0   55.957 -140.077    120.5   1014.8
     1     1    15    11    24    14     0     0   -40.0   55.956 -140.434    120.2   1015.3
     1     1    15    11    24    13     0     0   -41.0   55.949 -140.826    122.5   1015.5
     1     1    15    11    24    12     0     0   -42.0   55.932 -141.256    127.5   1015.6
     1     1    15    11    24    11     0     0   -43.0   55.899 -141.715    133.2   1015.4
     1     1    15    11    24    10     0     0   -44.0   55.844 -142.196    137.3   1015.6
     1     1    15    11    24     9     0     0   -45.0   55.767 -142.700    139.9   1015.9
     1     1    15    11    24     8     0     0   -46.0   55.666 -143.228    140.9   1016.0
     1     1    15    11    24     7     0     0   -47.0   55.540 -143.782    140.4   1015.7
     1     1    15    11    24     6     0     0   -48.0   55.388 -144.367    138.6   1015.1
     1     1    15    11    24     5     0     0   -49.0   55.215 -144.982    137.2   1013.8
     1     1    15    11    24     4     0     0   -50.0   55.026 -145.607    137.8   1010.4
     1     1    15    11    24     3     0     0   -51.0   54.822 -146.221    140.3   1008.7
     1     1    15    11    24     2     0     0   -52.0   54.605 -146.808    144.2   1007.7
     1     1    15    11    24     1     0     0   -53.0   54.374 -147.363    149.4   1007.0
     1     1    15    11    24     0     0     0   -54.0   54.133 -147.883    155.2   1007.1
     1     1    15    11    23    23     0     0   -55.0   53.888 -148.369    160.5   1008.0
     1     1    15    11    23    22     0     0   -56.0   53.640 -148.830    164.6   1009.3
     1     1    15    11    23    21     0     0   -57.0   53.388 -149.272    167.8   1011.0
     1     1    15    11    23    20     0     0   -58.0   53.133 -149.700    170.5   1013.0
     1     1    15    11    23    19     0     0   -59.0   52.873 -150.122    173.0   1015.2
     1     1    15    11    23    18     0     0   -60.0   52.609 -150.546    175.4   1017.5
     1     1    15    11    23    17     0     0   -61.0   52.344 -150.960    178.3   1018.0
     1     1    15    11    23    16     0     0   -62.0   52.084 -151.344    182.8   1017.2
     1     1    15    11    23    15     0     0   -63.0   51.832 -151.691    189.1   1016.2
     1     1    15    11    23    14     0     0   -64.0   51.591 -152.000    197.2   1015.2
     1     1    15    11    23    13     0     0   -65.0   51.364 -152.272    207.2   1013.8
     1     1    15    11    23    12     0     0   -66.0   51.153 -152.508    219.3   1011.9
     1     1    15    11    23    11     0     0   -67.0   50.960 -152.715    232.7   1009.3
     1     1    15    11    23    10     0     0   -68.0   50.788 -152.900    246.3   1006.9
     1     1    15    11    23     9     0     0   -69.0   50.635 -153.064    259.8   1004.5
     1     1    15    11    23     8     0     0   -70.0   50.504 -153.207    273.0   1002.3
     1     1    15    11    23     7     0     0   -71.0   50.393 -153.329    285.9   1000.2
     1     1    15    11    23     6     0     0   -72.0   50.304 -153.431    298.1    998.2
