     1     1
    CDC1    16     2     1     0     0
     1 BACKWARD OMEGA   
    16     2     9     0   60.984 -139.059   750.0
     1 PRESSURE
     1     1    16     2     9     0     0     0     0.0   60.984 -139.059    750.0    806.4
     1     1    16     2     8    23     0     0    -1.0   60.950 -138.821    732.0    809.3
     1     1    16     2     8    22     0     0    -2.0   60.893 -138.593    715.7    812.5
     1     1    16     2     8    21     0     0    -3.0   60.814 -138.372    701.7    815.7
     1     1    16     2     8    20     0     0    -4.0   60.716 -138.153    690.6    818.9
     1     1    16     2     8    19     0     0    -5.0   60.602 -137.931    683.1    821.9
     1     1    16     2     8    18     0     0    -6.0   60.475 -137.698    680.0    824.6
     1     1    16     2     8    17     0     0    -7.0   60.334 -137.476    678.6    826.7
     1     1    16     2     8    16     0     0    -8.0   60.181 -137.292    674.5    829.7
     1     1    16     2     8    15     0     0    -9.0   60.015 -137.146    668.0    833.3
     1     1    16     2     8    14     0     0   -10.0   59.839 -137.038    660.1    839.5
     1     1    16     2     8    13     0     0   -11.0   59.655 -136.962    650.4    846.4
     1     1    16     2     8    12     0     0   -12.0   59.468 -136.908    638.8    853.7
     1     1    16     2     8    11     0     0   -13.0   59.273 -136.865    620.7    860.9
     1     1    16     2     8    10     0     0   -14.0   59.067 -136.828    593.2    870.0
     1     1    16     2     8     9     0     0   -15.0   58.854 -136.800    558.0    880.1
     1     1    16     2     8     8     0     0   -16.0   58.635 -136.783    517.1    891.3
     1     1    16     2     8     7     0     0   -17.0   58.412 -136.783    472.8    903.4
     1     1    16     2     8     6     0     0   -18.0   58.184 -136.804    427.0    916.5
     1     1    16     2     8     5     0     0   -19.0   57.953 -136.824    382.6    929.5
     1     1    16     2     8     4     0     0   -20.0   57.721 -136.824    342.2    940.9
     1     1    16     2     8     3     0     0   -21.0   57.480 -136.816    306.2    951.8
     1     1    16     2     8     2     0     0   -22.0   57.229 -136.801    274.0    958.5
     1     1    16     2     8     1     0     0   -23.0   56.967 -136.779    245.6    965.3
     1     1    16     2     8     0     0     0   -24.0   56.694 -136.755    221.1    972.0
     1     1    16     2     7    23     0     0   -25.0   56.422 -136.711    199.5    977.6
     1     1    16     2     7    22     0     0   -26.0   56.159 -136.633    178.9    982.4
     1     1    16     2     7    21     0     0   -27.0   55.903 -136.535    158.7    987.3
     1     1    16     2     7    20     0     0   -28.0   55.650 -136.432    138.7    992.6
     1     1    16     2     7    19     0     0   -29.0   55.395 -136.341    118.7    998.2
     1     1    16     2     7    18     0     0   -30.0   55.131 -136.283     99.0   1004.5
     1     1    16     2     7    17     0     0   -31.0   54.860 -136.230     82.0   1008.3
     1     1    16     2     7    16     0     0   -32.0   54.588 -136.135     69.2   1008.5
     1     1    16     2     7    15     0     0   -33.0   54.310 -135.998     59.3   1008.4
     1     1    16     2     7    14     0     0   -34.0   54.018 -135.837     51.4   1008.4
     1     1    16     2     7    13     0     0   -35.0   53.703 -135.672     44.8   1008.7
     1     1    16     2     7    12     0     0   -36.0   53.353 -135.536     39.0   1009.2
     1     1    16     2     7    11     0     0   -37.0   52.971 -135.421     33.8   1011.0
     1     1    16     2     7    10     0     0   -38.0   52.564 -135.285     29.2   1012.6
     1     1    16     2     7     9     0     0   -39.0   52.139 -135.098     25.3   1012.8
     1     1    16     2     7     8     0     0   -40.0   51.706 -134.843     22.0   1012.4
     1     1    16     2     7     7     0     0   -41.0   51.256 -134.546     18.9   1012.1
     1     1    16     2     7     6     0     0   -42.0   50.773 -134.240     15.9   1012.2
     1     1    16     2     7     5     0     0   -43.0   50.268 -133.942     13.2   1013.8
     1     1    16     2     7     4     0     0   -44.0   49.768 -133.627     11.1   1016.3
     1     1    16     2     7     3     0     0   -45.0   49.282 -133.271      9.6   1018.4
     1     1    16     2     7     2     0     0   -46.0   48.806 -132.872      8.4   1019.7
     1     1    16     2     7     1     0     0   -47.0   48.331 -132.428      7.2   1020.2
     1     1    16     2     7     0     0     0   -48.0   47.858 -131.942      6.1   1020.4
     1     1    16     2     6    23     0     0   -49.0   47.406 -131.479      5.0   1022.0
     1     1    16     2     6    22     0     0   -50.0   46.995 -131.098      4.1   1022.6
     1     1    16     2     6    21     0     0   -51.0   46.631 -130.794      3.2   1022.9
     1     1    16     2     6    20     0     0   -52.0   46.309 -130.548      2.3   1022.9
     1     1    16     2     6    19     0     0   -53.0   46.027 -130.352      1.5   1022.8
     1     1    16     2     6    18     0     0   -54.0   45.784 -130.199      0.8   1022.7
     1     1    16     2     6    17     0     0   -55.0   45.569 -130.092      0.2   1022.4
     1     1    16     2     6    16     0     0   -56.0   45.368 -130.032      0.0   1022.0
     1     1    16     2     6    15     0     0   -57.0   45.180 -130.015      0.0   1021.6
     1     1    16     2     6    14     0     0   -58.0   45.003 -130.038      0.0   1021.3
     1     1    16     2     6    13     0     0   -59.0   44.837 -130.100      0.1   1022.0
     1     1    16     2     6    12     0     0   -60.0   44.685 -130.197      0.4   1022.5
     1     1    16     2     6    11     0     0   -61.0   44.544 -130.314      0.8   1022.3
     1     1    16     2     6    10     0     0   -62.0   44.414 -130.441      1.1   1022.0
     1     1    16     2     6     9     0     0   -63.0   44.292 -130.579      1.5   1021.9
     1     1    16     2     6     8     0     0   -64.0   44.178 -130.729      1.8   1021.7
     1     1    16     2     6     7     0     0   -65.0   44.072 -130.895      2.2   1021.7
     1     1    16     2     6     6     0     0   -66.0   43.970 -131.077      2.6   1021.7
     1     1    16     2     6     5     0     0   -67.0   43.878 -131.288      3.0   1020.9
     1     1    16     2     6     4     0     0   -68.0   43.796 -131.537      3.1   1020.1
     1     1    16     2     6     3     0     0   -69.0   43.727 -131.823      3.2   1019.3
     1     1    16     2     6     2     0     0   -70.0   43.669 -132.147      3.1   1018.4
     1     1    16     2     6     1     0     0   -71.0   43.624 -132.508      3.0   1017.5
     1     1    16     2     6     0     0     0   -72.0   43.584 -132.913      2.8   1018.2
