     1     1
    CDC1    16     2     1     0     0
     1 BACKWARD OMEGA   
    16     2    15     6   60.984 -139.059   750.0
     1 PRESSURE
     1     1    16     2    15     6     0     0     0.0   60.984 -139.059    750.0    799.9
     1     1    16     2    15     5     0     0    -1.0   60.883 -139.330    710.6    806.2
     1     1    16     2    15     4     0     0    -2.0   60.784 -139.544    675.9    811.8
     1     1    16     2    15     3     0     0    -3.0   60.687 -139.698    644.9    817.1
     1     1    16     2    15     2     0     0    -4.0   60.594 -139.792    616.8    822.1
     1     1    16     2    15     1     0     0    -5.0   60.507 -139.826    591.4    826.3
     1     1    16     2    15     0     0     0    -6.0   60.425 -139.800    568.2    830.0
     1     1    16     2    14    23     0     0    -7.0   60.338 -139.738    541.9    833.2
     1     1    16     2    14    22     0     0    -8.0   60.237 -139.658    508.3    838.0
     1     1    16     2    14    21     0     0    -9.0   60.121 -139.556    467.3    843.9
     1     1    16     2    14    20     0     0   -10.0   59.990 -139.430    419.4    851.2
     1     1    16     2    14    19     0     0   -11.0   59.849 -139.290    367.5    861.8
     1     1    16     2    14    18     0     0   -12.0   59.701 -139.148    316.5    871.6
     1     1    16     2    14    17     0     0   -13.0   59.547 -139.003    271.0    881.8
     1     1    16     2    14    16     0     0   -14.0   59.383 -138.849    232.3    891.5
     1     1    16     2    14    15     0     0   -15.0   59.210 -138.678    199.5    901.2
     1     1    16     2    14    14     0     0   -16.0   59.024 -138.489    171.2    909.7
     1     1    16     2    14    13     0     0   -17.0   58.824 -138.283    146.1    918.5
     1     1    16     2    14    12     0     0   -18.0   58.608 -138.062    123.9    927.7
     1     1    16     2    14    11     0     0   -19.0   58.388 -137.839    105.8    936.7
     1     1    16     2    14    10     0     0   -20.0   58.177 -137.623     92.5    944.6
     1     1    16     2    14     9     0     0   -21.0   57.974 -137.407     82.8    951.4
     1     1    16     2    14     8     0     0   -22.0   57.777 -137.186     75.8    957.1
     1     1    16     2    14     7     0     0   -23.0   57.587 -136.954     71.0    961.7
     1     1    16     2    14     6     0     0   -24.0   57.405 -136.708     67.8    964.0
     1     1    16     2    14     5     0     0   -25.0   57.235 -136.453     65.5    965.0
     1     1    16     2    14     4     0     0   -26.0   57.078 -136.194     63.4    965.8
     1     1    16     2    14     3     0     0   -27.0   56.935 -135.938     61.8    966.6
     1     1    16     2    14     2     0     0   -28.0   56.803 -135.687     61.0    967.4
     1     1    16     2    14     1     0     0   -29.0   56.680 -135.447     61.1    968.0
     1     1    16     2    14     0     0     0   -30.0   56.566 -135.220     62.5    968.5
     1     1    16     2    13    23     0     0   -31.0   56.452 -135.001     64.4    969.7
     1     1    16     2    13    22     0     0   -32.0   56.328 -134.775     65.9    969.2
     1     1    16     2    13    21     0     0   -33.0   56.195 -134.531     66.6    968.8
     1     1    16     2    13    20     0     0   -34.0   56.049 -134.260     66.5    968.6
     1     1    16     2    13    19     0     0   -35.0   55.892 -133.956     65.5    968.6
     1     1    16     2    13    18     0     0   -36.0   55.722 -133.615     63.4    968.9
     1     1    16     2    13    17     0     0   -37.0   55.548 -133.251     60.6    969.2
     1     1    16     2    13    16     0     0   -38.0   55.375 -132.892     57.6    969.7
     1     1    16     2    13    15     0     0   -39.0   55.203 -132.554     54.6    970.7
     1     1    16     2    13    14     0     0   -40.0   55.029 -132.251     51.5    970.4
     1     1    16     2    13    13     0     0   -41.0   54.851 -131.990     48.2    969.0
     1     1    16     2    13    12     0     0   -42.0   54.669 -131.771     45.1    968.5
     1     1    16     2    13    11     0     0   -43.0   54.489 -131.581     42.4    968.3
     1     1    16     2    13    10     0     0   -44.0   54.315 -131.412     40.4    968.5
     1     1    16     2    13     9     0     0   -45.0   54.147 -131.268     39.1    969.0
     1     1    16     2    13     8     0     0   -46.0   53.984 -131.151     38.6    969.9
     1     1    16     2    13     7     0     0   -47.0   53.826 -131.061     38.9    971.0
     1     1    16     2    13     6     0     0   -48.0   53.673 -130.999     40.1    972.5
     1     1    16     2    13     5     0     0   -49.0   53.517 -130.948     41.2    974.1
     1     1    16     2    13     4     0     0   -50.0   53.351 -130.895     41.7    975.9
     1     1    16     2    13     3     0     0   -51.0   53.175 -130.839     41.6    978.0
     1     1    16     2    13     2     0     0   -52.0   52.989 -130.784     41.1    980.3
     1     1    16     2    13     1     0     0   -53.0   52.793 -130.731     40.3    982.9
     1     1    16     2    13     0     0     0   -54.0   52.588 -130.682     39.6    985.7
     1     1    16     2    12    23     0     0   -55.0   52.374 -130.641     39.1    988.0
     1     1    16     2    12    22     0     0   -56.0   52.153 -130.609     38.4    989.5
     1     1    16     2    12    21     0     0   -57.0   51.924 -130.583     37.6    991.3
     1     1    16     2    12    20     0     0   -58.0   51.688 -130.561     36.7    993.1
     1     1    16     2    12    19     0     0   -59.0   51.446 -130.538     35.7    994.9
     1     1    16     2    12    18     0     0   -60.0   51.199 -130.510     34.8    996.7
     1     1    16     2    12    17     0     0   -61.0   50.949 -130.486     33.1    998.5
     1     1    16     2    12    16     0     0   -62.0   50.698 -130.476     30.0   1000.7
     1     1    16     2    12    15     0     0   -63.0   50.449 -130.479     25.5   1003.2
     1     1    16     2    12    14     0     0   -64.0   50.204 -130.493     20.2   1005.9
     1     1    16     2    12    13     0     0   -65.0   49.969 -130.521     15.1   1008.5
     1     1    16     2    12    12     0     0   -66.0   49.741 -130.565     11.0   1009.9
     1     1    16     2    12    11     0     0   -67.0   49.503 -130.620      7.8   1010.1
     1     1    16     2    12    10     0     0   -68.0   49.245 -130.683      5.2   1010.2
     1     1    16     2    12     9     0     0   -69.0   48.968 -130.754      2.9   1010.4
     1     1    16     2    12     8     0     0   -70.0   48.678 -130.835      0.7   1010.5
     1     1    16     2    12     7     0     0   -71.0   48.381 -130.927      0.0   1010.5
     1     1    16     2    12     6     0     0   -72.0   48.084 -131.028      0.0   1010.5
