     1     1
    CDC1    16     3     1     0     0
     1 BACKWARD OMEGA   
    16     3    18     6   60.984 -139.059   750.0
     1 PRESSURE
     1     1    16     3    18     6     0     0     0.0   60.984 -139.059    750.0    817.8
     1     1    16     3    18     5     0     0    -1.0   60.838 -139.158    712.5    824.9
     1     1    16     3    18     4     0     0    -2.0   60.679 -139.228    672.9    832.8
     1     1    16     3    18     3     0     0    -3.0   60.506 -139.263    631.3    841.4
     1     1    16     3    18     2     0     0    -4.0   60.323 -139.261    587.9    850.2
     1     1    16     3    18     1     0     0    -5.0   60.132 -139.221    543.7    858.9
     1     1    16     3    18     0     0     0    -6.0   59.937 -139.141    500.3    868.6
     1     1    16     3    17    23     0     0    -7.0   59.747 -139.031    460.9    879.4
     1     1    16     3    17    22     0     0    -8.0   59.568 -138.903    427.4    889.0
     1     1    16     3    17    21     0     0    -9.0   59.400 -138.760    398.5    897.8
     1     1    16     3    17    20     0     0   -10.0   59.242 -138.606    373.4    906.0
     1     1    16     3    17    19     0     0   -11.0   59.092 -138.446    351.1    913.0
     1     1    16     3    17    18     0     0   -12.0   58.951 -138.281    330.9    919.6
     1     1    16     3    17    17     0     0   -13.0   58.817 -138.113    313.4    925.7
     1     1    16     3    17    16     0     0   -14.0   58.688 -137.941    299.0    931.3
     1     1    16     3    17    15     0     0   -15.0   58.565 -137.768    287.3    936.3
     1     1    16     3    17    14     0     0   -16.0   58.446 -137.593    278.1    941.0
     1     1    16     3    17    13     0     0   -17.0   58.332 -137.420    271.0    945.0
     1     1    16     3    17    12     0     0   -18.0   58.224 -137.249    266.1    948.2
     1     1    16     3    17    11     0     0   -19.0   58.117 -137.097    260.9    950.9
     1     1    16     3    17    10     0     0   -20.0   58.006 -136.974    253.0    954.5
     1     1    16     3    17     9     0     0   -21.0   57.893 -136.877    242.3    958.7
     1     1    16     3    17     8     0     0   -22.0   57.776 -136.806    228.7    963.6
     1     1    16     3    17     7     0     0   -23.0   57.654 -136.757    211.9    969.2
     1     1    16     3    17     6     0     0   -24.0   57.529 -136.732    191.9    975.6
     1     1    16     3    17     5     0     0   -25.0   57.400 -136.713    169.7    979.8
     1     1    16     3    17     4     0     0   -26.0   57.265 -136.688    147.6    983.7
     1     1    16     3    17     3     0     0   -27.0   57.127 -136.658    126.1    987.7
     1     1    16     3    17     2     0     0   -28.0   56.985 -136.629    105.4    992.0
     1     1    16     3    17     1     0     0   -29.0   56.840 -136.605     85.8    996.5
     1     1    16     3    17     0     0     0   -30.0   56.692 -136.592     68.0   1000.7
     1     1    16     3    16    23     0     0   -31.0   56.550 -136.595     53.7   1003.9
     1     1    16     3    16    22     0     0   -32.0   56.421 -136.624     43.1   1006.6
     1     1    16     3    16    21     0     0   -33.0   56.305 -136.684     35.2   1009.1
     1     1    16     3    16    20     0     0   -34.0   56.203 -136.781     29.3   1011.3
     1     1    16     3    16    19     0     0   -35.0   56.115 -136.920     24.9   1013.3
     1     1    16     3    16    18     0     0   -36.0   56.042 -137.105     21.8   1015.0
     1     1    16     3    16    17     0     0   -37.0   55.974 -137.324     19.4   1016.2
     1     1    16     3    16    16     0     0   -38.0   55.900 -137.564     17.5   1017.3
     1     1    16     3    16    15     0     0   -39.0   55.822 -137.827     15.9   1017.7
     1     1    16     3    16    14     0     0   -40.0   55.741 -138.119     14.4   1018.0
     1     1    16     3    16    13     0     0   -41.0   55.657 -138.446     13.1   1018.3
     1     1    16     3    16    12     0     0   -42.0   55.574 -138.816     11.9   1018.4
     1     1    16     3    16    11     0     0   -43.0   55.494 -139.238     10.9   1018.3
     1     1    16     3    16    10     0     0   -44.0   55.419 -139.718      9.8   1017.9
     1     1    16     3    16     9     0     0   -45.0   55.349 -140.251      8.8   1017.2
     1     1    16     3    16     8     0     0   -46.0   55.286 -140.828      8.1   1016.5
     1     1    16     3    16     7     0     0   -47.0   55.235 -141.443      7.8   1015.7
     1     1    16     3    16     6     0     0   -48.0   55.202 -142.095      7.9   1014.6
     1     1    16     3    16     5     0     0   -49.0   55.174 -142.764      8.5   1013.2
     1     1    16     3    16     4     0     0   -50.0   55.136 -143.429      9.7   1011.5
     1     1    16     3    16     3     0     0   -51.0   55.088 -144.096     11.6   1009.3
     1     1    16     3    16     2     0     0   -52.0   55.037 -144.769     14.9   1006.5
     1     1    16     3    16     1     0     0   -53.0   54.987 -145.448     19.8   1002.9
     1     1    16     3    16     0     0     0   -54.0   54.939 -146.131     25.1    999.7
     1     1    16     3    15    23     0     0   -55.0   54.899 -146.807     28.8    997.1
     1     1    16     3    15    22     0     0   -56.0   54.869 -147.465     30.2    995.0
     1     1    16     3    15    21     0     0   -57.0   54.844 -148.094     30.5    994.0
     1     1    16     3    15    20     0     0   -58.0   54.819 -148.691     30.6    992.8
     1     1    16     3    15    19     0     0   -59.0   54.796 -149.263     30.7    991.5
     1     1    16     3    15    18     0     0   -60.0   54.781 -149.816     30.8    990.1
     1     1    16     3    15    17     0     0   -61.0   54.772 -150.355     30.8    990.1
     1     1    16     3    15    16     0     0   -62.0   54.766 -150.886     30.6    990.7
     1     1    16     3    15    15     0     0   -63.0   54.765 -151.412     30.2    991.3
     1     1    16     3    15    14     0     0   -64.0   54.770 -151.934     29.5    991.8
     1     1    16     3    15    13     0     0   -65.0   54.782 -152.457     28.7    992.4
     1     1    16     3    15    12     0     0   -66.0   54.799 -152.968     26.9    993.1
     1     1    16     3    15    11     0     0   -67.0   54.819 -153.456     24.0    994.3
     1     1    16     3    15    10     0     0   -68.0   54.845 -153.927     20.6    995.6
     1     1    16     3    15     9     0     0   -69.0   54.881 -154.389     17.5    997.0
     1     1    16     3    15     8     0     0   -70.0   54.934 -154.849     14.8    998.4
     1     1    16     3    15     7     0     0   -71.0   55.003 -155.307     13.1    999.3
     1     1    16     3    15     6     0     0   -72.0   55.085 -155.756     12.8    999.1
