     1     1
    CDC1    16     1     1     0     0
     1 BACKWARD OMEGA   
    16     1    16     0   60.984 -139.059   750.0
     1 PRESSURE
     1     1    16     1    16     0     0     0     0.0   60.984 -139.059    750.0    803.5
     1     1    16     1    15    23     0     0    -1.0   60.915 -138.908    769.8    802.8
     1     1    16     1    15    22     0     0    -2.0   60.851 -138.777    792.8    801.6
     1     1    16     1    15    21     0     0    -3.0   60.794 -138.666    819.1    799.9
     1     1    16     1    15    20     0     0    -4.0   60.744 -138.577    848.6    797.9
     1     1    16     1    15    19     0     0    -5.0   60.700 -138.510    881.3    795.5
     1     1    16     1    15    18     0     0    -6.0   60.663 -138.465    917.2    792.5
     1     1    16     1    15    17     0     0    -7.0   60.631 -138.441    952.7    789.0
     1     1    16     1    15    16     0     0    -8.0   60.600 -138.434    984.0    786.4
     1     1    16     1    15    15     0     0    -9.0   60.571 -138.443   1011.4    784.3
     1     1    16     1    15    14     0     0   -10.0   60.542 -138.468   1034.8    782.6
     1     1    16     1    15    13     0     0   -11.0   60.515 -138.506   1054.5    781.3
     1     1    16     1    15    12     0     0   -12.0   60.490 -138.558   1070.5    780.4
     1     1    16     1    15    11     0     0   -13.0   60.467 -138.626   1085.3    779.9
     1     1    16     1    15    10     0     0   -14.0   60.448 -138.715   1101.1    778.9
     1     1    16     1    15     9     0     0   -15.0   60.433 -138.824   1118.1    777.8
     1     1    16     1    15     8     0     0   -16.0   60.421 -138.954   1136.5    776.6
     1     1    16     1    15     7     0     0   -17.0   60.412 -139.105   1156.3    775.2
     1     1    16     1    15     6     0     0   -18.0   60.407 -139.277   1177.7    773.6
     1     1    16     1    15     5     0     0   -19.0   60.402 -139.459   1199.3    771.5
     1     1    16     1    15     4     0     0   -20.0   60.395 -139.641   1219.7    769.8
     1     1    16     1    15     3     0     0   -21.0   60.388 -139.823   1238.6    768.3
     1     1    16     1    15     2     0     0   -22.0   60.378 -140.006   1255.8    767.0
     1     1    16     1    15     1     0     0   -23.0   60.367 -140.187   1271.1    766.2
     1     1    16     1    15     0     0     0   -24.0   60.353 -140.365   1284.1    765.6
     1     1    16     1    14    23     0     0   -25.0   60.338 -140.534   1296.4    765.2
     1     1    16     1    14    22     0     0   -26.0   60.322 -140.687   1310.5    764.4
     1     1    16     1    14    21     0     0   -27.0   60.305 -140.829   1326.1    763.4
     1     1    16     1    14    20     0     0   -28.0   60.287 -140.962   1343.4    762.3
     1     1    16     1    14    19     0     0   -29.0   60.269 -141.089   1362.6    761.0
     1     1    16     1    14    18     0     0   -30.0   60.250 -141.213   1383.7    759.6
     1     1    16     1    14    17     0     0   -31.0   60.230 -141.328   1405.4    757.7
     1     1    16     1    14    16     0     0   -32.0   60.207 -141.429   1424.8    756.2
     1     1    16     1    14    15     0     0   -33.0   60.180 -141.516   1442.5    754.8
     1     1    16     1    14    14     0     0   -34.0   60.152 -141.588   1458.5    753.6
     1     1    16     1    14    13     0     0   -35.0   60.121 -141.646   1473.0    752.6
     1     1    16     1    14    12     0     0   -36.0   60.088 -141.688   1485.8    751.7
     1     1    16     1    14    11     0     0   -37.0   60.046 -141.715   1498.3    751.0
     1     1    16     1    14    10     0     0   -38.0   59.989 -141.725   1510.7    750.5
     1     1    16     1    14     9     0     0   -39.0   59.916 -141.722   1523.7    751.0
     1     1    16     1    14     8     0     0   -40.0   59.828 -141.709   1536.6    751.9
     1     1    16     1    14     7     0     0   -41.0   59.727 -141.689   1549.3    753.2
     1     1    16     1    14     6     0     0   -42.0   59.614 -141.666   1561.3    754.9
     1     1    16     1    14     5     0     0   -43.0   59.494 -141.629   1571.0    756.8
     1     1    16     1    14     4     0     0   -44.0   59.370 -141.564   1576.0    759.3
     1     1    16     1    14     3     0     0   -45.0   59.242 -141.472   1576.4    762.2
     1     1    16     1    14     2     0     0   -46.0   59.109 -141.354   1572.1    765.6
     1     1    16     1    14     1     0     0   -47.0   58.968 -141.212   1563.3    769.4
     1     1    16     1    14     0     0     0   -48.0   58.821 -141.047   1549.9    773.8
     1     1    16     1    13    23     0     0   -49.0   58.671 -140.875   1534.0    779.0
     1     1    16     1    13    22     0     0   -50.0   58.527 -140.711   1516.3    784.0
     1     1    16     1    13    21     0     0   -51.0   58.388 -140.550   1496.3    789.2
     1     1    16     1    13    20     0     0   -52.0   58.253 -140.391   1473.5    794.5
     1     1    16     1    13    19     0     0   -53.0   58.120 -140.230   1447.3    800.2
     1     1    16     1    13    18     0     0   -54.0   57.990 -140.064   1417.0    806.2
     1     1    16     1    13    17     0     0   -55.0   57.858 -139.876   1383.4    812.7
     1     1    16     1    13    16     0     0   -56.0   57.722 -139.646   1347.8    819.3
     1     1    16     1    13    15     0     0   -57.0   57.578 -139.369   1310.1    826.3
     1     1    16     1    13    14     0     0   -58.0   57.424 -139.047   1269.6    831.7
     1     1    16     1    13    13     0     0   -59.0   57.260 -138.692   1227.4    835.3
     1     1    16     1    13    12     0     0   -60.0   57.085 -138.311   1184.8    839.2
     1     1    16     1    13    11     0     0   -61.0   56.896 -137.923   1142.0    843.9
     1     1    16     1    13    10     0     0   -62.0   56.691 -137.550   1099.3    848.9
     1     1    16     1    13     9     0     0   -63.0   56.472 -137.197   1055.0    853.9
     1     1    16     1    13     8     0     0   -64.0   56.242 -136.867   1009.0    859.6
     1     1    16     1    13     7     0     0   -65.0   56.001 -136.561    960.9    866.3
     1     1    16     1    13     6     0     0   -66.0   55.749 -136.277    910.3    873.8
     1     1    16     1    13     5     0     0   -67.0   55.484 -135.995    858.3    882.2
     1     1    16     1    13     4     0     0   -68.0   55.198 -135.690    804.8    891.6
     1     1    16     1    13     3     0     0   -69.0   54.888 -135.360    751.5    900.4
     1     1    16     1    13     2     0     0   -70.0   54.550 -135.026    700.0    906.6
     1     1    16     1    13     1     0     0   -71.0   54.182 -134.710    651.1    910.7
     1     1    16     1    13     0     0     0   -72.0   53.781 -134.419    605.3    914.9
