     1     1
    CDC1    16     3     1     0     0
     1 BACKWARD OMEGA   
    16     3    20    18   60.984 -139.059   750.0
     1 PRESSURE
     1     1    16     3    20    18     0     0     0.0   60.984 -139.059    750.0    806.8
     1     1    16     3    20    17     0     0    -1.0   60.767 -138.802    726.3    812.6
     1     1    16     3    20    16     0     0    -2.0   60.543 -138.531    701.0    818.8
     1     1    16     3    20    15     0     0    -3.0   60.313 -138.248    672.7    825.5
     1     1    16     3    20    14     0     0    -4.0   60.076 -137.953    639.6    832.9
     1     1    16     3    20    13     0     0    -5.0   59.837 -137.648    602.7    843.3
     1     1    16     3    20    12     0     0    -6.0   59.599 -137.334    564.6    853.9
     1     1    16     3    20    11     0     0    -7.0   59.366 -137.027    528.4    863.5
     1     1    16     3    20    10     0     0    -8.0   59.136 -136.739    495.7    872.5
     1     1    16     3    20     9     0     0    -9.0   58.908 -136.466    466.3    881.1
     1     1    16     3    20     8     0     0   -10.0   58.679 -136.204    440.2    889.4
     1     1    16     3    20     7     0     0   -11.0   58.447 -135.950    417.2    897.4
     1     1    16     3    20     6     0     0   -12.0   58.209 -135.702    397.4    905.2
     1     1    16     3    20     5     0     0   -13.0   57.963 -135.448    379.9    912.6
     1     1    16     3    20     4     0     0   -14.0   57.712 -135.176    363.7    919.3
     1     1    16     3    20     3     0     0   -15.0   57.457 -134.893    348.7    924.5
     1     1    16     3    20     2     0     0   -16.0   57.205 -134.608    334.2    926.3
     1     1    16     3    20     1     0     0   -17.0   56.957 -134.328    320.7    928.3
     1     1    16     3    20     0     0     0   -18.0   56.712 -134.054    308.8    930.6
     1     1    16     3    19    23     0     0   -19.0   56.476 -133.788    297.2    932.8
     1     1    16     3    19    22     0     0   -20.0   56.256 -133.530    285.2    935.2
     1     1    16     3    19    21     0     0   -21.0   56.052 -133.278    272.8    937.7
     1     1    16     3    19    20     0     0   -22.0   55.861 -133.031    260.1    940.1
     1     1    16     3    19    19     0     0   -23.0   55.685 -132.789    247.5    942.6
     1     1    16     3    19    18     0     0   -24.0   55.522 -132.556    235.2    944.9
     1     1    16     3    19    17     0     0   -25.0   55.364 -132.323    224.1    946.2
     1     1    16     3    19    16     0     0   -26.0   55.202 -132.084    214.9    946.9
     1     1    16     3    19    15     0     0   -27.0   55.033 -131.838    207.6    947.3
     1     1    16     3    19    14     0     0   -28.0   54.858 -131.586    202.3    946.2
     1     1    16     3    19    13     0     0   -29.0   54.676 -131.331    199.2    944.7
     1     1    16     3    19    12     0     0   -30.0   54.491 -131.073    198.7    943.1
     1     1    16     3    19    11     0     0   -31.0   54.307 -130.828    198.3    941.8
     1     1    16     3    19    10     0     0   -32.0   54.133 -130.611    195.8    941.7
     1     1    16     3    19     9     0     0   -33.0   53.969 -130.419    191.2    942.1
     1     1    16     3    19     8     0     0   -34.0   53.817 -130.249    184.9    943.0
     1     1    16     3    19     7     0     0   -35.0   53.677 -130.099    177.1    944.3
     1     1    16     3    19     6     0     0   -36.0   53.549 -129.967    168.3    945.8
     1     1    16     3    19     5     0     0   -37.0   53.426 -129.839    159.9    947.5
     1     1    16     3    19     4     0     0   -38.0   53.299 -129.703    152.7    948.9
     1     1    16     3    19     3     0     0   -39.0   53.169 -129.562    146.7    950.0
     1     1    16     3    19     2     0     0   -40.0   53.037 -129.416    141.7    950.8
     1     1    16     3    19     1     0     0   -41.0   52.902 -129.266    137.6    951.5
     1     1    16     3    19     0     0     0   -42.0   52.767 -129.114    134.3    952.0
     1     1    16     3    18    23     0     0   -43.0   52.641 -128.954    132.1    951.8
     1     1    16     3    18    22     0     0   -44.0   52.532 -128.776    131.6    950.6
     1     1    16     3    18    21     0     0   -45.0   52.440 -128.581    132.7    948.2
     1     1    16     3    18    20     0     0   -46.0   52.363 -128.368    135.6    945.1
     1     1    16     3    18    19     0     0   -47.0   52.300 -128.137    140.7    941.2
     1     1    16     3    18    18     0     0   -48.0   52.247 -127.889    148.4    936.7
     1     1    16     3    18    17     0     0   -49.0   52.197 -127.635    160.5    932.1
     1     1    16     3    18    16     0     0   -50.0   52.144 -127.385    178.7    927.0
     1     1    16     3    18    15     0     0   -51.0   52.084 -127.139    203.0    921.4
     1     1    16     3    18    14     0     0   -52.0   52.018 -126.898    231.9    914.8
     1     1    16     3    18    13     0     0   -53.0   51.947 -126.663    265.3    908.1
     1     1    16     3    18    12     0     0   -54.0   51.872 -126.432    303.9    901.3
     1     1    16     3    18    11     0     0   -55.0   51.789 -126.198    345.9    894.3
     1     1    16     3    18    10     0     0   -56.0   51.698 -125.952    388.6    887.3
     1     1    16     3    18     9     0     0   -57.0   51.600 -125.691    432.5    879.5
     1     1    16     3    18     8     0     0   -58.0   51.498 -125.412    478.1    871.7
     1     1    16     3    18     7     0     0   -59.0   51.392 -125.112    526.1    863.6
     1     1    16     3    18     6     0     0   -60.0   51.286 -124.792    577.3    855.7
     1     1    16     3    18     5     0     0   -61.0   51.189 -124.482    635.1    847.7
     1     1    16     3    18     4     0     0   -62.0   51.111 -124.214    701.7    838.2
     1     1    16     3    18     3     0     0   -63.0   51.058 -123.991    776.8    828.4
     1     1    16     3    18     2     0     0   -64.0   51.030 -123.810    860.7    818.4
     1     1    16     3    18     1     0     0   -65.0   51.029 -123.669    953.6    807.4
     1     1    16     3    18     0     0     0   -66.0   51.058 -123.568   1056.2    795.4
     1     1    16     3    17    23     0     0   -67.0   51.114 -123.476   1162.1    782.2
     1     1    16     3    17    22     0     0   -68.0   51.196 -123.363   1265.5    769.5
     1     1    16     3    17    21     0     0   -69.0   51.304 -123.231   1365.6    756.2
     1     1    16     3    17    20     0     0   -70.0   51.439 -123.084   1461.9    743.2
     1     1    16     3    17    19     0     0   -71.0   51.600 -122.920   1553.6    730.5
     1     1    16     3    17    18     0     0   -72.0   51.785 -122.741   1640.0    718.1
