     1     1
    CDC1    15    10     1     0     0
     1 BACKWARD OMEGA   
    15    10    25     6   60.984 -139.059   750.0
     1 PRESSURE
     1     1    15    10    25     6     0     0     0.0   60.984 -139.059    750.0    812.1
     1     1    15    10    25     5     0     0    -1.0   60.836 -139.003    726.6    816.8
     1     1    15    10    25     4     0     0    -2.0   60.664 -138.930    701.7    822.1
     1     1    15    10    25     3     0     0    -3.0   60.470 -138.835    674.7    828.2
     1     1    15    10    25     2     0     0    -4.0   60.256 -138.717    644.8    835.0
     1     1    15    10    25     1     0     0    -5.0   60.024 -138.572    611.2    842.7
     1     1    15    10    25     0     0     0    -6.0   59.783 -138.404    576.5    853.5
     1     1    15    10    24    23     0     0    -7.0   59.544 -138.221    540.5    864.5
     1     1    15    10    24    22     0     0    -8.0   59.312 -138.023    502.0    875.9
     1     1    15    10    24    21     0     0    -9.0   59.087 -137.813    462.6    887.3
     1     1    15    10    24    20     0     0   -10.0   58.868 -137.590    423.5    898.6
     1     1    15    10    24    19     0     0   -11.0   58.656 -137.356    386.0    909.2
     1     1    15    10    24    18     0     0   -12.0   58.450 -137.112    350.9    918.3
     1     1    15    10    24    17     0     0   -13.0   58.252 -136.863    319.9    926.6
     1     1    15    10    24    16     0     0   -14.0   58.065 -136.615    293.5    933.8
     1     1    15    10    24    15     0     0   -15.0   57.892 -136.368    271.0    940.3
     1     1    15    10    24    14     0     0   -16.0   57.733 -136.124    251.6    945.9
     1     1    15    10    24    13     0     0   -17.0   57.590 -135.885    234.8    950.8
     1     1    15    10    24    12     0     0   -18.0   57.463 -135.652    220.2    954.5
     1     1    15    10    24    11     0     0   -19.0   57.352 -135.437    208.2    956.7
     1     1    15    10    24    10     0     0   -20.0   57.250 -135.249    199.3    958.6
     1     1    15    10    24     9     0     0   -21.0   57.157 -135.088    192.7    960.1
     1     1    15    10    24     8     0     0   -22.0   57.068 -134.953    188.2    961.1
     1     1    15    10    24     7     0     0   -23.0   56.981 -134.842    185.4    961.5
     1     1    15    10    24     6     0     0   -24.0   56.895 -134.755    184.1    962.2
     1     1    15    10    24     5     0     0   -25.0   56.809 -134.687    183.8    962.7
     1     1    15    10    24     4     0     0   -26.0   56.726 -134.637    184.2    963.4
     1     1    15    10    24     3     0     0   -27.0   56.644 -134.604    185.4    964.3
     1     1    15    10    24     2     0     0   -28.0   56.565 -134.588    187.5    965.3
     1     1    15    10    24     1     0     0   -29.0   56.488 -134.590    190.8    966.5
     1     1    15    10    24     0     0     0   -30.0   56.412 -134.609    195.4    967.7
     1     1    15    10    23    23     0     0   -31.0   56.342 -134.641    199.5    968.7
     1     1    15    10    23    22     0     0   -32.0   56.280 -134.680    201.3    970.0
     1     1    15    10    23    21     0     0   -33.0   56.225 -134.726    200.0    971.7
     1     1    15    10    23    20     0     0   -34.0   56.180 -134.778    195.6    973.6
     1     1    15    10    23    19     0     0   -35.0   56.143 -134.837    187.9    975.6
     1     1    15    10    23    18     0     0   -36.0   56.114 -134.903    176.8    977.9
     1     1    15    10    23    17     0     0   -37.0   56.091 -134.980    165.2    980.5
     1     1    15    10    23    16     0     0   -38.0   56.070 -135.077    155.8    982.2
     1     1    15    10    23    15     0     0   -39.0   56.052 -135.193    148.4    983.5
     1     1    15    10    23    14     0     0   -40.0   56.035 -135.330    143.0    984.6
     1     1    15    10    23    13     0     0   -41.0   56.020 -135.488    139.5    985.6
     1     1    15    10    23    12     0     0   -42.0   56.007 -135.670    137.8    986.5
     1     1    15    10    23    11     0     0   -43.0   55.994 -135.863    136.8    987.3
     1     1    15    10    23    10     0     0   -44.0   55.976 -136.055    135.4    988.3
     1     1    15    10    23     9     0     0   -45.0   55.957 -136.247    133.6    989.3
     1     1    15    10    23     8     0     0   -46.0   55.937 -136.441    131.5    990.4
     1     1    15    10    23     7     0     0   -47.0   55.917 -136.639    129.2    991.5
     1     1    15    10    23     6     0     0   -48.0   55.899 -136.841    126.9    992.6
     1     1    15    10    23     5     0     0   -49.0   55.877 -137.055    124.0    993.7
     1     1    15    10    23     4     0     0   -50.0   55.844 -137.285    120.4    995.1
     1     1    15    10    23     3     0     0   -51.0   55.800 -137.536    116.1    996.5
     1     1    15    10    23     2     0     0   -52.0   55.746 -137.806    111.2    997.2
     1     1    15    10    23     1     0     0   -53.0   55.682 -138.097    105.6    998.1
     1     1    15    10    23     0     0     0   -54.0   55.609 -138.411     99.6    999.0
     1     1    15    10    22    23     0     0   -55.0   55.533 -138.749     93.4    999.9
     1     1    15    10    22    22     0     0   -56.0   55.454 -139.111     87.2   1000.7
     1     1    15    10    22    21     0     0   -57.0   55.371 -139.495     81.0   1001.4
     1     1    15    10    22    20     0     0   -58.0   55.284 -139.899     74.6   1001.9
     1     1    15    10    22    19     0     0   -59.0   55.190 -140.321     68.2   1002.2
     1     1    15    10    22    18     0     0   -60.0   55.090 -140.759     61.7   1002.3
     1     1    15    10    22    17     0     0   -61.0   54.988 -141.223     54.7   1002.3
     1     1    15    10    22    16     0     0   -62.0   54.886 -141.721     47.3   1002.2
     1     1    15    10    22    15     0     0   -63.0   54.783 -142.249     40.4   1002.4
     1     1    15    10    22    14     0     0   -64.0   54.680 -142.800     34.1   1002.7
     1     1    15    10    22    13     0     0   -65.0   54.576 -143.372     28.6   1002.8
     1     1    15    10    22    12     0     0   -66.0   54.472 -143.963     23.8   1002.8
     1     1    15    10    22    11     0     0   -67.0   54.376 -144.568     20.1   1002.5
     1     1    15    10    22    10     0     0   -68.0   54.298 -145.177     17.6   1002.0
     1     1    15    10    22     9     0     0   -69.0   54.235 -145.782     16.2   1001.0
     1     1    15    10    22     8     0     0   -70.0   54.181 -146.380     15.6   1000.0
     1     1    15    10    22     7     0     0   -71.0   54.131 -146.968     15.4    998.9
     1     1    15    10    22     6     0     0   -72.0   54.080 -147.546     15.3    997.9
