     1     1
    CDC1    16     1     1     0     0
     1 BACKWARD OMEGA   
    16     1    26    18   60.984 -139.059   750.0
     1 PRESSURE
     1     1    16     1    26    18     0     0     0.0   60.984 -139.059    750.0    786.6
     1     1    16     1    26    17     0     0    -1.0   60.832 -139.064    700.8    794.1
     1     1    16     1    26    16     0     0    -2.0   60.667 -139.028    653.0    801.9
     1     1    16     1    26    15     0     0    -3.0   60.491 -138.942    607.5    809.6
     1     1    16     1    26    14     0     0    -4.0   60.305 -138.799    565.0    816.2
     1     1    16     1    26    13     0     0    -5.0   60.110 -138.585    526.3    822.6
     1     1    16     1    26    12     0     0    -6.0   59.906 -138.294    493.1    830.1
     1     1    16     1    26    11     0     0    -7.0   59.701 -137.972    460.3    839.6
     1     1    16     1    26    10     0     0    -8.0   59.509 -137.652    422.1    849.9
     1     1    16     1    26     9     0     0    -9.0   59.333 -137.321    379.1    860.3
     1     1    16     1    26     8     0     0   -10.0   59.174 -136.961    332.7    869.3
     1     1    16     1    26     7     0     0   -11.0   59.034 -136.562    284.7    877.7
     1     1    16     1    26     6     0     0   -12.0   58.915 -136.121    236.2    885.5
     1     1    16     1    26     5     0     0   -13.0   58.800 -135.663    192.8    893.3
     1     1    16     1    26     4     0     0   -14.0   58.670 -135.213    158.6    898.9
     1     1    16     1    26     3     0     0   -15.0   58.526 -134.766    132.6    902.8
     1     1    16     1    26     2     0     0   -16.0   58.371 -134.318    113.7    904.8
     1     1    16     1    26     1     0     0   -17.0   58.207 -133.867    100.5    905.9
     1     1    16     1    26     0     0     0   -18.0   58.038 -133.410     91.6    906.2
     1     1    16     1    25    23     0     0   -19.0   57.875 -132.946     84.2    905.0
     1     1    16     1    25    22     0     0   -20.0   57.729 -132.481     76.9    903.1
     1     1    16     1    25    21     0     0   -21.0   57.600 -132.035     69.8    899.4
     1     1    16     1    25    20     0     0   -22.0   57.481 -131.621     63.1    895.3
     1     1    16     1    25    19     0     0   -23.0   57.371 -131.240     56.9    892.4
     1     1    16     1    25    18     0     0   -24.0   57.266 -130.890     51.3    889.9
     1     1    16     1    25    17     0     0   -25.0   57.161 -130.574     46.3    888.0
     1     1    16     1    25    16     0     0   -26.0   57.047 -130.292     41.9    887.0
     1     1    16     1    25    15     0     0   -27.0   56.926 -130.039     37.9    886.6
     1     1    16     1    25    14     0     0   -28.0   56.801 -129.811     34.9    888.1
     1     1    16     1    25    13     0     0   -29.0   56.674 -129.605     33.0    889.8
     1     1    16     1    25    12     0     0   -30.0   56.547 -129.418     31.9    891.5
     1     1    16     1    25    11     0     0   -31.0   56.428 -129.246     31.7    892.2
     1     1    16     1    25    10     0     0   -32.0   56.327 -129.092     33.1    892.3
     1     1    16     1    25     9     0     0   -33.0   56.243 -128.957     36.2    892.0
     1     1    16     1    25     8     0     0   -34.0   56.174 -128.842     41.4    891.3
     1     1    16     1    25     7     0     0   -35.0   56.119 -128.746     49.1    890.3
     1     1    16     1    25     6     0     0   -36.0   56.075 -128.668     60.1    889.0
     1     1    16     1    25     5     0     0   -37.0   56.027 -128.598     72.6    887.8
     1     1    16     1    25     4     0     0   -38.0   55.967 -128.526     83.4    886.5
     1     1    16     1    25     3     0     0   -39.0   55.899 -128.450     91.6    885.7
     1     1    16     1    25     2     0     0   -40.0   55.825 -128.369     96.8    885.5
     1     1    16     1    25     1     0     0   -41.0   55.747 -128.281     99.0    885.6
     1     1    16     1    25     0     0     0   -42.0   55.668 -128.186     98.4    886.0
     1     1    16     1    24    23     0     0   -43.0   55.598 -128.085     95.4    886.2
     1     1    16     1    24    22     0     0   -44.0   55.550 -127.984     90.7    886.1
     1     1    16     1    24    21     0     0   -45.0   55.525 -127.885     84.7    885.7
     1     1    16     1    24    20     0     0   -46.0   55.523 -127.790     77.7    885.1
     1     1    16     1    24    19     0     0   -47.0   55.547 -127.700     69.9    884.1
     1     1    16     1    24    18     0     0   -48.0   55.593 -127.618     61.2    882.5
     1     1    16     1    24    17     0     0   -49.0   55.655 -127.553     54.2    881.3
     1     1    16     1    24    16     0     0   -50.0   55.724 -127.512     50.9    879.8
     1     1    16     1    24    15     0     0   -51.0   55.794 -127.495     51.4    878.4
     1     1    16     1    24    14     0     0   -52.0   55.864 -127.505     56.2    876.9
     1     1    16     1    24    13     0     0   -53.0   55.930 -127.543     66.3    875.5
     1     1    16     1    24    12     0     0   -54.0   55.993 -127.614     82.8    873.5
     1     1    16     1    24    11     0     0   -55.0   56.038 -127.703    102.2    870.4
     1     1    16     1    24    10     0     0   -56.0   56.054 -127.792    119.9    868.7
     1     1    16     1    24     9     0     0   -57.0   56.045 -127.876    135.6    867.8
     1     1    16     1    24     8     0     0   -58.0   56.013 -127.952    148.9    867.6
     1     1    16     1    24     7     0     0   -59.0   55.960 -128.019    159.8    868.0
     1     1    16     1    24     6     0     0   -60.0   55.889 -128.076    168.4    868.9
     1     1    16     1    24     5     0     0   -61.0   55.810 -128.122    174.4    870.2
     1     1    16     1    24     4     0     0   -62.0   55.730 -128.157    177.8    871.6
     1     1    16     1    24     3     0     0   -63.0   55.652 -128.181    178.7    873.1
     1     1    16     1    24     2     0     0   -64.0   55.575 -128.197    177.3    874.7
     1     1    16     1    24     1     0     0   -65.0   55.500 -128.204    173.9    876.3
     1     1    16     1    24     0     0     0   -66.0   55.429 -128.204    168.8    877.9
     1     1    16     1    23    23     0     0   -67.0   55.365 -128.197    164.4    879.8
     1     1    16     1    23    22     0     0   -68.0   55.311 -128.183    162.7    881.0
     1     1    16     1    23    21     0     0   -69.0   55.267 -128.162    164.0    881.5
     1     1    16     1    23    20     0     0   -70.0   55.235 -128.136    168.3    881.5
     1     1    16     1    23    19     0     0   -71.0   55.213 -128.105    175.6    880.9
     1     1    16     1    23    18     0     0   -72.0   55.201 -128.074    186.3    879.8
