     1     1
    CDC1    15    10     1     0     0
     1 BACKWARD OMEGA   
    15    10     5     6   60.984 -139.059   750.0
     1 PRESSURE
     1     1    15    10     5     6     0     0     0.0   60.984 -139.059    750.0    819.0
     1     1    15    10     5     5     0     0    -1.0   61.047 -139.120    763.1    816.9
     1     1    15    10     5     4     0     0    -2.0   61.107 -139.200    777.1    814.8
     1     1    15    10     5     3     0     0    -3.0   61.166 -139.297    792.2    812.5
     1     1    15    10     5     2     0     0    -4.0   61.223 -139.413    808.6    810.2
     1     1    15    10     5     1     0     0    -5.0   61.277 -139.547    826.1    807.8
     1     1    15    10     5     0     0     0    -6.0   61.330 -139.700    844.8    805.4
     1     1    15    10     4    23     0     0    -7.0   61.390 -139.873    864.9    802.5
     1     1    15    10     4    22     0     0    -8.0   61.464 -140.074    886.4    799.3
     1     1    15    10     4    21     0     0    -9.0   61.554 -140.302    909.4    795.9
     1     1    15    10     4    20     0     0   -10.0   61.660 -140.559    933.5    792.0
     1     1    15    10     4    19     0     0   -11.0   61.781 -140.845    958.6    787.7
     1     1    15    10     4    18     0     0   -12.0   61.917 -141.159    984.7    783.0
     1     1    15    10     4    17     0     0   -13.0   62.057 -141.515   1009.8    778.4
     1     1    15    10     4    16     0     0   -14.0   62.186 -141.924   1032.5    774.5
     1     1    15    10     4    15     0     0   -15.0   62.306 -142.390   1052.7    771.1
     1     1    15    10     4    14     0     0   -16.0   62.414 -142.914   1070.7    769.3
     1     1    15    10     4    13     0     0   -17.0   62.509 -143.495   1086.3    768.7
     1     1    15    10     4    12     0     0   -18.0   62.587 -144.128   1100.4    771.4
     1     1    15    10     4    11     0     0   -19.0   62.655 -144.781   1110.8    774.4
     1     1    15    10     4    10     0     0   -20.0   62.718 -145.429   1115.9    778.8
     1     1    15    10     4     9     0     0   -21.0   62.775 -146.068   1113.8    784.1
     1     1    15    10     4     8     0     0   -22.0   62.823 -146.699   1102.3    789.9
     1     1    15    10     4     7     0     0   -23.0   62.860 -147.318   1079.9    796.5
     1     1    15    10     4     6     0     0   -24.0   62.883 -147.924   1045.6    804.3
     1     1    15    10     4     5     0     0   -25.0   62.879 -148.504   1003.9    813.0
     1     1    15    10     4     4     0     0   -26.0   62.835 -149.045    960.3    820.9
     1     1    15    10     4     3     0     0   -27.0   62.756 -149.544    916.3    828.2
     1     1    15    10     4     2     0     0   -28.0   62.642 -149.999    872.8    834.3
     1     1    15    10     4     1     0     0   -29.0   62.497 -150.410    830.8    839.3
     1     1    15    10     4     0     0     0   -30.0   62.325 -150.778    792.9    848.2
     1     1    15    10     3    23     0     0   -31.0   62.135 -151.103    753.9    856.9
     1     1    15    10     3    22     0     0   -32.0   61.931 -151.387    709.1    866.5
     1     1    15    10     3    21     0     0   -33.0   61.717 -151.630    659.1    876.4
     1     1    15    10     3    20     0     0   -34.0   61.494 -151.832    604.0    886.7
     1     1    15    10     3    19     0     0   -35.0   61.267 -151.991    544.5    896.5
     1     1    15    10     3    18     0     0   -36.0   61.035 -152.106    481.1    906.9
     1     1    15    10     3    17     0     0   -37.0   60.804 -152.171    416.8    918.1
     1     1    15    10     3    16     0     0   -38.0   60.576 -152.180    355.3    928.5
     1     1    15    10     3    15     0     0   -39.0   60.357 -152.136    299.6    937.8
     1     1    15    10     3    14     0     0   -40.0   60.150 -152.042    251.7    946.6
     1     1    15    10     3    13     0     0   -41.0   59.954 -151.904    212.1    955.1
     1     1    15    10     3    12     0     0   -42.0   59.758 -151.735    179.4    962.6
     1     1    15    10     3    11     0     0   -43.0   59.570 -151.553    152.4    970.1
     1     1    15    10     3    10     0     0   -44.0   59.399 -151.370    130.8    976.9
     1     1    15    10     3     9     0     0   -45.0   59.244 -151.189    113.6    983.1
     1     1    15    10     3     8     0     0   -46.0   59.102 -151.013    100.2    988.8
     1     1    15    10     3     7     0     0   -47.0   58.969 -150.845     89.8    994.1
     1     1    15    10     3     6     0     0   -48.0   58.843 -150.686     82.1    999.0
     1     1    15    10     3     5     0     0   -49.0   58.714 -150.545     75.9   1003.4
     1     1    15    10     3     4     0     0   -50.0   58.572 -150.428     70.6   1007.7
     1     1    15    10     3     3     0     0   -51.0   58.414 -150.339     66.0   1012.0
     1     1    15    10     3     2     0     0   -52.0   58.242 -150.281     62.0   1016.5
     1     1    15    10     3     1     0     0   -53.0   58.054 -150.259     58.5   1021.1
     1     1    15    10     3     0     0     0   -54.0   57.851 -150.276     55.5   1025.6
     1     1    15    10     2    23     0     0   -55.0   57.632 -150.333     52.7   1030.0
     1     1    15    10     2    22     0     0   -56.0   57.398 -150.423     50.1   1031.5
     1     1    15    10     2    21     0     0   -57.0   57.153 -150.530     47.5   1029.4
     1     1    15    10     2    20     0     0   -58.0   56.898 -150.648     45.1   1027.3
     1     1    15    10     2    19     0     0   -59.0   56.633 -150.775     42.9   1025.4
     1     1    15    10     2    18     0     0   -60.0   56.358 -150.913     41.0   1023.7
     1     1    15    10     2    17     0     0   -61.0   56.073 -151.057     39.0   1022.0
     1     1    15    10     2    16     0     0   -62.0   55.779 -151.206     36.5   1020.6
     1     1    15    10     2    15     0     0   -63.0   55.477 -151.358     33.4   1019.5
     1     1    15    10     2    14     0     0   -64.0   55.171 -151.515     29.9   1018.8
     1     1    15    10     2    13     0     0   -65.0   54.867 -151.669     26.1   1020.0
     1     1    15    10     2    12     0     0   -66.0   54.576 -151.798     22.5   1023.2
     1     1    15    10     2    11     0     0   -67.0   54.310 -151.890     19.4   1026.1
     1     1    15    10     2    10     0     0   -68.0   54.070 -151.947     17.0   1028.6
     1     1    15    10     2     9     0     0   -69.0   53.858 -151.978     15.1   1030.8
     1     1    15    10     2     8     0     0   -70.0   53.673 -151.988     13.5   1032.6
     1     1    15    10     2     7     0     0   -71.0   53.514 -151.984     12.2   1034.2
     1     1    15    10     2     6     0     0   -72.0   53.381 -151.969     11.1   1035.5
