     1     1
    CDC1    15    10     1     0     0
     1 BACKWARD OMEGA   
    15    10    21    18   60.984 -139.059   750.0
     1 PRESSURE
     1     1    15    10    21    18     0     0     0.0   60.984 -139.059    750.0    798.4
     1     1    15    10    21    17     0     0    -1.0   60.767 -138.805    729.0    803.4
     1     1    15    10    21    16     0     0    -2.0   60.537 -138.536    702.2    809.5
     1     1    15    10    21    15     0     0    -3.0   60.292 -138.252    668.7    816.5
     1     1    15    10    21    14     0     0    -4.0   60.032 -137.952    627.5    824.5
     1     1    15    10    21    13     0     0    -5.0   59.759 -137.651    580.5    836.7
     1     1    15    10    21    12     0     0    -6.0   59.475 -137.366    529.4    849.6
     1     1    15    10    21    11     0     0    -7.0   59.188 -137.108    474.3    863.3
     1     1    15    10    21    10     0     0    -8.0   58.905 -136.874    415.7    877.8
     1     1    15    10    21     9     0     0    -9.0   58.631 -136.652    356.1    892.0
     1     1    15    10    21     8     0     0   -10.0   58.373 -136.426    299.0    904.6
     1     1    15    10    21     7     0     0   -11.0   58.139 -136.189    246.2    916.3
     1     1    15    10    21     6     0     0   -12.0   57.931 -135.937    198.0    926.9
     1     1    15    10    21     5     0     0   -13.0   57.751 -135.677    155.8    935.0
     1     1    15    10    21     4     0     0   -14.0   57.597 -135.413    120.9    941.9
     1     1    15    10    21     3     0     0   -15.0   57.473 -135.136     93.1    947.1
     1     1    15    10    21     2     0     0   -16.0   57.373 -134.841     71.4    948.7
     1     1    15    10    21     1     0     0   -17.0   57.289 -134.527     54.7    947.5
     1     1    15    10    21     0     0     0   -18.0   57.211 -134.194     41.6    945.9
     1     1    15    10    20    23     0     0   -19.0   57.143 -133.852     31.7    944.2
     1     1    15    10    20    22     0     0   -20.0   57.086 -133.510     24.4    941.9
     1     1    15    10    20    21     0     0   -21.0   57.042 -133.168     19.1    939.2
     1     1    15    10    20    20     0     0   -22.0   57.013 -132.823     15.4    936.0
     1     1    15    10    20    19     0     0   -23.0   57.001 -132.474     12.7    932.0
     1     1    15    10    20    18     0     0   -24.0   57.004 -132.123     10.5    926.5
     1     1    15    10    20    17     0     0   -25.0   57.000 -131.779      8.2    921.6
     1     1    15    10    20    16     0     0   -26.0   56.974 -131.447      5.2    917.2
     1     1    15    10    20    15     0     0   -27.0   56.931 -131.133      1.9    913.4
     1     1    15    10    20    14     0     0   -28.0   56.877 -130.839      0.0    910.2
     1     1    15    10    20    13     0     0   -29.0   56.818 -130.569      0.0    907.5
     1     1    15    10    20    12     0     0   -30.0   56.760 -130.323      0.0    905.1
     1     1    15    10    20    11     0     0   -31.0   56.713 -130.128      0.0    902.9
     1     1    15    10    20    10     0     0   -32.0   56.681 -130.003      0.0    901.5
     1     1    15    10    20     9     0     0   -33.0   56.660 -129.942      0.0    901.5
     1     1    15    10    20     8     0     0   -34.0   56.647 -129.941      0.0    902.0
     1     1    15    10    20     7     0     0   -35.0   56.642 -129.995      0.0    902.9
     1     1    15    10    20     6     0     0   -36.0   56.643 -130.101      0.0    905.0
     1     1    15    10    20     5     0     0   -37.0   56.642 -130.221      0.0    907.2
     1     1    15    10    20     4     0     0   -38.0   56.636 -130.329      0.0    909.3
     1     1    15    10    20     3     0     0   -39.0   56.625 -130.429      0.0    911.4
     1     1    15    10    20     2     0     0   -40.0   56.610 -130.522      0.0    913.5
     1     1    15    10    20     1     0     0   -41.0   56.592 -130.613      0.0    915.6
     1     1    15    10    20     0     0     0   -42.0   56.571 -130.704      0.3    917.8
     1     1    15    10    19    23     0     0   -43.0   56.549 -130.793      0.7    919.8
     1     1    15    10    19    22     0     0   -44.0   56.526 -130.878      0.9    921.8
     1     1    15    10    19    21     0     0   -45.0   56.504 -130.959      0.7    923.8
     1     1    15    10    19    20     0     0   -46.0   56.482 -131.036      0.2    925.6
     1     1    15    10    19    19     0     0   -47.0   56.462 -131.110      0.0    927.3
     1     1    15    10    19    18     0     0   -48.0   56.444 -131.181      0.0    928.9
     1     1    15    10    19    17     0     0   -49.0   56.429 -131.255      0.0    930.3
     1     1    15    10    19    16     0     0   -50.0   56.417 -131.340      0.0    931.9
     1     1    15    10    19    15     0     0   -51.0   56.408 -131.437      0.0    933.6
     1     1    15    10    19    14     0     0   -52.0   56.404 -131.548      0.0    935.4
     1     1    15    10    19    13     0     0   -53.0   56.403 -131.677      0.0    937.6
     1     1    15    10    19    12     0     0   -54.0   56.407 -131.826      0.0    940.0
     1     1    15    10    19    11     0     0   -55.0   56.410 -131.992      0.0    942.9
     1     1    15    10    19    10     0     0   -56.0   56.406 -132.165      0.0    946.1
     1     1    15    10    19     9     0     0   -57.0   56.397 -132.346      0.0    949.7
     1     1    15    10    19     8     0     0   -58.0   56.382 -132.533      0.0    953.3
     1     1    15    10    19     7     0     0   -59.0   56.363 -132.729      0.0    956.5
     1     1    15    10    19     6     0     0   -60.0   56.339 -132.936      0.0    959.8
     1     1    15    10    19     5     0     0   -61.0   56.313 -133.148      0.0    962.5
     1     1    15    10    19     4     0     0   -62.0   56.289 -133.359      0.0    965.1
     1     1    15    10    19     3     0     0   -63.0   56.266 -133.576      0.0    967.7
     1     1    15    10    19     2     0     0   -64.0   56.247 -133.805      0.0    970.3
     1     1    15    10    19     1     0     0   -65.0   56.234 -134.053      0.0    973.0
     1     1    15    10    19     0     0     0   -66.0   56.230 -134.326      0.0    975.8
     1     1    15    10    18    23     0     0   -67.0   56.229 -134.590      0.0    978.8
     1     1    15    10    18    22     0     0   -68.0   56.225 -134.797      0.0    981.0
     1     1    15    10    18    21     0     0   -69.0   56.214 -134.938      0.0    982.3
     1     1    15    10    18    20     0     0   -70.0   56.195 -135.005      0.0    982.8
     1     1    15    10    18    19     0     0   -71.0   56.163 -134.992      0.0    982.4
     1     1    15    10    18    18     0     0   -72.0   56.117 -134.894      0.0    981.2
