     1     1
    CDC1    15    12     1     0     0
     1 BACKWARD OMEGA   
    15    12    24     0   60.984 -139.059   750.0
     1 PRESSURE
     1     1    15    12    24     0     0     0     0.0   60.984 -139.059    750.0    795.5
     1     1    15    12    23    23     0     0    -1.0   61.114 -139.170    743.4    793.9
     1     1    15    12    23    22     0     0    -2.0   61.233 -139.248    741.4    791.7
     1     1    15    12    23    21     0     0    -3.0   61.343 -139.289    743.8    789.2
     1     1    15    12    23    20     0     0    -4.0   61.442 -139.294    750.5    786.4
     1     1    15    12    23    19     0     0    -5.0   61.533 -139.263    761.2    783.3
     1     1    15    12    23    18     0     0    -6.0   61.615 -139.198    775.8    779.9
     1     1    15    12    23    17     0     0    -7.0   61.694 -139.130    792.5    776.8
     1     1    15    12    23    16     0     0    -8.0   61.776 -139.090    808.1    774.0
     1     1    15    12    23    15     0     0    -9.0   61.862 -139.079    823.2    771.1
     1     1    15    12    23    14     0     0   -10.0   61.953 -139.096    837.8    768.3
     1     1    15    12    23    13     0     0   -11.0   62.049 -139.140    851.7    765.4
     1     1    15    12    23    12     0     0   -12.0   62.150 -139.213    865.0    762.6
     1     1    15    12    23    11     0     0   -13.0   62.248 -139.313    878.8    759.6
     1     1    15    12    23    10     0     0   -14.0   62.334 -139.439    895.3    756.3
     1     1    15    12    23     9     0     0   -15.0   62.409 -139.592    914.8    752.7
     1     1    15    12    23     8     0     0   -16.0   62.474 -139.772    937.7    748.9
     1     1    15    12    23     7     0     0   -17.0   62.531 -139.978    964.9    745.9
     1     1    15    12    23     6     0     0   -18.0   62.580 -140.212    996.4    743.5
     1     1    15    12    23     5     0     0   -19.0   62.630 -140.467   1027.0    740.9
     1     1    15    12    23     4     0     0   -20.0   62.691 -140.738   1053.4    739.5
     1     1    15    12    23     3     0     0   -21.0   62.761 -141.020   1074.7    738.9
     1     1    15    12    23     2     0     0   -22.0   62.843 -141.312   1090.7    739.1
     1     1    15    12    23     1     0     0   -23.0   62.938 -141.609   1101.6    740.1
     1     1    15    12    23     0     0     0   -24.0   63.045 -141.909   1107.5    741.9
     1     1    15    12    22    23     0     0   -25.0   63.150 -142.198   1111.5    744.0
     1     1    15    12    22    22     0     0   -26.0   63.239 -142.469   1118.3    745.1
     1     1    15    12    22    21     0     0   -27.0   63.309 -142.724   1127.8    746.0
     1     1    15    12    22    20     0     0   -28.0   63.361 -142.965   1139.9    746.3
     1     1    15    12    22    19     0     0   -29.0   63.393 -143.195   1155.2    745.9
     1     1    15    12    22    18     0     0   -30.0   63.406 -143.416   1173.9    744.8
     1     1    15    12    22    17     0     0   -31.0   63.412 -143.617   1193.8    743.3
     1     1    15    12    22    16     0     0   -32.0   63.422 -143.784   1212.1    742.1
     1     1    15    12    22    15     0     0   -33.0   63.438 -143.915   1228.5    741.0
     1     1    15    12    22    14     0     0   -34.0   63.459 -144.010   1242.6    740.1
     1     1    15    12    22    13     0     0   -35.0   63.484 -144.068   1254.3    739.3
     1     1    15    12    22    12     0     0   -36.0   63.514 -144.087   1263.4    738.7
     1     1    15    12    22    11     0     0   -37.0   63.541 -144.077   1269.2    738.5
     1     1    15    12    22    10     0     0   -38.0   63.559 -144.046   1270.9    738.6
     1     1    15    12    22     9     0     0   -39.0   63.567 -143.994   1268.7    738.8
     1     1    15    12    22     8     0     0   -40.0   63.565 -143.921   1262.9    739.2
     1     1    15    12    22     7     0     0   -41.0   63.552 -143.825   1253.4    739.6
     1     1    15    12    22     6     0     0   -42.0   63.528 -143.707   1240.5    740.0
     1     1    15    12    22     5     0     0   -43.0   63.495 -143.577   1226.2    740.5
     1     1    15    12    22     4     0     0   -44.0   63.457 -143.450   1212.2    740.7
     1     1    15    12    22     3     0     0   -45.0   63.413 -143.327   1198.4    740.8
     1     1    15    12    22     2     0     0   -46.0   63.363 -143.207   1184.8    740.9
     1     1    15    12    22     1     0     0   -47.0   63.307 -143.093   1171.4    740.8
     1     1    15    12    22     0     0     0   -48.0   63.245 -142.984   1158.0    740.7
     1     1    15    12    21    23     0     0   -49.0   63.171 -142.870   1145.6    740.4
     1     1    15    12    21    22     0     0   -50.0   63.079 -142.742   1134.6    739.5
     1     1    15    12    21    21     0     0   -51.0   62.969 -142.599   1125.4    738.0
     1     1    15    12    21    20     0     0   -52.0   62.839 -142.441   1117.9    736.0
     1     1    15    12    21    19     0     0   -53.0   62.691 -142.269   1112.5    733.7
     1     1    15    12    21    18     0     0   -54.0   62.525 -142.081   1109.1    730.7
     1     1    15    12    21    17     0     0   -55.0   62.357 -141.880   1108.2    732.4
     1     1    15    12    21    16     0     0   -56.0   62.206 -141.669   1105.8    735.1
     1     1    15    12    21    15     0     0   -57.0   62.070 -141.447   1100.8    737.6
     1     1    15    12    21    14     0     0   -58.0   61.947 -141.216   1093.3    740.1
     1     1    15    12    21    13     0     0   -59.0   61.837 -140.974   1083.1    742.6
     1     1    15    12    21    12     0     0   -60.0   61.737 -140.722   1070.2    745.1
     1     1    15    12    21    11     0     0   -61.0   61.643 -140.455   1058.4    747.3
     1     1    15    12    21    10     0     0   -62.0   61.551 -140.169   1052.1    748.4
     1     1    15    12    21     9     0     0   -63.0   61.457 -139.863   1050.5    749.2
     1     1    15    12    21     8     0     0   -64.0   61.363 -139.542   1053.0    749.9
     1     1    15    12    21     7     0     0   -65.0   61.266 -139.207   1058.6    750.4
     1     1    15    12    21     6     0     0   -66.0   61.164 -138.859   1066.5    750.8
     1     1    15    12    21     5     0     0   -67.0   61.057 -138.518   1072.3    751.5
     1     1    15    12    21     4     0     0   -68.0   60.947 -138.206   1071.5    753.1
     1     1    15    12    21     3     0     0   -69.0   60.832 -137.920   1064.7    755.3
     1     1    15    12    21     2     0     0   -70.0   60.713 -137.660   1052.4    758.1
     1     1    15    12    21     1     0     0   -71.0   60.588 -137.427   1035.0    761.4
     1     1    15    12    21     0     0     0   -72.0   60.457 -137.223   1013.0    764.9
