     1     1
    CDC1    15    11     1     0     0
     1 BACKWARD OMEGA   
    15    11     8    18   60.984 -139.059   750.0
     1 PRESSURE
     1     1    15    11     8    18     0     0     0.0   60.984 -139.059    750.0    806.7
     1     1    15    11     8    17     0     0    -1.0   60.920 -139.143    765.0    805.3
     1     1    15    11     8    16     0     0    -2.0   60.872 -139.215    768.2    805.4
     1     1    15    11     8    15     0     0    -3.0   60.841 -139.275    759.4    806.4
     1     1    15    11     8    14     0     0    -4.0   60.829 -139.325    738.6    808.3
     1     1    15    11     8    13     0     0    -5.0   60.835 -139.367    705.9    811.3
     1     1    15    11     8    12     0     0    -6.0   60.865 -139.402    661.6    815.2
     1     1    15    11     8    11     0     0    -7.0   60.903 -139.429    614.7    820.2
     1     1    15    11     8    10     0     0    -8.0   60.933 -139.439    574.2    823.1
     1     1    15    11     8     9     0     0    -9.0   60.953 -139.432    539.9    825.5
     1     1    15    11     8     8     0     0   -10.0   60.962 -139.406    511.3    827.6
     1     1    15    11     8     7     0     0   -11.0   60.957 -139.363    488.0    829.4
     1     1    15    11     8     6     0     0   -12.0   60.940 -139.302    469.8    830.9
     1     1    15    11     8     5     0     0   -13.0   60.907 -139.242    451.5    832.6
     1     1    15    11     8     4     0     0   -14.0   60.858 -139.199    428.4    835.7
     1     1    15    11     8     3     0     0   -15.0   60.795 -139.170    401.1    839.7
     1     1    15    11     8     2     0     0   -16.0   60.716 -139.152    370.2    844.5
     1     1    15    11     8     1     0     0   -17.0   60.620 -139.140    337.1    849.2
     1     1    15    11     8     0     0     0   -18.0   60.507 -139.128    303.1    854.4
     1     1    15    11     7    23     0     0   -19.0   60.382 -139.091    270.4    859.5
     1     1    15    11     7    22     0     0   -20.0   60.249 -139.005    240.5    864.4
     1     1    15    11     7    21     0     0   -21.0   60.111 -138.870    212.8    869.3
     1     1    15    11     7    20     0     0   -22.0   59.968 -138.692    186.7    874.6
     1     1    15    11     7    19     0     0   -23.0   59.823 -138.491    162.0    881.0
     1     1    15    11     7    18     0     0   -24.0   59.680 -138.279    138.6    887.5
     1     1    15    11     7    17     0     0   -25.0   59.531 -138.059    116.5    894.7
     1     1    15    11     7    16     0     0   -26.0   59.369 -137.831     96.1    902.3
     1     1    15    11     7    15     0     0   -27.0   59.195 -137.599     78.1    910.1
     1     1    15    11     7    14     0     0   -28.0   59.008 -137.370     62.3    916.9
     1     1    15    11     7    13     0     0   -29.0   58.810 -137.155     48.1    923.4
     1     1    15    11     7    12     0     0   -30.0   58.603 -136.958     35.7    930.3
     1     1    15    11     7    11     0     0   -31.0   58.388 -136.793     25.8    937.4
     1     1    15    11     7    10     0     0   -32.0   58.167 -136.667     18.6    944.7
     1     1    15    11     7     9     0     0   -33.0   57.939 -136.577     13.6    952.1
     1     1    15    11     7     8     0     0   -34.0   57.703 -136.520     10.1    959.7
     1     1    15    11     7     7     0     0   -35.0   57.459 -136.492      7.4    966.5
     1     1    15    11     7     6     0     0   -36.0   57.208 -136.501      4.5    970.6
     1     1    15    11     7     5     0     0   -37.0   56.948 -136.558      1.2    974.9
     1     1    15    11     7     4     0     0   -38.0   56.677 -136.674      0.0    979.7
     1     1    15    11     7     3     0     0   -39.0   56.392 -136.857      0.0    984.9
     1     1    15    11     7     2     0     0   -40.0   56.091 -137.114      0.0    990.3
     1     1    15    11     7     1     0     0   -41.0   55.769 -137.457      0.0    995.8
     1     1    15    11     7     0     0     0   -42.0   55.426 -137.893      0.0    999.9
     1     1    15    11     6    23     0     0   -43.0   55.076 -138.420      0.0   1003.0
     1     1    15    11     6    22     0     0   -44.0   54.736 -139.016      0.0   1002.1
     1     1    15    11     6    21     0     0   -45.0   54.409 -139.655      0.0   1000.6
     1     1    15    11     6    20     0     0   -46.0   54.096 -140.331      2.1    999.6
     1     1    15    11     6    19     0     0   -47.0   53.791 -141.036      6.2    999.3
     1     1    15    11     6    18     0     0   -48.0   53.486 -141.769     11.4    999.2
     1     1    15    11     6    17     0     0   -49.0   53.170 -142.528     16.8    998.9
     1     1    15    11     6    16     0     0   -50.0   52.850 -143.316     22.5    999.0
     1     1    15    11     6    15     0     0   -51.0   52.532 -144.147     28.8    999.5
     1     1    15    11     6    14     0     0   -52.0   52.218 -145.011     35.0    999.8
     1     1    15    11     6    13     0     0   -53.0   51.910 -145.888     40.5    999.6
     1     1    15    11     6    12     0     0   -54.0   51.604 -146.768     45.9    999.0
     1     1    15    11     6    11     0     0   -55.0   51.304 -147.651     49.2    998.5
     1     1    15    11     6    10     0     0   -56.0   51.026 -148.536     49.0   1000.4
     1     1    15    11     6     9     0     0   -57.0   50.771 -149.421     45.6   1002.2
     1     1    15    11     6     8     0     0   -58.0   50.534 -150.304     39.8   1003.7
     1     1    15    11     6     7     0     0   -59.0   50.314 -151.189     32.6   1004.8
     1     1    15    11     6     6     0     0   -60.0   50.113 -152.073     24.8   1006.0
     1     1    15    11     6     5     0     0   -61.0   49.926 -152.967     18.6   1006.5
     1     1    15    11     6     4     0     0   -62.0   49.750 -153.891     14.4   1005.8
     1     1    15    11     6     3     0     0   -63.0   49.580 -154.846     11.5   1005.4
     1     1    15    11     6     2     0     0   -64.0   49.416 -155.832      9.5   1005.9
     1     1    15    11     6     1     0     0   -65.0   49.255 -156.840      8.4   1006.5
     1     1    15    11     6     0     0     0   -66.0   49.095 -157.859      8.3   1008.1
     1     1    15    11     5    23     0     0   -67.0   48.945 -158.873      8.6   1010.0
     1     1    15    11     5    22     0     0   -68.0   48.809 -159.872      9.4   1011.6
     1     1    15    11     5    21     0     0   -69.0   48.686 -160.854     10.7   1012.1
     1     1    15    11     5    20     0     0   -70.0   48.575 -161.818     12.3   1011.8
     1     1    15    11     5    19     0     0   -71.0   48.472 -162.766     14.5   1010.9
     1     1    15    11     5    18     0     0   -72.0   48.381 -163.704     17.5   1009.8
