     1     1
    CDC1    16     1     1     0     0
     1 BACKWARD OMEGA   
    16     1     6     0   60.984 -139.059   750.0
     1 PRESSURE
     1     1    16     1     6     0     0     0     0.0   60.984 -139.059    750.0    804.0
     1     1    16     1     5    23     0     0    -1.0   61.044 -138.921    788.0    799.4
     1     1    16     1     5    22     0     0    -2.0   61.083 -138.789    824.3    795.3
     1     1    16     1     5    21     0     0    -3.0   61.103 -138.662    858.6    791.8
     1     1    16     1     5    20     0     0    -4.0   61.103 -138.542    891.0    788.9
     1     1    16     1     5    19     0     0    -5.0   61.087 -138.429    921.3    786.1
     1     1    16     1     5    18     0     0    -6.0   61.053 -138.324    949.4    783.8
     1     1    16     1     5    17     0     0    -7.0   61.004 -138.217    975.0    781.6
     1     1    16     1     5    16     0     0    -8.0   60.941 -138.100    999.1    779.8
     1     1    16     1     5    15     0     0    -9.0   60.866 -137.972   1021.1    778.4
     1     1    16     1     5    14     0     0   -10.0   60.778 -137.836   1041.2    777.3
     1     1    16     1     5    13     0     0   -11.0   60.678 -137.693   1059.2    776.7
     1     1    16     1     5    12     0     0   -12.0   60.566 -137.544   1075.0    776.3
     1     1    16     1     5    11     0     0   -13.0   60.444 -137.396   1087.8    776.9
     1     1    16     1     5    10     0     0   -14.0   60.314 -137.253   1095.6    778.0
     1     1    16     1     5     9     0     0   -15.0   60.177 -137.112   1098.4    779.7
     1     1    16     1     5     8     0     0   -16.0   60.029 -136.969   1095.9    782.0
     1     1    16     1     5     7     0     0   -17.0   59.872 -136.825   1089.2    786.6
     1     1    16     1     5     6     0     0   -18.0   59.705 -136.679   1078.9    792.0
     1     1    16     1     5     5     0     0   -19.0   59.532 -136.527   1069.6    797.5
     1     1    16     1     5     4     0     0   -20.0   59.358 -136.365   1066.4    801.9
     1     1    16     1     5     3     0     0   -21.0   59.181 -136.192   1068.5    805.7
     1     1    16     1     5     2     0     0   -22.0   59.003 -136.008   1075.4    808.9
     1     1    16     1     5     1     0     0   -23.0   58.824 -135.812   1086.8    811.6
     1     1    16     1     5     0     0     0   -24.0   58.646 -135.605   1102.7    813.6
     1     1    16     1     4    23     0     0   -25.0   58.466 -135.397   1119.2    815.3
     1     1    16     1     4    22     0     0   -26.0   58.283 -135.192   1131.0    817.8
     1     1    16     1     4    21     0     0   -27.0   58.098 -134.990   1139.0    820.6
     1     1    16     1     4    20     0     0   -28.0   57.910 -134.789   1142.6    822.4
     1     1    16     1     4    19     0     0   -29.0   57.720 -134.586   1142.7    824.5
     1     1    16     1     4    18     0     0   -30.0   57.527 -134.381   1139.5    826.7
     1     1    16     1     4    17     0     0   -31.0   57.334 -134.169   1136.4    827.9
     1     1    16     1     4    16     0     0   -32.0   57.144 -133.949   1138.7    828.2
     1     1    16     1     4    15     0     0   -33.0   56.956 -133.725   1146.1    828.0
     1     1    16     1     4    14     0     0   -34.0   56.772 -133.501   1158.7    827.3
     1     1    16     1     4    13     0     0   -35.0   56.593 -133.278   1176.4    826.2
     1     1    16     1     4    12     0     0   -36.0   56.418 -133.059   1199.5    824.8
     1     1    16     1     4    11     0     0   -37.0   56.242 -132.840   1225.4    822.8
     1     1    16     1     4    10     0     0   -38.0   56.062 -132.617   1252.2    821.2
     1     1    16     1     4     9     0     0   -39.0   55.877 -132.391   1279.1    819.1
     1     1    16     1     4     8     0     0   -40.0   55.691 -132.163   1305.5    816.2
     1     1    16     1     4     7     0     0   -41.0   55.506 -131.934   1331.3    813.4
     1     1    16     1     4     6     0     0   -42.0   55.324 -131.704   1356.5    810.6
     1     1    16     1     4     5     0     0   -43.0   55.151 -131.480   1381.9    808.3
     1     1    16     1     4     4     0     0   -44.0   54.990 -131.266   1407.7    805.6
     1     1    16     1     4     3     0     0   -45.0   54.838 -131.067   1433.7    802.2
     1     1    16     1     4     2     0     0   -46.0   54.691 -130.888   1460.8    799.1
     1     1    16     1     4     1     0     0   -47.0   54.548 -130.732   1488.8    796.3
     1     1    16     1     4     0     0     0   -48.0   54.405 -130.598   1517.6    793.9
     1     1    16     1     3    23     0     0   -49.0   54.260 -130.475   1541.8    791.6
     1     1    16     1     3    22     0     0   -50.0   54.112 -130.350   1557.2    790.9
     1     1    16     1     3    21     0     0   -51.0   53.959 -130.221   1563.9    791.1
     1     1    16     1     3    20     0     0   -52.0   53.803 -130.086   1562.2    792.2
     1     1    16     1     3    19     0     0   -53.0   53.642 -129.941   1552.5    794.1
     1     1    16     1     3    18     0     0   -54.0   53.477 -129.782   1535.4    796.4
     1     1    16     1     3    17     0     0   -55.0   53.312 -129.613   1518.9    799.1
     1     1    16     1     3    16     0     0   -56.0   53.149 -129.441   1508.1    800.3
     1     1    16     1     3    15     0     0   -57.0   52.987 -129.266   1504.0    800.7
     1     1    16     1     3    14     0     0   -58.0   52.825 -129.088   1506.5    800.3
     1     1    16     1     3    13     0     0   -59.0   52.660 -128.906   1515.7    799.1
     1     1    16     1     3    12     0     0   -60.0   52.490 -128.719   1531.5    797.1
     1     1    16     1     3    11     0     0   -61.0   52.315 -128.532   1548.5    794.0
     1     1    16     1     3    10     0     0   -62.0   52.140 -128.345   1561.3    792.1
     1     1    16     1     3     9     0     0   -63.0   51.966 -128.157   1569.7    790.8
     1     1    16     1     3     8     0     0   -64.0   51.794 -127.961   1572.8    790.0
     1     1    16     1     3     7     0     0   -65.0   51.628 -127.756   1569.8    789.7
     1     1    16     1     3     6     0     0   -66.0   51.467 -127.537   1559.7    790.1
     1     1    16     1     3     5     0     0   -67.0   51.310 -127.309   1545.9    790.6
     1     1    16     1     3     4     0     0   -68.0   51.152 -127.076   1532.5    790.7
     1     1    16     1     3     3     0     0   -69.0   50.993 -126.838   1520.0    790.6
     1     1    16     1     3     2     0     0   -70.0   50.834 -126.597   1508.7    790.2
     1     1    16     1     3     1     0     0   -71.0   50.674 -126.355   1498.8    789.7
     1     1    16     1     3     0     0     0   -72.0   50.513 -126.111   1490.6    788.9
