     1     1
    CDC1    15    10     1     0     0
     1 BACKWARD OMEGA   
    15    10    24     0   60.984 -139.059   750.0
     1 PRESSURE
     1     1    15    10    24     0     0     0     0.0   60.984 -139.059    750.0    813.3
     1     1    15    10    23    23     0     0    -1.0   60.836 -139.235    712.5    819.8
     1     1    15    10    23    22     0     0    -2.0   60.683 -139.416    676.9    826.3
     1     1    15    10    23    21     0     0    -3.0   60.526 -139.602    643.5    832.8
     1     1    15    10    23    20     0     0    -4.0   60.363 -139.796    612.7    839.2
     1     1    15    10    23    19     0     0    -5.0   60.195 -139.998    585.5    845.0
     1     1    15    10    23    18     0     0    -6.0   60.022 -140.206    562.9    851.1
     1     1    15    10    23    17     0     0    -7.0   59.851 -140.413    542.8    859.8
     1     1    15    10    23    16     0     0    -8.0   59.687 -140.617    522.0    868.8
     1     1    15    10    23    15     0     0    -9.0   59.532 -140.820    501.7    877.5
     1     1    15    10    23    14     0     0   -10.0   59.386 -141.025    482.6    885.8
     1     1    15    10    23    13     0     0   -11.0   59.246 -141.235    465.3    893.7
     1     1    15    10    23    12     0     0   -12.0   59.114 -141.453    450.4    901.1
     1     1    15    10    23    11     0     0   -13.0   58.984 -141.678    438.2    908.0
     1     1    15    10    23    10     0     0   -14.0   58.854 -141.910    428.4    914.7
     1     1    15    10    23     9     0     0   -15.0   58.725 -142.153    421.2    921.1
     1     1    15    10    23     8     0     0   -16.0   58.600 -142.410    416.4    927.2
     1     1    15    10    23     7     0     0   -17.0   58.481 -142.685    414.0    933.1
     1     1    15    10    23     6     0     0   -18.0   58.370 -142.981    413.9    938.7
     1     1    15    10    23     5     0     0   -19.0   58.261 -143.292    414.2    943.8
     1     1    15    10    23     4     0     0   -20.0   58.149 -143.616    412.8    949.4
     1     1    15    10    23     3     0     0   -21.0   58.036 -143.957    410.1    955.4
     1     1    15    10    23     2     0     0   -22.0   57.924 -144.320    406.8    961.4
     1     1    15    10    23     1     0     0   -23.0   57.817 -144.712    403.2    967.4
     1     1    15    10    23     0     0     0   -24.0   57.717 -145.138    400.1    972.5
     1     1    15    10    22    23     0     0   -25.0   57.624 -145.581    398.4    975.7
     1     1    15    10    22    22     0     0   -26.0   57.537 -146.026    399.1    978.0
     1     1    15    10    22    21     0     0   -27.0   57.457 -146.475    401.7    978.1
     1     1    15    10    22    20     0     0   -28.0   57.387 -146.927    406.1    976.4
     1     1    15    10    22    19     0     0   -29.0   57.327 -147.385    412.4    974.5
     1     1    15    10    22    18     0     0   -30.0   57.281 -147.850    420.2    970.8
     1     1    15    10    22    17     0     0   -31.0   57.242 -148.321    430.1    966.8
     1     1    15    10    22    16     0     0   -32.0   57.208 -148.803    442.2    962.8
     1     1    15    10    22    15     0     0   -33.0   57.179 -149.294    456.9    958.6
     1     1    15    10    22    14     0     0   -34.0   57.156 -149.797    474.9    954.2
     1     1    15    10    22    13     0     0   -35.0   57.142 -150.308    495.9    949.1
     1     1    15    10    22    12     0     0   -36.0   57.139 -150.825    519.4    943.6
     1     1    15    10    22    11     0     0   -37.0   57.151 -151.336    544.0    937.7
     1     1    15    10    22    10     0     0   -38.0   57.178 -151.828    568.2    932.3
     1     1    15    10    22     9     0     0   -39.0   57.219 -152.298    592.1    926.9
     1     1    15    10    22     8     0     0   -40.0   57.270 -152.742    615.4    922.4
     1     1    15    10    22     7     0     0   -41.0   57.330 -153.157    637.4    918.3
     1     1    15    10    22     6     0     0   -42.0   57.398 -153.540    657.6    914.2
     1     1    15    10    22     5     0     0   -43.0   57.479 -153.900    677.7    910.4
     1     1    15    10    22     4     0     0   -44.0   57.580 -154.244    699.1    905.3
     1     1    15    10    22     3     0     0   -45.0   57.698 -154.569    721.2    899.9
     1     1    15    10    22     2     0     0   -46.0   57.828 -154.874    743.1    894.6
     1     1    15    10    22     1     0     0   -47.0   57.968 -155.160    763.9    890.1
     1     1    15    10    22     0     0     0   -48.0   58.114 -155.427    782.2    886.3
     1     1    15    10    21    23     0     0   -49.0   58.263 -155.668    798.3    883.0
     1     1    15    10    21    22     0     0   -50.0   58.411 -155.871    813.5    879.8
     1     1    15    10    21    21     0     0   -51.0   58.559 -156.039    828.7    876.7
     1     1    15    10    21    20     0     0   -52.0   58.707 -156.172    844.8    873.5
     1     1    15    10    21    19     0     0   -53.0   58.854 -156.270    862.4    870.1
     1     1    15    10    21    18     0     0   -54.0   59.001 -156.334    882.4    866.4
     1     1    15    10    21    17     0     0   -55.0   59.150 -156.372    901.0    862.6
     1     1    15    10    21    16     0     0   -56.0   59.301 -156.393    913.1    859.9
     1     1    15    10    21    15     0     0   -57.0   59.455 -156.398    918.8    857.8
     1     1    15    10    21    14     0     0   -58.0   59.612 -156.388    918.1    856.3
     1     1    15    10    21    13     0     0   -59.0   59.772 -156.361    910.8    855.3
     1     1    15    10    21    12     0     0   -60.0   59.933 -156.320    897.0    855.0
     1     1    15    10    21    11     0     0   -61.0   60.086 -156.244    883.5    855.8
     1     1    15    10    21    10     0     0   -62.0   60.221 -156.118    876.4    855.7
     1     1    15    10    21     9     0     0   -63.0   60.339 -155.945    875.3    854.8
     1     1    15    10    21     8     0     0   -64.0   60.442 -155.725    879.9    853.1
     1     1    15    10    21     7     0     0   -65.0   60.529 -155.456    889.8    850.6
     1     1    15    10    21     6     0     0   -66.0   60.602 -155.136    904.8    847.4
     1     1    15    10    21     5     0     0   -67.0   60.666 -154.776    921.7    844.4
     1     1    15    10    21     4     0     0   -68.0   60.723 -154.384    937.5    841.9
     1     1    15    10    21     3     0     0   -69.0   60.773 -153.960    951.0    839.6
     1     1    15    10    21     2     0     0   -70.0   60.816 -153.502    961.7    837.7
     1     1    15    10    21     1     0     0   -71.0   60.850 -153.006    968.9    836.2
     1     1    15    10    21     0     0     0   -72.0   60.875 -152.470    971.8    835.1
