     1     1
    CDC1    16     3     1     0     0
     1 BACKWARD OMEGA   
    16     3     6    12   60.984 -139.059   750.0
     1 PRESSURE
     1     1    16     3     6    12     0     0     0.0   60.984 -139.059    750.0    790.3
     1     1    16     3     6    11     0     0    -1.0   61.005 -138.804    776.8    787.0
     1     1    16     3     6    10     0     0    -2.0   61.018 -138.549    803.3    784.0
     1     1    16     3     6     9     0     0    -3.0   61.024 -138.296    829.7    781.1
     1     1    16     3     6     8     0     0    -4.0   61.024 -138.044    856.3    778.4
     1     1    16     3     6     7     0     0    -5.0   61.017 -137.796    883.3    775.9
     1     1    16     3     6     6     0     0    -6.0   61.003 -137.553    910.9    773.3
     1     1    16     3     6     5     0     0    -7.0   60.983 -137.314    939.1    770.0
     1     1    16     3     6     4     0     0    -8.0   60.957 -137.076    968.6    766.6
     1     1    16     3     6     3     0     0    -9.0   60.924 -136.841    998.8    763.3
     1     1    16     3     6     2     0     0   -10.0   60.883 -136.607   1029.2    760.1
     1     1    16     3     6     1     0     0   -11.0   60.834 -136.376   1059.4    757.1
     1     1    16     3     6     0     0     0   -12.0   60.775 -136.146   1088.9    754.3
     1     1    16     3     5    23     0     0   -13.0   60.709 -135.921   1117.2    751.8
     1     1    16     3     5    22     0     0   -14.0   60.635 -135.699   1143.6    749.6
     1     1    16     3     5    21     0     0   -15.0   60.557 -135.477   1168.5    747.7
     1     1    16     3     5    20     0     0   -16.0   60.474 -135.252   1192.1    745.9
     1     1    16     3     5    19     0     0   -17.0   60.389 -135.020   1214.4    744.2
     1     1    16     3     5    18     0     0   -18.0   60.301 -134.774   1234.8    742.0
     1     1    16     3     5    17     0     0   -19.0   60.198 -134.539   1249.5    740.4
     1     1    16     3     5    16     0     0   -20.0   60.072 -134.339   1254.7    740.5
     1     1    16     3     5    15     0     0   -21.0   59.927 -134.179   1252.1    742.6
     1     1    16     3     5    14     0     0   -22.0   59.765 -134.061   1243.0    746.5
     1     1    16     3     5    13     0     0   -23.0   59.586 -133.983   1228.2    751.4
     1     1    16     3     5    12     0     0   -24.0   59.390 -133.940   1209.0    757.3
     1     1    16     3     5    11     0     0   -25.0   59.179 -133.902   1186.1    763.6
     1     1    16     3     5    10     0     0   -26.0   58.956 -133.848   1158.6    770.3
     1     1    16     3     5     9     0     0   -27.0   58.719 -133.785   1126.8    777.6
     1     1    16     3     5     8     0     0   -28.0   58.470 -133.723   1090.5    785.5
     1     1    16     3     5     7     0     0   -29.0   58.208 -133.673   1049.3    794.3
     1     1    16     3     5     6     0     0   -30.0   57.932 -133.643   1002.7    804.2
     1     1    16     3     5     5     0     0   -31.0   57.654 -133.610    953.5    814.9
     1     1    16     3     5     4     0     0   -32.0   57.383 -133.540    903.7    824.5
     1     1    16     3     5     3     0     0   -33.0   57.117 -133.432    854.2    833.2
     1     1    16     3     5     2     0     0   -34.0   56.854 -133.292    805.8    841.5
     1     1    16     3     5     1     0     0   -35.0   56.594 -133.130    759.0    849.6
     1     1    16     3     5     0     0     0   -36.0   56.333 -132.956    713.9    857.6
     1     1    16     3     4    23     0     0   -37.0   56.075 -132.775    671.5    865.8
     1     1    16     3     4    22     0     0   -38.0   55.821 -132.591    631.7    873.7
     1     1    16     3     4    21     0     0   -39.0   55.574 -132.401    593.6    880.3
     1     1    16     3     4    20     0     0   -40.0   55.334 -132.205    556.3    885.9
     1     1    16     3     4    19     0     0   -41.0   55.098 -131.999    518.8    891.3
     1     1    16     3     4    18     0     0   -42.0   54.867 -131.783    480.4    895.5
     1     1    16     3     4    17     0     0   -43.0   54.632 -131.557    442.1    899.7
     1     1    16     3     4    16     0     0   -44.0   54.384 -131.321    405.1    904.4
     1     1    16     3     4    15     0     0   -45.0   54.122 -131.069    368.5    909.1
     1     1    16     3     4    14     0     0   -46.0   53.844 -130.794    331.8    913.8
     1     1    16     3     4    13     0     0   -47.0   53.550 -130.492    294.5    919.1
     1     1    16     3     4    12     0     0   -48.0   53.247 -130.159    257.0    925.0
     1     1    16     3     4    11     0     0   -49.0   52.939 -129.810    220.7    930.5
     1     1    16     3     4    10     0     0   -50.0   52.622 -129.462    186.2    934.7
     1     1    16     3     4     9     0     0   -51.0   52.286 -129.120    151.9    937.3
     1     1    16     3     4     8     0     0   -52.0   51.921 -128.792    117.6    940.7
     1     1    16     3     4     7     0     0   -53.0   51.522 -128.482     84.5    946.1
     1     1    16     3     4     6     0     0   -54.0   51.088 -128.186     55.3    951.8
     1     1    16     3     4     5     0     0   -55.0   50.634 -127.883     34.3    958.1
     1     1    16     3     4     4     0     0   -56.0   50.180 -127.549     22.4    963.7
     1     1    16     3     4     3     0     0   -57.0   49.737 -127.203     15.0    967.7
     1     1    16     3     4     2     0     0   -58.0   49.313 -126.870      8.7    973.0
     1     1    16     3     4     1     0     0   -59.0   48.905 -126.562      2.5    978.5
     1     1    16     3     4     0     0     0   -60.0   48.503 -126.285      0.0    985.2
     1     1    16     3     3    23     0     0   -61.0   48.102 -126.058      0.0    992.7
     1     1    16     3     3    22     0     0   -62.0   47.703 -125.895      0.0   1001.5
     1     1    16     3     3    21     0     0   -63.0   47.309 -125.798      0.0   1006.2
     1     1    16     3     3    20     0     0   -64.0   46.926 -125.757      0.0   1006.1
     1     1    16     3     3    19     0     0   -65.0   46.554 -125.762      0.0   1006.2
     1     1    16     3     3    18     0     0   -66.0   46.188 -125.802      0.0   1006.5
     1     1    16     3     3    17     0     0   -67.0   45.823 -125.861      0.0   1006.5
     1     1    16     3     3    16     0     0   -68.0   45.453 -125.925      0.0   1006.8
     1     1    16     3     3    15     0     0   -69.0   45.077 -126.003      0.0   1007.2
     1     1    16     3     3    14     0     0   -70.0   44.701 -126.093      0.0   1007.1
     1     1    16     3     3    13     0     0   -71.0   44.335 -126.191      0.0   1007.3
     1     1    16     3     3    12     0     0   -72.0   43.981 -126.300      0.0   1008.0
