     1     1
    CDC1    16     4     1     0     0
     1 BACKWARD OMEGA   
    16     4     5    18   60.984 -139.059   750.0
     1 PRESSURE
     1     1    16     4     5    18     0     0     0.0   60.984 -139.059    750.0    798.7
     1     1    16     4     5    17     0     0    -1.0   60.797 -139.018    672.7    809.6
     1     1    16     4     5    16     0     0    -2.0   60.599 -138.914    591.7    821.6
     1     1    16     4     5    15     0     0    -3.0   60.394 -138.737    507.5    833.4
     1     1    16     4     5    14     0     0    -4.0   60.179 -138.472    421.3    846.2
     1     1    16     4     5    13     0     0    -5.0   59.957 -138.106    336.6    859.8
     1     1    16     4     5    12     0     0    -6.0   59.735 -137.642    264.0    874.8
     1     1    16     4     5    11     0     0    -7.0   59.518 -137.171    209.2    888.1
     1     1    16     4     5    10     0     0    -8.0   59.303 -136.773    167.9    897.8
     1     1    16     4     5     9     0     0    -9.0   59.088 -136.443    135.8    907.1
     1     1    16     4     5     8     0     0   -10.0   58.872 -136.168    110.3    916.0
     1     1    16     4     5     7     0     0   -11.0   58.657 -135.937     90.2    924.6
     1     1    16     4     5     6     0     0   -12.0   58.443 -135.737     74.4    932.8
     1     1    16     4     5     5     0     0   -13.0   58.238 -135.541     61.8    938.6
     1     1    16     4     5     4     0     0   -14.0   58.049 -135.335     51.5    943.7
     1     1    16     4     5     3     0     0   -15.0   57.874 -135.129     43.1    948.1
     1     1    16     4     5     2     0     0   -16.0   57.712 -134.936     36.5    951.3
     1     1    16     4     5     1     0     0   -17.0   57.561 -134.763     31.6    953.3
     1     1    16     4     5     0     0     0   -18.0   57.416 -134.618     27.8    954.8
     1     1    16     4     4    23     0     0   -19.0   57.279 -134.497     24.6    955.7
     1     1    16     4     4    22     0     0   -20.0   57.157 -134.390     21.7    956.7
     1     1    16     4     4    21     0     0   -21.0   57.049 -134.296     19.1    957.5
     1     1    16     4     4    20     0     0   -22.0   56.957 -134.214     16.9    958.2
     1     1    16     4     4    19     0     0   -23.0   56.881 -134.142     15.0    958.7
     1     1    16     4     4    18     0     0   -24.0   56.821 -134.077     13.4    958.8
     1     1    16     4     4    17     0     0   -25.0   56.771 -134.005     12.3    958.8
     1     1    16     4     4    16     0     0   -26.0   56.723 -133.912     11.7    958.3
     1     1    16     4     4    15     0     0   -27.0   56.676 -133.795     11.5    957.3
     1     1    16     4     4    14     0     0   -28.0   56.629 -133.653     11.7    955.8
     1     1    16     4     4    13     0     0   -29.0   56.581 -133.484     12.1    953.9
     1     1    16     4     4    12     0     0   -30.0   56.532 -133.289     12.9    951.6
     1     1    16     4     4    11     0     0   -31.0   56.485 -133.080     13.6    949.8
     1     1    16     4     4    10     0     0   -32.0   56.446 -132.871     13.7    948.0
     1     1    16     4     4     9     0     0   -33.0   56.420 -132.663     13.3    946.0
     1     1    16     4     4     8     0     0   -34.0   56.408 -132.458     12.7    943.7
     1     1    16     4     4     7     0     0   -35.0   56.413 -132.262     11.8    940.4
     1     1    16     4     4     6     0     0   -36.0   56.439 -132.078     10.6    937.0
     1     1    16     4     4     5     0     0   -37.0   56.472 -131.893      9.3    933.7
     1     1    16     4     4     4     0     0   -38.0   56.500 -131.694      7.9    930.0
     1     1    16     4     4     3     0     0   -39.0   56.523 -131.485      6.6    926.2
     1     1    16     4     4     2     0     0   -40.0   56.543 -131.269      5.3    922.4
     1     1    16     4     4     1     0     0   -41.0   56.560 -131.050      4.1    918.5
     1     1    16     4     4     0     0     0   -42.0   56.576 -130.833      3.2    914.6
     1     1    16     4     3    23     0     0   -43.0   56.596 -130.631      2.4    910.8
     1     1    16     4     3    22     0     0   -44.0   56.624 -130.457      1.6    907.4
     1     1    16     4     3    21     0     0   -45.0   56.658 -130.308      0.7    904.3
     1     1    16     4     3    20     0     0   -46.0   56.698 -130.182      0.0    901.5
     1     1    16     4     3    19     0     0   -47.0   56.743 -130.077      0.0    899.0
     1     1    16     4     3    18     0     0   -48.0   56.792 -129.991      0.0    896.9
     1     1    16     4     3    17     0     0   -49.0   56.837 -129.918      0.0    895.4
     1     1    16     4     3    16     0     0   -50.0   56.868 -129.852      0.0    894.2
     1     1    16     4     3    15     0     0   -51.0   56.887 -129.795      0.0    893.5
     1     1    16     4     3    14     0     0   -52.0   56.894 -129.744      0.0    893.0
     1     1    16     4     3    13     0     0   -53.0   56.889 -129.699      0.2    892.9
     1     1    16     4     3    12     0     0   -54.0   56.874 -129.661      0.6    893.1
     1     1    16     4     3    11     0     0   -55.0   56.858 -129.638      1.0    893.3
     1     1    16     4     3    10     0     0   -56.0   56.850 -129.639      1.1    893.6
     1     1    16     4     3     9     0     0   -57.0   56.850 -129.663      1.0    893.9
     1     1    16     4     3     8     0     0   -58.0   56.858 -129.709      0.7    894.4
     1     1    16     4     3     7     0     0   -59.0   56.872 -129.776      0.1    894.9
     1     1    16     4     3     6     0     0   -60.0   56.893 -129.863      0.0    895.6
     1     1    16     4     3     5     0     0   -61.0   56.914 -129.966      0.0    896.1
     1     1    16     4     3     4     0     0   -62.0   56.928 -130.082      0.0    897.5
     1     1    16     4     3     3     0     0   -63.0   56.936 -130.211      0.0    899.6
     1     1    16     4     3     2     0     0   -64.0   56.939 -130.350      0.0    902.0
     1     1    16     4     3     1     0     0   -65.0   56.937 -130.499      0.0    904.8
     1     1    16     4     3     0     0     0   -66.0   56.930 -130.656      0.0    907.8
     1     1    16     4     2    23     0     0   -67.0   56.916 -130.816      0.0    911.3
     1     1    16     4     2    22     0     0   -68.0   56.892 -130.974      0.0    915.1
     1     1    16     4     2    21     0     0   -69.0   56.858 -131.128      0.0    919.0
     1     1    16     4     2    20     0     0   -70.0   56.816 -131.282      0.0    923.2
     1     1    16     4     2    19     0     0   -71.0   56.765 -131.434      0.0    927.6
     1     1    16     4     2    18     0     0   -72.0   56.708 -131.586      0.0    932.2
