     1     1
    CDC1    16     1     1     0     0
     1 BACKWARD OMEGA   
    16     1     8     6   60.984 -139.059   750.0
     1 PRESSURE
     1     1    16     1     8     6     0     0     0.0   60.984 -139.059    750.0    810.7
     1     1    16     1     8     5     0     0    -1.0   60.913 -139.114    751.1    811.9
     1     1    16     1     8     4     0     0    -2.0   60.829 -139.171    756.7    812.7
     1     1    16     1     8     3     0     0    -3.0   60.730 -139.231    766.7    813.2
     1     1    16     1     8     2     0     0    -4.0   60.619 -139.295    781.1    813.6
     1     1    16     1     8     1     0     0    -5.0   60.495 -139.361    800.0    813.7
     1     1    16     1     8     0     0     0    -6.0   60.357 -139.431    823.6    813.7
     1     1    16     1     7    23     0     0    -7.0   60.211 -139.492    846.9    813.2
     1     1    16     1     7    22     0     0    -8.0   60.060 -139.533    864.2    813.8
     1     1    16     1     7    21     0     0    -9.0   59.904 -139.553    875.6    816.6
     1     1    16     1     7    20     0     0   -10.0   59.745 -139.547    880.8    821.0
     1     1    16     1     7    19     0     0   -11.0   59.584 -139.513    879.7    826.2
     1     1    16     1     7    18     0     0   -12.0   59.422 -139.455    873.1    831.9
     1     1    16     1     7    17     0     0   -13.0   59.258 -139.371    861.4    838.1
     1     1    16     1     7    16     0     0   -14.0   59.093 -139.263    845.6    844.6
     1     1    16     1     7    15     0     0   -15.0   58.927 -139.136    825.1    851.6
     1     1    16     1     7    14     0     0   -16.0   58.763 -138.994    799.5    859.1
     1     1    16     1     7    13     0     0   -17.0   58.604 -138.839    768.7    866.9
     1     1    16     1     7    12     0     0   -18.0   58.452 -138.676    732.6    875.2
     1     1    16     1     7    11     0     0   -19.0   58.317 -138.499    697.8    883.6
     1     1    16     1     7    10     0     0   -20.0   58.206 -138.305    671.2    889.5
     1     1    16     1     7     9     0     0   -21.0   58.114 -138.094    653.3    893.7
     1     1    16     1     7     8     0     0   -22.0   58.039 -137.868    643.9    896.2
     1     1    16     1     7     7     0     0   -23.0   57.977 -137.628    643.2    897.1
     1     1    16     1     7     6     0     0   -24.0   57.925 -137.375    650.8    896.1
     1     1    16     1     7     5     0     0   -25.0   57.879 -137.104    662.2    893.3
     1     1    16     1     7     4     0     0   -26.0   57.836 -136.808    673.7    890.7
     1     1    16     1     7     3     0     0   -27.0   57.794 -136.487    685.9    887.7
     1     1    16     1     7     2     0     0   -28.0   57.753 -136.142    699.4    884.4
     1     1    16     1     7     1     0     0   -29.0   57.712 -135.772    715.2    880.6
     1     1    16     1     7     0     0     0   -30.0   57.669 -135.378    734.2    876.2
     1     1    16     1     6    23     0     0   -31.0   57.616 -134.977    756.0    871.6
     1     1    16     1     6    22     0     0   -32.0   57.549 -134.588    777.8    864.9
     1     1    16     1     6    21     0     0   -33.0   57.465 -134.211    799.7    858.5
     1     1    16     1     6    20     0     0   -34.0   57.365 -133.842    821.2    852.4
     1     1    16     1     6    19     0     0   -35.0   57.249 -133.479    841.7    847.0
     1     1    16     1     6    18     0     0   -36.0   57.119 -133.116    860.9    842.3
     1     1    16     1     6    17     0     0   -37.0   56.986 -132.761    877.8    837.8
     1     1    16     1     6    16     0     0   -38.0   56.861 -132.418    892.0    833.8
     1     1    16     1     6    15     0     0   -39.0   56.744 -132.087    903.1    829.3
     1     1    16     1     6    14     0     0   -40.0   56.633 -131.768    911.5    825.1
     1     1    16     1     6    13     0     0   -41.0   56.528 -131.460    917.8    821.1
     1     1    16     1     6    12     0     0   -42.0   56.426 -131.160    922.4    817.2
     1     1    16     1     6    11     0     0   -43.0   56.321 -130.855    925.3    813.5
     1     1    16     1     6    10     0     0   -44.0   56.209 -130.530    926.6    809.8
     1     1    16     1     6     9     0     0   -45.0   56.087 -130.183    926.9    806.0
     1     1    16     1     6     8     0     0   -46.0   55.957 -129.818    927.4    803.2
     1     1    16     1     6     7     0     0   -47.0   55.820 -129.440    929.4    801.2
     1     1    16     1     6     6     0     0   -48.0   55.677 -129.054    934.3    798.5
     1     1    16     1     6     5     0     0   -49.0   55.526 -128.670    941.4    795.3
     1     1    16     1     6     4     0     0   -50.0   55.368 -128.295    949.1    792.0
     1     1    16     1     6     3     0     0   -51.0   55.199 -127.923    955.7    788.7
     1     1    16     1     6     2     0     0   -52.0   55.019 -127.545    960.2    785.5
     1     1    16     1     6     1     0     0   -53.0   54.828 -127.163    962.2    785.5
     1     1    16     1     6     0     0     0   -54.0   54.630 -126.781    959.5    785.9
     1     1    16     1     5    23     0     0   -55.0   54.431 -126.399    958.7    786.6
     1     1    16     1     5    22     0     0   -56.0   54.238 -126.014    966.6    784.8
     1     1    16     1     5    21     0     0   -57.0   54.052 -125.627    983.3    781.3
     1     1    16     1     5    20     0     0   -58.0   53.872 -125.238   1008.6    776.0
     1     1    16     1     5    19     0     0   -59.0   53.702 -124.849   1042.9    770.1
     1     1    16     1     5    18     0     0   -60.0   53.541 -124.468   1085.7    764.1
     1     1    16     1     5    17     0     0   -61.0   53.391 -124.106   1130.0    757.4
     1     1    16     1     5    16     0     0   -62.0   53.251 -123.766   1167.9    751.3
     1     1    16     1     5    15     0     0   -63.0   53.119 -123.446   1198.0    745.8
     1     1    16     1     5    14     0     0   -64.0   52.995 -123.142   1219.0    740.7
     1     1    16     1     5    13     0     0   -65.0   52.875 -122.850   1229.4    736.4
     1     1    16     1     5    12     0     0   -66.0   52.762 -122.569   1228.1    733.0
     1     1    16     1     5    11     0     0   -67.0   52.641 -122.299   1221.4    730.5
     1     1    16     1     5    10     0     0   -68.0   52.500 -122.047   1215.1    727.2
     1     1    16     1     5     9     0     0   -69.0   52.338 -121.817   1211.8    727.1
     1     1    16     1     5     8     0     0   -70.0   52.156 -121.612   1210.8    727.1
     1     1    16     1     5     7     0     0   -71.0   51.956 -121.433   1212.6    727.2
     1     1    16     1     5     6     0     0   -72.0   51.741 -121.279   1217.8    727.3
