     1     1
    CDC1    15    12     1     0     0
     1 BACKWARD OMEGA   
    15    12    22    18   60.984 -139.059   750.0
     1 PRESSURE
     1     1    15    12    22    18     0     0     0.0   60.984 -139.059    750.0    787.8
     1     1    15    12    22    17     0     0    -1.0   60.871 -139.196    742.8    790.2
     1     1    15    12    22    16     0     0    -2.0   60.759 -139.318    735.8    792.6
     1     1    15    12    22    15     0     0    -3.0   60.648 -139.429    729.0    795.1
     1     1    15    12    22    14     0     0    -4.0   60.538 -139.532    722.7    797.5
     1     1    15    12    22    13     0     0    -5.0   60.427 -139.631    717.0    799.8
     1     1    15    12    22    12     0     0    -6.0   60.314 -139.731    712.2    802.2
     1     1    15    12    22    11     0     0    -7.0   60.199 -139.823    706.8    804.4
     1     1    15    12    22    10     0     0    -8.0   60.080 -139.899    700.5    806.9
     1     1    15    12    22     9     0     0    -9.0   59.957 -139.958    693.2    810.3
     1     1    15    12    22     8     0     0   -10.0   59.832 -140.001    685.0    815.2
     1     1    15    12    22     7     0     0   -11.0   59.707 -140.030    675.9    820.3
     1     1    15    12    22     6     0     0   -12.0   59.581 -140.047    666.0    825.5
     1     1    15    12    22     5     0     0   -13.0   59.457 -140.073    656.6    831.4
     1     1    15    12    22     4     0     0   -14.0   59.338 -140.126    648.5    837.0
     1     1    15    12    22     3     0     0   -15.0   59.224 -140.208    642.3    842.3
     1     1    15    12    22     2     0     0   -16.0   59.115 -140.318    638.4    847.3
     1     1    15    12    22     1     0     0   -17.0   59.011 -140.457    637.3    852.0
     1     1    15    12    22     0     0     0   -18.0   58.911 -140.626    639.5    856.3
     1     1    15    12    21    23     0     0   -19.0   58.820 -140.801    643.4    859.8
     1     1    15    12    21    22     0     0   -20.0   58.744 -140.958    646.9    862.8
     1     1    15    12    21    21     0     0   -21.0   58.684 -141.101    649.8    865.3
     1     1    15    12    21    20     0     0   -22.0   58.642 -141.231    652.0    867.2
     1     1    15    12    21    19     0     0   -23.0   58.618 -141.349    653.3    868.4
     1     1    15    12    21    18     0     0   -24.0   58.613 -141.454    653.8    869.0
     1     1    15    12    21    17     0     0   -25.0   58.622 -141.551    653.6    869.1
     1     1    15    12    21    16     0     0   -26.0   58.639 -141.646    653.4    868.8
     1     1    15    12    21    15     0     0   -27.0   58.666 -141.738    652.9    868.2
     1     1    15    12    21    14     0     0   -28.0   58.702 -141.825    652.3    867.3
     1     1    15    12    21    13     0     0   -29.0   58.747 -141.905    651.3    866.1
     1     1    15    12    21    12     0     0   -30.0   58.800 -141.976    649.8    864.5
     1     1    15    12    21    11     0     0   -31.0   58.856 -142.020    648.2    862.6
     1     1    15    12    21    10     0     0   -32.0   58.909 -142.023    646.9    860.6
     1     1    15    12    21     9     0     0   -33.0   58.956 -141.984    645.7    858.5
     1     1    15    12    21     8     0     0   -34.0   58.998 -141.902    644.5    856.4
     1     1    15    12    21     7     0     0   -35.0   59.034 -141.777    643.4    854.2
     1     1    15    12    21     6     0     0   -36.0   59.061 -141.609    642.2    852.1
     1     1    15    12    21     5     0     0   -37.0   59.081 -141.419    638.9    850.5
     1     1    15    12    21     4     0     0   -38.0   59.093 -141.226    631.7    849.8
     1     1    15    12    21     3     0     0   -39.0   59.098 -141.035    620.6    849.9
     1     1    15    12    21     2     0     0   -40.0   59.097 -140.846    605.7    850.4
     1     1    15    12    21     1     0     0   -41.0   59.091 -140.663    587.0    851.5
     1     1    15    12    21     0     0     0   -42.0   59.079 -140.487    564.4    853.2
     1     1    15    12    20    23     0     0   -43.0   59.057 -140.310    540.3    855.6
     1     1    15    12    20    22     0     0   -44.0   59.018 -140.123    516.0    858.4
     1     1    15    12    20    21     0     0   -45.0   58.961 -139.930    491.3    862.0
     1     1    15    12    20    20     0     0   -46.0   58.887 -139.738    466.3    866.7
     1     1    15    12    20    19     0     0   -47.0   58.797 -139.549    440.8    872.0
     1     1    15    12    20    18     0     0   -48.0   58.691 -139.367    414.5    877.9
     1     1    15    12    20    17     0     0   -49.0   58.577 -139.201    389.5    884.3
     1     1    15    12    20    16     0     0   -50.0   58.462 -139.057    367.9    889.9
     1     1    15    12    20    15     0     0   -51.0   58.345 -138.930    350.2    894.9
     1     1    15    12    20    14     0     0   -52.0   58.226 -138.818    336.3    899.7
     1     1    15    12    20    13     0     0   -53.0   58.105 -138.725    326.3    904.3
     1     1    15    12    20    12     0     0   -54.0   57.982 -138.655    320.4    908.6
     1     1    15    12    20    11     0     0   -55.0   57.857 -138.595    315.5    912.1
     1     1    15    12    20    10     0     0   -56.0   57.732 -138.531    309.2    916.0
     1     1    15    12    20     9     0     0   -57.0   57.608 -138.468    301.5    920.1
     1     1    15    12    20     8     0     0   -58.0   57.487 -138.408    292.5    923.9
     1     1    15    12    20     7     0     0   -59.0   57.367 -138.361    281.9    925.7
     1     1    15    12    20     6     0     0   -60.0   57.248 -138.338    269.9    927.9
     1     1    15    12    20     5     0     0   -61.0   57.126 -138.324    258.5    930.9
     1     1    15    12    20     4     0     0   -62.0   56.997 -138.307    248.9    933.5
     1     1    15    12    20     3     0     0   -63.0   56.862 -138.291    241.3    935.9
     1     1    15    12    20     2     0     0   -64.0   56.725 -138.280    235.3    938.0
     1     1    15    12    20     1     0     0   -65.0   56.587 -138.275    231.0    939.9
     1     1    15    12    20     0     0     0   -66.0   56.451 -138.280    228.3    941.4
     1     1    15    12    19    23     0     0   -67.0   56.316 -138.290    224.2    943.3
     1     1    15    12    19    22     0     0   -68.0   56.179 -138.301    216.0    946.0
     1     1    15    12    19    21     0     0   -69.0   56.040 -138.307    204.6    949.1
     1     1    15    12    19    20     0     0   -70.0   55.897 -138.305    190.4    952.3
     1     1    15    12    19    19     0     0   -71.0   55.746 -138.289    174.2    955.5
     1     1    15    12    19    18     0     0   -72.0   55.586 -138.255    156.5    959.0
