     1     1
    CDC1    15    12     1     0     0
     1 BACKWARD OMEGA   
    15    12     4    18   60.984 -139.059   750.0
     1 PRESSURE
     1     1    15    12     4    18     0     0     0.0   60.984 -139.059    750.0    794.3
     1     1    15    12     4    17     0     0    -1.0   60.842 -139.183    742.2    797.4
     1     1    15    12     4    16     0     0    -2.0   60.698 -139.283    735.3    800.3
     1     1    15    12     4    15     0     0    -3.0   60.552 -139.361    729.3    803.2
     1     1    15    12     4    14     0     0    -4.0   60.403 -139.415    724.3    806.1
     1     1    15    12     4    13     0     0    -5.0   60.249 -139.448    720.2    808.8
     1     1    15    12     4    12     0     0    -6.0   60.091 -139.459    717.3    811.4
     1     1    15    12     4    11     0     0    -7.0   59.935 -139.463    715.3    814.9
     1     1    15    12     4    10     0     0    -8.0   59.791 -139.472    713.7    819.4
     1     1    15    12     4     9     0     0    -9.0   59.662 -139.484    712.0    823.5
     1     1    15    12     4     8     0     0   -10.0   59.547 -139.500    710.1    827.2
     1     1    15    12     4     7     0     0   -11.0   59.444 -139.519    707.7    830.4
     1     1    15    12     4     6     0     0   -12.0   59.354 -139.540    704.8    833.4
     1     1    15    12     4     5     0     0   -13.0   59.270 -139.546    701.5    836.8
     1     1    15    12     4     4     0     0   -14.0   59.185 -139.514    698.1    840.1
     1     1    15    12     4     3     0     0   -15.0   59.100 -139.443    694.4    843.4
     1     1    15    12     4     2     0     0   -16.0   59.013 -139.332    690.3    846.5
     1     1    15    12     4     1     0     0   -17.0   58.923 -139.179    685.1    849.7
     1     1    15    12     4     0     0     0   -18.0   58.830 -138.982    678.1    853.1
     1     1    15    12     3    23     0     0   -19.0   58.733 -138.751    669.4    856.4
     1     1    15    12     3    22     0     0   -20.0   58.634 -138.497    660.0    859.8
     1     1    15    12     3    21     0     0   -21.0   58.531 -138.214    650.0    863.3
     1     1    15    12     3    20     0     0   -22.0   58.421 -137.899    639.8    866.8
     1     1    15    12     3    19     0     0   -23.0   58.301 -137.547    629.9    870.5
     1     1    15    12     3    18     0     0   -24.0   58.172 -137.160    620.7    873.1
     1     1    15    12     3    17     0     0   -25.0   58.030 -136.747    613.2    875.5
     1     1    15    12     3    16     0     0   -26.0   57.869 -136.314    607.4    877.9
     1     1    15    12     3    15     0     0   -27.0   57.686 -135.867    602.3    880.6
     1     1    15    12     3    14     0     0   -28.0   57.480 -135.411    597.1    883.4
     1     1    15    12     3    13     0     0   -29.0   57.247 -134.965    591.1    884.8
     1     1    15    12     3    12     0     0   -30.0   56.989 -134.549    584.1    884.3
     1     1    15    12     3    11     0     0   -31.0   56.715 -134.168    573.2    885.0
     1     1    15    12     3    10     0     0   -32.0   56.433 -133.821    554.6    888.0
     1     1    15    12     3     9     0     0   -33.0   56.145 -133.501    528.2    892.7
     1     1    15    12     3     8     0     0   -34.0   55.853 -133.204    494.0    899.3
     1     1    15    12     3     7     0     0   -35.0   55.559 -132.926    451.8    907.7
     1     1    15    12     3     6     0     0   -36.0   55.268 -132.662    401.1    918.0
     1     1    15    12     3     5     0     0   -37.0   54.984 -132.385    350.7    927.5
     1     1    15    12     3     4     0     0   -38.0   54.704 -132.084    310.9    930.3
     1     1    15    12     3     3     0     0   -39.0   54.424 -131.770    281.1    932.1
     1     1    15    12     3     2     0     0   -40.0   54.140 -131.445    258.2    933.8
     1     1    15    12     3     1     0     0   -41.0   53.847 -131.112    240.4    935.6
     1     1    15    12     3     0     0     0   -42.0   53.538 -130.774    226.5    938.0
     1     1    15    12     2    23     0     0   -43.0   53.212 -130.445    214.1    941.4
     1     1    15    12     2    22     0     0   -44.0   52.875 -130.126    201.3    946.3
     1     1    15    12     2    21     0     0   -45.0   52.530 -129.804    188.3    950.1
     1     1    15    12     2    20     0     0   -46.0   52.180 -129.486    174.0    950.3
     1     1    15    12     2    19     0     0   -47.0   51.830 -129.189    158.4    951.6
     1     1    15    12     2    18     0     0   -48.0   51.482 -128.917    142.4    953.9
     1     1    15    12     2    17     0     0   -49.0   51.146 -128.689    126.7    957.1
     1     1    15    12     2    16     0     0   -50.0   50.834 -128.506    111.6    960.9
     1     1    15    12     2    15     0     0   -51.0   50.549 -128.345     97.7    965.0
     1     1    15    12     2    14     0     0   -52.0   50.296 -128.189     85.4    968.8
     1     1    15    12     2    13     0     0   -53.0   50.079 -128.026     74.9    971.9
     1     1    15    12     2    12     0     0   -54.0   49.900 -127.853     66.4    973.5
     1     1    15    12     2    11     0     0   -55.0   49.743 -127.704     59.7    974.3
     1     1    15    12     2    10     0     0   -56.0   49.591 -127.607     54.1    975.7
     1     1    15    12     2     9     0     0   -57.0   49.441 -127.563     49.2    977.8
     1     1    15    12     2     8     0     0   -58.0   49.291 -127.576     44.9    980.4
     1     1    15    12     2     7     0     0   -59.0   49.143 -127.649     40.8    983.5
     1     1    15    12     2     6     0     0   -60.0   49.001 -127.790     36.6    987.0
     1     1    15    12     2     5     0     0   -61.0   48.848 -127.961     32.3    990.5
     1     1    15    12     2     4     0     0   -62.0   48.666 -128.117     27.9    994.1
     1     1    15    12     2     3     0     0   -63.0   48.453 -128.269     23.9    997.6
     1     1    15    12     2     2     0     0   -64.0   48.208 -128.425     20.5   1001.0
     1     1    15    12     2     1     0     0   -65.0   47.927 -128.602     17.5   1004.3
     1     1    15    12     2     0     0     0   -66.0   47.610 -128.817     14.9   1007.1
     1     1    15    12     1    23     0     0   -67.0   47.270 -129.057     12.8   1008.3
     1     1    15    12     1    22     0     0   -68.0   46.921 -129.281     11.1   1008.0
     1     1    15    12     1    21     0     0   -69.0   46.563 -129.481      9.9   1007.1
     1     1    15    12     1    20     0     0   -70.0   46.196 -129.656      9.1   1005.8
     1     1    15    12     1    19     0     0   -71.0   45.820 -129.804      8.9   1004.3
     1     1    15    12     1    18     0     0   -72.0   45.434 -129.926      9.5   1002.6
