     1     1
    CDC1    16     4     1     0     0
     1 BACKWARD OMEGA   
    16     4    30     0   60.984 -139.059   750.0
     1 PRESSURE
     1     1    16     4    30     0     0     0     0.0   60.984 -139.059    750.0    813.6
     1     1    16     4    29    23     0     0    -1.0   60.817 -139.133    707.3    820.9
     1     1    16     4    29    22     0     0    -2.0   60.646 -139.218    665.6    828.4
     1     1    16     4    29    21     0     0    -3.0   60.469 -139.316    624.5    836.2
     1     1    16     4    29    20     0     0    -4.0   60.289 -139.429    584.5    843.8
     1     1    16     4    29    19     0     0    -5.0   60.105 -139.553    546.5    851.0
     1     1    16     4    29    18     0     0    -6.0   59.917 -139.687    511.5    859.5
     1     1    16     4    29    17     0     0    -7.0   59.730 -139.804    479.9    869.2
     1     1    16     4    29    16     0     0    -8.0   59.547 -139.884    451.2    878.4
     1     1    16     4    29    15     0     0    -9.0   59.370 -139.936    424.9    887.2
     1     1    16     4    29    14     0     0   -10.0   59.200 -139.966    400.4    895.6
     1     1    16     4    29    13     0     0   -11.0   59.040 -139.980    377.4    903.6
     1     1    16     4    29    12     0     0   -12.0   58.890 -139.982    355.6    910.4
     1     1    16     4    29    11     0     0   -13.0   58.741 -139.993    333.7    917.4
     1     1    16     4    29    10     0     0   -14.0   58.584 -140.026    310.3    925.2
     1     1    16     4    29     9     0     0   -15.0   58.416 -140.079    285.4    933.9
     1     1    16     4    29     8     0     0   -16.0   58.238 -140.148    258.9    943.5
     1     1    16     4    29     7     0     0   -17.0   58.047 -140.231    230.5    954.1
     1     1    16     4    29     6     0     0   -18.0   57.841 -140.324    200.0    966.0
     1     1    16     4    29     5     0     0   -19.0   57.625 -140.420    169.0    977.1
     1     1    16     4    29     4     0     0   -20.0   57.402 -140.520    140.7    985.0
     1     1    16     4    29     3     0     0   -21.0   57.176 -140.637    116.8    988.6
     1     1    16     4    29     2     0     0   -22.0   56.947 -140.773     97.7    991.8
     1     1    16     4    29     1     0     0   -23.0   56.715 -140.933     82.8    994.6
     1     1    16     4    29     0     0     0   -24.0   56.482 -141.124     71.2    996.6
     1     1    16     4    28    23     0     0   -25.0   56.245 -141.336     61.7    997.9
     1     1    16     4    28    22     0     0   -26.0   56.007 -141.563     53.6    999.0
     1     1    16     4    28    21     0     0   -27.0   55.765 -141.821     46.9    999.6
     1     1    16     4    28    20     0     0   -28.0   55.520 -142.124     41.3    999.7
     1     1    16     4    28    19     0     0   -29.0   55.267 -142.491     36.7    999.2
     1     1    16     4    28    18     0     0   -30.0   55.006 -142.957     32.9    998.0
     1     1    16     4    28    17     0     0   -31.0   54.744 -143.523     30.3    997.8
     1     1    16     4    28    16     0     0   -32.0   54.485 -144.153     28.5    997.3
     1     1    16     4    28    15     0     0   -33.0   54.226 -144.832     26.9    997.0
     1     1    16     4    28    14     0     0   -34.0   53.968 -145.533     24.9    996.6
     1     1    16     4    28    13     0     0   -35.0   53.710 -146.233     22.1    996.6
     1     1    16     4    28    12     0     0   -36.0   53.453 -146.924     18.6    997.3
     1     1    16     4    28    11     0     0   -37.0   53.190 -147.581     15.2    998.7
     1     1    16     4    28    10     0     0   -38.0   52.926 -148.196     12.6   1001.0
     1     1    16     4    28     9     0     0   -39.0   52.664 -148.799     11.0   1003.3
     1     1    16     4    28     8     0     0   -40.0   52.400 -149.409     10.0   1004.8
     1     1    16     4    28     7     0     0   -41.0   52.129 -150.028      9.4   1004.8
     1     1    16     4    28     6     0     0   -42.0   51.855 -150.650      9.1   1004.5
     1     1    16     4    28     5     0     0   -43.0   51.588 -151.267      8.5   1004.1
     1     1    16     4    28     4     0     0   -44.0   51.326 -151.872      7.1   1003.7
     1     1    16     4    28     3     0     0   -45.0   51.070 -152.480      5.0   1003.3
     1     1    16     4    28     2     0     0   -46.0   50.820 -153.099      2.9   1001.5
     1     1    16     4    28     1     0     0   -47.0   50.574 -153.732      1.3    999.7
     1     1    16     4    28     0     0     0   -48.0   50.331 -154.379      0.3    997.8
     1     1    16     4    27    23     0     0   -49.0   50.086 -155.039      0.0    995.6
     1     1    16     4    27    22     0     0   -50.0   49.836 -155.707      0.0    994.6
     1     1    16     4    27    21     0     0   -51.0   49.582 -156.374      0.1    994.4
     1     1    16     4    27    20     0     0   -52.0   49.323 -157.033      0.2    994.5
     1     1    16     4    27    19     0     0   -53.0   49.057 -157.684      0.5    995.4
     1     1    16     4    27    18     0     0   -54.0   48.782 -158.326      0.8    997.2
     1     1    16     4    27    17     0     0   -55.0   48.501 -158.961      1.2    998.7
     1     1    16     4    27    16     0     0   -56.0   48.221 -159.598      1.4    999.9
     1     1    16     4    27    15     0     0   -57.0   47.939 -160.247      1.4   1000.3
     1     1    16     4    27    14     0     0   -58.0   47.650 -160.906      1.0    999.2
     1     1    16     4    27    13     0     0   -59.0   47.347 -161.565      0.6    997.4
     1     1    16     4    27    12     0     0   -60.0   47.026 -162.201      0.4    995.6
     1     1    16     4    27    11     0     0   -61.0   46.696 -162.813      0.5    994.2
     1     1    16     4    27    10     0     0   -62.0   46.371 -163.419      0.6    993.9
     1     1    16     4    27     9     0     0   -63.0   46.059 -164.033      0.7    994.0
     1     1    16     4    27     8     0     0   -64.0   45.758 -164.651      0.9    994.6
     1     1    16     4    27     7     0     0   -65.0   45.463 -165.270      1.2    995.8
     1     1    16     4    27     6     0     0   -66.0   45.174 -165.890      1.5    997.2
     1     1    16     4    27     5     0     0   -67.0   44.884 -166.508      1.9    997.7
     1     1    16     4    27     4     0     0   -68.0   44.595 -167.132      2.3    997.8
     1     1    16     4    27     3     0     0   -69.0   44.319 -167.782      2.8    997.3
     1     1    16     4    27     2     0     0   -70.0   44.059 -168.458      3.2    996.4
     1     1    16     4    27     1     0     0   -71.0   43.808 -169.150      3.6    995.6
     1     1    16     4    27     0     0     0   -72.0   43.555 -169.841      4.0    994.8
