     1     1
    CDC1    16     2     1     0     0
     1 BACKWARD OMEGA   
    16     2    15    12   60.984 -139.059   750.0
     1 PRESSURE
     1     1    16     2    15    12     0     0     0.0   60.984 -139.059    750.0    801.7
     1     1    16     2    15    11     0     0    -1.0   60.903 -139.443    715.4    806.7
     1     1    16     2    15    10     0     0    -2.0   60.816 -139.808    679.5    812.2
     1     1    16     2    15     9     0     0    -3.0   60.722 -140.152    642.9    818.5
     1     1    16     2    15     8     0     0    -4.0   60.620 -140.474    606.2    825.7
     1     1    16     2    15     7     0     0    -5.0   60.511 -140.768    570.0    832.3
     1     1    16     2    15     6     0     0    -6.0   60.394 -141.030    535.4    839.0
     1     1    16     2    15     5     0     0    -7.0   60.275 -141.242    503.7    845.7
     1     1    16     2    15     4     0     0    -8.0   60.161 -141.390    474.9    851.6
     1     1    16     2    15     3     0     0    -9.0   60.051 -141.480    448.5    857.1
     1     1    16     2    15     2     0     0   -10.0   59.944 -141.520    424.5    862.9
     1     1    16     2    15     1     0     0   -11.0   59.842 -141.524    403.0    868.9
     1     1    16     2    15     0     0     0   -12.0   59.743 -141.499    383.8    874.4
     1     1    16     2    14    23     0     0   -13.0   59.638 -141.458    363.2    879.5
     1     1    16     2    14    22     0     0   -14.0   59.519 -141.412    338.9    885.6
     1     1    16     2    14    21     0     0   -15.0   59.387 -141.362    311.7    892.6
     1     1    16     2    14    20     0     0   -16.0   59.243 -141.306    282.6    900.3
     1     1    16     2    14    19     0     0   -17.0   59.088 -141.241    252.6    908.7
     1     1    16     2    14    18     0     0   -18.0   58.924 -141.163    222.6    917.5
     1     1    16     2    14    17     0     0   -19.0   58.748 -141.072    194.9    926.7
     1     1    16     2    14    16     0     0   -20.0   58.556 -140.968    171.0    935.0
     1     1    16     2    14    15     0     0   -21.0   58.342 -140.852    150.1    943.9
     1     1    16     2    14    14     0     0   -22.0   58.104 -140.730    132.1    953.5
     1     1    16     2    14    13     0     0   -23.0   57.838 -140.608    116.7    964.0
     1     1    16     2    14    12     0     0   -24.0   57.538 -140.495    103.8    975.6
     1     1    16     2    14    11     0     0   -25.0   57.227 -140.384     91.8    979.1
     1     1    16     2    14    10     0     0   -26.0   56.930 -140.260     80.0    981.7
     1     1    16     2    14     9     0     0   -27.0   56.645 -140.119     68.6    984.1
     1     1    16     2    14     8     0     0   -28.0   56.370 -139.959     58.0    986.2
     1     1    16     2    14     7     0     0   -29.0   56.105 -139.784     49.3    988.5
     1     1    16     2    14     6     0     0   -30.0   55.851 -139.601     43.3    990.9
     1     1    16     2    14     5     0     0   -31.0   55.609 -139.441     39.1    992.6
     1     1    16     2    14     4     0     0   -32.0   55.382 -139.335     35.6    994.4
     1     1    16     2    14     3     0     0   -33.0   55.168 -139.291     32.8    995.9
     1     1    16     2    14     2     0     0   -34.0   54.964 -139.317     30.9    996.6
     1     1    16     2    14     1     0     0   -35.0   54.767 -139.420     29.8    995.6
     1     1    16     2    14     0     0     0   -36.0   54.575 -139.611     29.4    994.4
     1     1    16     2    13    23     0     0   -37.0   54.377 -139.830     29.2    993.6
     1     1    16     2    13    22     0     0   -38.0   54.165 -140.010     29.0    992.8
     1     1    16     2    13    21     0     0   -39.0   53.940 -140.162     28.8    992.3
     1     1    16     2    13    20     0     0   -40.0   53.702 -140.299     28.8    991.6
     1     1    16     2    13    19     0     0   -41.0   53.452 -140.441     29.1    990.7
     1     1    16     2    13    18     0     0   -42.0   53.189 -140.607     29.9    989.6
     1     1    16     2    13    17     0     0   -43.0   52.911 -140.794     30.8    989.1
     1     1    16     2    13    16     0     0   -44.0   52.614 -140.970     31.3    988.7
     1     1    16     2    13    15     0     0   -45.0   52.302 -141.113     31.6    989.2
     1     1    16     2    13    14     0     0   -46.0   51.980 -141.209     31.5    990.2
     1     1    16     2    13    13     0     0   -47.0   51.652 -141.273     30.9    990.9
     1     1    16     2    13    12     0     0   -48.0   51.317 -141.329     29.8    991.6
     1     1    16     2    13    11     0     0   -49.0   50.980 -141.403     28.5    993.4
     1     1    16     2    13    10     0     0   -50.0   50.639 -141.491     27.5    995.1
     1     1    16     2    13     9     0     0   -51.0   50.290 -141.570     26.5    996.7
     1     1    16     2    13     8     0     0   -52.0   49.923 -141.616     25.4    998.1
     1     1    16     2    13     7     0     0   -53.0   49.536 -141.604     23.9    999.0
     1     1    16     2    13     6     0     0   -54.0   49.123 -141.526     22.0    999.9
     1     1    16     2    13     5     0     0   -55.0   48.706 -141.457     20.2   1001.3
     1     1    16     2    13     4     0     0   -56.0   48.308 -141.456     18.9   1002.5
     1     1    16     2    13     3     0     0   -57.0   47.926 -141.506     18.0   1003.5
     1     1    16     2    13     2     0     0   -58.0   47.555 -141.586     17.4   1004.5
     1     1    16     2    13     1     0     0   -59.0   47.191 -141.677     16.8   1004.8
     1     1    16     2    13     0     0     0   -60.0   46.826 -141.758     15.9   1005.0
     1     1    16     2    12    23     0     0   -61.0   46.468 -141.862     14.9   1004.7
     1     1    16     2    12    22     0     0   -62.0   46.133 -142.021     13.8   1004.6
     1     1    16     2    12    21     0     0   -63.0   45.823 -142.238     12.9   1004.8
     1     1    16     2    12    20     0     0   -64.0   45.546 -142.512     12.3   1005.2
     1     1    16     2    12    19     0     0   -65.0   45.303 -142.834     12.3   1006.1
     1     1    16     2    12    18     0     0   -66.0   45.091 -143.186     13.3   1007.4
     1     1    16     2    12    17     0     0   -67.0   44.893 -143.547     15.3   1006.8
     1     1    16     2    12    16     0     0   -68.0   44.693 -143.917     18.1   1006.2
     1     1    16     2    12    15     0     0   -69.0   44.498 -144.313     21.6   1005.5
     1     1    16     2    12    14     0     0   -70.0   44.315 -144.751     25.9   1004.9
     1     1    16     2    12    13     0     0   -71.0   44.148 -145.242     31.3   1003.9
     1     1    16     2    12    12     0     0   -72.0   44.000 -145.782     38.3   1002.9
