     1     1
    CDC1    16     4     1     0     0
     1 BACKWARD OMEGA   
    16     4    16     6   60.984 -139.059   750.0
     1 PRESSURE
     1     1    16     4    16     6     0     0     0.0   60.984 -139.059    750.0    807.1
     1     1    16     4    16     5     0     0    -1.0   60.762 -138.941    726.7    812.7
     1     1    16     4    16     4     0     0    -2.0   60.536 -138.807    697.5    819.5
     1     1    16     4    16     3     0     0    -3.0   60.302 -138.655    662.7    827.0
     1     1    16     4    16     2     0     0    -4.0   60.060 -138.484    622.8    835.2
     1     1    16     4    16     1     0     0    -5.0   59.809 -138.302    580.4    846.6
     1     1    16     4    16     0     0     0    -6.0   59.553 -138.118    537.6    858.7
     1     1    16     4    15    23     0     0    -7.0   59.297 -137.946    498.7    870.4
     1     1    16     4    15    22     0     0    -8.0   59.046 -137.790    466.4    881.0
     1     1    16     4    15    21     0     0    -9.0   58.803 -137.643    439.2    890.9
     1     1    16     4    15    20     0     0   -10.0   58.569 -137.497    416.0    900.1
     1     1    16     4    15    19     0     0   -11.0   58.347 -137.345    395.5    908.2
     1     1    16     4    15    18     0     0   -12.0   58.138 -137.181    376.7    915.6
     1     1    16     4    15    17     0     0   -13.0   57.939 -137.011    358.2    922.2
     1     1    16     4    15    16     0     0   -14.0   57.747 -136.843    339.4    928.7
     1     1    16     4    15    15     0     0   -15.0   57.563 -136.684    320.9    935.0
     1     1    16     4    15    14     0     0   -16.0   57.384 -136.539    302.9    939.3
     1     1    16     4    15    13     0     0   -17.0   57.207 -136.417    285.8    942.9
     1     1    16     4    15    12     0     0   -18.0   57.032 -136.320    270.6    946.6
     1     1    16     4    15    11     0     0   -19.0   56.859 -136.243    257.7    950.5
     1     1    16     4    15    10     0     0   -20.0   56.688 -136.184    247.2    954.2
     1     1    16     4    15     9     0     0   -21.0   56.519 -136.142    239.2    957.8
     1     1    16     4    15     8     0     0   -22.0   56.350 -136.117    233.6    961.1
     1     1    16     4    15     7     0     0   -23.0   56.182 -136.109    230.2    964.2
     1     1    16     4    15     6     0     0   -24.0   56.014 -136.118    229.1    967.1
     1     1    16     4    15     5     0     0   -25.0   55.846 -136.135    228.0    969.6
     1     1    16     4    15     4     0     0   -26.0   55.680 -136.150    224.8    972.5
     1     1    16     4    15     3     0     0   -27.0   55.518 -136.164    219.2    975.8
     1     1    16     4    15     2     0     0   -28.0   55.357 -136.177    211.2    979.4
     1     1    16     4    15     1     0     0   -29.0   55.199 -136.190    200.6    983.3
     1     1    16     4    15     0     0     0   -30.0   55.043 -136.204    187.4    987.2
     1     1    16     4    14    23     0     0   -31.0   54.888 -136.229    173.6    989.5
     1     1    16     4    14    22     0     0   -32.0   54.733 -136.274    161.5    990.7
     1     1    16     4    14    21     0     0   -33.0   54.578 -136.339    151.1    991.7
     1     1    16     4    14    20     0     0   -34.0   54.423 -136.423    142.0    992.6
     1     1    16     4    14    19     0     0   -35.0   54.268 -136.524    134.0    993.3
     1     1    16     4    14    18     0     0   -36.0   54.113 -136.642    126.9    993.9
     1     1    16     4    14    17     0     0   -37.0   53.963 -136.760    121.4    994.4
     1     1    16     4    14    16     0     0   -38.0   53.824 -136.862    118.2    994.4
     1     1    16     4    14    15     0     0   -39.0   53.699 -136.948    117.2    994.2
     1     1    16     4    14    14     0     0   -40.0   53.587 -137.016    118.1    993.7
     1     1    16     4    14    13     0     0   -41.0   53.490 -137.067    120.9    993.0
     1     1    16     4    14    12     0     0   -42.0   53.410 -137.101    125.5    992.2
     1     1    16     4    14    11     0     0   -43.0   53.339 -137.114    130.7    991.2
     1     1    16     4    14    10     0     0   -44.0   53.271 -137.106    135.0    990.5
     1     1    16     4    14     9     0     0   -45.0   53.208 -137.073    138.7    989.9
     1     1    16     4    14     8     0     0   -46.0   53.149 -137.014    141.7    989.5
     1     1    16     4    14     7     0     0   -47.0   53.094 -136.925    144.5    989.2
     1     1    16     4    14     6     0     0   -48.0   53.043 -136.803    147.2    989.0
     1     1    16     4    14     5     0     0   -49.0   52.999 -136.643    150.1    988.7
     1     1    16     4    14     4     0     0   -50.0   52.963 -136.436    153.3    988.6
     1     1    16     4    14     3     0     0   -51.0   52.932 -136.180    157.2    988.7
     1     1    16     4    14     2     0     0   -52.0   52.903 -135.870    162.0    988.8
     1     1    16     4    14     1     0     0   -53.0   52.871 -135.502    168.2    989.0
     1     1    16     4    14     0     0     0   -54.0   52.830 -135.070    176.0    989.3
     1     1    16     4    13    23     0     0   -55.0   52.780 -134.590    185.5    987.9
     1     1    16     4    13    22     0     0   -56.0   52.724 -134.085    196.1    986.4
     1     1    16     4    13    21     0     0   -57.0   52.660 -133.556    207.4    984.8
     1     1    16     4    13    20     0     0   -58.0   52.581 -133.000    218.5    983.5
     1     1    16     4    13    19     0     0   -59.0   52.482 -132.421    228.6    981.8
     1     1    16     4    13    18     0     0   -60.0   52.351 -131.835    234.2    974.8
     1     1    16     4    13    17     0     0   -61.0   52.170 -131.278    235.5    969.8
     1     1    16     4    13    16     0     0   -62.0   51.936 -130.769    234.3    966.4
     1     1    16     4    13    15     0     0   -63.0   51.652 -130.304    230.1    965.2
     1     1    16     4    13    14     0     0   -64.0   51.327 -129.885    222.6    965.3
     1     1    16     4    13    13     0     0   -65.0   50.975 -129.513    212.0    965.1
     1     1    16     4    13    12     0     0   -66.0   50.615 -129.189    198.9    966.9
     1     1    16     4    13    11     0     0   -67.0   50.261 -128.917    183.3    969.2
     1     1    16     4    13    10     0     0   -68.0   49.925 -128.711    166.5    972.6
     1     1    16     4    13     9     0     0   -69.0   49.606 -128.579    149.4    976.7
     1     1    16     4    13     8     0     0   -70.0   49.305 -128.523    132.7    981.8
     1     1    16     4    13     7     0     0   -71.0   49.025 -128.539    116.6    987.5
     1     1    16     4    13     6     0     0   -72.0   48.767 -128.628    101.3    993.5
