     1     1
    CDC1    15    10     1     0     0
     1 BACKWARD OMEGA   
    15    10     5     0   60.984 -139.059   750.0
     1 PRESSURE
     1     1    15    10     5     0     0     0     0.0   60.984 -139.059    750.0    820.0
     1     1    15    10     4    23     0     0    -1.0   61.047 -139.196    771.5    816.8
     1     1    15    10     4    22     0     0    -2.0   61.125 -139.362    794.9    813.2
     1     1    15    10     4    21     0     0    -3.0   61.218 -139.560    819.9    809.2
     1     1    15    10     4    20     0     0    -4.0   61.327 -139.787    846.3    804.8
     1     1    15    10     4    19     0     0    -5.0   61.451 -140.046    874.0    800.3
     1     1    15    10     4    18     0     0    -6.0   61.591 -140.336    902.8    795.6
     1     1    15    10     4    17     0     0    -7.0   61.734 -140.667    930.5    790.7
     1     1    15    10     4    16     0     0    -8.0   61.868 -141.048    955.7    786.5
     1     1    15    10     4    15     0     0    -9.0   61.992 -141.480    978.3    782.9
     1     1    15    10     4    14     0     0   -10.0   62.105 -141.966    998.4    779.8
     1     1    15    10     4    13     0     0   -11.0   62.208 -142.508   1016.1    777.3
     1     1    15    10     4    12     0     0   -12.0   62.299 -143.105   1031.9    776.7
     1     1    15    10     4    11     0     0   -13.0   62.381 -143.729   1044.8    776.5
     1     1    15    10     4    10     0     0   -14.0   62.462 -144.354   1053.7    776.6
     1     1    15    10     4     9     0     0   -15.0   62.542 -144.978   1057.6    778.9
     1     1    15    10     4     8     0     0   -16.0   62.617 -145.596   1055.0    784.5
     1     1    15    10     4     7     0     0   -17.0   62.684 -146.206   1042.8    790.8
     1     1    15    10     4     6     0     0   -18.0   62.741 -146.807   1019.3    797.8
     1     1    15    10     4     5     0     0   -19.0   62.772 -147.389    987.3    805.7
     1     1    15    10     4     4     0     0   -20.0   62.766 -147.939    951.3    813.4
     1     1    15    10     4     3     0     0   -21.0   62.723 -148.453    913.8    820.5
     1     1    15    10     4     2     0     0   -22.0   62.643 -148.927    875.9    826.6
     1     1    15    10     4     1     0     0   -23.0   62.530 -149.359    838.3    831.9
     1     1    15    10     4     0     0     0   -24.0   62.388 -149.748    802.9    840.0
     1     1    15    10     3    23     0     0   -25.0   62.222 -150.092    765.4    849.3
     1     1    15    10     3    22     0     0   -26.0   62.040 -150.392    720.8    859.3
     1     1    15    10     3    21     0     0   -27.0   61.843 -150.649    670.3    869.8
     1     1    15    10     3    20     0     0   -28.0   61.637 -150.860    614.2    880.9
     1     1    15    10     3    19     0     0   -29.0   61.424 -151.024    553.0    891.4
     1     1    15    10     3    18     0     0   -30.0   61.208 -151.139    487.9    902.5
     1     1    15    10     3    17     0     0   -31.0   60.993 -151.199    422.3    914.3
     1     1    15    10     3    16     0     0   -32.0   60.782 -151.202    360.3    925.4
     1     1    15    10     3    15     0     0   -33.0   60.579 -151.154    304.1    935.1
     1     1    15    10     3    14     0     0   -34.0   60.387 -151.057    255.5    944.4
     1     1    15    10     3    13     0     0   -35.0   60.203 -150.915    215.0    953.2
     1     1    15    10     3    12     0     0   -36.0   60.027 -150.733    182.2    960.8
     1     1    15    10     3    11     0     0   -37.0   59.863 -150.530    155.8    967.9
     1     1    15    10     3    10     0     0   -38.0   59.718 -150.327    134.7    974.3
     1     1    15    10     3     9     0     0   -39.0   59.589 -150.128    118.0    980.2
     1     1    15    10     3     8     0     0   -40.0   59.472 -149.936    104.8    985.4
     1     1    15    10     3     7     0     0   -41.0   59.367 -149.754     94.4    989.7
     1     1    15    10     3     6     0     0   -42.0   59.270 -149.582     86.4    993.6
     1     1    15    10     3     5     0     0   -43.0   59.171 -149.423     79.9    997.1
     1     1    15    10     3     4     0     0   -44.0   59.061 -149.280     74.3   1000.9
     1     1    15    10     3     3     0     0   -45.0   58.939 -149.157     69.6   1004.6
     1     1    15    10     3     2     0     0   -46.0   58.806 -149.057     65.5   1008.5
     1     1    15    10     3     1     0     0   -47.0   58.661 -148.981     62.0   1012.6
     1     1    15    10     3     0     0     0   -48.0   58.507 -148.935     59.0   1016.9
     1     1    15    10     2    23     0     0   -49.0   58.341 -148.922     56.4   1021.1
     1     1    15    10     2    22     0     0   -50.0   58.163 -148.944     53.9   1025.5
     1     1    15    10     2    21     0     0   -51.0   57.971 -149.004     51.6   1030.0
     1     1    15    10     2    20     0     0   -52.0   57.764 -149.104     49.3   1034.7
     1     1    15    10     2    19     0     0   -53.0   57.540 -149.244     47.3   1039.4
     1     1    15    10     2    18     0     0   -54.0   57.302 -149.414     45.2   1037.8
     1     1    15    10     2    17     0     0   -55.0   57.058 -149.592     42.9   1035.0
     1     1    15    10     2    16     0     0   -56.0   56.812 -149.771     40.4   1032.3
     1     1    15    10     2    15     0     0   -57.0   56.563 -149.950     37.4   1029.8
     1     1    15    10     2    14     0     0   -58.0   56.313 -150.127     33.9   1027.5
     1     1    15    10     2    13     0     0   -59.0   56.062 -150.301     30.0   1025.6
     1     1    15    10     2    12     0     0   -60.0   55.811 -150.471     25.8   1024.1
     1     1    15    10     2    11     0     0   -61.0   55.567 -150.628     21.8   1023.0
     1     1    15    10     2    10     0     0   -62.0   55.336 -150.768     18.5   1022.1
     1     1    15    10     2     9     0     0   -63.0   55.117 -150.890     15.7   1021.3
     1     1    15    10     2     8     0     0   -64.0   54.914 -150.990     13.4   1022.0
     1     1    15    10     2     7     0     0   -65.0   54.732 -151.064     11.6   1024.0
     1     1    15    10     2     6     0     0   -66.0   54.574 -151.111     10.2   1025.7
     1     1    15    10     2     5     0     0   -67.0   54.439 -151.136      9.2   1026.6
     1     1    15    10     2     4     0     0   -68.0   54.327 -151.143      8.5   1027.3
     1     1    15    10     2     3     0     0   -69.0   54.238 -151.132      8.2   1027.7
     1     1    15    10     2     2     0     0   -70.0   54.173 -151.105      8.2   1028.0
     1     1    15    10     2     1     0     0   -71.0   54.130 -151.064      8.5   1028.0
     1     1    15    10     2     0     0     0   -72.0   54.109 -151.010      9.2   1027.9
