     1     1
    CDC1    15    11     1     0     0
     1 BACKWARD OMEGA   
    15    11    18    12   60.984 -139.059   750.0
     1 PRESSURE
     1     1    15    11    18    12     0     0     0.0   60.984 -139.059    750.0    797.9
     1     1    15    11    18    11     0     0    -1.0   60.963 -139.100    713.8    801.7
     1     1    15    11    18    10     0     0    -2.0   60.944 -139.123    681.6    804.8
     1     1    15    11    18     9     0     0    -3.0   60.927 -139.130    653.2    807.6
     1     1    15    11    18     8     0     0    -4.0   60.911 -139.123    628.7    810.0
     1     1    15    11    18     7     0     0    -5.0   60.895 -139.101    607.7    811.9
     1     1    15    11    18     6     0     0    -6.0   60.878 -139.068    590.3    813.2
     1     1    15    11    18     5     0     0    -7.0   60.861 -139.028    573.8    814.3
     1     1    15    11    18     4     0     0    -8.0   60.847 -138.988    555.9    815.8
     1     1    15    11    18     3     0     0    -9.0   60.836 -138.948    536.8    817.4
     1     1    15    11    18     2     0     0   -10.0   60.827 -138.908    516.6    819.2
     1     1    15    11    18     1     0     0   -11.0   60.822 -138.867    495.4    821.0
     1     1    15    11    18     0     0     0   -12.0   60.821 -138.827    473.5    822.9
     1     1    15    11    17    23     0     0   -13.0   60.818 -138.786    451.3    824.8
     1     1    15    11    17    22     0     0   -14.0   60.809 -138.747    429.5    826.8
     1     1    15    11    17    21     0     0   -15.0   60.793 -138.710    407.9    829.0
     1     1    15    11    17    20     0     0   -16.0   60.770 -138.677    386.3    831.3
     1     1    15    11    17    19     0     0   -17.0   60.740 -138.648    364.7    833.7
     1     1    15    11    17    18     0     0   -18.0   60.701 -138.623    343.4    835.8
     1     1    15    11    17    17     0     0   -19.0   60.661 -138.606    321.4    838.6
     1     1    15    11    17    16     0     0   -20.0   60.627 -138.598    297.6    841.7
     1     1    15    11    17    15     0     0   -21.0   60.598 -138.598    272.7    844.9
     1     1    15    11    17    14     0     0   -22.0   60.575 -138.607    247.2    848.3
     1     1    15    11    17    13     0     0   -23.0   60.559 -138.623    221.8    851.7
     1     1    15    11    17    12     0     0   -24.0   60.549 -138.647    196.9    855.1
     1     1    15    11    17    11     0     0   -25.0   60.547 -138.663    175.3    857.2
     1     1    15    11    17    10     0     0   -26.0   60.555 -138.660    158.8    858.2
     1     1    15    11    17     9     0     0   -27.0   60.571 -138.635    146.5    858.7
     1     1    15    11    17     8     0     0   -28.0   60.597 -138.586    137.6    858.6
     1     1    15    11    17     7     0     0   -29.0   60.632 -138.512    131.7    858.0
     1     1    15    11    17     6     0     0   -30.0   60.675 -138.409    128.2    857.0
     1     1    15    11    17     5     0     0   -31.0   60.727 -138.283    126.5    856.3
     1     1    15    11    17     4     0     0   -32.0   60.789 -138.147    126.0    855.3
     1     1    15    11    17     3     0     0   -33.0   60.859 -138.002    126.8    854.0
     1     1    15    11    17     2     0     0   -34.0   60.937 -137.849    128.9    852.4
     1     1    15    11    17     1     0     0   -35.0   61.021 -137.692    132.3    850.6
     1     1    15    11    17     0     0     0   -36.0   61.112 -137.535    137.1    848.6
     1     1    15    11    16    23     0     0   -37.0   61.197 -137.366    142.7    846.5
     1     1    15    11    16    22     0     0   -38.0   61.268 -137.176    148.5    844.7
     1     1    15    11    16    21     0     0   -39.0   61.323 -136.964    154.7    843.0
     1     1    15    11    16    20     0     0   -40.0   61.361 -136.732    161.5    841.6
     1     1    15    11    16    19     0     0   -41.0   61.381 -136.479    169.1    840.4
     1     1    15    11    16    18     0     0   -42.0   61.381 -136.206    177.8    839.4
     1     1    15    11    16    17     0     0   -43.0   61.357 -135.933    186.8    839.0
     1     1    15    11    16    16     0     0   -44.0   61.307 -135.683    194.8    839.1
     1     1    15    11    16    15     0     0   -45.0   61.231 -135.459    201.4    839.7
     1     1    15    11    16    14     0     0   -46.0   61.130 -135.261    206.7    840.9
     1     1    15    11    16    13     0     0   -47.0   61.005 -135.087    210.3    842.8
     1     1    15    11    16    12     0     0   -48.0   60.856 -134.936    212.1    845.2
     1     1    15    11    16    11     0     0   -49.0   60.700 -134.802    212.4    847.3
     1     1    15    11    16    10     0     0   -50.0   60.553 -134.686    211.2    849.4
     1     1    15    11    16     9     0     0   -51.0   60.415 -134.590    208.4    851.6
     1     1    15    11    16     8     0     0   -52.0   60.288 -134.515    203.8    854.0
     1     1    15    11    16     7     0     0   -53.0   60.171 -134.461    197.1    856.7
     1     1    15    11    16     6     0     0   -54.0   60.066 -134.430    188.3    859.5
     1     1    15    11    16     5     0     0   -55.0   59.961 -134.410    177.6    862.2
     1     1    15    11    16     4     0     0   -56.0   59.845 -134.390    165.4    866.2
     1     1    15    11    16     3     0     0   -57.0   59.720 -134.370    152.3    870.6
     1     1    15    11    16     2     0     0   -58.0   59.584 -134.352    138.5    875.4
     1     1    15    11    16     1     0     0   -59.0   59.440 -134.339    124.6    880.7
     1     1    15    11    16     0     0     0   -60.0   59.289 -134.332    111.0    886.3
     1     1    15    11    15    23     0     0   -61.0   59.141 -134.326     97.7    891.8
     1     1    15    11    15    22     0     0   -62.0   59.003 -134.311     84.9    896.9
     1     1    15    11    15    21     0     0   -63.0   58.878 -134.291     73.0    901.6
     1     1    15    11    15    20     0     0   -64.0   58.765 -134.272     61.8    905.2
     1     1    15    11    15    19     0     0   -65.0   58.662 -134.256     51.3    908.5
     1     1    15    11    15    18     0     0   -66.0   58.571 -134.248     41.6    911.7
     1     1    15    11    15    17     0     0   -67.0   58.487 -134.238     33.3    914.4
     1     1    15    11    15    16     0     0   -68.0   58.408 -134.218     26.9    916.7
     1     1    15    11    15    15     0     0   -69.0   58.332 -134.191     21.9    918.7
     1     1    15    11    15    14     0     0   -70.0   58.259 -134.159     18.0    920.3
     1     1    15    11    15    13     0     0   -71.0   58.189 -134.123     15.0    921.7
     1     1    15    11    15    12     0     0   -72.0   58.121 -134.086     12.8    922.8
