     1     1
    CDC1    15    10     1     0     0
     1 BACKWARD OMEGA   
    15    10    20    12   60.984 -139.059   750.0
     1 PRESSURE
     1     1    15    10    20    12     0     0     0.0   60.984 -139.059    750.0    808.4
     1     1    15    10    20    11     0     0    -1.0   60.768 -138.825    723.0    814.2
     1     1    15    10    20    10     0     0    -2.0   60.546 -138.606    685.5    822.0
     1     1    15    10    20     9     0     0    -3.0   60.317 -138.399    638.8    831.1
     1     1    15    10    20     8     0     0    -4.0   60.079 -138.200    584.4    841.3
     1     1    15    10    20     7     0     0    -5.0   59.836 -138.007    527.8    853.8
     1     1    15    10    20     6     0     0    -6.0   59.592 -137.820    473.1    867.5
     1     1    15    10    20     5     0     0    -7.0   59.354 -137.627    424.8    881.0
     1     1    15    10    20     4     0     0    -8.0   59.125 -137.427    385.8    892.8
     1     1    15    10    20     3     0     0    -9.0   58.907 -137.225    355.1    902.3
     1     1    15    10    20     2     0     0   -10.0   58.698 -137.029    331.6    910.7
     1     1    15    10    20     1     0     0   -11.0   58.498 -136.844    314.5    918.1
     1     1    15    10    20     0     0     0   -12.0   58.307 -136.675    303.3    924.7
     1     1    15    10    19    23     0     0   -13.0   58.126 -136.538    294.8    929.8
     1     1    15    10    19    22     0     0   -14.0   57.963 -136.444    286.5    934.9
     1     1    15    10    19    21     0     0   -15.0   57.817 -136.394    277.9    939.8
     1     1    15    10    19    20     0     0   -16.0   57.690 -136.388    268.9    944.6
     1     1    15    10    19    19     0     0   -17.0   57.583 -136.424    259.6    949.1
     1     1    15    10    19    18     0     0   -18.0   57.497 -136.503    250.0    953.5
     1     1    15    10    19    17     0     0   -19.0   57.423 -136.627    239.8    956.7
     1     1    15    10    19    16     0     0   -20.0   57.353 -136.796    228.9    960.3
     1     1    15    10    19    15     0     0   -21.0   57.288 -137.018    217.9    964.2
     1     1    15    10    19    14     0     0   -22.0   57.227 -137.299    207.3    968.3
     1     1    15    10    19    13     0     0   -23.0   57.170 -137.647    197.3    972.0
     1     1    15    10    19    12     0     0   -24.0   57.116 -138.064    186.9    974.9
     1     1    15    10    19    11     0     0   -25.0   57.057 -138.523    175.2    977.8
     1     1    15    10    19    10     0     0   -26.0   56.987 -139.001    162.5    980.9
     1     1    15    10    19     9     0     0   -27.0   56.906 -139.503    149.5    984.2
     1     1    15    10    19     8     0     0   -28.0   56.814 -140.039    136.8    987.5
     1     1    15    10    19     7     0     0   -29.0   56.711 -140.600    123.8    991.1
     1     1    15    10    19     6     0     0   -30.0   56.600 -141.180    109.2    994.7
     1     1    15    10    19     5     0     0   -31.0   56.479 -141.770     93.1    998.1
     1     1    15    10    19     4     0     0   -32.0   56.348 -142.356     76.4   1001.2
     1     1    15    10    19     3     0     0   -33.0   56.209 -142.951     62.1   1003.0
     1     1    15    10    19     2     0     0   -34.0   56.063 -143.566     52.5   1003.7
     1     1    15    10    19     1     0     0   -35.0   55.912 -144.211     47.6   1003.4
     1     1    15    10    19     0     0     0   -36.0   55.758 -144.895     47.1   1002.1
     1     1    15    10    18    23     0     0   -37.0   55.610 -145.603     48.9    998.8
     1     1    15    10    18    22     0     0   -38.0   55.482 -146.312     50.1    995.6
     1     1    15    10    18    21     0     0   -39.0   55.375 -147.030     50.5    992.5
     1     1    15    10    18    20     0     0   -40.0   55.288 -147.760     50.3    989.7
     1     1    15    10    18    19     0     0   -41.0   55.217 -148.496     49.7    987.4
     1     1    15    10    18    18     0     0   -42.0   55.163 -149.230     48.9    985.6
     1     1    15    10    18    17     0     0   -43.0   55.114 -149.946     48.1    983.7
     1     1    15    10    18    16     0     0   -44.0   55.053 -150.622     47.7    983.2
     1     1    15    10    18    15     0     0   -45.0   54.977 -151.259     47.7    983.1
     1     1    15    10    18    14     0     0   -46.0   54.893 -151.862     47.8    983.9
     1     1    15    10    18    13     0     0   -47.0   54.807 -152.440     48.1    984.6
     1     1    15    10    18    12     0     0   -48.0   54.721 -153.007     48.4    985.9
     1     1    15    10    18    11     0     0   -49.0   54.639 -153.552     48.9    987.3
     1     1    15    10    18    10     0     0   -50.0   54.565 -154.066     49.6    988.3
     1     1    15    10    18     9     0     0   -51.0   54.502 -154.554     50.6    989.1
     1     1    15    10    18     8     0     0   -52.0   54.454 -155.023     52.0    989.6
     1     1    15    10    18     7     0     0   -53.0   54.420 -155.475     54.0    989.1
     1     1    15    10    18     6     0     0   -54.0   54.399 -155.912     56.4    988.5
     1     1    15    10    18     5     0     0   -55.0   54.388 -156.335     58.7    987.8
     1     1    15    10    18     4     0     0   -56.0   54.380 -156.749     60.4    987.2
     1     1    15    10    18     3     0     0   -57.0   54.377 -157.159     61.7    986.8
     1     1    15    10    18     2     0     0   -58.0   54.381 -157.568     62.5    986.3
     1     1    15    10    18     1     0     0   -59.0   54.389 -157.979     62.9    985.5
     1     1    15    10    18     0     0     0   -60.0   54.400 -158.393     63.1    984.8
     1     1    15    10    17    23     0     0   -61.0   54.413 -158.801     63.1    984.2
     1     1    15    10    17    22     0     0   -62.0   54.427 -159.190     63.1    983.5
     1     1    15    10    17    21     0     0   -63.0   54.444 -159.564     63.1    982.9
     1     1    15    10    17    20     0     0   -64.0   54.470 -159.922     63.0    982.3
     1     1    15    10    17    19     0     0   -65.0   54.504 -160.264     62.9    981.5
     1     1    15    10    17    18     0     0   -66.0   54.549 -160.588     62.6    980.7
     1     1    15    10    17    17     0     0   -67.0   54.599 -160.895     62.1    979.9
     1     1    15    10    17    16     0     0   -68.0   54.650 -161.186     61.5    979.1
     1     1    15    10    17    15     0     0   -69.0   54.702 -161.463     60.7    978.4
     1     1    15    10    17    14     0     0   -70.0   54.757 -161.725     59.8    977.6
     1     1    15    10    17    13     0     0   -71.0   54.815 -161.974     58.8    976.9
     1     1    15    10    17    12     0     0   -72.0   54.878 -162.210     57.6    976.2
