     1     1
    CDC1    16     1     1     0     0
     1 BACKWARD OMEGA   
    16     1    25     0   60.984 -139.059   750.0
     1 PRESSURE
     1     1    16     1    25     0     0     0     0.0   60.984 -139.059    750.0    800.8
     1     1    16     1    24    23     0     0    -1.0   60.693 -139.095    718.6    808.2
     1     1    16     1    24    22     0     0    -2.0   60.387 -139.068    670.8    818.5
     1     1    16     1    24    21     0     0    -3.0   60.064 -138.979    605.6    831.3
     1     1    16     1    24    20     0     0    -4.0   59.736 -138.839    530.3    849.1
     1     1    16     1    24    19     0     0    -5.0   59.418 -138.669    454.0    867.7
     1     1    16     1    24    18     0     0    -6.0   59.118 -138.485    380.1    885.9
     1     1    16     1    24    17     0     0    -7.0   58.836 -138.262    315.3    901.8
     1     1    16     1    24    16     0     0    -8.0   58.562 -137.979    262.7    915.8
     1     1    16     1    24    15     0     0    -9.0   58.297 -137.634    220.4    928.5
     1     1    16     1    24    14     0     0   -10.0   58.038 -137.238    185.9    938.8
     1     1    16     1    24    13     0     0   -11.0   57.786 -136.805    156.9    947.0
     1     1    16     1    24    12     0     0   -12.0   57.544 -136.346    132.2    954.4
     1     1    16     1    24    11     0     0   -13.0   57.320 -135.887    111.4    958.2
     1     1    16     1    24    10     0     0   -14.0   57.114 -135.451     94.4    961.2
     1     1    16     1    24     9     0     0   -15.0   56.924 -135.038     80.7    964.2
     1     1    16     1    24     8     0     0   -16.0   56.743 -134.653     69.9    963.6
     1     1    16     1    24     7     0     0   -17.0   56.569 -134.301     61.5    962.8
     1     1    16     1    24     6     0     0   -18.0   56.397 -133.979     54.8    962.5
     1     1    16     1    24     5     0     0   -19.0   56.225 -133.684     48.9    962.7
     1     1    16     1    24     4     0     0   -20.0   56.053 -133.413     43.2    963.5
     1     1    16     1    24     3     0     0   -21.0   55.883 -133.163     38.0    964.6
     1     1    16     1    24     2     0     0   -22.0   55.715 -132.934     33.3    966.1
     1     1    16     1    24     1     0     0   -23.0   55.551 -132.723     29.3    967.7
     1     1    16     1    24     0     0     0   -24.0   55.390 -132.531     26.1    969.5
     1     1    16     1    23    23     0     0   -25.0   55.230 -132.353     23.4    970.7
     1     1    16     1    23    22     0     0   -26.0   55.070 -132.184     21.2    971.9
     1     1    16     1    23    21     0     0   -27.0   54.913 -132.025     19.5    972.4
     1     1    16     1    23    20     0     0   -28.0   54.760 -131.880     18.3    972.2
     1     1    16     1    23    19     0     0   -29.0   54.615 -131.748     17.8    972.2
     1     1    16     1    23    18     0     0   -30.0   54.478 -131.626     17.9    972.2
     1     1    16     1    23    17     0     0   -31.0   54.348 -131.518     18.3    972.0
     1     1    16     1    23    16     0     0   -32.0   54.220 -131.425     18.6    972.2
     1     1    16     1    23    15     0     0   -33.0   54.096 -131.348     18.7    972.8
     1     1    16     1    23    14     0     0   -34.0   53.975 -131.285     18.5    973.6
     1     1    16     1    23    13     0     0   -35.0   53.855 -131.236     18.2    974.7
     1     1    16     1    23    12     0     0   -36.0   53.736 -131.200     17.6    976.2
     1     1    16     1    23    11     0     0   -37.0   53.615 -131.175     16.8    977.8
     1     1    16     1    23    10     0     0   -38.0   53.490 -131.160     15.7    979.7
     1     1    16     1    23     9     0     0   -39.0   53.361 -131.154     14.4    981.9
     1     1    16     1    23     8     0     0   -40.0   53.227 -131.158     13.2    984.3
     1     1    16     1    23     7     0     0   -41.0   53.087 -131.174     12.0    987.1
     1     1    16     1    23     6     0     0   -42.0   52.941 -131.202     11.1    990.0
     1     1    16     1    23     5     0     0   -43.0   52.789 -131.252     10.4    993.1
     1     1    16     1    23     4     0     0   -44.0   52.630 -131.333     10.4    996.4
     1     1    16     1    23     3     0     0   -45.0   52.462 -131.449     10.7    999.6
     1     1    16     1    23     2     0     0   -46.0   52.288 -131.597     11.6   1001.3
     1     1    16     1    23     1     0     0   -47.0   52.110 -131.772     13.1   1003.1
     1     1    16     1    23     0     0     0   -48.0   51.929 -131.971     15.6   1004.8
     1     1    16     1    22    23     0     0   -49.0   51.750 -132.181     18.7   1006.2
     1     1    16     1    22    22     0     0   -50.0   51.580 -132.392     21.6   1007.5
     1     1    16     1    22    21     0     0   -51.0   51.417 -132.603     23.9   1007.7
     1     1    16     1    22    20     0     0   -52.0   51.258 -132.818     25.1   1006.8
     1     1    16     1    22    19     0     0   -53.0   51.102 -133.036     25.1   1006.0
     1     1    16     1    22    18     0     0   -54.0   50.949 -133.261     23.9   1005.2
     1     1    16     1    22    17     0     0   -55.0   50.799 -133.491     22.5   1004.2
     1     1    16     1    22    16     0     0   -56.0   50.651 -133.726     21.7   1002.9
     1     1    16     1    22    15     0     0   -57.0   50.505 -133.968     21.3   1001.4
     1     1    16     1    22    14     0     0   -58.0   50.363 -134.218     21.4    999.7
     1     1    16     1    22    13     0     0   -59.0   50.225 -134.478     21.7    997.9
     1     1    16     1    22    12     0     0   -60.0   50.090 -134.748     22.3    995.9
     1     1    16     1    22    11     0     0   -61.0   49.954 -135.027     23.0    994.1
     1     1    16     1    22    10     0     0   -62.0   49.812 -135.312     23.8    993.2
     1     1    16     1    22     9     0     0   -63.0   49.666 -135.597     24.8    992.3
     1     1    16     1    22     8     0     0   -64.0   49.518 -135.884     26.2    991.5
     1     1    16     1    22     7     0     0   -65.0   49.370 -136.175     28.1    990.8
     1     1    16     1    22     6     0     0   -66.0   49.223 -136.472     30.8    990.0
     1     1    16     1    22     5     0     0   -67.0   49.072 -136.787     34.5    989.0
     1     1    16     1    22     4     0     0   -68.0   48.915 -137.129     39.1    988.0
     1     1    16     1    22     3     0     0   -69.0   48.757 -137.501     44.4    987.1
     1     1    16     1    22     2     0     0   -70.0   48.603 -137.899     50.0    987.1
     1     1    16     1    22     1     0     0   -71.0   48.456 -138.319     55.0    987.1
     1     1    16     1    22     0     0     0   -72.0   48.323 -138.759     58.8    987.2
