     1     1
    CDC1    16     4     1     0     0
     1 BACKWARD OMEGA   
    16     4    13     6   60.984 -139.059   750.0
     1 PRESSURE
     1     1    16     4    13     6     0     0     0.0   60.984 -139.059    750.0    802.0
     1     1    16     4    13     5     0     0    -1.0   60.851 -138.688    714.7    807.5
     1     1    16     4    13     4     0     0    -2.0   60.725 -138.295    686.8    811.8
     1     1    16     4    13     3     0     0    -3.0   60.603 -137.877    666.0    815.2
     1     1    16     4    13     2     0     0    -4.0   60.484 -137.433    651.9    817.8
     1     1    16     4    13     1     0     0    -5.0   60.367 -136.965    643.6    819.1
     1     1    16     4    13     0     0     0    -6.0   60.250 -136.475    640.3    819.8
     1     1    16     4    12    23     0     0    -7.0   60.128 -135.978    637.8    819.9
     1     1    16     4    12    22     0     0    -8.0   59.996 -135.489    634.1    820.8
     1     1    16     4    12    21     0     0    -9.0   59.857 -135.009    630.9    823.3
     1     1    16     4    12    20     0     0   -10.0   59.715 -134.546    628.0    823.7
     1     1    16     4    12    19     0     0   -11.0   59.571 -134.101    626.4    823.7
     1     1    16     4    12    18     0     0   -12.0   59.425 -133.671    626.7    823.2
     1     1    16     4    12    17     0     0   -13.0   59.278 -133.266    628.5    822.8
     1     1    16     4    12    16     0     0   -14.0   59.133 -132.894    630.3    822.4
     1     1    16     4    12    15     0     0   -15.0   58.993 -132.546    632.0    821.8
     1     1    16     4    12    14     0     0   -16.0   58.862 -132.220    633.5    821.0
     1     1    16     4    12    13     0     0   -17.0   58.742 -131.915    634.7    819.8
     1     1    16     4    12    12     0     0   -18.0   58.638 -131.626    635.4    818.2
     1     1    16     4    12    11     0     0   -19.0   58.540 -131.380    633.5    816.9
     1     1    16     4    12    10     0     0   -20.0   58.440 -131.201    627.8    817.0
     1     1    16     4    12     9     0     0   -21.0   58.341 -131.086    618.7    818.1
     1     1    16     4    12     8     0     0   -22.0   58.242 -131.034    606.3    820.5
     1     1    16     4    12     7     0     0   -23.0   58.145 -131.042    590.8    823.7
     1     1    16     4    12     6     0     0   -24.0   58.048 -131.107    572.5    828.1
     1     1    16     4    12     5     0     0   -25.0   57.949 -131.195    554.7    833.0
     1     1    16     4    12     4     0     0   -26.0   57.841 -131.272    540.4    837.3
     1     1    16     4    12     3     0     0   -27.0   57.725 -131.340    529.5    841.3
     1     1    16     4    12     2     0     0   -28.0   57.601 -131.398    522.0    845.0
     1     1    16     4    12     1     0     0   -29.0   57.468 -131.446    517.7    848.7
     1     1    16     4    12     0     0     0   -30.0   57.327 -131.487    516.7    853.1
     1     1    16     4    11    23     0     0   -31.0   57.183 -131.529    515.9    856.9
     1     1    16     4    11    22     0     0   -32.0   57.043 -131.581    513.7    861.3
     1     1    16     4    11    21     0     0   -33.0   56.910 -131.644    510.1    865.8
     1     1    16     4    11    20     0     0   -34.0   56.785 -131.714    505.1    870.5
     1     1    16     4    11    19     0     0   -35.0   56.667 -131.793    499.1    875.2
     1     1    16     4    11    18     0     0   -36.0   56.559 -131.877    492.1    880.0
     1     1    16     4    11    17     0     0   -37.0   56.457 -131.966    484.0    884.9
     1     1    16     4    11    16     0     0   -38.0   56.358 -132.054    474.5    890.1
     1     1    16     4    11    15     0     0   -39.0   56.263 -132.143    463.6    895.4
     1     1    16     4    11    14     0     0   -40.0   56.172 -132.233    451.4    900.8
     1     1    16     4    11    13     0     0   -41.0   56.085 -132.323    438.1    906.3
     1     1    16     4    11    12     0     0   -42.0   56.003 -132.414    423.7    911.9
     1     1    16     4    11    11     0     0   -43.0   55.925 -132.499    408.1    917.1
     1     1    16     4    11    10     0     0   -44.0   55.849 -132.576    391.7    921.7
     1     1    16     4    11     9     0     0   -45.0   55.778 -132.649    374.1    926.2
     1     1    16     4    11     8     0     0   -46.0   55.711 -132.719    355.7    930.3
     1     1    16     4    11     7     0     0   -47.0   55.649 -132.788    336.4    934.5
     1     1    16     4    11     6     0     0   -48.0   55.594 -132.859    316.4    938.6
     1     1    16     4    11     5     0     0   -49.0   55.543 -132.927    297.2    943.1
     1     1    16     4    11     4     0     0   -50.0   55.492 -132.992    279.5    947.2
     1     1    16     4    11     3     0     0   -51.0   55.443 -133.054    263.4    951.2
     1     1    16     4    11     2     0     0   -52.0   55.395 -133.115    248.9    954.9
     1     1    16     4    11     1     0     0   -53.0   55.348 -133.177    236.0    958.5
     1     1    16     4    11     0     0     0   -54.0   55.303 -133.241    224.7    961.9
     1     1    16     4    10    23     0     0   -55.0   55.261 -133.303    215.1    965.0
     1     1    16     4    10    22     0     0   -56.0   55.224 -133.358    207.3    967.6
     1     1    16     4    10    21     0     0   -57.0   55.192 -133.408    201.2    969.9
     1     1    16     4    10    20     0     0   -58.0   55.164 -133.452    196.7    971.6
     1     1    16     4    10    19     0     0   -59.0   55.141 -133.490    193.7    973.0
     1     1    16     4    10    18     0     0   -60.0   55.121 -133.523    192.2    974.0
     1     1    16     4    10    17     0     0   -61.0   55.105 -133.550    191.7    974.6
     1     1    16     4    10    16     0     0   -62.0   55.096 -133.570    191.9    975.0
     1     1    16     4    10    15     0     0   -63.0   55.092 -133.583    192.6    975.1
     1     1    16     4    10    14     0     0   -64.0   55.093 -133.589    194.0    974.9
     1     1    16     4    10    13     0     0   -65.0   55.101 -133.587    196.0    974.5
     1     1    16     4    10    12     0     0   -66.0   55.114 -133.577    198.5    973.7
     1     1    16     4    10    11     0     0   -67.0   55.129 -133.567    200.5    972.8
     1     1    16     4    10    10     0     0   -68.0   55.144 -133.566    201.2    972.2
     1     1    16     4    10     9     0     0   -69.0   55.158 -133.572    200.5    972.0
     1     1    16     4    10     8     0     0   -70.0   55.171 -133.588    198.4    972.1
     1     1    16     4    10     7     0     0   -71.0   55.182 -133.612    194.9    972.4
     1     1    16     4    10     6     0     0   -72.0   55.193 -133.645    190.0    973.0
