     1     1
    CDC1    16     2     1     0     0
     1 BACKWARD OMEGA   
    16     2    29     0   60.984 -139.059   750.0
     1 PRESSURE
     1     1    16     2    29     0     0     0     0.0   60.984 -139.059    750.0    799.3
     1     1    16     2    28    23     0     0    -1.0   60.798 -139.155    743.3    802.2
     1     1    16     2    28    22     0     0    -2.0   60.603 -139.227    730.9    806.1
     1     1    16     2    28    21     0     0    -3.0   60.401 -139.282    712.2    810.6
     1     1    16     2    28    20     0     0    -4.0   60.194 -139.326    686.1    816.0
     1     1    16     2    28    19     0     0    -5.0   59.986 -139.366    652.1    822.6
     1     1    16     2    28    18     0     0    -6.0   59.777 -139.409    612.7    833.3
     1     1    16     2    28    17     0     0    -7.0   59.556 -139.412    566.7    844.6
     1     1    16     2    28    16     0     0    -8.0   59.313 -139.326    512.0    857.8
     1     1    16     2    28    15     0     0    -9.0   59.045 -139.151    450.6    872.8
     1     1    16     2    28    14     0     0   -10.0   58.750 -138.888    385.3    889.4
     1     1    16     2    28    13     0     0   -11.0   58.428 -138.531    322.9    905.5
     1     1    16     2    28    12     0     0   -12.0   58.084 -138.074    269.2    921.0
     1     1    16     2    28    11     0     0   -13.0   57.735 -137.544    227.2    936.1
     1     1    16     2    28    10     0     0   -14.0   57.396 -136.979    195.0    944.5
     1     1    16     2    28     9     0     0   -15.0   57.065 -136.401    168.3    947.6
     1     1    16     2    28     8     0     0   -16.0   56.742 -135.825    145.4    951.5
     1     1    16     2    28     7     0     0   -17.0   56.421 -135.245    125.7    956.1
     1     1    16     2    28     6     0     0   -18.0   56.102 -134.658    108.9    958.6
     1     1    16     2    28     5     0     0   -19.0   55.786 -134.058     95.1    960.3
     1     1    16     2    28     4     0     0   -20.0   55.473 -133.436     83.5    962.1
     1     1    16     2    28     3     0     0   -21.0   55.161 -132.777     73.4    964.0
     1     1    16     2    28     2     0     0   -22.0   54.848 -132.100     60.8    961.6
     1     1    16     2    28     1     0     0   -23.0   54.533 -131.449     44.0    958.1
     1     1    16     2    28     0     0     0   -24.0   54.217 -130.829     28.2    956.9
     1     1    16     2    27    23     0     0   -25.0   53.910 -130.248     17.9    956.7
     1     1    16     2    27    22     0     0   -26.0   53.626 -129.733     12.3    955.8
     1     1    16     2    27    21     0     0   -27.0   53.373 -129.288      9.3    953.9
     1     1    16     2    27    20     0     0   -28.0   53.152 -128.910      7.4    952.1
     1     1    16     2    27    19     0     0   -29.0   52.962 -128.595      6.0    950.5
     1     1    16     2    27    18     0     0   -30.0   52.803 -128.336      4.9    949.1
     1     1    16     2    27    17     0     0   -31.0   52.666 -128.122      4.1    947.9
     1     1    16     2    27    16     0     0   -32.0   52.544 -127.939      3.4    946.9
     1     1    16     2    27    15     0     0   -33.0   52.436 -127.783      2.6    946.1
     1     1    16     2    27    14     0     0   -34.0   52.342 -127.650      1.9    945.4
     1     1    16     2    27    13     0     0   -35.0   52.261 -127.537      1.3    944.9
     1     1    16     2    27    12     0     0   -36.0   52.192 -127.442      0.7    944.5
     1     1    16     2    27    11     0     0   -37.0   52.133 -127.372      0.1    944.1
     1     1    16     2    27    10     0     0   -38.0   52.085 -127.337      0.0    944.0
     1     1    16     2    27     9     0     0   -39.0   52.046 -127.332      0.0    944.4
     1     1    16     2    27     8     0     0   -40.0   52.016 -127.356      0.0    945.2
     1     1    16     2    27     7     0     0   -41.0   51.994 -127.409      0.0    946.3
     1     1    16     2    27     6     0     0   -42.0   51.979 -127.490      0.0    947.9
     1     1    16     2    27     5     0     0   -43.0   51.960 -127.582      0.0    949.4
     1     1    16     2    27     4     0     0   -44.0   51.927 -127.667      0.0    951.0
     1     1    16     2    27     3     0     0   -45.0   51.881 -127.748      0.0    952.7
     1     1    16     2    27     2     0     0   -46.0   51.824 -127.827      0.0    954.6
     1     1    16     2    27     1     0     0   -47.0   51.758 -127.904      0.0    956.5
     1     1    16     2    27     0     0     0   -48.0   51.684 -127.981      0.0    958.5
     1     1    16     2    26    23     0     0   -49.0   51.602 -128.049      0.0    961.0
     1     1    16     2    26    22     0     0   -50.0   51.514 -128.093      0.0    963.0
     1     1    16     2    26    21     0     0   -51.0   51.421 -128.112      0.0    964.7
     1     1    16     2    26    20     0     0   -52.0   51.323 -128.105      0.0    966.1
     1     1    16     2    26    19     0     0   -53.0   51.222 -128.068      0.0    967.0
     1     1    16     2    26    18     0     0   -54.0   51.118 -128.001      0.0    967.5
     1     1    16     2    26    17     0     0   -55.0   51.005 -127.899      0.0    967.6
     1     1    16     2    26    16     0     0   -56.0   50.879 -127.761      0.0    967.4
     1     1    16     2    26    15     0     0   -57.0   50.739 -127.585      0.0    967.1
     1     1    16     2    26    14     0     0   -58.0   50.586 -127.375      0.0    966.3
     1     1    16     2    26    13     0     0   -59.0   50.423 -127.138      0.0    965.0
     1     1    16     2    26    12     0     0   -60.0   50.251 -126.881      0.0    963.5
     1     1    16     2    26    11     0     0   -61.0   50.079 -126.612      0.0    961.8
     1     1    16     2    26    10     0     0   -62.0   49.917 -126.341      0.0    960.4
     1     1    16     2    26     9     0     0   -63.0   49.766 -126.077      0.0    959.7
     1     1    16     2    26     8     0     0   -64.0   49.631 -125.824      0.0    959.1
     1     1    16     2    26     7     0     0   -65.0   49.514 -125.583      0.0    958.6
     1     1    16     2    26     6     0     0   -66.0   49.419 -125.357      0.0    958.0
     1     1    16     2    26     5     0     0   -67.0   49.346 -125.149      0.0    957.4
     1     1    16     2    26     4     0     0   -68.0   49.292 -124.962      0.0    956.7
     1     1    16     2    26     3     0     0   -69.0   49.248 -124.792      0.0    955.7
     1     1    16     2    26     2     0     0   -70.0   49.211 -124.635      0.0    954.8
     1     1    16     2    26     1     0     0   -71.0   49.177 -124.488      0.6    953.9
     1     1    16     2    26     0     0     0   -72.0   49.147 -124.348      1.8    953.0
