     1     1
    CDC1    16     3     1     0     0
     1 BACKWARD OMEGA   
    16     3    25    18   60.984 -139.059   750.0
     1 PRESSURE
     1     1    16     3    25    18     0     0     0.0   60.984 -139.059    750.0    808.2
     1     1    16     3    25    17     0     0    -1.0   60.738 -138.981    718.0    815.3
     1     1    16     3    25    16     0     0    -2.0   60.511 -138.903    681.4    823.2
     1     1    16     3    25    15     0     0    -3.0   60.306 -138.828    640.2    831.4
     1     1    16     3    25    14     0     0    -4.0   60.127 -138.760    595.2    839.7
     1     1    16     3    25    13     0     0    -5.0   59.981 -138.701    548.6    847.4
     1     1    16     3    25    12     0     0    -6.0   59.872 -138.655    503.8    856.0
     1     1    16     3    25    11     0     0    -7.0   59.785 -138.635    465.8    863.5
     1     1    16     3    25    10     0     0    -8.0   59.704 -138.647    437.7    869.4
     1     1    16     3    25     9     0     0    -9.0   59.625 -138.693    418.3    874.5
     1     1    16     3    25     8     0     0   -10.0   59.549 -138.772    407.0    878.6
     1     1    16     3    25     7     0     0   -11.0   59.474 -138.885    403.2    882.0
     1     1    16     3    25     6     0     0   -12.0   59.400 -139.032    407.0    884.6
     1     1    16     3    25     5     0     0   -13.0   59.329 -139.189    413.7    886.0
     1     1    16     3    25     4     0     0   -14.0   59.263 -139.332    418.2    888.0
     1     1    16     3    25     3     0     0   -15.0   59.203 -139.466    420.7    890.0
     1     1    16     3    25     2     0     0   -16.0   59.150 -139.592    421.1    892.0
     1     1    16     3    25     1     0     0   -17.0   59.104 -139.714    419.6    893.9
     1     1    16     3    25     0     0     0   -18.0   59.066 -139.833    416.2    895.8
     1     1    16     3    24    23     0     0   -19.0   59.035 -139.937    412.8    897.3
     1     1    16     3    24    22     0     0   -20.0   59.009 -140.013    411.5    898.1
     1     1    16     3    24    21     0     0   -21.0   58.988 -140.059    412.1    898.6
     1     1    16     3    24    20     0     0   -22.0   58.971 -140.073    414.4    898.5
     1     1    16     3    24    19     0     0   -23.0   58.958 -140.054    418.6    897.8
     1     1    16     3    24    18     0     0   -24.0   58.950 -140.004    424.6    896.6
     1     1    16     3    24    17     0     0   -25.0   58.948 -139.932    432.7    894.7
     1     1    16     3    24    16     0     0   -26.0   58.952 -139.852    442.5    892.5
     1     1    16     3    24    15     0     0   -27.0   58.962 -139.762    454.0    889.8
     1     1    16     3    24    14     0     0   -28.0   58.977 -139.663    467.3    886.8
     1     1    16     3    24    13     0     0   -29.0   58.996 -139.553    482.2    883.5
     1     1    16     3    24    12     0     0   -30.0   59.018 -139.431    498.5    879.9
     1     1    16     3    24    11     0     0   -31.0   59.031 -139.283    515.4    876.8
     1     1    16     3    24    10     0     0   -32.0   59.022 -139.092    531.9    874.5
     1     1    16     3    24     9     0     0   -33.0   58.990 -138.858    548.0    872.9
     1     1    16     3    24     8     0     0   -34.0   58.936 -138.583    563.8    872.0
     1     1    16     3    24     7     0     0   -35.0   58.858 -138.264    579.4    871.8
     1     1    16     3    24     6     0     0   -36.0   58.755 -137.903    594.9    872.2
     1     1    16     3    24     5     0     0   -37.0   58.631 -137.509    608.2    873.0
     1     1    16     3    24     4     0     0   -38.0   58.493 -137.097    616.1    873.6
     1     1    16     3    24     3     0     0   -39.0   58.338 -136.669    617.7    875.0
     1     1    16     3    24     2     0     0   -40.0   58.165 -136.226    612.0    877.4
     1     1    16     3    24     1     0     0   -41.0   57.973 -135.765    598.2    880.7
     1     1    16     3    24     0     0     0   -42.0   57.757 -135.287    575.5    885.1
     1     1    16     3    23    23     0     0   -43.0   57.521 -134.800    545.7    889.2
     1     1    16     3    23    22     0     0   -44.0   57.272 -134.332    512.2    890.2
     1     1    16     3    23    21     0     0   -45.0   57.019 -133.906    476.9    892.6
     1     1    16     3    23    20     0     0   -46.0   56.765 -133.519    440.7    896.1
     1     1    16     3    23    19     0     0   -47.0   56.515 -133.165    404.2    900.7
     1     1    16     3    23    18     0     0   -48.0   56.272 -132.840    367.7    905.5
     1     1    16     3    23    17     0     0   -49.0   56.032 -132.524    331.8    911.2
     1     1    16     3    23    16     0     0   -50.0   55.784 -132.201    295.4    915.8
     1     1    16     3    23    15     0     0   -51.0   55.522 -131.860    257.4    920.9
     1     1    16     3    23    14     0     0   -52.0   55.250 -131.490    217.6    926.3
     1     1    16     3    23    13     0     0   -53.0   54.972 -131.088    175.6    931.2
     1     1    16     3    23    12     0     0   -54.0   54.690 -130.672    132.0    934.6
     1     1    16     3    23    11     0     0   -55.0   54.403 -130.279     91.9    939.9
     1     1    16     3    23    10     0     0   -56.0   54.119 -129.919     61.8    944.4
     1     1    16     3    23     9     0     0   -57.0   53.848 -129.590     42.3    947.2
     1     1    16     3    23     8     0     0   -58.0   53.595 -129.302     30.8    949.2
     1     1    16     3    23     7     0     0   -59.0   53.353 -129.054     23.6    951.4
     1     1    16     3    23     6     0     0   -60.0   53.121 -128.847     19.2    953.7
     1     1    16     3    23     5     0     0   -61.0   52.900 -128.681     16.2    955.4
     1     1    16     3    23     4     0     0   -62.0   52.693 -128.559     14.0    957.6
     1     1    16     3    23     3     0     0   -63.0   52.498 -128.481     12.2    960.2
     1     1    16     3    23     2     0     0   -64.0   52.318 -128.454     10.9    962.5
     1     1    16     3    23     1     0     0   -65.0   52.154 -128.480     10.0    965.4
     1     1    16     3    23     0     0     0   -66.0   52.006 -128.559      9.3    969.0
     1     1    16     3    22    23     0     0   -67.0   51.872 -128.661      8.7    972.3
     1     1    16     3    22    22     0     0   -68.0   51.751 -128.758      8.1    975.4
     1     1    16     3    22    21     0     0   -69.0   51.642 -128.853      7.4    978.2
     1     1    16     3    22    20     0     0   -70.0   51.548 -128.947      6.7    980.7
     1     1    16     3    22    19     0     0   -71.0   51.467 -129.043      6.1    983.1
     1     1    16     3    22    18     0     0   -72.0   51.402 -129.142      5.4    985.2
