     1     1
    CDC1    15    11     1     0     0
     1 BACKWARD OMEGA   
    15    11    18     6   60.984 -139.059   750.0
     1 PRESSURE
     1     1    15    11    18     6     0     0     0.0   60.984 -139.059    750.0    793.5
     1     1    15    11    18     5     0     0    -1.0   60.959 -139.019    733.5    795.1
     1     1    15    11    18     4     0     0    -2.0   60.935 -138.977    715.3    796.9
     1     1    15    11    18     3     0     0    -3.0   60.913 -138.933    695.6    798.9
     1     1    15    11    18     2     0     0    -4.0   60.894 -138.887    674.4    801.1
     1     1    15    11    18     1     0     0    -5.0   60.877 -138.841    651.9    803.3
     1     1    15    11    18     0     0     0    -6.0   60.864 -138.794    628.3    805.7
     1     1    15    11    17    23     0     0    -7.0   60.850 -138.748    604.3    808.2
     1     1    15    11    17    22     0     0    -8.0   60.829 -138.708    580.8    810.3
     1     1    15    11    17    21     0     0    -9.0   60.803 -138.675    557.6    812.4
     1     1    15    11    17    20     0     0   -10.0   60.770 -138.649    534.4    814.7
     1     1    15    11    17    19     0     0   -11.0   60.731 -138.632    511.3    817.1
     1     1    15    11    17    18     0     0   -12.0   60.685 -138.625    488.0    819.8
     1     1    15    11    17    17     0     0   -13.0   60.638 -138.631    463.2    823.1
     1     1    15    11    17    16     0     0   -14.0   60.597 -138.651    435.1    826.9
     1     1    15    11    17    15     0     0   -15.0   60.564 -138.683    404.1    831.1
     1     1    15    11    17    14     0     0   -16.0   60.538 -138.725    370.3    835.7
     1     1    15    11    17    13     0     0   -17.0   60.521 -138.772    335.0    839.7
     1     1    15    11    17    12     0     0   -18.0   60.509 -138.824    299.8    843.7
     1     1    15    11    17    11     0     0   -19.0   60.506 -138.866    268.8    847.3
     1     1    15    11    17    10     0     0   -20.0   60.512 -138.886    245.3    849.5
     1     1    15    11    17     9     0     0   -21.0   60.529 -138.883    228.0    850.8
     1     1    15    11    17     8     0     0   -22.0   60.555 -138.857    215.7    851.4
     1     1    15    11    17     7     0     0   -23.0   60.590 -138.806    207.9    851.2
     1     1    15    11    17     6     0     0   -24.0   60.635 -138.727    203.9    850.4
     1     1    15    11    17     5     0     0   -25.0   60.690 -138.627    202.6    849.5
     1     1    15    11    17     4     0     0   -26.0   60.754 -138.516    203.0    848.4
     1     1    15    11    17     3     0     0   -27.0   60.827 -138.396    205.2    846.9
     1     1    15    11    17     2     0     0   -28.0   60.909 -138.268    209.2    845.1
     1     1    15    11    17     1     0     0   -29.0   60.997 -138.134    215.0    842.9
     1     1    15    11    17     0     0     0   -30.0   61.091 -137.998    222.7    840.4
     1     1    15    11    16    23     0     0   -31.0   61.179 -137.850    231.6    837.9
     1     1    15    11    16    22     0     0   -32.0   61.253 -137.678    241.0    835.7
     1     1    15    11    16    21     0     0   -33.0   61.311 -137.486    250.9    833.7
     1     1    15    11    16    20     0     0   -34.0   61.353 -137.274    261.2    831.8
     1     1    15    11    16    19     0     0   -35.0   61.377 -137.043    272.2    830.0
     1     1    15    11    16    18     0     0   -36.0   61.382 -136.793    283.9    828.5
     1     1    15    11    16    17     0     0   -37.0   61.362 -136.546    295.4    827.8
     1     1    15    11    16    16     0     0   -38.0   61.316 -136.323    304.9    827.8
     1     1    15    11    16    15     0     0   -39.0   61.244 -136.126    312.6    828.6
     1     1    15    11    16    14     0     0   -40.0   61.147 -135.955    318.5    829.9
     1     1    15    11    16    13     0     0   -41.0   61.025 -135.808    322.3    831.9
     1     1    15    11    16    12     0     0   -42.0   60.878 -135.682    323.9    834.6
     1     1    15    11    16    11     0     0   -43.0   60.722 -135.569    323.5    837.1
     1     1    15    11    16    10     0     0   -44.0   60.573 -135.469    321.1    839.8
     1     1    15    11    16     9     0     0   -45.0   60.434 -135.383    316.7    842.5
     1     1    15    11    16     8     0     0   -46.0   60.304 -135.312    310.0    845.3
     1     1    15    11    16     7     0     0   -47.0   60.185 -135.259    301.2    848.3
     1     1    15    11    16     6     0     0   -48.0   60.077 -135.224    290.1    851.5
     1     1    15    11    16     5     0     0   -49.0   59.972 -135.200    277.0    854.8
     1     1    15    11    16     4     0     0   -50.0   59.857 -135.177    262.3    859.7
     1     1    15    11    16     3     0     0   -51.0   59.731 -135.158    246.4    865.0
     1     1    15    11    16     2     0     0   -52.0   59.596 -135.147    229.6    871.0
     1     1    15    11    16     1     0     0   -53.0   59.451 -135.147    212.3    877.5
     1     1    15    11    16     0     0     0   -54.0   59.298 -135.163    194.9    884.5
     1     1    15    11    15    23     0     0   -55.0   59.147 -135.188    177.0    890.5
     1     1    15    11    15    22     0     0   -56.0   59.006 -135.212    158.3    896.5
     1     1    15    11    15    21     0     0   -57.0   58.878 -135.238    139.4    902.3
     1     1    15    11    15    20     0     0   -58.0   58.764 -135.268    120.9    907.8
     1     1    15    11    15    19     0     0   -59.0   58.664 -135.307    103.3    913.0
     1     1    15    11    15    18     0     0   -60.0   58.581 -135.359     87.4    917.8
     1     1    15    11    15    17     0     0   -61.0   58.509 -135.417     74.1    922.1
     1     1    15    11    15    16     0     0   -62.0   58.443 -135.472     63.3    925.0
     1     1    15    11    15    15     0     0   -63.0   58.380 -135.529     54.2    927.8
     1     1    15    11    15    14     0     0   -64.0   58.319 -135.592     46.5    930.5
     1     1    15    11    15    13     0     0   -65.0   58.261 -135.665     40.0    933.1
     1     1    15    11    15    12     0     0   -66.0   58.204 -135.751     34.5    935.7
     1     1    15    11    15    11     0     0   -67.0   58.150 -135.842     29.8    938.5
     1     1    15    11    15    10     0     0   -68.0   58.100 -135.923     25.6    941.0
     1     1    15    11    15     9     0     0   -69.0   58.054 -135.989     22.0    943.4
     1     1    15    11    15     8     0     0   -70.0   58.012 -136.038     18.9    945.4
     1     1    15    11    15     7     0     0   -71.0   57.972 -136.064     16.3    947.2
     1     1    15    11    15     6     0     0   -72.0   57.935 -136.065     14.1    948.6
