     1     1
    CDC1    15    10     1     0     0
     1 BACKWARD OMEGA   
    15    10    17    12   60.984 -139.059   750.0
     1 PRESSURE
     1     1    15    10    17    12     0     0     0.0   60.984 -139.059    750.0    799.3
     1     1    15    10    17    11     0     0    -1.0   60.615 -138.990    703.0    809.8
     1     1    15    10    17    10     0     0    -2.0   60.249 -138.884    650.0    821.5
     1     1    15    10    17     9     0     0    -3.0   59.886 -138.746    593.5    835.3
     1     1    15    10    17     8     0     0    -4.0   59.534 -138.580    539.5    851.9
     1     1    15    10    17     7     0     0    -5.0   59.193 -138.388    490.5    867.6
     1     1    15    10    17     6     0     0    -6.0   58.857 -138.169    446.2    882.8
     1     1    15    10    17     5     0     0    -7.0   58.530 -137.913    404.6    897.3
     1     1    15    10    17     4     0     0    -8.0   58.220 -137.612    364.9    910.7
     1     1    15    10    17     3     0     0    -9.0   57.925 -137.265    327.6    921.6
     1     1    15    10    17     2     0     0   -10.0   57.643 -136.874    292.5    931.1
     1     1    15    10    17     1     0     0   -11.0   57.371 -136.446    259.0    937.7
     1     1    15    10    17     0     0     0   -12.0   57.106 -135.995    227.2    942.7
     1     1    15    10    16    23     0     0   -13.0   56.853 -135.541    200.5    948.8
     1     1    15    10    16    22     0     0   -14.0   56.620 -135.099    180.6    953.2
     1     1    15    10    16    21     0     0   -15.0   56.407 -134.672    166.4    954.3
     1     1    15    10    16    20     0     0   -16.0   56.213 -134.264    156.8    954.3
     1     1    15    10    16    19     0     0   -17.0   56.035 -133.875    150.2    954.1
     1     1    15    10    16    18     0     0   -18.0   55.871 -133.506    145.3    954.0
     1     1    15    10    16    17     0     0   -19.0   55.719 -133.149    140.0    954.2
     1     1    15    10    16    16     0     0   -20.0   55.580 -132.797    132.8    954.7
     1     1    15    10    16    15     0     0   -21.0   55.456 -132.449    124.3    954.9
     1     1    15    10    16    14     0     0   -22.0   55.346 -132.111    114.8    953.0
     1     1    15    10    16    13     0     0   -23.0   55.248 -131.785    104.6    951.1
     1     1    15    10    16    12     0     0   -24.0   55.166 -131.470     93.9    949.2
     1     1    15    10    16    11     0     0   -25.0   55.104 -131.172     83.5    947.2
     1     1    15    10    16    10     0     0   -26.0   55.065 -130.901     73.8    944.9
     1     1    15    10    16     9     0     0   -27.0   55.049 -130.658     65.1    941.7
     1     1    15    10    16     8     0     0   -28.0   55.060 -130.444     57.4    938.4
     1     1    15    10    16     7     0     0   -29.0   55.097 -130.262     50.8    934.8
     1     1    15    10    16     6     0     0   -30.0   55.160 -130.110     45.4    931.1
     1     1    15    10    16     5     0     0   -31.0   55.236 -129.974     41.5    928.1
     1     1    15    10    16     4     0     0   -32.0   55.307 -129.835     39.4    925.4
     1     1    15    10    16     3     0     0   -33.0   55.368 -129.690     38.9    922.8
     1     1    15    10    16     2     0     0   -34.0   55.415 -129.537     39.7    920.2
     1     1    15    10    16     1     0     0   -35.0   55.446 -129.377     41.8    917.7
     1     1    15    10    16     0     0     0   -36.0   55.461 -129.213     45.1    915.5
     1     1    15    10    15    23     0     0   -37.0   55.467 -129.047     48.8    912.8
     1     1    15    10    15    22     0     0   -38.0   55.473 -128.882     52.0    910.2
     1     1    15    10    15    21     0     0   -39.0   55.481 -128.718     54.6    907.7
     1     1    15    10    15    20     0     0   -40.0   55.491 -128.554     56.7    905.2
     1     1    15    10    15    19     0     0   -41.0   55.503 -128.388     58.2    902.7
     1     1    15    10    15    18     0     0   -42.0   55.518 -128.220     59.3    900.1
     1     1    15    10    15    17     0     0   -43.0   55.533 -128.050     60.2    898.0
     1     1    15    10    15    16     0     0   -44.0   55.549 -127.883     61.1    895.9
     1     1    15    10    15    15     0     0   -45.0   55.566 -127.720     61.9    893.9
     1     1    15    10    15    14     0     0   -46.0   55.585 -127.561     62.6    891.9
     1     1    15    10    15    13     0     0   -47.0   55.606 -127.408     63.4    891.0
     1     1    15    10    15    12     0     0   -48.0   55.629 -127.262     64.3    890.8
     1     1    15    10    15    11     0     0   -49.0   55.657 -127.123     65.7    889.9
     1     1    15    10    15    10     0     0   -50.0   55.689 -126.989     68.3    888.9
     1     1    15    10    15     9     0     0   -51.0   55.726 -126.858     72.2    887.9
     1     1    15    10    15     8     0     0   -52.0   55.765 -126.729     77.6    886.4
     1     1    15    10    15     7     0     0   -53.0   55.806 -126.600     84.7    884.7
     1     1    15    10    15     6     0     0   -54.0   55.849 -126.470     93.9    882.9
     1     1    15    10    15     5     0     0   -55.0   55.893 -126.361    105.5    880.9
     1     1    15    10    15     4     0     0   -56.0   55.937 -126.297    119.6    878.8
     1     1    15    10    15     3     0     0   -57.0   55.983 -126.279    136.9    876.4
     1     1    15    10    15     2     0     0   -58.0   56.033 -126.307    157.8    873.7
     1     1    15    10    15     1     0     0   -59.0   56.088 -126.380    183.3    870.8
     1     1    15    10    15     0     0     0   -60.0   56.149 -126.497    214.1    866.6
     1     1    15    10    14    23     0     0   -61.0   56.221 -126.648    248.2    861.3
     1     1    15    10    14    22     0     0   -62.0   56.307 -126.820    282.5    856.2
     1     1    15    10    14    21     0     0   -63.0   56.410 -127.019    316.4    851.1
     1     1    15    10    14    20     0     0   -64.0   56.529 -127.248    349.2    845.8
     1     1    15    10    14    19     0     0   -65.0   56.665 -127.511    380.8    839.9
     1     1    15    10    14    18     0     0   -66.0   56.815 -127.811    411.4    837.1
     1     1    15    10    14    17     0     0   -67.0   56.963 -128.158    440.3    834.6
     1     1    15    10    14    16     0     0   -68.0   57.093 -128.556    466.9    833.0
     1     1    15    10    14    15     0     0   -69.0   57.207 -128.997    490.3    832.4
     1     1    15    10    14    14     0     0   -70.0   57.302 -129.473    509.2    832.9
     1     1    15    10    14    13     0     0   -71.0   57.380 -129.974    522.2    834.5
     1     1    15    10    14    12     0     0   -72.0   57.438 -130.484    527.9    841.4
