     1     1
    CDC1    16     1     1     0     0
     1 BACKWARD OMEGA   
    16     1     5     0   60.984 -139.059   750.0
     1 PRESSURE
     1     1    16     1     5     0     0     0     0.0   60.984 -139.059    750.0    805.4
     1     1    16     1     4    23     0     0    -1.0   60.771 -138.835    772.2    806.4
     1     1    16     1     4    22     0     0    -2.0   60.551 -138.620    786.4    808.6
     1     1    16     1     4    21     0     0    -3.0   60.325 -138.416    792.3    811.7
     1     1    16     1     4    20     0     0    -4.0   60.095 -138.226    790.0    815.7
     1     1    16     1     4    19     0     0    -5.0   59.860 -138.048    781.1    822.6
     1     1    16     1     4    18     0     0    -6.0   59.622 -137.874    768.1    831.4
     1     1    16     1     4    17     0     0    -7.0   59.388 -137.677    755.6    839.9
     1     1    16     1     4    16     0     0    -8.0   59.163 -137.443    748.2    846.9
     1     1    16     1     4    15     0     0    -9.0   58.949 -137.177    745.4    852.4
     1     1    16     1     4    14     0     0   -10.0   58.745 -136.888    747.0    856.8
     1     1    16     1     4    13     0     0   -11.0   58.550 -136.583    752.6    860.2
     1     1    16     1     4    12     0     0   -12.0   58.363 -136.268    761.8    862.6
     1     1    16     1     4    11     0     0   -13.0   58.179 -135.944    774.0    864.5
     1     1    16     1     4    10     0     0   -14.0   57.989 -135.609    788.0    866.1
     1     1    16     1     4     9     0     0   -15.0   57.792 -135.265    803.5    867.4
     1     1    16     1     4     8     0     0   -16.0   57.585 -134.911    819.6    867.9
     1     1    16     1     4     7     0     0   -17.0   57.368 -134.548    835.5    865.4
     1     1    16     1     4     6     0     0   -18.0   57.141 -134.182    852.6    862.6
     1     1    16     1     4     5     0     0   -19.0   56.919 -133.826    871.7    860.2
     1     1    16     1     4     4     0     0   -20.0   56.716 -133.490    892.4    857.7
     1     1    16     1     4     3     0     0   -21.0   56.531 -133.177    914.9    855.3
     1     1    16     1     4     2     0     0   -22.0   56.361 -132.889    939.0    852.7
     1     1    16     1     4     1     0     0   -23.0   56.205 -132.629    964.6    850.1
     1     1    16     1     4     0     0     0   -24.0   56.059 -132.396    991.3    847.1
     1     1    16     1     3    23     0     0   -25.0   55.919 -132.184   1015.1    843.8
     1     1    16     1     3    22     0     0   -26.0   55.782 -131.985   1031.6    841.8
     1     1    16     1     3    21     0     0   -27.0   55.647 -131.795   1040.0    840.8
     1     1    16     1     3    20     0     0   -28.0   55.512 -131.608   1039.8    840.7
     1     1    16     1     3    19     0     0   -29.0   55.379 -131.421   1030.2    841.6
     1     1    16     1     3    18     0     0   -30.0   55.245 -131.230   1010.7    843.4
     1     1    16     1     3    17     0     0   -31.0   55.119 -131.034    986.4    846.0
     1     1    16     1     3    16     0     0   -32.0   55.006 -130.835    962.6    847.6
     1     1    16     1     3    15     0     0   -33.0   54.907 -130.636    941.0    848.5
     1     1    16     1     3    14     0     0   -34.0   54.821 -130.443    923.0    848.8
     1     1    16     1     3    13     0     0   -35.0   54.748 -130.256    909.2    848.5
     1     1    16     1     3    12     0     0   -36.0   54.688 -130.076    899.8    847.8
     1     1    16     1     3    11     0     0   -37.0   54.624 -129.918    892.6    847.1
     1     1    16     1     3    10     0     0   -38.0   54.542 -129.793    885.5    847.5
     1     1    16     1     3     9     0     0   -39.0   54.441 -129.695    878.5    848.7
     1     1    16     1     3     8     0     0   -40.0   54.324 -129.622    871.3    850.6
     1     1    16     1     3     7     0     0   -41.0   54.192 -129.569    863.8    853.1
     1     1    16     1     3     6     0     0   -42.0   54.047 -129.532    855.5    856.2
     1     1    16     1     3     5     0     0   -43.0   53.893 -129.496    848.0    859.5
     1     1    16     1     3     4     0     0   -44.0   53.734 -129.445    842.6    862.3
     1     1    16     1     3     3     0     0   -45.0   53.570 -129.380    839.1    864.7
     1     1    16     1     3     2     0     0   -46.0   53.403 -129.301    837.6    866.6
     1     1    16     1     3     1     0     0   -47.0   53.234 -129.207    837.9    868.2
     1     1    16     1     3     0     0     0   -48.0   53.063 -129.099    840.0    869.3
     1     1    16     1     2    23     0     0   -49.0   52.887 -128.983    840.3    870.1
     1     1    16     1     2    22     0     0   -50.0   52.701 -128.862    835.6    871.9
     1     1    16     1     2    21     0     0   -51.0   52.507 -128.735    826.0    874.0
     1     1    16     1     2    20     0     0   -52.0   52.304 -128.602    811.5    875.8
     1     1    16     1     2    19     0     0   -53.0   52.088 -128.464    793.1    878.2
     1     1    16     1     2    18     0     0   -54.0   51.860 -128.316    771.6    881.0
     1     1    16     1     2    17     0     0   -55.0   51.616 -128.155    749.2    884.2
     1     1    16     1     2    16     0     0   -56.0   51.352 -127.974    727.5    887.4
     1     1    16     1     2    15     0     0   -57.0   51.070 -127.774    706.3    890.6
     1     1    16     1     2    14     0     0   -58.0   50.770 -127.552    685.4    894.0
     1     1    16     1     2    13     0     0   -59.0   50.457 -127.308    664.7    897.0
     1     1    16     1     2    12     0     0   -60.0   50.138 -127.041    644.2    899.6
     1     1    16     1     2    11     0     0   -61.0   49.821 -126.758    629.1    903.1
     1     1    16     1     2    10     0     0   -62.0   49.516 -126.467    624.0    905.7
     1     1    16     1     2     9     0     0   -63.0   49.225 -126.175    629.3    907.5
     1     1    16     1     2     8     0     0   -64.0   48.950 -125.883    644.6    908.4
     1     1    16     1     2     7     0     0   -65.0   48.692 -125.592    669.5    908.6
     1     1    16     1     2     6     0     0   -66.0   48.450 -125.303    703.9    908.0
     1     1    16     1     2     5     0     0   -67.0   48.225 -125.016    746.9    906.4
     1     1    16     1     2     4     0     0   -68.0   48.013 -124.729    797.0    903.0
     1     1    16     1     2     3     0     0   -69.0   47.809 -124.440    854.0    898.9
     1     1    16     1     2     2     0     0   -70.0   47.612 -124.146    918.2    894.3
     1     1    16     1     2     1     0     0   -71.0   47.417 -123.848    988.8    885.7
     1     1    16     1     2     0     0     0   -72.0   47.220 -123.543   1065.2    872.3
