     1     1
    CDC1    16     3     1     0     0
     1 BACKWARD OMEGA   
    16     3     4    18   60.984 -139.059   750.0
     1 PRESSURE
     1     1    16     3     4    18     0     0     0.0   60.984 -139.059    750.0    790.2
     1     1    16     3     4    17     0     0    -1.0   60.823 -138.639    738.1    793.9
     1     1    16     3     4    16     0     0    -2.0   60.665 -138.221    727.3    797.5
     1     1    16     3     4    15     0     0    -3.0   60.509 -137.805    717.9    801.1
     1     1    16     3     4    14     0     0    -4.0   60.353 -137.391    710.2    804.3
     1     1    16     3     4    13     0     0    -5.0   60.193 -136.982    704.3    806.8
     1     1    16     3     4    12     0     0    -6.0   60.026 -136.580    700.2    809.1
     1     1    16     3     4    11     0     0    -7.0   59.854 -136.187    696.0    813.0
     1     1    16     3     4    10     0     0    -8.0   59.680 -135.801    688.9    817.9
     1     1    16     3     4     9     0     0    -9.0   59.507 -135.420    678.9    823.0
     1     1    16     3     4     8     0     0   -10.0   59.335 -135.042    666.0    828.2
     1     1    16     3     4     7     0     0   -11.0   59.164 -134.667    649.5    831.9
     1     1    16     3     4     6     0     0   -12.0   58.991 -134.296    629.8    835.3
     1     1    16     3     4     5     0     0   -13.0   58.811 -133.934    609.0    838.5
     1     1    16     3     4     4     0     0   -14.0   58.621 -133.584    589.6    840.9
     1     1    16     3     4     3     0     0   -15.0   58.421 -133.247    571.1    843.3
     1     1    16     3     4     2     0     0   -16.0   58.210 -132.922    553.2    845.7
     1     1    16     3     4     1     0     0   -17.0   57.992 -132.609    535.4    847.9
     1     1    16     3     4     0     0     0   -18.0   57.766 -132.308    517.5    849.7
     1     1    16     3     3    23     0     0   -19.0   57.535 -132.024    497.6    850.2
     1     1    16     3     3    22     0     0   -20.0   57.301 -131.760    475.0    852.7
     1     1    16     3     3    21     0     0   -21.0   57.064 -131.517    450.3    856.2
     1     1    16     3     3    20     0     0   -22.0   56.824 -131.293    423.8    860.4
     1     1    16     3     3    19     0     0   -23.0   56.581 -131.090    396.1    865.4
     1     1    16     3     3    18     0     0   -24.0   56.335 -130.910    367.6    870.9
     1     1    16     3     3    17     0     0   -25.0   56.093 -130.729    341.7    875.6
     1     1    16     3     3    16     0     0   -26.0   55.861 -130.527    320.7    878.9
     1     1    16     3     3    15     0     0   -27.0   55.640 -130.305    303.4    881.1
     1     1    16     3     3    14     0     0   -28.0   55.435 -130.065    288.5    882.5
     1     1    16     3     3    13     0     0   -29.0   55.252 -129.808    275.2    883.6
     1     1    16     3     3    12     0     0   -30.0   55.093 -129.536    263.2    883.9
     1     1    16     3     3    11     0     0   -31.0   54.945 -129.253    251.0    884.1
     1     1    16     3     3    10     0     0   -32.0   54.797 -128.968    237.8    884.3
     1     1    16     3     3     9     0     0   -33.0   54.646 -128.681    224.7    884.5
     1     1    16     3     3     8     0     0   -34.0   54.491 -128.388    212.0    884.4
     1     1    16     3     3     7     0     0   -35.0   54.332 -128.085    200.2    884.1
     1     1    16     3     3     6     0     0   -36.0   54.167 -127.766    189.5    883.1
     1     1    16     3     3     5     0     0   -37.0   53.999 -127.436    180.3    882.6
     1     1    16     3     3     4     0     0   -38.0   53.828 -127.106    173.6    883.2
     1     1    16     3     3     3     0     0   -39.0   53.658 -126.782    169.1    883.2
     1     1    16     3     3     2     0     0   -40.0   53.490 -126.469    166.3    882.5
     1     1    16     3     3     1     0     0   -41.0   53.326 -126.173    165.0    881.3
     1     1    16     3     3     0     0     0   -42.0   53.170 -125.901    164.9    879.8
     1     1    16     3     2    23     0     0   -43.0   53.020 -125.668    165.3    878.3
     1     1    16     3     2    22     0     0   -44.0   52.872 -125.484    166.0    877.2
     1     1    16     3     2    21     0     0   -45.0   52.725 -125.344    166.7    876.5
     1     1    16     3     2    20     0     0   -46.0   52.579 -125.243    167.6    876.3
     1     1    16     3     2    19     0     0   -47.0   52.431 -125.176    169.0    877.2
     1     1    16     3     2    18     0     0   -48.0   52.281 -125.131    171.0    879.4
     1     1    16     3     2    17     0     0   -49.0   52.128 -125.100    170.9    880.5
     1     1    16     3     2    16     0     0   -50.0   51.975 -125.081    165.9    882.5
     1     1    16     3     2    15     0     0   -51.0   51.827 -125.079    156.2    885.3
     1     1    16     3     2    14     0     0   -52.0   51.685 -125.101    142.1    888.9
     1     1    16     3     2    13     0     0   -53.0   51.554 -125.153    124.4    893.2
     1     1    16     3     2    12     0     0   -54.0   51.438 -125.243    103.9    898.5
     1     1    16     3     2    11     0     0   -55.0   51.329 -125.321     83.5    903.6
     1     1    16     3     2    10     0     0   -56.0   51.217 -125.332     64.9    906.8
     1     1    16     3     2     9     0     0   -57.0   51.098 -125.271     48.9    908.2
     1     1    16     3     2     8     0     0   -58.0   50.968 -125.131     35.9    908.2
     1     1    16     3     2     7     0     0   -59.0   50.825 -124.909     25.9    907.1
     1     1    16     3     2     6     0     0   -60.0   50.669 -124.612     18.2    905.3
     1     1    16     3     2     5     0     0   -61.0   50.500 -124.270     12.1    902.6
     1     1    16     3     2     4     0     0   -62.0   50.311 -123.913      6.9    899.2
     1     1    16     3     2     3     0     0   -63.0   50.104 -123.550      2.3    895.5
     1     1    16     3     2     2     0     0   -64.0   49.878 -123.206      0.0    894.6
     1     1    16     3     2     1     0     0   -65.0   49.638 -122.912      0.0    897.3
     1     1    16     3     2     0     0     0   -66.0   49.386 -122.689      0.0    901.8
     1     1    16     3     1    23     0     0   -67.0   49.144 -122.507      0.0    907.9
     1     1    16     3     1    22     0     0   -68.0   48.937 -122.320      0.0    913.0
     1     1    16     3     1    21     0     0   -69.0   48.762 -122.112      0.0    916.7
     1     1    16     3     1    20     0     0   -70.0   48.616 -121.872      0.0    919.0
     1     1    16     3     1    19     0     0   -71.0   48.497 -121.591      0.0    920.0
     1     1    16     3     1    18     0     0   -72.0   48.404 -121.265      0.0    919.7
