     1     1
    CDC1    16     3     1     0     0
     1 BACKWARD OMEGA   
    16     3    28     0   60.984 -139.059   750.0
     1 PRESSURE
     1     1    16     3    28     0     0     0     0.0   60.984 -139.059    750.0    808.4
     1     1    16     3    27    23     0     0    -1.0   60.797 -139.326    708.4    815.6
     1     1    16     3    27    22     0     0    -2.0   60.622 -139.570    666.1    823.2
     1     1    16     3    27    21     0     0    -3.0   60.463 -139.805    625.0    830.6
     1     1    16     3    27    20     0     0    -4.0   60.323 -140.044    587.6    837.2
     1     1    16     3    27    19     0     0    -5.0   60.202 -140.299    556.9    843.3
     1     1    16     3    27    18     0     0    -6.0   60.100 -140.575    534.3    848.4
     1     1    16     3    27    17     0     0    -7.0   60.007 -140.843    519.3    852.6
     1     1    16     3    27    16     0     0    -8.0   59.912 -141.073    510.9    857.5
     1     1    16     3    27    15     0     0    -9.0   59.818 -141.275    508.8    861.6
     1     1    16     3    27    14     0     0   -10.0   59.726 -141.453    512.9    864.8
     1     1    16     3    27    13     0     0   -11.0   59.640 -141.611    523.3    867.0
     1     1    16     3    27    12     0     0   -12.0   59.561 -141.754    540.3    868.1
     1     1    16     3    27    11     0     0   -13.0   59.495 -141.887    557.2    868.2
     1     1    16     3    27    10     0     0   -14.0   59.447 -142.016    567.4    869.0
     1     1    16     3    27     9     0     0   -15.0   59.416 -142.134    570.8    869.8
     1     1    16     3    27     8     0     0   -16.0   59.403 -142.241    567.5    870.7
     1     1    16     3    27     7     0     0   -17.0   59.407 -142.332    557.8    871.5
     1     1    16     3    27     6     0     0   -18.0   59.428 -142.405    541.6    872.3
     1     1    16     3    27     5     0     0   -19.0   59.449 -142.445    524.9    873.7
     1     1    16     3    27     4     0     0   -20.0   59.457 -142.439    513.0    874.3
     1     1    16     3    27     3     0     0   -21.0   59.451 -142.388    505.1    874.7
     1     1    16     3    27     2     0     0   -22.0   59.431 -142.294    500.9    875.0
     1     1    16     3    27     1     0     0   -23.0   59.395 -142.158    499.7    875.3
     1     1    16     3    27     0     0     0   -24.0   59.342 -141.983    501.2    875.7
     1     1    16     3    26    23     0     0   -25.0   59.276 -141.789    498.2    876.7
     1     1    16     3    26    22     0     0   -26.0   59.202 -141.594    484.1    879.9
     1     1    16     3    26    21     0     0   -27.0   59.121 -141.396    459.5    884.6
     1     1    16     3    26    20     0     0   -28.0   59.032 -141.191    425.2    890.6
     1     1    16     3    26    19     0     0   -29.0   58.935 -140.978    382.9    898.1
     1     1    16     3    26    18     0     0   -30.0   58.830 -140.752    335.0    905.8
     1     1    16     3    26    17     0     0   -31.0   58.715 -140.506    288.4    914.2
     1     1    16     3    26    16     0     0   -32.0   58.587 -140.231    248.1    922.0
     1     1    16     3    26    15     0     0   -33.0   58.445 -139.925    214.0    929.9
     1     1    16     3    26    14     0     0   -34.0   58.295 -139.589    185.3    937.5
     1     1    16     3    26    13     0     0   -35.0   58.141 -139.224    160.4    944.3
     1     1    16     3    26    12     0     0   -36.0   57.984 -138.825    138.5    951.0
     1     1    16     3    26    11     0     0   -37.0   57.818 -138.424    119.4    958.6
     1     1    16     3    26    10     0     0   -38.0   57.634 -138.052    102.9    966.6
     1     1    16     3    26     9     0     0   -39.0   57.436 -137.711     88.8    973.5
     1     1    16     3    26     8     0     0   -40.0   57.225 -137.412     76.2    977.5
     1     1    16     3    26     7     0     0   -41.0   57.003 -137.162     64.6    980.5
     1     1    16     3    26     6     0     0   -42.0   56.771 -136.959     54.0    984.2
     1     1    16     3    26     5     0     0   -43.0   56.528 -136.781     44.4    988.0
     1     1    16     3    26     4     0     0   -44.0   56.272 -136.609     35.7    992.4
     1     1    16     3    26     3     0     0   -45.0   56.002 -136.442     28.1    997.3
     1     1    16     3    26     2     0     0   -46.0   55.717 -136.280     21.8   1002.8
     1     1    16     3    26     1     0     0   -47.0   55.416 -136.120     16.7   1008.8
     1     1    16     3    26     0     0     0   -48.0   55.097 -135.961     12.9   1015.4
     1     1    16     3    25    23     0     0   -49.0   54.776 -135.807     10.0   1017.5
     1     1    16     3    25    22     0     0   -50.0   54.468 -135.662      7.7   1017.6
     1     1    16     3    25    21     0     0   -51.0   54.171 -135.520      5.5   1018.0
     1     1    16     3    25    20     0     0   -52.0   53.883 -135.378      3.4   1018.5
     1     1    16     3    25    19     0     0   -53.0   53.598 -135.232      1.3   1019.2
     1     1    16     3    25    18     0     0   -54.0   53.315 -135.078      0.0   1020.2
     1     1    16     3    25    17     0     0   -55.0   53.043 -134.938      0.0   1021.1
     1     1    16     3    25    16     0     0   -56.0   52.792 -134.838      0.0   1021.8
     1     1    16     3    25    15     0     0   -57.0   52.565 -134.786      0.0   1022.6
     1     1    16     3    25    14     0     0   -58.0   52.365 -134.778      0.0   1022.5
     1     1    16     3    25    13     0     0   -59.0   52.194 -134.809      0.0   1022.2
     1     1    16     3    25    12     0     0   -60.0   52.049 -134.872      0.0   1021.9
     1     1    16     3    25    11     0     0   -61.0   51.929 -134.969      0.0   1021.6
     1     1    16     3    25    10     0     0   -62.0   51.828 -135.099      0.0   1021.1
     1     1    16     3    25     9     0     0   -63.0   51.745 -135.261      0.0   1020.6
     1     1    16     3    25     8     0     0   -64.0   51.680 -135.455      0.0   1020.0
     1     1    16     3    25     7     0     0   -65.0   51.632 -135.684      0.0   1019.5
     1     1    16     3    25     6     0     0   -66.0   51.600 -135.946      0.1   1018.9
     1     1    16     3    25     5     0     0   -67.0   51.579 -136.240      0.3   1017.4
     1     1    16     3    25     4     0     0   -68.0   51.561 -136.565      0.5   1015.9
     1     1    16     3    25     3     0     0   -69.0   51.547 -136.925      0.8   1014.3
     1     1    16     3    25     2     0     0   -70.0   51.539 -137.323      1.1   1012.8
     1     1    16     3    25     1     0     0   -71.0   51.538 -137.762      1.4   1012.2
     1     1    16     3    25     0     0     0   -72.0   51.544 -138.246      1.8   1012.4
