     1     1
    CDC1    16     1     1     0     0
     1 BACKWARD OMEGA   
    16     1    26     6   60.984 -139.059   750.0
     1 PRESSURE
     1     1    16     1    26     6     0     0     0.0   60.984 -139.059    750.0    791.4
     1     1    16     1    26     5     0     0    -1.0   60.791 -138.764    715.8    798.3
     1     1    16     1    26     4     0     0    -2.0   60.590 -138.440    680.6    805.7
     1     1    16     1    26     3     0     0    -3.0   60.375 -138.093    645.3    813.3
     1     1    16     1    26     2     0     0    -4.0   60.143 -137.725    611.0    821.2
     1     1    16     1    26     1     0     0    -5.0   59.887 -137.347    579.6    830.1
     1     1    16     1    26     0     0     0    -6.0   59.607 -136.974    553.5    840.7
     1     1    16     1    25    23     0     0    -7.0   59.316 -136.609    526.7    850.4
     1     1    16     1    25    22     0     0    -8.0   59.027 -136.240    493.1    861.3
     1     1    16     1    25    21     0     0    -9.0   58.743 -135.858    454.8    872.5
     1     1    16     1    25    20     0     0   -10.0   58.468 -135.456    413.9    883.5
     1     1    16     1    25    19     0     0   -11.0   58.208 -135.029    372.5    894.1
     1     1    16     1    25    18     0     0   -12.0   57.969 -134.580    332.2    899.8
     1     1    16     1    25    17     0     0   -13.0   57.742 -134.128    295.9    904.0
     1     1    16     1    25    16     0     0   -14.0   57.517 -133.682    264.4    907.0
     1     1    16     1    25    15     0     0   -15.0   57.296 -133.250    238.1    909.2
     1     1    16     1    25    14     0     0   -16.0   57.074 -132.834    217.0    911.6
     1     1    16     1    25    13     0     0   -17.0   56.849 -132.431    200.2    914.0
     1     1    16     1    25    12     0     0   -18.0   56.610 -132.047    186.4    915.1
     1     1    16     1    25    11     0     0   -19.0   56.356 -131.684    174.3    915.9
     1     1    16     1    25    10     0     0   -20.0   56.098 -131.335    163.6    917.0
     1     1    16     1    25     9     0     0   -21.0   55.841 -130.991    154.5    918.0
     1     1    16     1    25     8     0     0   -22.0   55.591 -130.649    147.1    918.7
     1     1    16     1    25     7     0     0   -23.0   55.351 -130.305    141.5    918.8
     1     1    16     1    25     6     0     0   -24.0   55.129 -129.957    138.1    918.2
     1     1    16     1    25     5     0     0   -25.0   54.933 -129.627    135.9    917.8
     1     1    16     1    25     4     0     0   -26.0   54.764 -129.331    134.1    916.8
     1     1    16     1    25     3     0     0   -27.0   54.615 -129.066    132.4    915.7
     1     1    16     1    25     2     0     0   -28.0   54.479 -128.824    130.5    914.7
     1     1    16     1    25     1     0     0   -29.0   54.353 -128.599    128.0    913.8
     1     1    16     1    25     0     0     0   -30.0   54.233 -128.388    124.8    912.9
     1     1    16     1    24    23     0     0   -31.0   54.123 -128.188    120.8    911.8
     1     1    16     1    24    22     0     0   -32.0   54.030 -128.001    116.4    910.6
     1     1    16     1    24    21     0     0   -33.0   53.950 -127.827    111.8    909.3
     1     1    16     1    24    20     0     0   -34.0   53.885 -127.668    107.0    908.0
     1     1    16     1    24    19     0     0   -35.0   53.833 -127.524    102.3    906.7
     1     1    16     1    24    18     0     0   -36.0   53.792 -127.395     97.7    906.1
     1     1    16     1    24    17     0     0   -37.0   53.761 -127.275     94.0    905.9
     1     1    16     1    24    16     0     0   -38.0   53.741 -127.158     91.9    905.2
     1     1    16     1    24    15     0     0   -39.0   53.730 -127.044     91.1    904.2
     1     1    16     1    24    14     0     0   -40.0   53.729 -126.934     91.7    902.9
     1     1    16     1    24    13     0     0   -41.0   53.738 -126.827     93.7    901.2
     1     1    16     1    24    12     0     0   -42.0   53.757 -126.725     97.2    899.3
     1     1    16     1    24    11     0     0   -43.0   53.777 -126.638    101.7    897.0
     1     1    16     1    24    10     0     0   -44.0   53.790 -126.571    106.9    895.0
     1     1    16     1    24     9     0     0   -45.0   53.792 -126.524    112.6    893.3
     1     1    16     1    24     8     0     0   -46.0   53.784 -126.492    118.7    891.9
     1     1    16     1    24     7     0     0   -47.0   53.765 -126.476    125.3    890.8
     1     1    16     1    24     6     0     0   -48.0   53.735 -126.474    132.2    890.0
     1     1    16     1    24     5     0     0   -49.0   53.704 -126.479    139.5    889.4
     1     1    16     1    24     4     0     0   -50.0   53.684 -126.483    147.1    888.7
     1     1    16     1    24     3     0     0   -51.0   53.676 -126.486    155.1    887.9
     1     1    16     1    24     2     0     0   -52.0   53.679 -126.488    163.5    886.8
     1     1    16     1    24     1     0     0   -53.0   53.695 -126.488    172.2    885.7
     1     1    16     1    24     0     0     0   -54.0   53.724 -126.487    181.3    884.3
     1     1    16     1    23    23     0     0   -55.0   53.761 -126.483    192.0    882.9
     1     1    16     1    23    22     0     0   -56.0   53.803 -126.477    205.8    880.6
     1     1    16     1    23    21     0     0   -57.0   53.849 -126.472    223.0    877.9
     1     1    16     1    23    20     0     0   -58.0   53.898 -126.470    244.2    874.8
     1     1    16     1    23    19     0     0   -59.0   53.951 -126.473    269.8    871.3
     1     1    16     1    23    18     0     0   -60.0   54.007 -126.485    300.6    867.5
     1     1    16     1    23    17     0     0   -61.0   54.053 -126.514    332.4    863.5
     1     1    16     1    23    16     0     0   -62.0   54.079 -126.563    359.7    861.0
     1     1    16     1    23    15     0     0   -63.0   54.083 -126.629    381.6    859.1
     1     1    16     1    23    14     0     0   -64.0   54.065 -126.710    397.3    858.1
     1     1    16     1    23    13     0     0   -65.0   54.026 -126.803    406.7    858.4
     1     1    16     1    23    12     0     0   -66.0   53.967 -126.906    409.6    859.8
     1     1    16     1    23    11     0     0   -67.0   53.894 -127.019    407.8    862.2
     1     1    16     1    23    10     0     0   -68.0   53.813 -127.140    403.1    865.0
     1     1    16     1    23     9     0     0   -69.0   53.724 -127.269    395.3    868.6
     1     1    16     1    23     8     0     0   -70.0   53.625 -127.406    384.3    872.9
     1     1    16     1    23     7     0     0   -71.0   53.517 -127.548    370.4    878.2
     1     1    16     1    23     6     0     0   -72.0   53.398 -127.694    354.2    884.1
