     1     1
    CDC1    16     3     1     0     0
     1 BACKWARD OMEGA   
    16     3    27     6   60.984 -139.059   750.0
     1 PRESSURE
     1     1    16     3    27     6     0     0     0.0   60.984 -139.059    750.0    800.1
     1     1    16     3    27     5     0     0    -1.0   60.890 -138.983    710.2    805.7
     1     1    16     3    27     4     0     0    -2.0   60.782 -138.879    672.3    811.5
     1     1    16     3    27     3     0     0    -3.0   60.658 -138.745    636.2    817.3
     1     1    16     3    27     2     0     0    -4.0   60.516 -138.575    601.5    823.3
     1     1    16     3    27     1     0     0    -5.0   60.352 -138.364    568.1    828.9
     1     1    16     3    27     0     0     0    -6.0   60.162 -138.105    535.3    835.0
     1     1    16     3    26    23     0     0    -7.0   59.948 -137.810    495.1    842.1
     1     1    16     3    26    22     0     0    -8.0   59.721 -137.513    444.0    854.5
     1     1    16     3    26    21     0     0    -9.0   59.489 -137.223    384.8    867.9
     1     1    16     3    26    20     0     0   -10.0   59.257 -136.935    322.9    880.8
     1     1    16     3    26    19     0     0   -11.0   59.029 -136.640    264.0    893.2
     1     1    16     3    26    18     0     0   -12.0   58.806 -136.334    211.0    905.1
     1     1    16     3    26    17     0     0   -13.0   58.593 -136.021    166.7    915.3
     1     1    16     3    26    16     0     0   -14.0   58.391 -135.701    131.5    923.6
     1     1    16     3    26    15     0     0   -15.0   58.203 -135.372    103.6    930.9
     1     1    16     3    26    14     0     0   -16.0   58.029 -135.032     81.9    937.1
     1     1    16     3    26    13     0     0   -17.0   57.872 -134.685     65.2    939.2
     1     1    16     3    26    12     0     0   -18.0   57.734 -134.336     52.4    939.6
     1     1    16     3    26    11     0     0   -19.0   57.605 -134.009     40.4    939.5
     1     1    16     3    26    10     0     0   -20.0   57.473 -133.719     26.4    940.2
     1     1    16     3    26     9     0     0   -21.0   57.336 -133.467      9.6    942.6
     1     1    16     3    26     8     0     0   -22.0   57.184 -133.255      0.0    943.5
     1     1    16     3    26     7     0     0   -23.0   57.013 -133.081      0.0    945.4
     1     1    16     3    26     6     0     0   -24.0   56.827 -132.937      0.0    948.2
     1     1    16     3    26     5     0     0   -25.0   56.633 -132.810      0.0    951.4
     1     1    16     3    26     4     0     0   -26.0   56.441 -132.688      0.0    954.8
     1     1    16     3    26     3     0     0   -27.0   56.251 -132.571      0.0    958.3
     1     1    16     3    26     2     0     0   -28.0   56.063 -132.462      0.0    961.7
     1     1    16     3    26     1     0     0   -29.0   55.878 -132.364      0.0    964.8
     1     1    16     3    26     0     0     0   -30.0   55.694 -132.277      0.0    968.1
     1     1    16     3    25    23     0     0   -31.0   55.513 -132.191      0.0    971.2
     1     1    16     3    25    22     0     0   -32.0   55.341 -132.094      0.0    973.9
     1     1    16     3    25    21     0     0   -33.0   55.178 -131.986      0.0    976.2
     1     1    16     3    25    20     0     0   -34.0   55.027 -131.866      0.0    977.9
     1     1    16     3    25    19     0     0   -35.0   54.886 -131.736      0.0    978.0
     1     1    16     3    25    18     0     0   -36.0   54.755 -131.594      0.0    977.5
     1     1    16     3    25    17     0     0   -37.0   54.630 -131.455      0.0    977.0
     1     1    16     3    25    16     0     0   -38.0   54.507 -131.331      0.0    976.8
     1     1    16     3    25    15     0     0   -39.0   54.388 -131.224      0.0    976.9
     1     1    16     3    25    14     0     0   -40.0   54.273 -131.135      0.0    977.4
     1     1    16     3    25    13     0     0   -41.0   54.164 -131.064      0.0    978.1
     1     1    16     3    25    12     0     0   -42.0   54.062 -131.014      0.0    979.1
     1     1    16     3    25    11     0     0   -43.0   53.970 -130.985      0.0    979.9
     1     1    16     3    25    10     0     0   -44.0   53.890 -130.981      0.0    980.9
     1     1    16     3    25     9     0     0   -45.0   53.823 -131.002      0.0    982.1
     1     1    16     3    25     8     0     0   -46.0   53.768 -131.048      0.0    983.6
     1     1    16     3    25     7     0     0   -47.0   53.727 -131.120      0.0    985.2
     1     1    16     3    25     6     0     0   -48.0   53.698 -131.218      0.0    987.0
     1     1    16     3    25     5     0     0   -49.0   53.678 -131.334      0.0    988.5
     1     1    16     3    25     4     0     0   -50.0   53.660 -131.458      0.0    990.1
     1     1    16     3    25     3     0     0   -51.0   53.646 -131.593      0.0    991.8
     1     1    16     3    25     2     0     0   -52.0   53.637 -131.740      0.0    993.6
     1     1    16     3    25     1     0     0   -53.0   53.632 -131.900      0.0    995.6
     1     1    16     3    25     0     0     0   -54.0   53.633 -132.076      0.0    997.7
     1     1    16     3    24    23     0     0   -55.0   53.635 -132.272      0.0    999.8
     1     1    16     3    24    22     0     0   -56.0   53.635 -132.494      0.0   1002.3
     1     1    16     3    24    21     0     0   -57.0   53.635 -132.746      0.0   1002.9
     1     1    16     3    24    20     0     0   -58.0   53.637 -133.029      0.0   1003.6
     1     1    16     3    24    19     0     0   -59.0   53.643 -133.344      0.0   1004.4
     1     1    16     3    24    18     0     0   -60.0   53.658 -133.693      0.0   1005.4
     1     1    16     3    24    17     0     0   -61.0   53.675 -134.063      0.0   1006.5
     1     1    16     3    24    16     0     0   -62.0   53.687 -134.449      0.1   1007.7
     1     1    16     3    24    15     0     0   -63.0   53.699 -134.857      1.0   1009.0
     1     1    16     3    24    14     0     0   -64.0   53.711 -135.282      2.9   1008.4
     1     1    16     3    24    13     0     0   -65.0   53.722 -135.707      5.7   1006.8
     1     1    16     3    24    12     0     0   -66.0   53.738 -136.128      9.5   1005.1
     1     1    16     3    24    11     0     0   -67.0   53.751 -136.532     14.4   1003.0
     1     1    16     3    24    10     0     0   -68.0   53.754 -136.916     20.1   1000.6
     1     1    16     3    24     9     0     0   -69.0   53.744 -137.300     26.3    998.0
     1     1    16     3    24     8     0     0   -70.0   53.723 -137.698     32.4    995.6
     1     1    16     3    24     7     0     0   -71.0   53.693 -138.117     37.4    993.6
     1     1    16     3    24     6     0     0   -72.0   53.662 -138.561     40.7    991.7
