     1     1
    CDC1    16     2     1     0     0
     1 BACKWARD OMEGA   
    16     2     9     6   60.984 -139.059   750.0
     1 PRESSURE
     1     1    16     2     9     6     0     0     0.0   60.984 -139.059    750.0    805.8
     1     1    16     2     9     5     0     0    -1.0   60.774 -139.168    712.8    813.2
     1     1    16     2     9     4     0     0    -2.0   60.600 -139.225    676.0    820.2
     1     1    16     2     9     3     0     0    -3.0   60.460 -139.219    640.3    826.6
     1     1    16     2     9     2     0     0    -4.0   60.354 -139.144    605.9    832.3
     1     1    16     2     9     1     0     0    -5.0   60.280 -138.993    573.3    836.5
     1     1    16     2     9     0     0     0    -6.0   60.240 -138.764    542.4    840.1
     1     1    16     2     8    23     0     0    -7.0   60.206 -138.492    514.1    844.0
     1     1    16     2     8    22     0     0    -8.0   60.157 -138.214    488.3    848.0
     1     1    16     2     8    21     0     0    -9.0   60.094 -137.928    465.9    851.7
     1     1    16     2     8    20     0     0   -10.0   60.022 -137.633    447.4    855.2
     1     1    16     2     8    19     0     0   -11.0   59.942 -137.331    433.8    859.0
     1     1    16     2     8    18     0     0   -12.0   59.857 -137.029    425.9    862.5
     1     1    16     2     8    17     0     0   -13.0   59.760 -136.752    420.8    865.4
     1     1    16     2     8    16     0     0   -14.0   59.645 -136.518    414.6    869.2
     1     1    16     2     8    15     0     0   -15.0   59.517 -136.322    407.7    873.6
     1     1    16     2     8    14     0     0   -16.0   59.379 -136.155    400.0    878.5
     1     1    16     2     8    13     0     0   -17.0   59.234 -136.008    391.6    883.6
     1     1    16     2     8    12     0     0   -18.0   59.084 -135.874    382.8    888.9
     1     1    16     2     8    11     0     0   -19.0   58.929 -135.751    370.3    894.0
     1     1    16     2     8    10     0     0   -20.0   58.769 -135.643    351.6    900.1
     1     1    16     2     8     9     0     0   -21.0   58.606 -135.553    327.9    906.9
     1     1    16     2     8     8     0     0   -22.0   58.441 -135.481    300.4    914.5
     1     1    16     2     8     7     0     0   -23.0   58.275 -135.430    270.6    922.6
     1     1    16     2     8     6     0     0   -24.0   58.108 -135.399    240.0    931.4
     1     1    16     2     8     5     0     0   -25.0   57.940 -135.365    211.1    939.8
     1     1    16     2     8     4     0     0   -26.0   57.774 -135.309    185.0    947.2
     1     1    16     2     8     3     0     0   -27.0   57.607 -135.237    161.5    953.9
     1     1    16     2     8     2     0     0   -28.0   57.437 -135.154    140.6    959.8
     1     1    16     2     8     1     0     0   -29.0   57.263 -135.060    122.2    964.5
     1     1    16     2     8     0     0     0   -30.0   57.087 -134.956    106.4    968.8
     1     1    16     2     7    23     0     0   -31.0   56.911 -134.826     91.9    971.2
     1     1    16     2     7    22     0     0   -32.0   56.740 -134.658     77.9    973.3
     1     1    16     2     7    21     0     0   -33.0   56.570 -134.459     64.0    974.6
     1     1    16     2     7    20     0     0   -34.0   56.400 -134.240     50.6    975.7
     1     1    16     2     7    19     0     0   -35.0   56.228 -134.007     38.4    977.0
     1     1    16     2     7    18     0     0   -36.0   56.049 -133.769     28.0    978.7
     1     1    16     2     7    17     0     0   -37.0   55.866 -133.493     20.3    980.4
     1     1    16     2     7    16     0     0   -38.0   55.679 -133.135     15.1    981.1
     1     1    16     2     7    15     0     0   -39.0   55.481 -132.683     11.7    981.0
     1     1    16     2     7    14     0     0   -40.0   55.274 -132.136      9.5    977.4
     1     1    16     2     7    13     0     0   -41.0   55.069 -131.509      7.5    970.8
     1     1    16     2     7    12     0     0   -42.0   54.884 -130.832      5.3    962.3
     1     1    16     2     7    11     0     0   -43.0   54.736 -130.195      3.0    954.6
     1     1    16     2     7    10     0     0   -44.0   54.624 -129.666      0.9    948.7
     1     1    16     2     7     9     0     0   -45.0   54.538 -129.239      0.0    944.0
     1     1    16     2     7     8     0     0   -46.0   54.470 -128.906      0.0    940.3
     1     1    16     2     7     7     0     0   -47.0   54.412 -128.656      0.0    937.6
     1     1    16     2     7     6     0     0   -48.0   54.358 -128.484      0.0    935.9
     1     1    16     2     7     5     0     0   -49.0   54.302 -128.358      0.0    935.0
     1     1    16     2     7     4     0     0   -50.0   54.241 -128.253      0.0    934.5
     1     1    16     2     7     3     0     0   -51.0   54.176 -128.167      0.1    934.4
     1     1    16     2     7     2     0     0   -52.0   54.105 -128.097      0.3    934.6
     1     1    16     2     7     1     0     0   -53.0   54.031 -128.041      0.7    935.1
     1     1    16     2     7     0     0     0   -54.0   53.952 -127.998      1.3    935.9
     1     1    16     2     6    23     0     0   -55.0   53.870 -127.969      1.9    936.4
     1     1    16     2     6    22     0     0   -56.0   53.782 -127.957      2.3    937.2
     1     1    16     2     6    21     0     0   -57.0   53.690 -127.960      2.6    938.5
     1     1    16     2     6    20     0     0   -58.0   53.592 -127.980      2.8    940.3
     1     1    16     2     6    19     0     0   -59.0   53.491 -128.017      2.8    942.4
     1     1    16     2     6    18     0     0   -60.0   53.386 -128.073      2.7    945.1
     1     1    16     2     6    17     0     0   -61.0   53.278 -128.149      2.3    947.5
     1     1    16     2     6    16     0     0   -62.0   53.169 -128.251      1.6    950.5
     1     1    16     2     6    15     0     0   -63.0   53.057 -128.382      0.6    954.1
     1     1    16     2     6    14     0     0   -64.0   52.944 -128.548      0.0    958.5
     1     1    16     2     6    13     0     0   -65.0   52.831 -128.756      0.0    963.7
     1     1    16     2     6    12     0     0   -66.0   52.718 -129.016      0.0    970.1
     1     1    16     2     6    11     0     0   -67.0   52.604 -129.322      0.0    977.0
     1     1    16     2     6    10     0     0   -68.0   52.487 -129.664      0.0    984.7
     1     1    16     2     6     9     0     0   -69.0   52.363 -130.038      0.0    991.8
     1     1    16     2     6     8     0     0   -70.0   52.236 -130.440      0.0    996.2
     1     1    16     2     6     7     0     0   -71.0   52.109 -130.876      0.0   1000.7
     1     1    16     2     6     6     0     0   -72.0   51.980 -131.347      0.0   1005.2
