     1     1
    CDC1    16     4     1     0     0
     1 BACKWARD OMEGA   
    16     4    21    12   60.984 -139.059   750.0
     1 PRESSURE
     1     1    16     4    21    12     0     0     0.0   60.984 -139.059    750.0    810.9
     1     1    16     4    21    11     0     0    -1.0   60.893 -138.568    779.6    808.6
     1     1    16     4    21    10     0     0    -2.0   60.813 -138.113    804.2    806.8
     1     1    16     4    21     9     0     0    -3.0   60.745 -137.689    824.6    805.4
     1     1    16     4    21     8     0     0    -4.0   60.690 -137.296    841.4    803.9
     1     1    16     4    21     7     0     0    -5.0   60.649 -136.935    854.9    802.3
     1     1    16     4    21     6     0     0    -6.0   60.622 -136.603    865.7    800.9
     1     1    16     4    21     5     0     0    -7.0   60.595 -136.300    872.9    800.1
     1     1    16     4    21     4     0     0    -8.0   60.555 -136.026    875.4    800.0
     1     1    16     4    21     3     0     0    -9.0   60.503 -135.781    873.5    800.7
     1     1    16     4    21     2     0     0   -10.0   60.442 -135.565    867.3    801.9
     1     1    16     4    21     1     0     0   -11.0   60.371 -135.379    857.1    803.7
     1     1    16     4    21     0     0     0   -12.0   60.292 -135.222    843.0    806.0
     1     1    16     4    20    23     0     0   -13.0   60.206 -135.083    827.5    808.5
     1     1    16     4    20    22     0     0   -14.0   60.116 -134.951    814.2    810.5
     1     1    16     4    20    21     0     0   -15.0   60.021 -134.825    803.0    812.0
     1     1    16     4    20    20     0     0   -16.0   59.924 -134.703    794.6    814.1
     1     1    16     4    20    19     0     0   -17.0   59.825 -134.582    789.1    816.3
     1     1    16     4    20    18     0     0   -18.0   59.725 -134.462    786.3    818.1
     1     1    16     4    20    17     0     0   -19.0   59.624 -134.335    785.0    819.7
     1     1    16     4    20    16     0     0   -20.0   59.521 -134.195    783.9    821.3
     1     1    16     4    20    15     0     0   -21.0   59.417 -134.043    783.0    822.7
     1     1    16     4    20    14     0     0   -22.0   59.312 -133.877    782.0    823.9
     1     1    16     4    20    13     0     0   -23.0   59.206 -133.697    780.9    824.8
     1     1    16     4    20    12     0     0   -24.0   59.100 -133.503    779.6    825.4
     1     1    16     4    20    11     0     0   -25.0   59.002 -133.294    780.2    825.8
     1     1    16     4    20    10     0     0   -26.0   58.919 -133.068    784.1    825.0
     1     1    16     4    20     9     0     0   -27.0   58.852 -132.826    791.9    823.2
     1     1    16     4    20     8     0     0   -28.0   58.798 -132.565    803.8    820.4
     1     1    16     4    20     7     0     0   -29.0   58.758 -132.289    819.5    816.6
     1     1    16     4    20     6     0     0   -30.0   58.731 -132.004    838.6    812.1
     1     1    16     4    20     5     0     0   -31.0   58.722 -131.745    859.9    807.5
     1     1    16     4    20     4     0     0   -32.0   58.734 -131.548    882.3    803.4
     1     1    16     4    20     3     0     0   -33.0   58.770 -131.415    906.8    799.3
     1     1    16     4    20     2     0     0   -34.0   58.830 -131.346    933.6    795.3
     1     1    16     4    20     1     0     0   -35.0   58.916 -131.340    963.3    791.5
     1     1    16     4    20     0     0     0   -36.0   59.029 -131.395    995.8    787.7
     1     1    16     4    19    23     0     0   -37.0   59.158 -131.511   1029.9    783.7
     1     1    16     4    19    22     0     0   -38.0   59.296 -131.693   1063.7    780.2
     1     1    16     4    19    21     0     0   -39.0   59.442 -131.942   1097.5    777.0
     1     1    16     4    19    20     0     0   -40.0   59.596 -132.257   1131.0    774.0
     1     1    16     4    19    19     0     0   -41.0   59.755 -132.639   1164.1    771.1
     1     1    16     4    19    18     0     0   -42.0   59.916 -133.085   1196.2    768.5
     1     1    16     4    19    17     0     0   -43.0   60.069 -133.571   1225.7    766.1
     1     1    16     4    19    16     0     0   -44.0   60.208 -134.064   1249.0    765.0
     1     1    16     4    19    15     0     0   -45.0   60.333 -134.556   1265.0    764.4
     1     1    16     4    19    14     0     0   -46.0   60.443 -135.042   1272.7    764.5
     1     1    16     4    19    13     0     0   -47.0   60.540 -135.520   1271.1    764.0
     1     1    16     4    19    12     0     0   -48.0   60.622 -135.987   1261.1    764.6
     1     1    16     4    19    11     0     0   -49.0   60.690 -136.450   1243.9    766.1
     1     1    16     4    19    10     0     0   -50.0   60.741 -136.919   1220.8    768.3
     1     1    16     4    19     9     0     0   -51.0   60.776 -137.392   1192.3    771.3
     1     1    16     4    19     8     0     0   -52.0   60.798 -137.871   1159.6    774.5
     1     1    16     4    19     7     0     0   -53.0   60.808 -138.356   1124.9    777.9
     1     1    16     4    19     6     0     0   -54.0   60.809 -138.847   1089.4    781.6
     1     1    16     4    19     5     0     0   -55.0   60.800 -139.326   1055.8    785.6
     1     1    16     4    19     4     0     0   -56.0   60.785 -139.777   1024.3    789.3
     1     1    16     4    19     3     0     0   -57.0   60.766 -140.203    997.0    793.3
     1     1    16     4    19     2     0     0   -58.0   60.744 -140.606    974.7    797.4
     1     1    16     4    19     1     0     0   -59.0   60.720 -140.987    957.5    801.0
     1     1    16     4    19     0     0     0   -60.0   60.695 -141.347    945.8    803.9
     1     1    16     4    18    23     0     0   -61.0   60.671 -141.673    937.2    805.9
     1     1    16     4    18    22     0     0   -62.0   60.650 -141.958    929.3    807.6
     1     1    16     4    18    21     0     0   -63.0   60.636 -142.208    921.3    809.1
     1     1    16     4    18    20     0     0   -64.0   60.629 -142.432    912.7    810.4
     1     1    16     4    18    19     0     0   -65.0   60.632 -142.631    903.2    811.9
     1     1    16     4    18    18     0     0   -66.0   60.646 -142.810    892.0    813.3
     1     1    16     4    18    17     0     0   -67.0   60.657 -142.961    882.1    815.8
     1     1    16     4    18    16     0     0   -68.0   60.654 -143.078    875.3    817.6
     1     1    16     4    18    15     0     0   -69.0   60.637 -143.164    871.9    819.2
     1     1    16     4    18    14     0     0   -70.0   60.608 -143.218    871.6    820.4
     1     1    16     4    18    13     0     0   -71.0   60.567 -143.241    874.2    821.5
     1     1    16     4    18    12     0     0   -72.0   60.514 -143.234    879.5    822.3
