     1     1
    CDC1    16     1     1     0     0
     1 BACKWARD OMEGA   
    16     1     4     0   60.984 -139.059   750.0
     1 PRESSURE
     1     1    16     1     4     0     0     0     0.0   60.984 -139.059    750.0    809.4
     1     1    16     1     3    23     0     0    -1.0   60.910 -138.894    794.6    806.4
     1     1    16     1     3    22     0     0    -2.0   60.842 -138.770    839.4    803.3
     1     1    16     1     3    21     0     0    -3.0   60.782 -138.685    884.8    800.1
     1     1    16     1     3    20     0     0    -4.0   60.730 -138.639    931.1    796.4
     1     1    16     1     3    19     0     0    -5.0   60.687 -138.633    978.4    792.4
     1     1    16     1     3    18     0     0    -6.0   60.654 -138.667   1026.9    788.3
     1     1    16     1     3    17     0     0    -7.0   60.616 -138.753   1072.6    783.7
     1     1    16     1     3    16     0     0    -8.0   60.558 -138.895   1111.2    780.8
     1     1    16     1     3    15     0     0    -9.0   60.477 -139.086   1141.5    779.2
     1     1    16     1     3    14     0     0   -10.0   60.372 -139.316   1162.2    779.2
     1     1    16     1     3    13     0     0   -11.0   60.241 -139.577   1172.2    780.8
     1     1    16     1     3    12     0     0   -12.0   60.083 -139.859   1170.0    784.3
     1     1    16     1     3    11     0     0   -13.0   59.900 -140.120   1156.7    790.9
     1     1    16     1     3    10     0     0   -14.0   59.700 -140.327   1136.4    800.0
     1     1    16     1     3     9     0     0   -15.0   59.486 -140.487   1108.3    810.4
     1     1    16     1     3     8     0     0   -16.0   59.259 -140.609   1072.7    821.9
     1     1    16     1     3     7     0     0   -17.0   59.023 -140.699   1030.0    834.6
     1     1    16     1     3     6     0     0   -18.0   58.777 -140.767    981.0    848.6
     1     1    16     1     3     5     0     0   -19.0   58.523 -140.819    926.7    863.5
     1     1    16     1     3     4     0     0   -20.0   58.260 -140.861    868.6    878.5
     1     1    16     1     3     3     0     0   -21.0   57.991 -140.903    808.1    894.3
     1     1    16     1     3     2     0     0   -22.0   57.716 -140.956    746.7    910.7
     1     1    16     1     3     1     0     0   -23.0   57.436 -141.031    686.0    925.7
     1     1    16     1     3     0     0     0   -24.0   57.149 -141.139    627.6    933.8
     1     1    16     1     2    23     0     0   -25.0   56.856 -141.261    575.6    939.9
     1     1    16     1     2    22     0     0   -26.0   56.556 -141.378    531.1    945.2
     1     1    16     1     2    21     0     0   -27.0   56.248 -141.499    494.8    949.6
     1     1    16     1     2    20     0     0   -28.0   55.931 -141.635    467.2    952.8
     1     1    16     1     2    19     0     0   -29.0   55.601 -141.798    448.9    954.8
     1     1    16     1     2    18     0     0   -30.0   55.254 -142.002    440.6    955.3
     1     1    16     1     2    17     0     0   -31.0   54.886 -142.240    438.3    954.1
     1     1    16     1     2    16     0     0   -32.0   54.506 -142.489    436.7    953.5
     1     1    16     1     2    15     0     0   -33.0   54.122 -142.747    436.1    952.7
     1     1    16     1     2    14     0     0   -34.0   53.736 -143.026    437.6    951.7
     1     1    16     1     2    13     0     0   -35.0   53.348 -143.340    442.3    950.5
     1     1    16     1     2    12     0     0   -36.0   52.961 -143.704    451.7    948.9
     1     1    16     1     2    11     0     0   -37.0   52.576 -144.114    467.0    946.7
     1     1    16     1     2    10     0     0   -38.0   52.197 -144.546    486.9    943.5
     1     1    16     1     2     9     0     0   -39.0   51.830 -144.985    508.7    939.9
     1     1    16     1     2     8     0     0   -40.0   51.474 -145.434    531.9    935.4
     1     1    16     1     2     7     0     0   -41.0   51.130 -145.904    556.7    930.8
     1     1    16     1     2     6     0     0   -42.0   50.802 -146.414    584.1    925.8
     1     1    16     1     2     5     0     0   -43.0   50.488 -146.966    613.4    920.8
     1     1    16     1     2     4     0     0   -44.0   50.189 -147.555    642.5    915.6
     1     1    16     1     2     3     0     0   -45.0   49.898 -148.177    669.9    911.5
     1     1    16     1     2     2     0     0   -46.0   49.605 -148.824    693.0    908.2
     1     1    16     1     2     1     0     0   -47.0   49.309 -149.496    711.1    905.6
     1     1    16     1     2     0     0     0   -48.0   49.009 -150.207    724.9    903.4
     1     1    16     1     1    23     0     0   -49.0   48.705 -150.949    737.4    901.9
     1     1    16     1     1    22     0     0   -50.0   48.397 -151.712    750.7    900.0
     1     1    16     1     1    21     0     0   -51.0   48.088 -152.502    765.9    898.0
     1     1    16     1     1    20     0     0   -52.0   47.792 -153.326    783.4    895.5
     1     1    16     1     1    19     0     0   -53.0   47.518 -154.188    802.9    893.4
     1     1    16     1     1    18     0     0   -54.0   47.261 -155.083    822.4    890.5
     1     1    16     1     1    17     0     0   -55.0   47.038 -156.002    841.7    888.1
     1     1    16     1     1    16     0     0   -56.0   46.870 -156.951    861.2    885.7
     1     1    16     1     1    15     0     0   -57.0   46.758 -157.930    880.2    883.4
     1     1    16     1     1    14     0     0   -58.0   46.707 -158.930    897.3    881.3
     1     1    16     1     1    13     0     0   -59.0   46.714 -159.945    910.0    879.7
     1     1    16     1     1    12     0     0   -60.0   46.768 -160.963    916.8    877.6
     1     1    16     1     1    11     0     0   -61.0   46.868 -161.951    920.3    876.3
     1     1    16     1     1    10     0     0   -62.0   47.018 -162.885    926.0    875.3
     1     1    16     1     1     9     0     0   -63.0   47.201 -163.760    935.6    874.3
     1     1    16     1     1     8     0     0   -64.0   47.404 -164.572    949.9    872.5
     1     1    16     1     1     7     0     0   -65.0   47.613 -165.315    968.0    870.9
     1     1    16     1     1     6     0     0   -66.0   47.811 -165.984    986.3    869.6
     1     1    16     1     1     5     0     0   -67.0   48.000 -166.594   1000.8    868.3
     1     1    16     1     1     4     0     0   -68.0   48.192 -167.162   1009.3    867.9
     1     1    16     1     1     3     0     0   -69.0   48.382 -167.698   1014.6    867.6
     1     1    16     1     1     2     0     0   -70.0   48.564 -168.209   1017.8    867.0
     1     1    16     1     1     1     0     0   -71.0   48.729 -168.700   1020.2    866.5
     1     1    16     1     1     0     0     0   -72.0   48.873 -169.179   1023.4    865.8
