     1     1
    CDC1    15    11     1     0     0
     1 BACKWARD OMEGA   
    15    11    10     6   60.984 -139.059   750.0
     1 PRESSURE
     1     1    15    11    10     6     0     0     0.0   60.984 -139.059    750.0    794.3
     1     1    15    11    10     5     0     0    -1.0   60.915 -139.221    712.4    799.4
     1     1    15    11    10     4     0     0    -2.0   60.843 -139.404    669.9    805.7
     1     1    15    11    10     3     0     0    -3.0   60.770 -139.602    622.4    812.8
     1     1    15    11    10     2     0     0    -4.0   60.696 -139.809    570.4    820.2
     1     1    15    11    10     1     0     0    -5.0   60.624 -140.022    514.8    828.0
     1     1    15    11    10     0     0     0    -6.0   60.554 -140.242    457.0    837.0
     1     1    15    11     9    23     0     0    -7.0   60.478 -140.466    397.2    846.2
     1     1    15    11     9    22     0     0    -8.0   60.391 -140.697    337.4    855.7
     1     1    15    11     9    21     0     0    -9.0   60.293 -140.950    281.3    864.9
     1     1    15    11     9    20     0     0   -10.0   60.188 -141.236    231.4    874.4
     1     1    15    11     9    19     0     0   -11.0   60.078 -141.561    188.9    883.5
     1     1    15    11     9    18     0     0   -12.0   59.968 -141.934    153.4    891.9
     1     1    15    11     9    17     0     0   -13.0   59.854 -142.314    123.8    901.5
     1     1    15    11     9    16     0     0   -14.0   59.728 -142.648     97.6    911.5
     1     1    15    11     9    15     0     0   -15.0   59.586 -142.937     72.0    922.6
     1     1    15    11     9    14     0     0   -16.0   59.427 -143.202     48.0    932.9
     1     1    15    11     9    13     0     0   -17.0   59.247 -143.484     28.6    944.1
     1     1    15    11     9    12     0     0   -18.0   59.042 -143.823     16.1    956.3
     1     1    15    11     9    11     0     0   -19.0   58.823 -144.207      7.2    967.8
     1     1    15    11     9    10     0     0   -20.0   58.592 -144.597      1.2    979.2
     1     1    15    11     9     9     0     0   -21.0   58.336 -144.968      0.0    990.8
     1     1    15    11     9     8     0     0   -22.0   58.048 -145.318      0.0   1002.0
     1     1    15    11     9     7     0     0   -23.0   57.717 -145.657      0.0   1013.5
     1     1    15    11     9     6     0     0   -24.0   57.339 -146.000      0.0   1019.3
     1     1    15    11     9     5     0     0   -25.0   56.958 -146.366      0.0   1017.3
     1     1    15    11     9     4     0     0   -26.0   56.605 -146.766      0.0   1015.0
     1     1    15    11     9     3     0     0   -27.0   56.266 -147.189      0.0   1012.1
     1     1    15    11     9     2     0     0   -28.0   55.927 -147.629      0.0   1008.4
     1     1    15    11     9     1     0     0   -29.0   55.577 -148.091      0.0   1004.0
     1     1    15    11     9     0     0     0   -30.0   55.201 -148.587      0.0    999.5
     1     1    15    11     8    23     0     0   -31.0   54.811 -149.131      0.0    998.9
     1     1    15    11     8    22     0     0   -32.0   54.440 -149.697      0.0   1002.3
     1     1    15    11     8    21     0     0   -33.0   54.095 -150.261      0.0   1006.3
     1     1    15    11     8    20     0     0   -34.0   53.777 -150.829      0.0   1010.6
     1     1    15    11     8    19     0     0   -35.0   53.480 -151.402      0.0   1014.7
     1     1    15    11     8    18     0     0   -36.0   53.194 -151.987      0.0   1018.8
     1     1    15    11     8    17     0     0   -37.0   52.914 -152.590      0.0   1022.3
     1     1    15    11     8    16     0     0   -38.0   52.637 -153.217      0.0   1023.8
     1     1    15    11     8    15     0     0   -39.0   52.362 -153.861      0.0   1023.9
     1     1    15    11     8    14     0     0   -40.0   52.092 -154.508      0.0   1023.0
     1     1    15    11     8    13     0     0   -41.0   51.832 -155.145      0.0   1022.3
     1     1    15    11     8    12     0     0   -42.0   51.579 -155.772      0.0   1021.5
     1     1    15    11     8    11     0     0   -43.0   51.333 -156.388      0.0   1020.7
     1     1    15    11     8    10     0     0   -44.0   51.091 -156.993      0.1   1020.0
     1     1    15    11     8     9     0     0   -45.0   50.851 -157.581      0.3   1019.8
     1     1    15    11     8     8     0     0   -46.0   50.613 -158.147      0.6   1021.3
     1     1    15    11     8     7     0     0   -47.0   50.375 -158.685      1.0   1023.2
     1     1    15    11     8     6     0     0   -48.0   50.137 -159.195      1.6   1025.3
     1     1    15    11     8     5     0     0   -49.0   49.898 -159.692      2.2   1027.2
     1     1    15    11     8     4     0     0   -50.0   49.658 -160.190      2.9   1029.1
     1     1    15    11     8     3     0     0   -51.0   49.424 -160.684      3.7   1030.5
     1     1    15    11     8     2     0     0   -52.0   49.200 -161.173      4.5   1031.6
     1     1    15    11     8     1     0     0   -53.0   48.987 -161.657      5.3   1032.4
     1     1    15    11     8     0     0     0   -54.0   48.786 -162.132      6.2   1032.8
     1     1    15    11     7    23     0     0   -55.0   48.596 -162.599      7.1   1032.8
     1     1    15    11     7    22     0     0   -56.0   48.419 -163.061      8.0   1032.4
     1     1    15    11     7    21     0     0   -57.0   48.257 -163.519      8.9   1032.1
     1     1    15    11     7    20     0     0   -58.0   48.111 -163.974      9.8   1031.8
     1     1    15    11     7    19     0     0   -59.0   47.985 -164.427     10.9   1031.4
     1     1    15    11     7    18     0     0   -60.0   47.883 -164.883     12.4   1030.9
     1     1    15    11     7    17     0     0   -61.0   47.789 -165.337     14.2   1030.4
     1     1    15    11     7    16     0     0   -62.0   47.685 -165.788     16.2   1030.4
     1     1    15    11     7    15     0     0   -63.0   47.575 -166.239     18.3   1030.6
     1     1    15    11     7    14     0     0   -64.0   47.463 -166.693     20.6   1031.2
     1     1    15    11     7    13     0     0   -65.0   47.354 -167.149     22.9   1032.0
     1     1    15    11     7    12     0     0   -66.0   47.251 -167.610     25.2   1032.7
     1     1    15    11     7    11     0     0   -67.0   47.153 -168.070     27.5   1032.3
     1     1    15    11     7    10     0     0   -68.0   47.056 -168.525     29.8   1032.0
     1     1    15    11     7     9     0     0   -69.0   46.961 -168.976     32.1   1031.7
     1     1    15    11     7     8     0     0   -70.0   46.871 -169.424     34.3   1031.5
     1     1    15    11     7     7     0     0   -71.0   46.786 -169.868     36.5   1031.3
     1     1    15    11     7     6     0     0   -72.0   46.706 -170.310     38.5   1030.8
