     1     1
    CDC1    15    12     1     0     0
     1 BACKWARD OMEGA   
    15    12    23     6   60.984 -139.059   750.0
     1 PRESSURE
     1     1    15    12    23     6     0     0     0.0   60.984 -139.059    750.0    791.0
     1     1    15    12    23     5     0     0    -1.0   60.989 -139.294    763.7    789.2
     1     1    15    12    23     4     0     0    -2.0   60.998 -139.531    773.2    787.9
     1     1    15    12    23     3     0     0    -3.0   61.010 -139.769    778.2    787.0
     1     1    15    12    23     2     0     0    -4.0   61.029 -140.009    778.3    786.6
     1     1    15    12    23     1     0     0    -5.0   61.052 -140.250    773.7    787.2
     1     1    15    12    23     0     0     0    -6.0   61.082 -140.491    764.0    788.3
     1     1    15    12    22    23     0     0    -7.0   61.109 -140.722    752.6    790.0
     1     1    15    12    22    22     0     0    -8.0   61.123 -140.931    743.0    791.3
     1     1    15    12    22    21     0     0    -9.0   61.125 -141.121    735.0    792.5
     1     1    15    12    22    20     0     0   -10.0   61.113 -141.291    728.5    793.8
     1     1    15    12    22    19     0     0   -11.0   61.088 -141.443    723.4    795.1
     1     1    15    12    22    18     0     0   -12.0   61.050 -141.577    719.8    796.4
     1     1    15    12    22    17     0     0   -13.0   61.004 -141.694    717.2    797.7
     1     1    15    12    22    16     0     0   -14.0   60.958 -141.796    715.2    799.0
     1     1    15    12    22    15     0     0   -15.0   60.909 -141.883    713.8    800.1
     1     1    15    12    22    14     0     0   -16.0   60.858 -141.958    713.0    801.2
     1     1    15    12    22    13     0     0   -17.0   60.803 -142.021    712.9    802.4
     1     1    15    12    22    12     0     0   -18.0   60.744 -142.075    713.2    803.5
     1     1    15    12    22    11     0     0   -19.0   60.680 -142.114    712.7    804.5
     1     1    15    12    22    10     0     0   -20.0   60.611 -142.131    710.8    805.9
     1     1    15    12    22     9     0     0   -21.0   60.537 -142.128    707.2    807.4
     1     1    15    12    22     8     0     0   -22.0   60.457 -142.106    702.0    809.1
     1     1    15    12    22     7     0     0   -23.0   60.371 -142.066    695.3    811.0
     1     1    15    12    22     6     0     0   -24.0   60.279 -142.009    687.1    813.1
     1     1    15    12    22     5     0     0   -25.0   60.182 -141.959    679.6    816.1
     1     1    15    12    22     4     0     0   -26.0   60.080 -141.942    674.1    819.0
     1     1    15    12    22     3     0     0   -27.0   59.975 -141.958    671.5    822.1
     1     1    15    12    22     2     0     0   -28.0   59.867 -142.008    672.1    826.4
     1     1    15    12    22     1     0     0   -29.0   59.758 -142.091    676.1    830.5
     1     1    15    12    22     0     0     0   -30.0   59.647 -142.208    684.0    834.3
     1     1    15    12    21    23     0     0   -31.0   59.542 -142.333    693.7    837.2
     1     1    15    12    21    22     0     0   -32.0   59.448 -142.439    703.2    839.8
     1     1    15    12    21    21     0     0   -33.0   59.369 -142.529    712.1    842.0
     1     1    15    12    21    20     0     0   -34.0   59.306 -142.604    720.4    843.7
     1     1    15    12    21    19     0     0   -35.0   59.258 -142.665    727.8    844.9
     1     1    15    12    21    18     0     0   -36.0   59.227 -142.712    734.2    845.5
     1     1    15    12    21    17     0     0   -37.0   59.211 -142.751    739.6    845.6
     1     1    15    12    21    16     0     0   -38.0   59.206 -142.790    743.9    845.5
     1     1    15    12    21    15     0     0   -39.0   59.213 -142.828    747.0    845.1
     1     1    15    12    21    14     0     0   -40.0   59.231 -142.862    748.8    844.4
     1     1    15    12    21    13     0     0   -41.0   59.260 -142.889    749.3    843.5
     1     1    15    12    21    12     0     0   -42.0   59.299 -142.907    748.4    842.4
     1     1    15    12    21    11     0     0   -43.0   59.341 -142.898    746.9    840.8
     1     1    15    12    21    10     0     0   -44.0   59.383 -142.845    745.4    838.8
     1     1    15    12    21     9     0     0   -45.0   59.422 -142.745    744.1    836.5
     1     1    15    12    21     8     0     0   -46.0   59.459 -142.596    742.9    834.0
     1     1    15    12    21     7     0     0   -47.0   59.490 -142.400    742.0    831.4
     1     1    15    12    21     6     0     0   -48.0   59.516 -142.158    741.4    829.1
     1     1    15    12    21     5     0     0   -49.0   59.532 -141.894    738.7    827.2
     1     1    15    12    21     4     0     0   -50.0   59.541 -141.628    732.2    826.2
     1     1    15    12    21     3     0     0   -51.0   59.543 -141.365    721.8    825.9
     1     1    15    12    21     2     0     0   -52.0   59.537 -141.108    707.5    826.2
     1     1    15    12    21     1     0     0   -53.0   59.526 -140.857    689.5    827.2
     1     1    15    12    21     0     0     0   -54.0   59.509 -140.617    667.6    828.9
     1     1    15    12    20    23     0     0   -55.0   59.480 -140.377    644.3    831.4
     1     1    15    12    20    22     0     0   -56.0   59.432 -140.127    620.6    834.4
     1     1    15    12    20    21     0     0   -57.0   59.365 -139.875    596.5    838.1
     1     1    15    12    20    20     0     0   -58.0   59.280 -139.626    571.8    842.8
     1     1    15    12    20    19     0     0   -59.0   59.177 -139.386    546.2    848.1
     1     1    15    12    20    18     0     0   -60.0   59.058 -139.155    519.5    854.1
     1     1    15    12    20    17     0     0   -61.0   58.929 -138.945    493.2    860.5
     1     1    15    12    20    16     0     0   -62.0   58.798 -138.762    469.1    866.7
     1     1    15    12    20    15     0     0   -63.0   58.665 -138.607    447.9    872.8
     1     1    15    12    20    14     0     0   -64.0   58.531 -138.476    430.1    878.6
     1     1    15    12    20    13     0     0   -65.0   58.395 -138.371    416.2    884.2
     1     1    15    12    20    12     0     0   -66.0   58.258 -138.289    406.5    889.4
     1     1    15    12    20    11     0     0   -67.0   58.121 -138.216    398.0    893.7
     1     1    15    12    20    10     0     0   -68.0   57.982 -138.136    387.8    898.7
     1     1    15    12    20     9     0     0   -69.0   57.844 -138.053    376.0    903.6
     1     1    15    12    20     8     0     0   -70.0   57.708 -137.967    362.5    908.4
     1     1    15    12    20     7     0     0   -71.0   57.575 -137.879    347.6    913.2
     1     1    15    12    20     6     0     0   -72.0   57.445 -137.797    331.3    917.0
