     1     1
    CDC1    16     1     1     0     0
     1 BACKWARD OMEGA   
    16     1    30    12   60.984 -139.059   750.0
     1 PRESSURE
     1     1    16     1    30    12     0     0     0.0   60.984 -139.059    750.0    800.2
     1     1    16     1    30    11     0     0    -1.0   60.989 -139.251    759.1    799.0
     1     1    16     1    30    10     0     0    -2.0   60.994 -139.442    766.2    798.2
     1     1    16     1    30     9     0     0    -3.0   60.999 -139.633    771.3    797.5
     1     1    16     1    30     8     0     0    -4.0   61.005 -139.823    774.6    796.9
     1     1    16     1    30     7     0     0    -5.0   61.012 -140.011    776.2    796.6
     1     1    16     1    30     6     0     0    -6.0   61.019 -140.198    776.6    796.9
     1     1    16     1    30     5     0     0    -7.0   61.022 -140.378    776.8    797.1
     1     1    16     1    30     4     0     0    -8.0   61.015 -140.542    777.8    797.3
     1     1    16     1    30     3     0     0    -9.0   60.999 -140.691    778.8    797.6
     1     1    16     1    30     2     0     0   -10.0   60.973 -140.824    779.4    798.0
     1     1    16     1    30     1     0     0   -11.0   60.935 -140.941    779.1    798.6
     1     1    16     1    30     0     0     0   -12.0   60.885 -141.042    777.5    799.6
     1     1    16     1    29    23     0     0   -13.0   60.826 -141.138    774.4    801.1
     1     1    16     1    29    22     0     0   -14.0   60.761 -141.241    769.3    803.1
     1     1    16     1    29    21     0     0   -15.0   60.690 -141.349    762.2    805.3
     1     1    16     1    29    20     0     0   -16.0   60.613 -141.461    753.0    808.0
     1     1    16     1    29    19     0     0   -17.0   60.530 -141.577    741.4    811.0
     1     1    16     1    29    18     0     0   -18.0   60.440 -141.694    727.2    814.5
     1     1    16     1    29    17     0     0   -19.0   60.349 -141.805    707.4    818.3
     1     1    16     1    29    16     0     0   -20.0   60.265 -141.901    678.9    823.2
     1     1    16     1    29    15     0     0   -21.0   60.186 -141.984    641.6    829.0
     1     1    16     1    29    14     0     0   -22.0   60.116 -142.053    595.6    835.6
     1     1    16     1    29    13     0     0   -23.0   60.054 -142.105    542.5    842.3
     1     1    16     1    29    12     0     0   -24.0   60.001 -142.136    484.2    849.4
     1     1    16     1    29    11     0     0   -25.0   59.943 -142.152    425.9    858.1
     1     1    16     1    29    10     0     0   -26.0   59.867 -142.166    370.7    866.9
     1     1    16     1    29     9     0     0   -27.0   59.774 -142.181    320.5    874.9
     1     1    16     1    29     8     0     0   -28.0   59.666 -142.200    276.4    883.1
     1     1    16     1    29     7     0     0   -29.0   59.545 -142.230    238.2    891.6
     1     1    16     1    29     6     0     0   -30.0   59.412 -142.277    205.6    900.2
     1     1    16     1    29     5     0     0   -31.0   59.270 -142.329    178.4    907.8
     1     1    16     1    29     4     0     0   -32.0   59.121 -142.371    155.7    915.0
     1     1    16     1    29     3     0     0   -33.0   58.965 -142.414    136.8    922.2
     1     1    16     1    29     2     0     0   -34.0   58.799 -142.464    121.2    929.5
     1     1    16     1    29     1     0     0   -35.0   58.623 -142.530    108.2    937.1
     1     1    16     1    29     0     0     0   -36.0   58.437 -142.621     97.4    944.9
     1     1    16     1    28    23     0     0   -37.0   58.241 -142.743     87.7    952.7
     1     1    16     1    28    22     0     0   -38.0   58.033 -142.899     78.5    961.2
     1     1    16     1    28    21     0     0   -39.0   57.813 -143.090     69.9    969.8
     1     1    16     1    28    20     0     0   -40.0   57.580 -143.323     62.0    978.6
     1     1    16     1    28    19     0     0   -41.0   57.337 -143.596     54.9    981.7
     1     1    16     1    28    18     0     0   -42.0   57.092 -143.903     49.2    981.4
     1     1    16     1    28    17     0     0   -43.0   56.848 -144.223     44.4    981.1
     1     1    16     1    28    16     0     0   -44.0   56.602 -144.543     40.1    980.3
     1     1    16     1    28    15     0     0   -45.0   56.356 -144.876     36.1    979.1
     1     1    16     1    28    14     0     0   -46.0   56.113 -145.235     32.3    976.8
     1     1    16     1    28    13     0     0   -47.0   55.876 -145.635     28.7    973.8
     1     1    16     1    28    12     0     0   -48.0   55.648 -146.093     25.3    970.2
     1     1    16     1    28    11     0     0   -49.0   55.450 -146.595     22.2    966.6
     1     1    16     1    28    10     0     0   -50.0   55.297 -147.110     19.6    963.0
     1     1    16     1    28     9     0     0   -51.0   55.191 -147.619     17.3    959.8
     1     1    16     1    28     8     0     0   -52.0   55.126 -148.100     15.4    957.7
     1     1    16     1    28     7     0     0   -53.0   55.096 -148.534     13.8    956.0
     1     1    16     1    28     6     0     0   -54.0   55.100 -148.910     12.5    954.7
     1     1    16     1    28     5     0     0   -55.0   55.125 -149.212     11.4    954.3
     1     1    16     1    28     4     0     0   -56.0   55.155 -149.431     10.6    953.9
     1     1    16     1    28     3     0     0   -57.0   55.186 -149.571     10.1    953.5
     1     1    16     1    28     2     0     0   -58.0   55.213 -149.632      9.7    953.0
     1     1    16     1    28     1     0     0   -59.0   55.234 -149.616      9.4    952.6
     1     1    16     1    28     0     0     0   -60.0   55.245 -149.521      9.3    952.3
     1     1    16     1    27    23     0     0   -61.0   55.235 -149.379      9.0    952.5
     1     1    16     1    27    22     0     0   -62.0   55.197 -149.226      8.6    952.5
     1     1    16     1    27    21     0     0   -63.0   55.135 -149.062      8.0    952.2
     1     1    16     1    27    20     0     0   -64.0   55.052 -148.887      7.2    951.8
     1     1    16     1    27    19     0     0   -65.0   54.951 -148.701      6.1    951.9
     1     1    16     1    27    18     0     0   -66.0   54.833 -148.499      4.9    952.7
     1     1    16     1    27    17     0     0   -67.0   54.694 -148.302      3.5    953.4
     1     1    16     1    27    16     0     0   -68.0   54.526 -148.130      2.1    954.2
     1     1    16     1    27    15     0     0   -69.0   54.331 -147.976      0.6    955.2
     1     1    16     1    27    14     0     0   -70.0   54.110 -147.832      0.0    956.3
     1     1    16     1    27    13     0     0   -71.0   53.867 -147.687      0.0    957.6
     1     1    16     1    27    12     0     0   -72.0   53.606 -147.527      0.0    959.1
