     1     1
    CDC1    16     2     1     0     0
     1 BACKWARD OMEGA   
    16     2    21     6   60.984 -139.059   750.0
     1 PRESSURE
     1     1    16     2    21     6     0     0     0.0   60.984 -139.059    750.0    804.7
     1     1    16     2    21     5     0     0    -1.0   60.482 -138.640    673.0    819.3
     1     1    16     2    21     4     0     0    -2.0   59.972 -138.140    570.5    839.6
     1     1    16     2    21     3     0     0    -3.0   59.471 -137.587    467.6    867.9
     1     1    16     2    21     2     0     0    -4.0   58.989 -137.012    380.6    891.4
     1     1    16     2    21     1     0     0    -5.0   58.520 -136.415    310.0    910.4
     1     1    16     2    21     0     0     0    -6.0   58.058 -135.789    253.6    927.3
     1     1    16     2    20    23     0     0    -7.0   57.616 -135.149    208.3    941.9
     1     1    16     2    20    22     0     0    -8.0   57.206 -134.561    170.1    946.4
     1     1    16     2    20    21     0     0    -9.0   56.825 -134.063    136.5    950.0
     1     1    16     2    20    20     0     0   -10.0   56.472 -133.643    106.9    955.1
     1     1    16     2    20    19     0     0   -11.0   56.151 -133.283     81.1    960.9
     1     1    16     2    20    18     0     0   -12.0   55.867 -132.979     60.1    965.7
     1     1    16     2    20    17     0     0   -13.0   55.620 -132.727     44.8    969.6
     1     1    16     2    20    16     0     0   -14.0   55.399 -132.530     34.9    973.2
     1     1    16     2    20    15     0     0   -15.0   55.199 -132.394     28.4    975.7
     1     1    16     2    20    14     0     0   -16.0   55.014 -132.324     23.7    978.9
     1     1    16     2    20    13     0     0   -17.0   54.836 -132.321     19.7    981.3
     1     1    16     2    20    12     0     0   -18.0   54.658 -132.383     16.1    984.9
     1     1    16     2    20    11     0     0   -19.0   54.474 -132.475     13.4    987.8
     1     1    16     2    20    10     0     0   -20.0   54.278 -132.565     11.7    989.8
     1     1    16     2    20     9     0     0   -21.0   54.075 -132.672     10.3    991.5
     1     1    16     2    20     8     0     0   -22.0   53.870 -132.819      9.4    993.1
     1     1    16     2    20     7     0     0   -23.0   53.669 -133.028      8.6    994.7
     1     1    16     2    20     6     0     0   -24.0   53.478 -133.324      8.2    996.2
     1     1    16     2    20     5     0     0   -25.0   53.294 -133.670      8.1    997.9
     1     1    16     2    20     4     0     0   -26.0   53.112 -134.020      8.0    998.9
     1     1    16     2    20     3     0     0   -27.0   52.931 -134.377      8.1    999.3
     1     1    16     2    20     2     0     0   -28.0   52.753 -134.756      8.2    999.0
     1     1    16     2    20     1     0     0   -29.0   52.580 -135.170      8.3    997.6
     1     1    16     2    20     0     0     0   -30.0   52.423 -135.622      8.5    994.7
     1     1    16     2    19    23     0     0   -31.0   52.297 -136.071      8.7    992.6
     1     1    16     2    19    22     0     0   -32.0   52.208 -136.473      8.7    990.6
     1     1    16     2    19    21     0     0   -33.0   52.153 -136.826      8.6    988.7
     1     1    16     2    19    20     0     0   -34.0   52.134 -137.126      8.4    986.9
     1     1    16     2    19    19     0     0   -35.0   52.151 -137.365      8.1    985.3
     1     1    16     2    19    18     0     0   -36.0   52.200 -137.533      7.6    984.1
     1     1    16     2    19    17     0     0   -37.0   52.268 -137.631      7.0    984.0
     1     1    16     2    19    16     0     0   -38.0   52.344 -137.672      6.4    983.9
     1     1    16     2    19    15     0     0   -39.0   52.427 -137.652      5.7    983.9
     1     1    16     2    19    14     0     0   -40.0   52.515 -137.566      5.1    984.0
     1     1    16     2    19    13     0     0   -41.0   52.607 -137.422      4.4    984.6
     1     1    16     2    19    12     0     0   -42.0   52.695 -137.229      3.7    985.6
     1     1    16     2    19    11     0     0   -43.0   52.762 -136.998      3.0    986.7
     1     1    16     2    19    10     0     0   -44.0   52.798 -136.738      2.5    987.7
     1     1    16     2    19     9     0     0   -45.0   52.809 -136.454      2.0    988.6
     1     1    16     2    19     8     0     0   -46.0   52.798 -136.151      1.7    989.6
     1     1    16     2    19     7     0     0   -47.0   52.770 -135.834      1.4    990.6
     1     1    16     2    19     6     0     0   -48.0   52.733 -135.508      1.3    991.7
     1     1    16     2    19     5     0     0   -49.0   52.696 -135.194      1.2    992.8
     1     1    16     2    19     4     0     0   -50.0   52.671 -134.909      1.1    993.5
     1     1    16     2    19     3     0     0   -51.0   52.658 -134.653      1.1    993.4
     1     1    16     2    19     2     0     0   -52.0   52.657 -134.425      1.1    993.2
     1     1    16     2    19     1     0     0   -53.0   52.669 -134.223      1.1    993.1
     1     1    16     2    19     0     0     0   -54.0   52.696 -134.044      1.2    992.8
     1     1    16     2    18    23     0     0   -55.0   52.737 -133.887      1.3    992.3
     1     1    16     2    18    22     0     0   -56.0   52.791 -133.750      1.4    991.6
     1     1    16     2    18    21     0     0   -57.0   52.857 -133.634      1.4    990.7
     1     1    16     2    18    20     0     0   -58.0   52.937 -133.538      1.3    989.7
     1     1    16     2    18    19     0     0   -59.0   53.029 -133.461      1.3    988.5
     1     1    16     2    18    18     0     0   -60.0   53.135 -133.403      1.1    987.1
     1     1    16     2    18    17     0     0   -61.0   53.258 -133.361      0.9    985.7
     1     1    16     2    18    16     0     0   -62.0   53.401 -133.333      0.7    984.1
     1     1    16     2    18    15     0     0   -63.0   53.562 -133.319      0.4    982.5
     1     1    16     2    18    14     0     0   -64.0   53.738 -133.320      0.2    980.8
     1     1    16     2    18    13     0     0   -65.0   53.929 -133.336      0.0    979.2
     1     1    16     2    18    12     0     0   -66.0   54.129 -133.368      0.0    977.7
     1     1    16     2    18    11     0     0   -67.0   54.333 -133.412      0.0    976.7
     1     1    16     2    18    10     0     0   -68.0   54.535 -133.464      0.0    976.0
     1     1    16     2    18     9     0     0   -69.0   54.731 -133.527      0.1    975.4
     1     1    16     2    18     8     0     0   -70.0   54.920 -133.600      0.3    975.2
     1     1    16     2    18     7     0     0   -71.0   55.101 -133.681      0.6    973.7
     1     1    16     2    18     6     0     0   -72.0   55.275 -133.761      1.1    971.3
