     1     1
    CDC1    16     4     1     0     0
     1 BACKWARD OMEGA   
    16     4     9    12   60.984 -139.059   750.0
     1 PRESSURE
     1     1    16     4     9    12     0     0     0.0   60.984 -139.059    750.0    811.7
     1     1    16     4     9    11     0     0    -1.0   60.875 -139.235    734.0    815.0
     1     1    16     4     9    10     0     0    -2.0   60.770 -139.429    711.4    819.5
     1     1    16     4     9     9     0     0    -3.0   60.668 -139.641    682.4    824.8
     1     1    16     4     9     8     0     0    -4.0   60.569 -139.873    647.3    831.0
     1     1    16     4     9     7     0     0    -5.0   60.471 -140.123    606.6    838.3
     1     1    16     4     9     6     0     0    -6.0   60.377 -140.392    561.9    845.9
     1     1    16     4     9     5     0     0    -7.0   60.284 -140.655    519.1    853.2
     1     1    16     4     9     4     0     0    -8.0   60.191 -140.896    482.8    859.6
     1     1    16     4     9     3     0     0    -9.0   60.097 -141.120    452.2    865.6
     1     1    16     4     9     2     0     0   -10.0   60.002 -141.329    427.1    871.0
     1     1    16     4     9     1     0     0   -11.0   59.907 -141.532    407.9    877.3
     1     1    16     4     9     0     0     0   -12.0   59.809 -141.730    394.5    883.0
     1     1    16     4     8    23     0     0   -13.0   59.711 -141.934    384.5    887.5
     1     1    16     4     8    22     0     0   -14.0   59.611 -142.149    376.3    892.2
     1     1    16     4     8    21     0     0   -15.0   59.512 -142.377    369.5    896.7
     1     1    16     4     8    20     0     0   -16.0   59.412 -142.617    363.9    901.4
     1     1    16     4     8    19     0     0   -17.0   59.313 -142.868    359.3    906.5
     1     1    16     4     8    18     0     0   -18.0   59.216 -143.133    355.7    911.6
     1     1    16     4     8    17     0     0   -19.0   59.119 -143.401    351.3    916.5
     1     1    16     4     8    16     0     0   -20.0   59.023 -143.667    344.6    921.7
     1     1    16     4     8    15     0     0   -21.0   58.932 -143.939    336.2    926.8
     1     1    16     4     8    14     0     0   -22.0   58.849 -144.226    326.5    931.9
     1     1    16     4     8    13     0     0   -23.0   58.778 -144.536    316.3    936.8
     1     1    16     4     8    12     0     0   -24.0   58.721 -144.875    306.0    941.4
     1     1    16     4     8    11     0     0   -25.0   58.674 -145.216    295.2    945.5
     1     1    16     4     8    10     0     0   -26.0   58.629 -145.530    283.5    949.1
     1     1    16     4     8     9     0     0   -27.0   58.590 -145.821    271.2    952.6
     1     1    16     4     8     8     0     0   -28.0   58.561 -146.097    258.7    955.7
     1     1    16     4     8     7     0     0   -29.0   58.543 -146.362    246.1    958.4
     1     1    16     4     8     6     0     0   -30.0   58.540 -146.622    233.7    960.8
     1     1    16     4     8     5     0     0   -31.0   58.548 -146.867    222.4    963.0
     1     1    16     4     8     4     0     0   -32.0   58.562 -147.086    212.9    964.6
     1     1    16     4     8     3     0     0   -33.0   58.585 -147.281    205.6    965.7
     1     1    16     4     8     2     0     0   -34.0   58.618 -147.454    200.8    966.1
     1     1    16     4     8     1     0     0   -35.0   58.661 -147.604    198.4    965.2
     1     1    16     4     8     0     0     0   -36.0   58.714 -147.730    197.8    963.6
     1     1    16     4     7    23     0     0   -37.0   58.777 -147.815    199.2    962.5
     1     1    16     4     7    22     0     0   -38.0   58.848 -147.842    202.1    960.8
     1     1    16     4     7    21     0     0   -39.0   58.925 -147.810    206.2    959.0
     1     1    16     4     7    20     0     0   -40.0   59.004 -147.716    211.4    956.9
     1     1    16     4     7    19     0     0   -41.0   59.083 -147.562    217.7    954.7
     1     1    16     4     7    18     0     0   -42.0   59.158 -147.345    225.3    951.5
     1     1    16     4     7    17     0     0   -43.0   59.225 -147.076    232.7    948.4
     1     1    16     4     7    16     0     0   -44.0   59.288 -146.764    238.9    945.4
     1     1    16     4     7    15     0     0   -45.0   59.352 -146.409    244.2    942.3
     1     1    16     4     7    14     0     0   -46.0   59.419 -146.009    248.7    938.9
     1     1    16     4     7    13     0     0   -47.0   59.494 -145.563    252.8    935.0
     1     1    16     4     7    12     0     0   -48.0   59.583 -145.067    256.9    930.4
     1     1    16     4     7    11     0     0   -49.0   59.659 -144.554    256.7    923.9
     1     1    16     4     7    10     0     0   -50.0   59.696 -144.059    248.7    920.2
     1     1    16     4     7     9     0     0   -51.0   59.696 -143.583    234.4    918.6
     1     1    16     4     7     8     0     0   -52.0   59.663 -143.122    215.5    918.9
     1     1    16     4     7     7     0     0   -53.0   59.602 -142.672    193.0    920.9
     1     1    16     4     7     6     0     0   -54.0   59.516 -142.230    168.8    924.4
     1     1    16     4     7     5     0     0   -55.0   59.419 -141.810    145.0    928.7
     1     1    16     4     7     4     0     0   -56.0   59.318 -141.421    122.8    933.1
     1     1    16     4     7     3     0     0   -57.0   59.213 -141.058    102.5    937.8
     1     1    16     4     7     2     0     0   -58.0   59.101 -140.717     84.2    942.8
     1     1    16     4     7     1     0     0   -59.0   58.982 -140.393     68.3    947.6
     1     1    16     4     7     0     0     0   -60.0   58.855 -140.083     54.9    952.1
     1     1    16     4     6    23     0     0   -61.0   58.718 -139.805     43.5    957.1
     1     1    16     4     6    22     0     0   -62.0   58.574 -139.575     33.5    962.9
     1     1    16     4     6    21     0     0   -63.0   58.420 -139.394     24.9    969.1
     1     1    16     4     6    20     0     0   -64.0   58.255 -139.261     18.0    975.7
     1     1    16     4     6    19     0     0   -65.0   58.080 -139.177     12.8    982.9
     1     1    16     4     6    18     0     0   -66.0   57.892 -139.140      8.7    990.1
     1     1    16     4     6    17     0     0   -67.0   57.693 -139.136      4.9    996.5
     1     1    16     4     6    16     0     0   -68.0   57.489 -139.147      0.3   1002.9
     1     1    16     4     6    15     0     0   -69.0   57.281 -139.176      0.0   1004.0
     1     1    16     4     6    14     0     0   -70.0   57.072 -139.223      0.0   1005.2
     1     1    16     4     6    13     0     0   -71.0   56.860 -139.296      0.0   1006.5
     1     1    16     4     6    12     0     0   -72.0   56.641 -139.403      0.0   1008.0
