     1     1
    CDC1    16     1     1     0     0
     1 BACKWARD OMEGA   
    16     1    14    12   60.984 -139.059   750.0
     1 PRESSURE
     1     1    16     1    14    12     0     0     0.0   60.984 -139.059    750.0    801.4
     1     1    16     1    14    11     0     0    -1.0   60.880 -138.933    736.3    803.9
     1     1    16     1    14    10     0     0    -2.0   60.765 -138.787    725.8    806.2
     1     1    16     1    14     9     0     0    -3.0   60.637 -138.619    718.0    808.3
     1     1    16     1    14     8     0     0    -4.0   60.497 -138.428    712.4    810.3
     1     1    16     1    14     7     0     0    -5.0   60.344 -138.212    708.2    812.3
     1     1    16     1    14     6     0     0    -6.0   60.178 -137.968    704.8    814.3
     1     1    16     1    14     5     0     0    -7.0   59.999 -137.688    701.2    816.6
     1     1    16     1    14     4     0     0    -8.0   59.810 -137.382    697.9    821.5
     1     1    16     1    14     3     0     0    -9.0   59.617 -137.070    694.9    826.0
     1     1    16     1    14     2     0     0   -10.0   59.418 -136.754    692.0    830.5
     1     1    16     1    14     1     0     0   -11.0   59.210 -136.432    689.0    835.1
     1     1    16     1    14     0     0     0   -12.0   58.991 -136.105    685.6    839.7
     1     1    16     1    13    23     0     0   -13.0   58.766 -135.780    679.6    844.3
     1     1    16     1    13    22     0     0   -14.0   58.540 -135.464    669.7    849.3
     1     1    16     1    13    21     0     0   -15.0   58.311 -135.150    655.7    854.5
     1     1    16     1    13    20     0     0   -16.0   58.077 -134.835    637.2    859.0
     1     1    16     1    13    19     0     0   -17.0   57.838 -134.518    614.5    862.8
     1     1    16     1    13    18     0     0   -18.0   57.592 -134.196    588.3    866.1
     1     1    16     1    13    17     0     0   -19.0   57.346 -133.871    560.8    869.3
     1     1    16     1    13    16     0     0   -20.0   57.104 -133.553    534.3    872.2
     1     1    16     1    13    15     0     0   -21.0   56.866 -133.243    509.2    875.2
     1     1    16     1    13    14     0     0   -22.0   56.630 -132.939    485.2    878.3
     1     1    16     1    13    13     0     0   -23.0   56.393 -132.635    462.0    881.7
     1     1    16     1    13    12     0     0   -24.0   56.155 -132.332    439.5    884.5
     1     1    16     1    13    11     0     0   -25.0   55.913 -132.040    415.7    887.5
     1     1    16     1    13    10     0     0   -26.0   55.666 -131.769    389.1    891.7
     1     1    16     1    13     9     0     0   -27.0   55.414 -131.511    360.5    896.1
     1     1    16     1    13     8     0     0   -28.0   55.157 -131.256    330.9    900.6
     1     1    16     1    13     7     0     0   -29.0   54.897 -131.003    301.4    904.9
     1     1    16     1    13     6     0     0   -30.0   54.631 -130.770    273.4    908.9
     1     1    16     1    13     5     0     0   -31.0   54.352 -130.549    248.4    913.7
     1     1    16     1    13     4     0     0   -32.0   54.052 -130.327    227.2    918.6
     1     1    16     1    13     3     0     0   -33.0   53.732 -130.108    209.0    924.1
     1     1    16     1    13     2     0     0   -34.0   53.387 -129.893    192.6    929.5
     1     1    16     1    13     1     0     0   -35.0   53.007 -129.679    176.7    934.6
     1     1    16     1    13     0     0     0   -36.0   52.587 -129.460    160.0    940.2
     1     1    16     1    12    23     0     0   -37.0   52.151 -129.244    141.4    944.7
     1     1    16     1    12    22     0     0   -38.0   51.729 -129.037    121.4    949.2
     1     1    16     1    12    21     0     0   -39.0   51.325 -128.833    101.2    954.2
     1     1    16     1    12    20     0     0   -40.0   50.935 -128.623     81.9    959.3
     1     1    16     1    12    19     0     0   -41.0   50.555 -128.396     64.8    963.4
     1     1    16     1    12    18     0     0   -42.0   50.180 -128.142     50.5    966.9
     1     1    16     1    12    17     0     0   -43.0   49.820 -127.857     39.3    970.7
     1     1    16     1    12    16     0     0   -44.0   49.488 -127.548     30.5    974.9
     1     1    16     1    12    15     0     0   -45.0   49.176 -127.224     22.4    978.2
     1     1    16     1    12    14     0     0   -46.0   48.876 -126.891     15.4    982.0
     1     1    16     1    12    13     0     0   -47.0   48.588 -126.550     10.1    986.0
     1     1    16     1    12    12     0     0   -48.0   48.315 -126.203      5.9    989.5
     1     1    16     1    12    11     0     0   -49.0   48.052 -125.874      1.4    993.9
     1     1    16     1    12    10     0     0   -50.0   47.797 -125.580      0.0    999.2
     1     1    16     1    12     9     0     0   -51.0   47.548 -125.317      0.0   1005.3
     1     1    16     1    12     8     0     0   -52.0   47.303 -125.087      0.0   1006.3
     1     1    16     1    12     7     0     0   -53.0   47.061 -124.893      0.0   1005.1
     1     1    16     1    12     6     0     0   -54.0   46.817 -124.734      0.0   1003.2
     1     1    16     1    12     5     0     0   -55.0   46.572 -124.605      0.0   1000.6
     1     1    16     1    12     4     0     0   -56.0   46.322 -124.506      0.0    998.2
     1     1    16     1    12     3     0     0   -57.0   46.064 -124.438      0.0    996.3
     1     1    16     1    12     2     0     0   -58.0   45.797 -124.406      0.0    994.8
     1     1    16     1    12     1     0     0   -59.0   45.516 -124.411      0.0    994.0
     1     1    16     1    12     0     0     0   -60.0   45.217 -124.458      0.0    994.1
     1     1    16     1    11    23     0     0   -61.0   44.901 -124.528      0.0    993.9
     1     1    16     1    11    22     0     0   -62.0   44.579 -124.588      0.0    992.7
     1     1    16     1    11    21     0     0   -63.0   44.256 -124.629      0.0    991.4
     1     1    16     1    11    20     0     0   -64.0   43.930 -124.656      0.0    989.8
     1     1    16     1    11    19     0     0   -65.0   43.599 -124.670      0.0    988.1
     1     1    16     1    11    18     0     0   -66.0   43.261 -124.676      0.0    986.1
     1     1    16     1    11    17     0     0   -67.0   42.912 -124.668      0.0    983.3
     1     1    16     1    11    16     0     0   -68.0   42.549 -124.640      0.0    979.6
     1     1    16     1    11    15     0     0   -69.0   42.177 -124.588      0.0    979.5
     1     1    16     1    11    14     0     0   -70.0   41.808 -124.505      0.0    979.3
     1     1    16     1    11    13     0     0   -71.0   41.447 -124.398      0.0    978.5
     1     1    16     1    11    12     0     0   -72.0   41.093 -124.272      0.0    977.5
