     1     1
    CDC1    15    11     1     0     0
     1 BACKWARD OMEGA   
    15    11     9     6   60.984 -139.059   750.0
     1 PRESSURE
     1     1    15    11     9     6     0     0     0.0   60.984 -139.059    750.0    804.1
     1     1    15    11     9     5     0     0    -1.0   60.700 -139.353    684.9    816.7
     1     1    15    11     9     4     0     0    -2.0   60.434 -139.565    623.4    829.3
     1     1    15    11     9     3     0     0    -3.0   60.190 -139.705    569.7    840.2
     1     1    15    11     9     2     0     0    -4.0   59.972 -139.789    527.6    849.9
     1     1    15    11     9     1     0     0    -5.0   59.784 -139.841    499.4    860.2
     1     1    15    11     9     0     0     0    -6.0   59.629 -139.875    484.9    867.7
     1     1    15    11     8    23     0     0    -7.0   59.500 -139.894    478.0    872.5
     1     1    15    11     8    22     0     0    -8.0   59.389 -139.898    473.8    876.8
     1     1    15    11     8    21     0     0    -9.0   59.299 -139.886    472.2    880.0
     1     1    15    11     8    20     0     0   -10.0   59.228 -139.859    473.0    882.2
     1     1    15    11     8    19     0     0   -11.0   59.179 -139.815    476.1    883.4
     1     1    15    11     8    18     0     0   -12.0   59.150 -139.754    481.4    883.5
     1     1    15    11     8    17     0     0   -13.0   59.138 -139.690    485.0    882.1
     1     1    15    11     8    16     0     0   -14.0   59.142 -139.635    483.4    881.3
     1     1    15    11     8    15     0     0   -15.0   59.160 -139.587    476.5    880.6
     1     1    15    11     8    14     0     0   -16.0   59.190 -139.545    464.2    880.2
     1     1    15    11     8    13     0     0   -17.0   59.233 -139.504    446.6    880.0
     1     1    15    11     8    12     0     0   -18.0   59.289 -139.462    423.8    880.0
     1     1    15    11     8    11     0     0   -19.0   59.345 -139.411    399.4    880.6
     1     1    15    11     8    10     0     0   -20.0   59.389 -139.346    376.9    881.1
     1     1    15    11     8     9     0     0   -21.0   59.421 -139.268    356.6    881.2
     1     1    15    11     8     8     0     0   -22.0   59.439 -139.177    338.4    881.6
     1     1    15    11     8     7     0     0   -23.0   59.445 -139.077    322.3    882.2
     1     1    15    11     8     6     0     0   -24.0   59.437 -138.968    308.0    883.1
     1     1    15    11     8     5     0     0   -25.0   59.412 -138.863    293.3    884.8
     1     1    15    11     8     4     0     0   -26.0   59.368 -138.776    276.5    887.8
     1     1    15    11     8     3     0     0   -27.0   59.307 -138.707    258.2    891.6
     1     1    15    11     8     2     0     0   -28.0   59.231 -138.659    239.1    896.2
     1     1    15    11     8     1     0     0   -29.0   59.140 -138.635    219.9    901.3
     1     1    15    11     8     0     0     0   -30.0   59.039 -138.639    201.2    907.0
     1     1    15    11     7    23     0     0   -31.0   58.933 -138.659    182.8    912.0
     1     1    15    11     7    22     0     0   -32.0   58.830 -138.676    164.6    916.9
     1     1    15    11     7    21     0     0   -33.0   58.727 -138.690    146.6    921.8
     1     1    15    11     7    20     0     0   -34.0   58.625 -138.701    129.2    926.7
     1     1    15    11     7    19     0     0   -35.0   58.522 -138.709    112.6    931.8
     1     1    15    11     7    18     0     0   -36.0   58.416 -138.714     97.1    936.9
     1     1    15    11     7    17     0     0   -37.0   58.302 -138.720     83.0    942.6
     1     1    15    11     7    16     0     0   -38.0   58.175 -138.738     70.4    948.3
     1     1    15    11     7    15     0     0   -39.0   58.034 -138.772     58.9    953.8
     1     1    15    11     7    14     0     0   -40.0   57.879 -138.829     48.4    959.9
     1     1    15    11     7    13     0     0   -41.0   57.710 -138.918     39.0    966.5
     1     1    15    11     7    12     0     0   -42.0   57.528 -139.049     31.0    973.6
     1     1    15    11     7    11     0     0   -43.0   57.339 -139.230     24.4    977.5
     1     1    15    11     7    10     0     0   -44.0   57.150 -139.464     19.4    980.6
     1     1    15    11     7     9     0     0   -45.0   56.960 -139.751     15.7    983.4
     1     1    15    11     7     8     0     0   -46.0   56.769 -140.092     13.2    986.1
     1     1    15    11     7     7     0     0   -47.0   56.586 -140.481     11.5    988.7
     1     1    15    11     7     6     0     0   -48.0   56.418 -140.911     10.2    990.8
     1     1    15    11     7     5     0     0   -49.0   56.260 -141.385      9.2    992.3
     1     1    15    11     7     4     0     0   -50.0   56.104 -141.912      8.3    993.4
     1     1    15    11     7     3     0     0   -51.0   55.944 -142.488      7.4    994.1
     1     1    15    11     7     2     0     0   -52.0   55.785 -143.113      6.5    994.4
     1     1    15    11     7     1     0     0   -53.0   55.633 -143.782      5.5    993.9
     1     1    15    11     7     0     0     0   -54.0   55.492 -144.496      4.4    992.4
     1     1    15    11     6    23     0     0   -55.0   55.372 -145.253      3.3    990.7
     1     1    15    11     6    22     0     0   -56.0   55.277 -146.053      2.5    988.5
     1     1    15    11     6    21     0     0   -57.0   55.203 -146.896      2.1    985.7
     1     1    15    11     6    20     0     0   -58.0   55.140 -147.780      1.8    982.7
     1     1    15    11     6    19     0     0   -59.0   55.085 -148.695      1.8    980.0
     1     1    15    11     6    18     0     0   -60.0   55.040 -149.637      1.7    977.2
     1     1    15    11     6    17     0     0   -61.0   55.008 -150.604      1.7    977.2
     1     1    15    11     6    16     0     0   -62.0   54.989 -151.589      1.7    978.8
     1     1    15    11     6    15     0     0   -63.0   54.977 -152.581      1.8    980.4
     1     1    15    11     6    14     0     0   -64.0   54.971 -153.569      2.0    983.2
     1     1    15    11     6    13     0     0   -65.0   54.975 -154.541      2.1    985.4
     1     1    15    11     6    12     0     0   -66.0   55.001 -155.499      2.2    986.5
     1     1    15    11     6    11     0     0   -67.0   55.056 -156.447      2.3    987.4
     1     1    15    11     6    10     0     0   -68.0   55.143 -157.385      2.3    987.7
     1     1    15    11     6     9     0     0   -69.0   55.253 -158.308      2.2    986.5
     1     1    15    11     6     8     0     0   -70.0   55.385 -159.205      1.9    985.0
     1     1    15    11     6     7     0     0   -71.0   55.542 -160.070      1.6    983.3
     1     1    15    11     6     6     0     0   -72.0   55.726 -160.887      1.1    981.9
