     1     1
    CDC1    16     3     1     0     0
     1 BACKWARD OMEGA   
    16     3    20     0   60.984 -139.059   750.0
     1 PRESSURE
     1     1    16     3    20     0     0     0     0.0   60.984 -139.059    750.0    805.5
     1     1    16     3    19    23     0     0    -1.0   60.653 -138.864    698.5    816.2
     1     1    16     3    19    22     0     0    -2.0   60.326 -138.675    644.3    827.7
     1     1    16     3    19    21     0     0    -3.0   60.004 -138.500    587.2    839.5
     1     1    16     3    19    20     0     0    -4.0   59.689 -138.326    533.3    855.1
     1     1    16     3    19    19     0     0    -5.0   59.386 -138.141    485.1    869.6
     1     1    16     3    19    18     0     0    -6.0   59.097 -137.945    441.8    883.4
     1     1    16     3    19    17     0     0    -7.0   58.822 -137.728    402.5    896.2
     1     1    16     3    19    16     0     0    -8.0   58.560 -137.481    367.4    907.9
     1     1    16     3    19    15     0     0    -9.0   58.311 -137.206    336.7    917.3
     1     1    16     3    19    14     0     0   -10.0   58.075 -136.910    310.5    925.5
     1     1    16     3    19    13     0     0   -11.0   57.853 -136.592    288.6    932.6
     1     1    16     3    19    12     0     0   -12.0   57.644 -136.257    270.6    938.6
     1     1    16     3    19    11     0     0   -13.0   57.452 -135.922    254.8    942.8
     1     1    16     3    19    10     0     0   -14.0   57.278 -135.610    239.1    945.2
     1     1    16     3    19     9     0     0   -15.0   57.122 -135.326    223.1    948.0
     1     1    16     3    19     8     0     0   -16.0   56.984 -135.071    206.4    951.1
     1     1    16     3    19     7     0     0   -17.0   56.864 -134.844    189.2    952.9
     1     1    16     3    19     6     0     0   -18.0   56.760 -134.644    171.7    953.9
     1     1    16     3    19     5     0     0   -19.0   56.667 -134.447    155.0    955.2
     1     1    16     3    19     4     0     0   -20.0   56.573 -134.234    139.8    956.1
     1     1    16     3    19     3     0     0   -21.0   56.477 -134.005    125.3    957.0
     1     1    16     3    19     2     0     0   -22.0   56.376 -133.761    111.2    957.8
     1     1    16     3    19     1     0     0   -23.0   56.267 -133.500     97.0    958.9
     1     1    16     3    19     0     0     0   -24.0   56.151 -133.223     82.4    960.3
     1     1    16     3    18    23     0     0   -25.0   56.038 -132.942     69.2    961.4
     1     1    16     3    18    22     0     0   -26.0   55.941 -132.671     59.1    961.3
     1     1    16     3    18    21     0     0   -27.0   55.862 -132.409     51.8    960.1
     1     1    16     3    18    20     0     0   -28.0   55.802 -132.158     47.0    957.5
     1     1    16     3    18    19     0     0   -29.0   55.760 -131.919     44.4    954.3
     1     1    16     3    18    18     0     0   -30.0   55.736 -131.691     43.5    950.8
     1     1    16     3    18    17     0     0   -31.0   55.724 -131.473     43.6    947.3
     1     1    16     3    18    16     0     0   -32.0   55.718 -131.262     43.8    943.9
     1     1    16     3    18    15     0     0   -33.0   55.716 -131.059     44.4    940.5
     1     1    16     3    18    14     0     0   -34.0   55.719 -130.862     45.2    937.0
     1     1    16     3    18    13     0     0   -35.0   55.725 -130.669     46.5    933.5
     1     1    16     3    18    12     0     0   -36.0   55.734 -130.481     48.3    930.0
     1     1    16     3    18    11     0     0   -37.0   55.744 -130.303     50.9    926.9
     1     1    16     3    18    10     0     0   -38.0   55.755 -130.144     54.6    923.9
     1     1    16     3    18     9     0     0   -39.0   55.767 -130.002     59.5    921.1
     1     1    16     3    18     8     0     0   -40.0   55.779 -129.874     65.4    919.2
     1     1    16     3    18     7     0     0   -41.0   55.789 -129.758     72.4    917.4
     1     1    16     3    18     6     0     0   -42.0   55.796 -129.651     80.9    915.3
     1     1    16     3    18     5     0     0   -43.0   55.802 -129.548     91.6    912.9
     1     1    16     3    18     4     0     0   -44.0   55.808 -129.445    105.2    910.3
     1     1    16     3    18     3     0     0   -45.0   55.814 -129.343    122.3    907.4
     1     1    16     3    18     2     0     0   -46.0   55.820 -129.243    143.7    904.2
     1     1    16     3    18     1     0     0   -47.0   55.827 -129.148    170.3    900.7
     1     1    16     3    18     0     0     0   -48.0   55.835 -129.059    203.0    896.7
     1     1    16     3    17    23     0     0   -49.0   55.838 -128.978    238.0    890.7
     1     1    16     3    17    22     0     0   -50.0   55.830 -128.907    270.9    886.2
     1     1    16     3    17    21     0     0   -51.0   55.811 -128.843    300.7    882.5
     1     1    16     3    17    20     0     0   -52.0   55.782 -128.785    326.7    879.6
     1     1    16     3    17    19     0     0   -53.0   55.744 -128.731    348.3    877.5
     1     1    16     3    17    18     0     0   -54.0   55.697 -128.679    364.8    876.1
     1     1    16     3    17    17     0     0   -55.0   55.652 -128.626    379.0    875.1
     1     1    16     3    17    16     0     0   -56.0   55.618 -128.575    393.8    873.2
     1     1    16     3    17    15     0     0   -57.0   55.595 -128.525    409.2    871.2
     1     1    16     3    17    14     0     0   -58.0   55.583 -128.478    425.2    868.9
     1     1    16     3    17    13     0     0   -59.0   55.582 -128.434    441.5    866.5
     1     1    16     3    17    12     0     0   -60.0   55.592 -128.396    458.2    863.9
     1     1    16     3    17    11     0     0   -61.0   55.612 -128.369    474.8    861.2
     1     1    16     3    17    10     0     0   -62.0   55.641 -128.359    491.2    858.7
     1     1    16     3    17     9     0     0   -63.0   55.678 -128.365    507.6    856.3
     1     1    16     3    17     8     0     0   -64.0   55.723 -128.389    523.9    854.0
     1     1    16     3    17     7     0     0   -65.0   55.775 -128.430    540.3    851.8
     1     1    16     3    17     6     0     0   -66.0   55.833 -128.490    556.8    849.8
     1     1    16     3    17     5     0     0   -67.0   55.891 -128.570    573.3    847.9
     1     1    16     3    17     4     0     0   -68.0   55.942 -128.672    589.2    846.5
     1     1    16     3    17     3     0     0   -69.0   55.986 -128.794    604.7    845.5
     1     1    16     3    17     2     0     0   -70.0   56.022 -128.934    619.5    844.7
     1     1    16     3    17     1     0     0   -71.0   56.050 -129.090    633.5    844.3
     1     1    16     3    17     0     0     0   -72.0   56.071 -129.260    646.7    844.4
