     1     1
    CDC1    15    11     1     0     0
     1 BACKWARD OMEGA   
    15    11     5     6   60.984 -139.059   750.0
     1 PRESSURE
     1     1    15    11     5     6     0     0     0.0   60.984 -139.059    750.0    810.4
     1     1    15    11     5     5     0     0    -1.0   60.949 -139.135    777.6    808.2
     1     1    15    11     5     4     0     0    -2.0   60.941 -139.242    807.7    805.2
     1     1    15    11     5     3     0     0    -3.0   60.959 -139.382    840.8    801.6
     1     1    15    11     5     2     0     0    -4.0   61.003 -139.555    877.4    797.3
     1     1    15    11     5     1     0     0    -5.0   61.074 -139.760    918.6    792.0
     1     1    15    11     5     0     0     0    -6.0   61.173 -139.994    965.7    785.4
     1     1    15    11     4    23     0     0    -7.0   61.290 -140.252   1016.7    777.9
     1     1    15    11     4    22     0     0    -8.0   61.416 -140.524   1068.9    770.6
     1     1    15    11     4    21     0     0    -9.0   61.552 -140.811   1122.5    763.2
     1     1    15    11     4    20     0     0   -10.0   61.700 -141.115   1178.4    755.5
     1     1    15    11     4    19     0     0   -11.0   61.863 -141.434   1237.5    747.3
     1     1    15    11     4    18     0     0   -12.0   62.043 -141.771   1301.1    737.9
     1     1    15    11     4    17     0     0   -13.0   62.228 -142.111   1366.1    728.2
     1     1    15    11     4    16     0     0   -14.0   62.406 -142.437   1425.8    719.4
     1     1    15    11     4    15     0     0   -15.0   62.570 -142.746   1479.8    714.4
     1     1    15    11     4    14     0     0   -16.0   62.719 -143.037   1526.3    713.6
     1     1    15    11     4    13     0     0   -17.0   62.853 -143.312   1562.7    713.2
     1     1    15    11     4    12     0     0   -18.0   62.975 -143.571   1589.7    713.4
     1     1    15    11     4    11     0     0   -19.0   63.089 -143.799   1614.8    714.3
     1     1    15    11     4    10     0     0   -20.0   63.199 -143.981   1645.5    713.8
     1     1    15    11     4     9     0     0   -21.0   63.303 -144.120   1680.6    712.4
     1     1    15    11     4     8     0     0   -22.0   63.400 -144.218   1719.2    710.4
     1     1    15    11     4     7     0     0   -23.0   63.491 -144.276   1760.9    707.9
     1     1    15    11     4     6     0     0   -24.0   63.575 -144.294   1805.1    704.9
     1     1    15    11     4     5     0     0   -25.0   63.654 -144.286   1843.3    701.4
     1     1    15    11     4     4     0     0   -26.0   63.729 -144.267   1868.1    700.0
     1     1    15    11     4     3     0     0   -27.0   63.803 -144.236   1880.0    699.7
     1     1    15    11     4     2     0     0   -28.0   63.874 -144.191   1879.5    700.5
     1     1    15    11     4     1     0     0   -29.0   63.942 -144.132   1867.3    702.4
     1     1    15    11     4     0     0     0   -30.0   64.009 -144.059   1844.0    705.2
     1     1    15    11     3    23     0     0   -31.0   64.057 -143.976   1815.3    709.4
     1     1    15    11     3    22     0     0   -32.0   64.070 -143.891   1786.8    712.5
     1     1    15    11     3    21     0     0   -33.0   64.050 -143.804   1758.4    715.0
     1     1    15    11     3    20     0     0   -34.0   63.995 -143.713   1729.5    716.9
     1     1    15    11     3    19     0     0   -35.0   63.902 -143.611   1698.8    718.3
     1     1    15    11     3    18     0     0   -36.0   63.769 -143.491   1664.5    719.4
     1     1    15    11     3    17     0     0   -37.0   63.611 -143.364   1628.6    720.2
     1     1    15    11     3    16     0     0   -38.0   63.451 -143.251   1597.6    720.2
     1     1    15    11     3    15     0     0   -39.0   63.290 -143.154   1570.8    720.0
     1     1    15    11     3    14     0     0   -40.0   63.129 -143.075   1548.3    719.3
     1     1    15    11     3    13     0     0   -41.0   62.968 -143.014   1530.4    718.4
     1     1    15    11     3    12     0     0   -42.0   62.809 -142.975   1517.2    717.2
     1     1    15    11     3    11     0     0   -43.0   62.655 -142.951   1503.8    715.5
     1     1    15    11     3    10     0     0   -44.0   62.513 -142.936   1488.3    714.6
     1     1    15    11     3     9     0     0   -45.0   62.385 -142.940   1473.7    718.3
     1     1    15    11     3     8     0     0   -46.0   62.272 -142.972   1457.5    722.5
     1     1    15    11     3     7     0     0   -47.0   62.175 -143.032   1441.1    726.6
     1     1    15    11     3     6     0     0   -48.0   62.096 -143.117   1425.7    730.4
     1     1    15    11     3     5     0     0   -49.0   62.036 -143.243   1417.0    734.0
     1     1    15    11     3     4     0     0   -50.0   61.994 -143.424   1418.0    736.1
     1     1    15    11     3     3     0     0   -51.0   61.970 -143.662   1430.4    737.1
     1     1    15    11     3     2     0     0   -52.0   61.963 -143.958   1455.3    736.9
     1     1    15    11     3     1     0     0   -53.0   61.971 -144.316   1494.6    735.4
     1     1    15    11     3     0     0     0   -54.0   61.991 -144.735   1550.5    732.6
     1     1    15    11     2    23     0     0   -55.0   62.014 -145.187   1608.6    727.3
     1     1    15    11     2    22     0     0   -56.0   62.033 -145.642   1654.3    725.1
     1     1    15    11     2    21     0     0   -57.0   62.047 -146.106   1685.7    724.3
     1     1    15    11     2    20     0     0   -58.0   62.057 -146.583   1703.3    725.1
     1     1    15    11     2    19     0     0   -59.0   62.063 -147.078   1707.9    727.7
     1     1    15    11     2    18     0     0   -60.0   62.066 -147.595   1700.2    731.6
     1     1    15    11     2    17     0     0   -61.0   62.058 -148.147   1686.2    736.5
     1     1    15    11     2    16     0     0   -62.0   62.034 -148.747   1672.2    741.5
     1     1    15    11     2    15     0     0   -63.0   61.997 -149.392   1657.9    746.9
     1     1    15    11     2    14     0     0   -64.0   61.949 -150.079   1643.1    752.8
     1     1    15    11     2    13     0     0   -65.0   61.891 -150.809   1626.0    757.9
     1     1    15    11     2    12     0     0   -66.0   61.824 -151.583   1606.3    763.5
     1     1    15    11     2    11     0     0   -67.0   61.737 -152.386   1583.9    769.2
     1     1    15    11     2    10     0     0   -68.0   61.622 -153.204   1559.2    775.3
     1     1    15    11     2     9     0     0   -69.0   61.482 -154.033   1531.4    781.6
     1     1    15    11     2     8     0     0   -70.0   61.322 -154.873   1501.3    787.8
     1     1    15    11     2     7     0     0   -71.0   61.148 -155.723   1469.6    795.3
     1     1    15    11     2     6     0     0   -72.0   60.965 -156.583   1434.9    803.1
