     1     1
    CDC1    16     2     1     0     0
     1 BACKWARD OMEGA   
    16     2    19    18   60.984 -139.059   750.0
     1 PRESSURE
     1     1    16     2    19    18     0     0     0.0   60.984 -139.059    750.0    792.2
     1     1    16     2    19    17     0     0    -1.0   60.807 -138.665    754.0    794.6
     1     1    16     2    19    16     0     0    -2.0   60.648 -138.288    762.9    795.8
     1     1    16     2    19    15     0     0    -3.0   60.510 -137.934    776.3    796.1
     1     1    16     2    19    14     0     0    -4.0   60.395 -137.606    794.1    795.7
     1     1    16     2    19    13     0     0    -5.0   60.307 -137.311    815.7    794.3
     1     1    16     2    19    12     0     0    -6.0   60.246 -137.052    840.4    792.2
     1     1    16     2    19    11     0     0    -7.0   60.205 -136.816    866.2    789.2
     1     1    16     2    19    10     0     0    -8.0   60.178 -136.588    890.6    786.3
     1     1    16     2    19     9     0     0    -9.0   60.163 -136.369    914.3    783.0
     1     1    16     2    19     8     0     0   -10.0   60.160 -136.158    937.8    779.6
     1     1    16     2    19     7     0     0   -11.0   60.169 -135.956    961.4    775.9
     1     1    16     2    19     6     0     0   -12.0   60.188 -135.761    985.3    772.1
     1     1    16     2    19     5     0     0   -13.0   60.221 -135.588   1010.3    768.2
     1     1    16     2    19     4     0     0   -14.0   60.266 -135.450   1036.9    763.9
     1     1    16     2    19     3     0     0   -15.0   60.325 -135.345   1064.7    759.5
     1     1    16     2    19     2     0     0   -16.0   60.397 -135.269   1093.4    754.9
     1     1    16     2    19     1     0     0   -17.0   60.482 -135.219   1122.8    750.2
     1     1    16     2    19     0     0     0   -18.0   60.579 -135.191   1152.8    745.4
     1     1    16     2    18    23     0     0   -19.0   60.680 -135.172   1180.4    740.8
     1     1    16     2    18    22     0     0   -20.0   60.777 -135.152   1202.7    737.1
     1     1    16     2    18    21     0     0   -21.0   60.870 -135.133   1219.6    733.9
     1     1    16     2    18    20     0     0   -22.0   60.959 -135.113   1230.9    731.2
     1     1    16     2    18    19     0     0   -23.0   61.043 -135.093   1236.5    729.2
     1     1    16     2    18    18     0     0   -24.0   61.122 -135.072   1236.5    727.7
     1     1    16     2    18    17     0     0   -25.0   61.199 -135.049   1235.5    727.2
     1     1    16     2    18    16     0     0   -26.0   61.275 -135.022   1238.0    726.0
     1     1    16     2    18    15     0     0   -27.0   61.349 -134.990   1244.1    724.4
     1     1    16     2    18    14     0     0   -28.0   61.421 -134.954   1253.9    722.4
     1     1    16     2    18    13     0     0   -29.0   61.490 -134.913   1267.4    720.1
     1     1    16     2    18    12     0     0   -30.0   61.557 -134.867   1284.8    717.4
     1     1    16     2    18    11     0     0   -31.0   61.624 -134.828   1304.9    714.7
     1     1    16     2    18    10     0     0   -32.0   61.694 -134.814   1327.0    712.0
     1     1    16     2    18     9     0     0   -33.0   61.769 -134.827   1351.0    709.2
     1     1    16     2    18     8     0     0   -34.0   61.848 -134.868   1377.0    706.3
     1     1    16     2    18     7     0     0   -35.0   61.933 -134.940   1405.0    703.3
     1     1    16     2    18     6     0     0   -36.0   62.024 -135.045   1434.8    700.1
     1     1    16     2    18     5     0     0   -37.0   62.114 -135.165   1466.2    696.8
     1     1    16     2    18     4     0     0   -38.0   62.198 -135.278   1498.4    693.6
     1     1    16     2    18     3     0     0   -39.0   62.276 -135.384   1532.3    690.3
     1     1    16     2    18     2     0     0   -40.0   62.348 -135.481   1568.5    686.9
     1     1    16     2    18     1     0     0   -41.0   62.415 -135.568   1607.4    683.2
     1     1    16     2    18     0     0     0   -42.0   62.478 -135.643   1649.3    679.3
     1     1    16     2    17    23     0     0   -43.0   62.542 -135.729   1691.4    676.0
     1     1    16     2    17    22     0     0   -44.0   62.610 -135.843   1730.3    674.2
     1     1    16     2    17    21     0     0   -45.0   62.683 -135.984   1765.5    672.9
     1     1    16     2    17    20     0     0   -46.0   62.761 -136.148   1797.3    672.0
     1     1    16     2    17    19     0     0   -47.0   62.844 -136.333   1826.0    671.7
     1     1    16     2    17    18     0     0   -48.0   62.932 -136.537   1851.7    671.7
     1     1    16     2    17    17     0     0   -49.0   63.018 -136.735   1876.8    671.9
     1     1    16     2    17    16     0     0   -50.0   63.095 -136.907   1904.2    671.4
     1     1    16     2    17    15     0     0   -51.0   63.164 -137.055   1933.7    670.5
     1     1    16     2    17    14     0     0   -52.0   63.226 -137.180   1965.4    669.2
     1     1    16     2    17    13     0     0   -53.0   63.280 -137.286   1999.3    667.6
     1     1    16     2    17    12     0     0   -54.0   63.328 -137.372   2035.2    665.7
     1     1    16     2    17    11     0     0   -55.0   63.373 -137.444   2068.6    663.5
     1     1    16     2    17    10     0     0   -56.0   63.422 -137.502   2096.2    662.1
     1     1    16     2    17     9     0     0   -57.0   63.472 -137.548   2117.1    661.3
     1     1    16     2    17     8     0     0   -58.0   63.524 -137.582   2131.1    661.1
     1     1    16     2    17     7     0     0   -59.0   63.577 -137.605   2138.0    661.6
     1     1    16     2    17     6     0     0   -60.0   63.630 -137.618   2137.2    662.8
     1     1    16     2    17     5     0     0   -61.0   63.688 -137.627   2136.4    664.8
     1     1    16     2    17     4     0     0   -62.0   63.757 -137.645   2143.0    665.6
     1     1    16     2    17     3     0     0   -63.0   63.839 -137.674   2157.0    666.0
     1     1    16     2    17     2     0     0   -64.0   63.934 -137.715   2178.4    665.9
     1     1    16     2    17     1     0     0   -65.0   64.043 -137.772   2206.7    665.5
     1     1    16     2    17     0     0     0   -66.0   64.168 -137.847   2241.6    664.7
     1     1    16     2    16    23     0     0   -67.0   64.307 -137.951   2279.1    663.2
     1     1    16     2    16    22     0     0   -68.0   64.459 -138.095   2316.6    662.3
     1     1    16     2    16    21     0     0   -69.0   64.623 -138.279   2353.6    661.8
     1     1    16     2    16    20     0     0   -70.0   64.799 -138.504   2389.9    661.6
     1     1    16     2    16    19     0     0   -71.0   64.984 -138.774   2425.2    661.8
     1     1    16     2    16    18     0     0   -72.0   65.178 -139.080   2458.1    661.1
