     1     1
    CDC1    16     2     1     0     0
     1 BACKWARD OMEGA   
    16     2    21    12   60.984 -139.059   750.0
     1 PRESSURE
     1     1    16     2    21    12     0     0     0.0   60.984 -139.059    750.0    804.1
     1     1    16     2    21    11     0     0    -1.0   60.459 -138.402    630.9    824.6
     1     1    16     2    21    10     0     0    -2.0   59.937 -137.659    510.6    846.7
     1     1    16     2    21     9     0     0    -3.0   59.443 -136.905    408.0    873.4
     1     1    16     2    21     8     0     0    -4.0   58.989 -136.189    330.8    892.7
     1     1    16     2    21     7     0     0    -5.0   58.564 -135.500    273.3    908.2
     1     1    16     2    21     6     0     0    -6.0   58.156 -134.836    229.4    920.0
     1     1    16     2    21     5     0     0    -7.0   57.744 -134.190    193.4    926.6
     1     1    16     2    21     4     0     0    -8.0   57.311 -133.566    160.8    930.7
     1     1    16     2    21     3     0     0    -9.0   56.865 -132.984    130.8    935.9
     1     1    16     2    21     2     0     0   -10.0   56.418 -132.451    104.9    942.6
     1     1    16     2    21     1     0     0   -11.0   55.992 -131.960     86.0    947.0
     1     1    16     2    21     0     0     0   -12.0   55.593 -131.511     75.1    949.8
     1     1    16     2    20    23     0     0   -13.0   55.226 -131.108     69.8    951.1
     1     1    16     2    20    22     0     0   -14.0   54.899 -130.761     67.2    951.7
     1     1    16     2    20    21     0     0   -15.0   54.602 -130.473     65.1    952.0
     1     1    16     2    20    20     0     0   -16.0   54.327 -130.239     62.8    953.3
     1     1    16     2    20    19     0     0   -17.0   54.067 -130.048     60.1    955.6
     1     1    16     2    20    18     0     0   -18.0   53.815 -129.892     57.5    958.3
     1     1    16     2    20    17     0     0   -19.0   53.570 -129.774     53.7    960.5
     1     1    16     2    20    16     0     0   -20.0   53.331 -129.701     48.4    963.8
     1     1    16     2    20    15     0     0   -21.0   53.097 -129.679     42.6    968.1
     1     1    16     2    20    14     0     0   -22.0   52.867 -129.717     37.2    973.5
     1     1    16     2    20    13     0     0   -23.0   52.640 -129.824     32.9    980.2
     1     1    16     2    20    12     0     0   -24.0   52.416 -130.007     30.0    987.3
     1     1    16     2    20    11     0     0   -25.0   52.192 -130.232     27.5    990.3
     1     1    16     2    20    10     0     0   -26.0   51.971 -130.471     24.8    993.3
     1     1    16     2    20     9     0     0   -27.0   51.756 -130.741     22.2    996.3
     1     1    16     2    20     8     0     0   -28.0   51.555 -131.059     19.9    999.2
     1     1    16     2    20     7     0     0   -29.0   51.375 -131.443     18.1   1002.1
     1     1    16     2    20     6     0     0   -30.0   51.221 -131.910     16.9   1005.0
     1     1    16     2    20     5     0     0   -31.0   51.086 -132.428     16.7   1007.2
     1     1    16     2    20     4     0     0   -32.0   50.955 -132.945     17.7   1004.9
     1     1    16     2    20     3     0     0   -33.0   50.825 -133.467     19.7   1001.7
     1     1    16     2    20     2     0     0   -34.0   50.705 -134.021     22.4    998.3
     1     1    16     2    20     1     0     0   -35.0   50.608 -134.641     25.2    994.7
     1     1    16     2    20     0     0     0   -36.0   50.544 -135.350     27.2    991.4
     1     1    16     2    19    23     0     0   -37.0   50.498 -136.079     28.8    988.6
     1     1    16     2    19    22     0     0   -38.0   50.463 -136.766     30.1    985.8
     1     1    16     2    19    21     0     0   -39.0   50.448 -137.423     31.2    983.1
     1     1    16     2    19    20     0     0   -40.0   50.457 -138.043     32.1    983.1
     1     1    16     2    19    19     0     0   -41.0   50.487 -138.623     32.5    983.6
     1     1    16     2    19    18     0     0   -42.0   50.548 -139.172     32.7    984.2
     1     1    16     2    19    17     0     0   -43.0   50.633 -139.676     32.5    985.0
     1     1    16     2    19    16     0     0   -44.0   50.729 -140.123     32.1    985.5
     1     1    16     2    19    15     0     0   -45.0   50.827 -140.521     31.4    985.8
     1     1    16     2    19    14     0     0   -46.0   50.919 -140.882     30.6    986.2
     1     1    16     2    19    13     0     0   -47.0   51.004 -141.209     29.8    986.6
     1     1    16     2    19    12     0     0   -48.0   51.081 -141.507     28.9    987.0
     1     1    16     2    19    11     0     0   -49.0   51.145 -141.785     28.0    987.5
     1     1    16     2    19    10     0     0   -50.0   51.196 -142.052     27.2    987.9
     1     1    16     2    19     9     0     0   -51.0   51.237 -142.320     26.3    988.3
     1     1    16     2    19     8     0     0   -52.0   51.272 -142.598     25.3    988.4
     1     1    16     2    19     7     0     0   -53.0   51.303 -142.894     24.3    987.9
     1     1    16     2    19     6     0     0   -54.0   51.332 -143.214     23.3    987.6
     1     1    16     2    19     5     0     0   -55.0   51.360 -143.569     22.4    987.1
     1     1    16     2    19     4     0     0   -56.0   51.390 -143.967     21.5    986.7
     1     1    16     2    19     3     0     0   -57.0   51.428 -144.418     20.6    986.4
     1     1    16     2    19     2     0     0   -58.0   51.480 -144.931     19.8    986.2
     1     1    16     2    19     1     0     0   -59.0   51.548 -145.506     18.9    985.8
     1     1    16     2    19     0     0     0   -60.0   51.634 -146.137     18.1    985.4
     1     1    16     2    18    23     0     0   -61.0   51.734 -146.834     17.2    985.1
     1     1    16     2    18    22     0     0   -62.0   51.848 -147.604     16.4    985.4
     1     1    16     2    18    21     0     0   -63.0   51.980 -148.432     15.6    987.3
     1     1    16     2    18    20     0     0   -64.0   52.131 -149.302     14.9    989.3
     1     1    16     2    18    19     0     0   -65.0   52.302 -150.217     14.1    991.6
     1     1    16     2    18    18     0     0   -66.0   52.505 -151.168     13.4    994.0
     1     1    16     2    18    17     0     0   -67.0   52.753 -152.111     12.6    993.5
     1     1    16     2    18    16     0     0   -68.0   53.050 -153.013     11.9    991.9
     1     1    16     2    18    15     0     0   -69.0   53.390 -153.880     11.3    990.3
     1     1    16     2    18    14     0     0   -70.0   53.769 -154.735     10.8    989.7
     1     1    16     2    18    13     0     0   -71.0   54.171 -155.588     10.4    990.0
     1     1    16     2    18    12     0     0   -72.0   54.572 -156.428     10.1    990.9
