     1     1
    CDC1    16     1     1     0     0
     1 BACKWARD OMEGA   
    16     1     9     0   60.984 -139.059   750.0
     1 PRESSURE
     1     1    16     1     9     0     0     0     0.0   60.984 -139.059    750.0    805.6
     1     1    16     1     8    23     0     0    -1.0   60.800 -138.967    739.8    809.9
     1     1    16     1     8    22     0     0    -2.0   60.610 -138.864    728.3    814.7
     1     1    16     1     8    21     0     0    -3.0   60.413 -138.753    715.8    819.7
     1     1    16     1     8    20     0     0    -4.0   60.212 -138.639    702.7    824.8
     1     1    16     1     8    19     0     0    -5.0   60.006 -138.525    689.5    830.0
     1     1    16     1     8    18     0     0    -6.0   59.795 -138.400    678.3    838.1
     1     1    16     1     8    17     0     0    -7.0   59.584 -138.243    670.4    845.2
     1     1    16     1     8    16     0     0    -8.0   59.379 -138.052    667.7    851.3
     1     1    16     1     8    15     0     0    -9.0   59.181 -137.834    669.0    856.7
     1     1    16     1     8    14     0     0   -10.0   58.991 -137.598    674.0    861.4
     1     1    16     1     8    13     0     0   -11.0   58.811 -137.348    682.1    865.1
     1     1    16     1     8    12     0     0   -12.0   58.641 -137.092    692.6    867.7
     1     1    16     1     8    11     0     0   -13.0   58.484 -136.836    704.1    869.8
     1     1    16     1     8    10     0     0   -14.0   58.343 -136.592    714.6    871.7
     1     1    16     1     8     9     0     0   -15.0   58.216 -136.364    724.5    873.1
     1     1    16     1     8     8     0     0   -16.0   58.104 -136.157    734.3    874.1
     1     1    16     1     8     7     0     0   -17.0   58.008 -135.974    744.1    874.7
     1     1    16     1     8     6     0     0   -18.0   57.925 -135.818    754.2    875.1
     1     1    16     1     8     5     0     0   -19.0   57.850 -135.680    765.0    875.1
     1     1    16     1     8     4     0     0   -20.0   57.775 -135.550    776.0    875.1
     1     1    16     1     8     3     0     0   -21.0   57.700 -135.428    787.4    875.2
     1     1    16     1     8     2     0     0   -22.0   57.627 -135.311    798.8    875.2
     1     1    16     1     8     1     0     0   -23.0   57.556 -135.198    810.0    875.2
     1     1    16     1     8     0     0     0   -24.0   57.486 -135.088    820.8    875.0
     1     1    16     1     7    23     0     0   -25.0   57.417 -134.978    829.4    873.9
     1     1    16     1     7    22     0     0   -26.0   57.345 -134.865    835.1    872.7
     1     1    16     1     7    21     0     0   -27.0   57.271 -134.749    838.0    871.9
     1     1    16     1     7    20     0     0   -28.0   57.196 -134.631    838.0    871.4
     1     1    16     1     7    19     0     0   -29.0   57.118 -134.511    835.2    871.2
     1     1    16     1     7    18     0     0   -30.0   57.040 -134.389    829.4    871.4
     1     1    16     1     7    17     0     0   -31.0   56.956 -134.262    820.1    872.1
     1     1    16     1     7    16     0     0   -32.0   56.865 -134.128    806.1    873.4
     1     1    16     1     7    15     0     0   -33.0   56.767 -133.984    788.2    875.2
     1     1    16     1     7    14     0     0   -34.0   56.664 -133.831    766.7    877.4
     1     1    16     1     7    13     0     0   -35.0   56.558 -133.665    742.0    879.9
     1     1    16     1     7    12     0     0   -36.0   56.450 -133.488    714.6    882.6
     1     1    16     1     7    11     0     0   -37.0   56.344 -133.290    689.6    885.0
     1     1    16     1     7    10     0     0   -38.0   56.241 -133.067    671.8    885.6
     1     1    16     1     7     9     0     0   -39.0   56.137 -132.819    660.7    885.3
     1     1    16     1     7     8     0     0   -40.0   56.031 -132.549    655.8    884.2
     1     1    16     1     7     7     0     0   -41.0   55.919 -132.253    656.7    881.0
     1     1    16     1     7     6     0     0   -42.0   55.800 -131.930    663.3    876.7
     1     1    16     1     7     5     0     0   -43.0   55.676 -131.588    674.8    871.7
     1     1    16     1     7     4     0     0   -44.0   55.548 -131.241    690.7    866.2
     1     1    16     1     7     3     0     0   -45.0   55.415 -130.897    711.2    860.2
     1     1    16     1     7     2     0     0   -46.0   55.273 -130.563    736.7    854.1
     1     1    16     1     7     1     0     0   -47.0   55.119 -130.246    767.6    847.8
     1     1    16     1     7     0     0     0   -48.0   54.951 -129.954    804.2    841.7
     1     1    16     1     6    23     0     0   -49.0   54.773 -129.673    840.7    836.5
     1     1    16     1     6    22     0     0   -50.0   54.592 -129.386    870.1    832.5
     1     1    16     1     6    21     0     0   -51.0   54.407 -129.094    892.7    829.1
     1     1    16     1     6    20     0     0   -52.0   54.219 -128.794    908.1    826.1
     1     1    16     1     6    19     0     0   -53.0   54.027 -128.487    916.2    823.6
     1     1    16     1     6    18     0     0   -54.0   53.831 -128.172    916.5    821.7
     1     1    16     1     6    17     0     0   -55.0   53.628 -127.854    909.9    820.2
     1     1    16     1     6    16     0     0   -56.0   53.416 -127.538    897.6    819.2
     1     1    16     1     6    15     0     0   -57.0   53.196 -127.222    879.2    819.6
     1     1    16     1     6    14     0     0   -58.0   52.970 -126.903    854.0    820.3
     1     1    16     1     6    13     0     0   -59.0   52.735 -126.579    821.2    821.1
     1     1    16     1     6    12     0     0   -60.0   52.489 -126.246    780.3    822.2
     1     1    16     1     6    11     0     0   -61.0   52.234 -125.913    741.2    825.2
     1     1    16     1     6    10     0     0   -62.0   51.972 -125.594    713.0    826.5
     1     1    16     1     6     9     0     0   -63.0   51.700 -125.292    695.7    827.1
     1     1    16     1     6     8     0     0   -64.0   51.417 -125.015    689.0    827.3
     1     1    16     1     6     7     0     0   -65.0   51.128 -124.765    692.8    827.4
     1     1    16     1     6     6     0     0   -66.0   50.834 -124.548    706.8    826.8
     1     1    16     1     6     5     0     0   -67.0   50.536 -124.365    720.7    825.3
     1     1    16     1     6     4     0     0   -68.0   50.234 -124.216    725.3    826.3
     1     1    16     1     6     3     0     0   -69.0   49.931 -124.098    720.4    829.7
     1     1    16     1     6     2     0     0   -70.0   49.629 -124.005    707.8    838.0
     1     1    16     1     6     1     0     0   -71.0   49.332 -123.927    688.0    847.3
     1     1    16     1     6     0     0     0   -72.0   49.041 -123.863    662.0    857.6
