     1     1
    CDC1    15    11     1     0     0
     1 BACKWARD OMEGA   
    15    11     6     0   60.984 -139.059   750.0
     1 PRESSURE
     1     1    15    11     6     0     0     0     0.0   60.984 -139.059    750.0    804.2
     1     1    15    11     5    23     0     0    -1.0   60.554 -138.796    644.6    822.5
     1     1    15    11     5    22     0     0    -2.0   60.156 -138.484    532.0    842.5
     1     1    15    11     5    21     0     0    -3.0   59.809 -138.132    430.1    864.3
     1     1    15    11     5    20     0     0    -4.0   59.520 -137.757    350.2    883.1
     1     1    15    11     5    19     0     0    -5.0   59.288 -137.379    291.7    896.5
     1     1    15    11     5    18     0     0    -6.0   59.106 -137.013    249.8    905.9
     1     1    15    11     5    17     0     0    -7.0   58.960 -136.672    219.9    912.7
     1     1    15    11     5    16     0     0    -8.0   58.840 -136.363    198.7    917.8
     1     1    15    11     5    15     0     0    -9.0   58.742 -136.087    183.7    921.0
     1     1    15    11     5    14     0     0   -10.0   58.662 -135.844    173.4    923.3
     1     1    15    11     5    13     0     0   -11.0   58.601 -135.630    167.1    924.8
     1     1    15    11     5    12     0     0   -12.0   58.556 -135.446    164.2    925.6
     1     1    15    11     5    11     0     0   -13.0   58.528 -135.286    163.8    925.2
     1     1    15    11     5    10     0     0   -14.0   58.518 -135.143    164.5    924.3
     1     1    15    11     5     9     0     0   -15.0   58.526 -135.018    166.3    923.0
     1     1    15    11     5     8     0     0   -16.0   58.550 -134.912    169.1    920.6
     1     1    15    11     5     7     0     0   -17.0   58.590 -134.825    172.9    917.9
     1     1    15    11     5     6     0     0   -18.0   58.645 -134.752    177.7    914.8
     1     1    15    11     5     5     0     0   -19.0   58.709 -134.714    182.6    911.5
     1     1    15    11     5     4     0     0   -20.0   58.775 -134.729    186.6    908.9
     1     1    15    11     5     3     0     0   -21.0   58.843 -134.794    189.8    907.0
     1     1    15    11     5     2     0     0   -22.0   58.915 -134.910    192.1    905.6
     1     1    15    11     5     1     0     0   -23.0   58.991 -135.075    193.5    904.3
     1     1    15    11     5     0     0     0   -24.0   59.072 -135.288    194.1    902.7
     1     1    15    11     4    23     0     0   -25.0   59.152 -135.516    193.3    900.8
     1     1    15    11     4    22     0     0   -26.0   59.228 -135.728    190.7    899.1
     1     1    15    11     4    21     0     0   -27.0   59.301 -135.928    186.3    897.5
     1     1    15    11     4    20     0     0   -28.0   59.371 -136.116    180.6    895.9
     1     1    15    11     4    19     0     0   -29.0   59.441 -136.294    173.7    894.4
     1     1    15    11     4    18     0     0   -30.0   59.511 -136.463    165.9    892.7
     1     1    15    11     4    17     0     0   -31.0   59.580 -136.620    158.0    891.8
     1     1    15    11     4    16     0     0   -32.0   59.649 -136.764    150.4    890.6
     1     1    15    11     4    15     0     0   -33.0   59.718 -136.892    142.9    889.4
     1     1    15    11     4    14     0     0   -34.0   59.787 -137.001    135.4    888.1
     1     1    15    11     4    13     0     0   -35.0   59.858 -137.088    127.8    886.7
     1     1    15    11     4    12     0     0   -36.0   59.932 -137.153    120.1    885.1
     1     1    15    11     4    11     0     0   -37.0   60.000 -137.168    112.2    882.9
     1     1    15    11     4    10     0     0   -38.0   60.055 -137.116    104.2    881.8
     1     1    15    11     4     9     0     0   -39.0   60.094 -137.000     96.0    880.9
     1     1    15    11     4     8     0     0   -40.0   60.115 -136.816     87.9    880.1
     1     1    15    11     4     7     0     0   -41.0   60.115 -136.558     80.1    879.4
     1     1    15    11     4     6     0     0   -42.0   60.090 -136.215     72.5    878.9
     1     1    15    11     4     5     0     0   -43.0   60.031 -135.803     63.9    879.4
     1     1    15    11     4     4     0     0   -44.0   59.937 -135.357     53.4    881.9
     1     1    15    11     4     3     0     0   -45.0   59.813 -134.912     42.0    885.5
     1     1    15    11     4     2     0     0   -46.0   59.669 -134.493     31.0    888.3
     1     1    15    11     4     1     0     0   -47.0   59.511 -134.109     21.4    891.4
     1     1    15    11     4     0     0     0   -48.0   59.348 -133.750     14.3    894.3
     1     1    15    11     3    23     0     0   -49.0   59.197 -133.419      8.6    896.5
     1     1    15    11     3    22     0     0   -50.0   59.072 -133.119      1.9    897.5
     1     1    15    11     3    21     0     0   -51.0   58.966 -132.854      0.0    898.1
     1     1    15    11     3    20     0     0   -52.0   58.876 -132.627      0.0    898.5
     1     1    15    11     3    19     0     0   -53.0   58.801 -132.443      0.0    898.9
     1     1    15    11     3    18     0     0   -54.0   58.739 -132.305      0.0    899.1
     1     1    15    11     3    17     0     0   -55.0   58.685 -132.199      0.0    898.9
     1     1    15    11     3    16     0     0   -56.0   58.635 -132.113      0.0    898.9
     1     1    15    11     3    15     0     0   -57.0   58.590 -132.046      0.0    899.0
     1     1    15    11     3    14     0     0   -58.0   58.550 -131.995      0.0    899.3
     1     1    15    11     3    13     0     0   -59.0   58.516 -131.960      0.0    899.7
     1     1    15    11     3    12     0     0   -60.0   58.490 -131.940      0.0    900.1
     1     1    15    11     3    11     0     0   -61.0   58.471 -131.930      0.0    900.2
     1     1    15    11     3    10     0     0   -62.0   58.456 -131.929      0.0    900.4
     1     1    15    11     3     9     0     0   -63.0   58.446 -131.934      0.0    900.5
     1     1    15    11     3     8     0     0   -64.0   58.440 -131.947      0.0    900.7
     1     1    15    11     3     7     0     0   -65.0   58.440 -131.966      0.0    900.8
     1     1    15    11     3     6     0     0   -66.0   58.445 -131.993      0.0    901.1
     1     1    15    11     3     5     0     0   -67.0   58.449 -132.026      0.0    901.3
     1     1    15    11     3     4     0     0   -68.0   58.446 -132.064      0.0    901.8
     1     1    15    11     3     3     0     0   -69.0   58.436 -132.106      0.0    902.4
     1     1    15    11     3     2     0     0   -70.0   58.419 -132.154      0.0    903.3
     1     1    15    11     3     1     0     0   -71.0   58.396 -132.206      0.0    904.3
     1     1    15    11     3     0     0     0   -72.0   58.367 -132.264      0.0    905.6
