     1     1
    CDC1    16     4     1     0     0
     1 BACKWARD OMEGA   
    16     4    26    18   60.984 -139.059   750.0
     1 PRESSURE
     1     1    16     4    26    18     0     0     0.0   60.984 -139.059    750.0    807.2
     1     1    16     4    26    17     0     0    -1.0   60.747 -138.899    745.7    810.9
     1     1    16     4    26    16     0     0    -2.0   60.500 -138.717    731.6    816.1
     1     1    16     4    26    15     0     0    -3.0   60.239 -138.512    706.0    822.6
     1     1    16     4    26    14     0     0    -4.0   59.964 -138.285    668.0    831.3
     1     1    16     4    26    13     0     0    -5.0   59.679 -138.037    619.7    845.3
     1     1    16     4    26    12     0     0    -6.0   59.397 -137.760    563.8    859.1
     1     1    16     4    26    11     0     0    -7.0   59.130 -137.464    507.0    873.1
     1     1    16     4    26    10     0     0    -8.0   58.884 -137.171    453.3    885.4
     1     1    16     4    26     9     0     0    -9.0   58.657 -136.882    402.7    897.0
     1     1    16     4    26     8     0     0   -10.0   58.445 -136.594    354.8    907.4
     1     1    16     4    26     7     0     0   -11.0   58.244 -136.299    309.9    916.7
     1     1    16     4    26     6     0     0   -12.0   58.049 -135.989    268.3    925.7
     1     1    16     4    26     5     0     0   -13.0   57.846 -135.645    230.1    934.6
     1     1    16     4    26     4     0     0   -14.0   57.623 -135.254    195.4    943.1
     1     1    16     4    26     3     0     0   -15.0   57.380 -134.832    162.9    948.0
     1     1    16     4    26     2     0     0   -16.0   57.112 -134.414    131.1    950.8
     1     1    16     4    26     1     0     0   -17.0   56.817 -134.008    100.4    955.3
     1     1    16     4    26     0     0     0   -18.0   56.492 -133.610     72.0    961.3
     1     1    16     4    25    23     0     0   -19.0   56.167 -133.240     49.8    966.4
     1     1    16     4    25    22     0     0   -20.0   55.869 -132.914     34.9    971.3
     1     1    16     4    25    21     0     0   -21.0   55.599 -132.625     25.7    975.8
     1     1    16     4    25    20     0     0   -22.0   55.358 -132.369     20.4    978.9
     1     1    16     4    25    19     0     0   -23.0   55.144 -132.140     17.3    980.6
     1     1    16     4    25    18     0     0   -24.0   54.955 -131.933     15.6    981.4
     1     1    16     4    25    17     0     0   -25.0   54.778 -131.746     14.3    980.5
     1     1    16     4    25    16     0     0   -26.0   54.601 -131.581     13.2    980.3
     1     1    16     4    25    15     0     0   -27.0   54.424 -131.438     12.2    980.6
     1     1    16     4    25    14     0     0   -28.0   54.248 -131.319     11.3    981.5
     1     1    16     4    25    13     0     0   -29.0   54.075 -131.224     10.6    982.9
     1     1    16     4    25    12     0     0   -30.0   53.904 -131.152      9.9    984.7
     1     1    16     4    25    11     0     0   -31.0   53.739 -131.109      9.2    986.8
     1     1    16     4    25    10     0     0   -32.0   53.580 -131.096      8.6    989.4
     1     1    16     4    25     9     0     0   -33.0   53.425 -131.113      7.9    992.4
     1     1    16     4    25     8     0     0   -34.0   53.275 -131.162      7.3    995.7
     1     1    16     4    25     7     0     0   -35.0   53.128 -131.243      6.8    999.3
     1     1    16     4    25     6     0     0   -36.0   52.982 -131.359      6.2   1003.3
     1     1    16     4    25     5     0     0   -37.0   52.834 -131.503      5.8   1007.3
     1     1    16     4    25     4     0     0   -38.0   52.678 -131.668      5.6   1011.5
     1     1    16     4    25     3     0     0   -39.0   52.513 -131.854      5.6   1016.1
     1     1    16     4    25     2     0     0   -40.0   52.344 -132.059      5.8   1018.9
     1     1    16     4    25     1     0     0   -41.0   52.176 -132.282      6.2   1021.7
     1     1    16     4    25     0     0     0   -42.0   52.008 -132.519      7.0   1024.1
     1     1    16     4    24    23     0     0   -43.0   51.844 -132.773      7.9   1024.1
     1     1    16     4    24    22     0     0   -44.0   51.682 -133.047      9.0   1023.9
     1     1    16     4    24    21     0     0   -45.0   51.520 -133.340     10.2   1023.4
     1     1    16     4    24    20     0     0   -46.0   51.355 -133.652     11.6   1022.3
     1     1    16     4    24    19     0     0   -47.0   51.183 -133.985     13.5   1020.9
     1     1    16     4    24    18     0     0   -48.0   51.002 -134.343     16.0   1019.0
     1     1    16     4    24    17     0     0   -49.0   50.815 -134.726     19.4   1016.7
     1     1    16     4    24    16     0     0   -50.0   50.627 -135.135     24.2   1014.0
     1     1    16     4    24    15     0     0   -51.0   50.443 -135.571     30.8   1011.1
     1     1    16     4    24    14     0     0   -52.0   50.263 -136.037     40.1   1008.0
     1     1    16     4    24    13     0     0   -53.0   50.087 -136.529     53.2   1004.6
     1     1    16     4    24    12     0     0   -54.0   49.913 -137.041     71.4   1001.4
     1     1    16     4    24    11     0     0   -55.0   49.740 -137.572     91.8    998.2
     1     1    16     4    24    10     0     0   -56.0   49.566 -138.128    108.9    998.0
     1     1    16     4    24     9     0     0   -57.0   49.391 -138.711    121.8    998.5
     1     1    16     4    24     8     0     0   -58.0   49.217 -139.319    131.5    999.3
     1     1    16     4    24     7     0     0   -59.0   49.043 -139.951    138.7   1000.2
     1     1    16     4    24     6     0     0   -60.0   48.876 -140.610    144.3   1000.7
     1     1    16     4    24     5     0     0   -61.0   48.717 -141.298    150.0   1000.8
     1     1    16     4    24     4     0     0   -62.0   48.557 -142.014    157.0   1000.4
     1     1    16     4    24     3     0     0   -63.0   48.394 -142.762    165.8    999.1
     1     1    16     4    24     2     0     0   -64.0   48.231 -143.551    177.1    996.3
     1     1    16     4    24     1     0     0   -65.0   48.070 -144.392    191.7    993.2
     1     1    16     4    24     0     0     0   -66.0   47.916 -145.290    209.9    989.4
     1     1    16     4    23    23     0     0   -67.0   47.784 -146.243    230.3    984.7
     1     1    16     4    23    22     0     0   -68.0   47.683 -147.246    251.4    980.0
     1     1    16     4    23    21     0     0   -69.0   47.611 -148.288    272.7    977.7
     1     1    16     4    23    20     0     0   -70.0   47.565 -149.352    293.4    976.3
     1     1    16     4    23    19     0     0   -71.0   47.544 -150.426    313.2    975.4
     1     1    16     4    23    18     0     0   -72.0   47.544 -151.490    332.4    975.1
