     1     1
    CDC1    16     3     1     0     0
     1 BACKWARD OMEGA   
    16     3     3    12   60.984 -139.059   750.0
     1 PRESSURE
     1     1    16     3     3    12     0     0     0.0   60.984 -139.059    750.0    799.2
     1     1    16     3     3    11     0     0    -1.0   61.003 -138.599    789.8    795.1
     1     1    16     3     3    10     0     0    -2.0   61.011 -138.150    832.4    790.8
     1     1    16     3     3     9     0     0    -3.0   61.011 -137.709    877.4    786.4
     1     1    16     3     3     8     0     0    -4.0   61.005 -137.273    924.1    781.3
     1     1    16     3     3     7     0     0    -5.0   60.997 -136.839    972.0    775.8
     1     1    16     3     3     6     0     0    -6.0   60.988 -136.404   1020.7    770.3
     1     1    16     3     3     5     0     0    -7.0   60.980 -135.983   1067.4    764.9
     1     1    16     3     3     4     0     0    -8.0   60.973 -135.600   1109.0    760.5
     1     1    16     3     3     3     0     0    -9.0   60.968 -135.258   1145.5    756.6
     1     1    16     3     3     2     0     0   -10.0   60.966 -134.961   1176.7    753.3
     1     1    16     3     3     1     0     0   -11.0   60.968 -134.714   1202.5    750.1
     1     1    16     3     3     0     0     0   -12.0   60.975 -134.518   1223.5    747.4
     1     1    16     3     2    23     0     0   -13.0   60.976 -134.348   1242.8    745.4
     1     1    16     3     2    22     0     0   -14.0   60.963 -134.178   1263.1    742.9
     1     1    16     3     2    21     0     0   -15.0   60.936 -134.007   1284.4    740.6
     1     1    16     3     2    20     0     0   -16.0   60.894 -133.830   1306.8    738.3
     1     1    16     3     2    19     0     0   -17.0   60.840 -133.646   1330.2    736.0
     1     1    16     3     2    18     0     0   -18.0   60.773 -133.448   1354.9    733.6
     1     1    16     3     2    17     0     0   -19.0   60.713 -133.235   1380.9    730.5
     1     1    16     3     2    16     0     0   -20.0   60.679 -133.011   1408.7    726.8
     1     1    16     3     2    15     0     0   -21.0   60.673 -132.779   1437.5    722.8
     1     1    16     3     2    14     0     0   -22.0   60.696 -132.542   1467.2    718.4
     1     1    16     3     2    13     0     0   -23.0   60.751 -132.302   1497.4    713.9
     1     1    16     3     2    12     0     0   -24.0   60.836 -132.064   1527.6    709.3
     1     1    16     3     2    11     0     0   -25.0   60.941 -131.842   1555.3    705.1
     1     1    16     3     2    10     0     0   -26.0   61.052 -131.653   1578.5    701.8
     1     1    16     3     2     9     0     0   -27.0   61.168 -131.499   1597.8    699.0
     1     1    16     3     2     8     0     0   -28.0   61.286 -131.381   1613.8    696.7
     1     1    16     3     2     7     0     0   -29.0   61.403 -131.301   1627.3    694.8
     1     1    16     3     2     6     0     0   -30.0   61.520 -131.261   1638.7    693.2
     1     1    16     3     2     5     0     0   -31.0   61.632 -131.249   1650.7    691.5
     1     1    16     3     2     4     0     0   -32.0   61.735 -131.252   1665.6    689.3
     1     1    16     3     2     3     0     0   -33.0   61.832 -131.265   1682.1    687.0
     1     1    16     3     2     2     0     0   -34.0   61.921 -131.285   1699.5    684.6
     1     1    16     3     2     1     0     0   -35.0   62.005 -131.307   1717.0    682.3
     1     1    16     3     2     0     0     0   -36.0   62.082 -131.327   1733.6    680.1
     1     1    16     3     1    23     0     0   -37.0   62.162 -131.348   1750.6    678.3
     1     1    16     3     1    22     0     0   -38.0   62.251 -131.376   1767.8    676.3
     1     1    16     3     1    21     0     0   -39.0   62.349 -131.415   1785.5    674.2
     1     1    16     3     1    20     0     0   -40.0   62.457 -131.467   1803.4    672.0
     1     1    16     3     1    19     0     0   -41.0   62.573 -131.538   1823.4    671.3
     1     1    16     3     1    18     0     0   -42.0   62.697 -131.631   1845.9    671.6
     1     1    16     3     1    17     0     0   -43.0   62.824 -131.761   1867.5    671.6
     1     1    16     3     1    16     0     0   -44.0   62.950 -131.941   1888.0    671.9
     1     1    16     3     1    15     0     0   -45.0   63.076 -132.165   1906.9    672.4
     1     1    16     3     1    14     0     0   -46.0   63.201 -132.431   1925.0    673.0
     1     1    16     3     1    13     0     0   -47.0   63.323 -132.733   1943.2    674.0
     1     1    16     3     1    12     0     0   -48.0   63.440 -133.066   1961.8    675.2
     1     1    16     3     1    11     0     0   -49.0   63.548 -133.407   1977.3    675.9
     1     1    16     3     1    10     0     0   -50.0   63.647 -133.738   1985.6    677.3
     1     1    16     3     1     9     0     0   -51.0   63.739 -134.060   1985.8    679.4
     1     1    16     3     1     8     0     0   -52.0   63.826 -134.373   1977.4    682.1
     1     1    16     3     1     7     0     0   -53.0   63.911 -134.680   1959.9    685.6
     1     1    16     3     1     6     0     0   -54.0   63.995 -134.982   1932.9    690.0
     1     1    16     3     1     5     0     0   -55.0   64.081 -135.296   1905.3    695.4
     1     1    16     3     1     4     0     0   -56.0   64.171 -135.638   1885.6    699.4
     1     1    16     3     1     3     0     0   -57.0   64.266 -136.006   1874.1    702.9
     1     1    16     3     1     2     0     0   -58.0   64.365 -136.401   1871.1    705.9
     1     1    16     3     1     1     0     0   -59.0   64.470 -136.825   1877.3    708.2
     1     1    16     3     1     0     0     0   -60.0   64.579 -137.278   1893.4    710.0
