     1     1
    CDC1    15    10     1     0     0
     1 BACKWARD OMEGA   
    15    10    15    18   60.984 -139.059   750.0
     1 PRESSURE
     1     1    15    10    15    18     0     0     0.0   60.984 -139.059    750.0    815.2
     1     1    15    10    15    17     0     0    -1.0   60.742 -138.704    721.1    822.1
     1     1    15    10    15    16     0     0    -2.0   60.503 -138.339    694.0    828.9
     1     1    15    10    15    15     0     0    -3.0   60.267 -137.960    670.1    835.2
     1     1    15    10    15    14     0     0    -4.0   60.032 -137.563    650.2    841.0
     1     1    15    10    15    13     0     0    -5.0   59.800 -137.155    636.9    848.6
     1     1    15    10    15    12     0     0    -6.0   59.575 -136.746    631.0    855.0
     1     1    15    10    15    11     0     0    -7.0   59.359 -136.356    629.2    860.4
     1     1    15    10    15    10     0     0    -8.0   59.154 -135.998    628.6    865.5
     1     1    15    10    15     9     0     0    -9.0   58.965 -135.660    630.1    869.6
     1     1    15    10    15     8     0     0   -10.0   58.795 -135.334    634.4    872.6
     1     1    15    10    15     7     0     0   -11.0   58.646 -135.014    642.1    874.4
     1     1    15    10    15     6     0     0   -12.0   58.521 -134.694    653.6    872.9
     1     1    15    10    15     5     0     0   -13.0   58.413 -134.395    668.9    870.1
     1     1    15    10    15     4     0     0   -14.0   58.317 -134.134    687.6    867.2
     1     1    15    10    15     3     0     0   -15.0   58.233 -133.910    710.4    863.9
     1     1    15    10    15     2     0     0   -16.0   58.163 -133.721    737.9    860.2
     1     1    15    10    15     1     0     0   -17.0   58.109 -133.567    770.8    856.1
     1     1    15    10    15     0     0     0   -18.0   58.072 -133.448    809.6    851.4
     1     1    15    10    14    23     0     0   -19.0   58.044 -133.369    851.8    846.4
     1     1    15    10    14    22     0     0   -20.0   58.019 -133.337    893.7    842.4
     1     1    15    10    14    21     0     0   -21.0   57.996 -133.349    935.1    838.7
     1     1    15    10    14    20     0     0   -22.0   57.974 -133.405    975.6    835.5
     1     1    15    10    14    19     0     0   -23.0   57.951 -133.502   1014.9    833.1
     1     1    15    10    14    18     0     0   -24.0   57.928 -133.637   1052.6    831.5
     1     1    15    10    14    17     0     0   -25.0   57.898 -133.800   1085.9    830.2
     1     1    15    10    14    16     0     0   -26.0   57.861 -133.983   1111.7    830.3
     1     1    15    10    14    15     0     0   -27.0   57.814 -134.183   1129.9    831.9
     1     1    15    10    14    14     0     0   -28.0   57.755 -134.397   1140.1    834.7
     1     1    15    10    14    13     0     0   -29.0   57.685 -134.620   1142.1    839.0
     1     1    15    10    14    12     0     0   -30.0   57.603 -134.851   1135.4    844.7
     1     1    15    10    14    11     0     0   -31.0   57.508 -135.086   1121.1    851.0
     1     1    15    10    14    10     0     0   -32.0   57.401 -135.332   1102.0    856.1
     1     1    15    10    14     9     0     0   -33.0   57.287 -135.593   1078.4    861.8
     1     1    15    10    14     8     0     0   -34.0   57.168 -135.869   1050.1    868.3
     1     1    15    10    14     7     0     0   -35.0   57.043 -136.163   1016.8    875.4
     1     1    15    10    14     6     0     0   -36.0   56.916 -136.474    978.5    883.2
     1     1    15    10    14     5     0     0   -37.0   56.786 -136.792    937.1    891.3
     1     1    15    10    14     4     0     0   -38.0   56.652 -137.111    896.0    898.5
     1     1    15    10    14     3     0     0   -39.0   56.517 -137.439    856.3    905.2
     1     1    15    10    14     2     0     0   -40.0   56.382 -137.784    819.1    910.8
     1     1    15    10    14     1     0     0   -41.0   56.248 -138.154    785.8    915.6
     1     1    15    10    14     0     0     0   -42.0   56.114 -138.557    757.4    919.7
     1     1    15    10    13    23     0     0   -43.0   55.979 -138.991    732.4    923.3
     1     1    15    10    13    22     0     0   -44.0   55.838 -139.460    708.2    926.9
     1     1    15    10    13    21     0     0   -45.0   55.694 -139.970    685.7    929.9
     1     1    15    10    13    20     0     0   -46.0   55.549 -140.526    665.5    932.8
     1     1    15    10    13    19     0     0   -47.0   55.403 -141.129    647.8    935.0
     1     1    15    10    13    18     0     0   -48.0   55.259 -141.782    633.1    936.2
     1     1    15    10    13    17     0     0   -49.0   55.107 -142.486    620.2    936.2
     1     1    15    10    13    16     0     0   -50.0   54.941 -143.228    607.4    935.8
     1     1    15    10    13    15     0     0   -51.0   54.767 -143.988    596.0    935.9
     1     1    15    10    13    14     0     0   -52.0   54.594 -144.760    587.7    935.8
     1     1    15    10    13    13     0     0   -53.0   54.426 -145.541    583.2    934.7
     1     1    15    10    13    12     0     0   -54.0   54.269 -146.327    582.8    933.0
     1     1    15    10    13    11     0     0   -55.0   54.124 -147.102    585.8    930.9
     1     1    15    10    13    10     0     0   -56.0   53.992 -147.855    591.1    929.3
     1     1    15    10    13     9     0     0   -57.0   53.875 -148.589    597.5    928.5
     1     1    15    10    13     8     0     0   -58.0   53.779 -149.311    604.5    927.7
     1     1    15    10    13     7     0     0   -59.0   53.708 -150.025    612.1    927.0
     1     1    15    10    13     6     0     0   -60.0   53.664 -150.735    620.2    926.7
     1     1    15    10    13     5     0     0   -61.0   53.637 -151.441    629.0    926.3
     1     1    15    10    13     4     0     0   -62.0   53.616 -152.146    639.6    925.4
     1     1    15    10    13     3     0     0   -63.0   53.602 -152.852    652.4    924.0
     1     1    15    10    13     2     0     0   -64.0   53.593 -153.562    667.8    921.9
     1     1    15    10    13     1     0     0   -65.0   53.591 -154.278    686.3    919.5
     1     1    15    10    13     0     0     0   -66.0   53.598 -155.002    708.6    916.6
     1     1    15    10    12    23     0     0   -67.0   53.619 -155.718    732.3    912.9
     1     1    15    10    12    22     0     0   -68.0   53.655 -156.409    754.9    909.7
     1     1    15    10    12    21     0     0   -69.0   53.705 -157.078    776.2    906.7
     1     1    15    10    12    20     0     0   -70.0   53.770 -157.722    796.1    903.9
     1     1    15    10    12    19     0     0   -71.0   53.846 -158.344    814.5    901.3
     1     1    15    10    12    18     0     0   -72.0   53.933 -158.942    831.2    899.0
