     1     1
    CDC1    15    11     1     0     0
     1 BACKWARD OMEGA   
    15    11    16     6   60.984 -139.059   750.0
     1 PRESSURE
     1     1    15    11    16     6     0     0     0.0   60.984 -139.059    750.0    794.9
     1     1    15    11    16     5     0     0    -1.0   60.880 -139.104    740.6    797.6
     1     1    15    11    16     4     0     0    -2.0   60.775 -139.147    731.0    800.5
     1     1    15    11    16     3     0     0    -3.0   60.669 -139.190    721.2    803.4
     1     1    15    11    16     2     0     0    -4.0   60.562 -139.236    711.4    806.3
     1     1    15    11    16     1     0     0    -5.0   60.454 -139.290    701.8    809.3
     1     1    15    11    16     0     0     0    -6.0   60.345 -139.355    692.4    812.2
     1     1    15    11    15    23     0     0    -7.0   60.238 -139.427    681.8    815.0
     1     1    15    11    15    22     0     0    -8.0   60.137 -139.501    668.1    818.3
     1     1    15    11    15    21     0     0    -9.0   60.043 -139.581    651.2    821.8
     1     1    15    11    15    20     0     0   -10.0   59.956 -139.668    631.4    826.3
     1     1    15    11    15    19     0     0   -11.0   59.879 -139.764    608.9    831.7
     1     1    15    11    15    18     0     0   -12.0   59.812 -139.870    583.7    836.6
     1     1    15    11    15    17     0     0   -13.0   59.754 -139.972    557.6    841.6
     1     1    15    11    15    16     0     0   -14.0   59.700 -140.053    532.1    846.3
     1     1    15    11    15    15     0     0   -15.0   59.650 -140.113    507.0    851.0
     1     1    15    11    15    14     0     0   -16.0   59.603 -140.153    482.2    855.4
     1     1    15    11    15    13     0     0   -17.0   59.557 -140.175    457.6    859.8
     1     1    15    11    15    12     0     0   -18.0   59.513 -140.179    433.1    864.1
     1     1    15    11    15    11     0     0   -19.0   59.471 -140.164    408.4    868.4
     1     1    15    11    15    10     0     0   -20.0   59.432 -140.128    383.6    872.7
     1     1    15    11    15     9     0     0   -21.0   59.393 -140.075    358.9    876.5
     1     1    15    11    15     8     0     0   -22.0   59.355 -140.007    334.6    879.9
     1     1    15    11    15     7     0     0   -23.0   59.317 -139.928    311.1    883.6
     1     1    15    11    15     6     0     0   -24.0   59.278 -139.838    288.4    887.2
     1     1    15    11    15     5     0     0   -25.0   59.241 -139.751    265.6    890.9
     1     1    15    11    15     4     0     0   -26.0   59.202 -139.682    242.0    894.9
     1     1    15    11    15     3     0     0   -27.0   59.163 -139.633    218.2    899.2
     1     1    15    11    15     2     0     0   -28.0   59.122 -139.606    195.2    903.7
     1     1    15    11    15     1     0     0   -29.0   59.078 -139.601    173.0    907.3
     1     1    15    11    15     0     0     0   -30.0   59.032 -139.621    151.6    911.2
     1     1    15    11    14    23     0     0   -31.0   58.988 -139.667    132.3    914.5
     1     1    15    11    14    22     0     0   -32.0   58.949 -139.737    115.9    917.3
     1     1    15    11    14    21     0     0   -33.0   58.918 -139.830    101.9    919.8
     1     1    15    11    14    20     0     0   -34.0   58.893 -139.945     90.2    921.9
     1     1    15    11    14    19     0     0   -35.0   58.876 -140.080     80.5    923.7
     1     1    15    11    14    18     0     0   -36.0   58.870 -140.233     72.3    925.3
     1     1    15    11    14    17     0     0   -37.0   58.865 -140.388     65.4    926.7
     1     1    15    11    14    16     0     0   -38.0   58.853 -140.534     59.1    928.2
     1     1    15    11    14    15     0     0   -39.0   58.836 -140.669     53.4    929.9
     1     1    15    11    14    14     0     0   -40.0   58.811 -140.792     48.3    931.7
     1     1    15    11    14    13     0     0   -41.0   58.780 -140.904     43.6    933.6
     1     1    15    11    14    12     0     0   -42.0   58.742 -141.004     39.4    935.7
     1     1    15    11    14    11     0     0   -43.0   58.708 -141.120     35.7    937.5
     1     1    15    11    14    10     0     0   -44.0   58.690 -141.274     32.7    938.8
     1     1    15    11    14     9     0     0   -45.0   58.690 -141.459     30.2    939.7
     1     1    15    11    14     8     0     0   -46.0   58.712 -141.668     28.3    939.8
     1     1    15    11    14     7     0     0   -47.0   58.757 -141.893     26.8    939.2
     1     1    15    11    14     6     0     0   -48.0   58.828 -142.126     25.8    937.7
     1     1    15    11    14     5     0     0   -49.0   58.916 -142.353     25.2    935.1
     1     1    15    11    14     4     0     0   -50.0   59.012 -142.564     24.9    932.3
     1     1    15    11    14     3     0     0   -51.0   59.113 -142.755     25.0    929.4
     1     1    15    11    14     2     0     0   -52.0   59.217 -142.924     25.7    926.2
     1     1    15    11    14     1     0     0   -53.0   59.324 -143.067     26.8    922.7
     1     1    15    11    14     0     0     0   -54.0   59.430 -143.180     28.3    918.9
     1     1    15    11    13    23     0     0   -55.0   59.542 -143.263     30.0    914.7
     1     1    15    11    13    22     0     0   -56.0   59.664 -143.312     31.7    909.8
     1     1    15    11    13    21     0     0   -57.0   59.794 -143.326     33.3    904.4
     1     1    15    11    13    20     0     0   -58.0   59.929 -143.302     35.0    898.4
     1     1    15    11    13    19     0     0   -59.0   60.067 -143.245     37.0    893.0
     1     1    15    11    13    18     0     0   -60.0   60.202 -143.170     39.7    888.3
     1     1    15    11    13    17     0     0   -61.0   60.325 -143.063     43.0    883.9
     1     1    15    11    13    16     0     0   -62.0   60.427 -142.905     46.6    879.5
     1     1    15    11    13    15     0     0   -63.0   60.507 -142.695     50.0    875.2
     1     1    15    11    13    14     0     0   -64.0   60.565 -142.428     52.5    871.3
     1     1    15    11    13    13     0     0   -65.0   60.600 -142.100     54.1    868.7
     1     1    15    11    13    12     0     0   -66.0   60.615 -141.705     54.5    866.3
     1     1    15    11    13    11     0     0   -67.0   60.618 -141.266     53.3    863.9
     1     1    15    11    13    10     0     0   -68.0   60.615 -140.811     50.5    861.8
     1     1    15    11    13     9     0     0   -69.0   60.603 -140.337     46.0    859.8
     1     1    15    11    13     8     0     0   -70.0   60.581 -139.847     40.2    858.6
     1     1    15    11    13     7     0     0   -71.0   60.551 -139.351     33.3    858.6
     1     1    15    11    13     6     0     0   -72.0   60.512 -138.853     25.9    858.8
