     1     1
    CDC1    16     1     1     0     0
     1 BACKWARD OMEGA   
    16     1    24    18   60.984 -139.059   750.0
     1 PRESSURE
     1     1    16     1    24    18     0     0     0.0   60.984 -139.059    750.0    801.3
     1     1    16     1    24    17     0     0    -1.0   60.671 -138.995    672.9    814.1
     1     1    16     1    24    16     0     0    -2.0   60.340 -138.864    587.3    829.1
     1     1    16     1    24    15     0     0    -3.0   59.989 -138.647    497.0    844.7
     1     1    16     1    24    14     0     0    -4.0   59.634 -138.360    412.7    866.0
     1     1    16     1    24    13     0     0    -5.0   59.289 -138.022    340.8    884.5
     1     1    16     1    24    12     0     0    -6.0   58.957 -137.628    282.1    900.8
     1     1    16     1    24    11     0     0    -7.0   58.651 -137.217    236.6    914.2
     1     1    16     1    24    10     0     0    -8.0   58.376 -136.825    201.9    924.9
     1     1    16     1    24     9     0     0    -9.0   58.126 -136.453    174.4    932.9
     1     1    16     1    24     8     0     0   -10.0   57.896 -136.093    151.6    939.9
     1     1    16     1    24     7     0     0   -11.0   57.682 -135.740    132.5    945.9
     1     1    16     1    24     6     0     0   -12.0   57.484 -135.391    116.3    950.8
     1     1    16     1    24     5     0     0   -13.0   57.295 -135.054    101.5    953.8
     1     1    16     1    24     4     0     0   -14.0   57.113 -134.742     87.3    955.1
     1     1    16     1    24     3     0     0   -15.0   56.938 -134.454     74.6    956.1
     1     1    16     1    24     2     0     0   -16.0   56.767 -134.192     62.9    956.7
     1     1    16     1    24     1     0     0   -17.0   56.599 -133.953     52.2    957.7
     1     1    16     1    24     0     0     0   -18.0   56.431 -133.736     42.5    959.1
     1     1    16     1    23    23     0     0   -19.0   56.266 -133.535     34.6    960.9
     1     1    16     1    23    22     0     0   -20.0   56.101 -133.344     28.7    962.7
     1     1    16     1    23    21     0     0   -21.0   55.934 -133.164     24.3    964.7
     1     1    16     1    23    20     0     0   -22.0   55.765 -132.993     21.2    967.0
     1     1    16     1    23    19     0     0   -23.0   55.594 -132.831     19.0    969.5
     1     1    16     1    23    18     0     0   -24.0   55.420 -132.679     17.5    972.4
     1     1    16     1    23    17     0     0   -25.0   55.245 -132.539     16.6    975.0
     1     1    16     1    23    16     0     0   -26.0   55.069 -132.413     15.9    977.1
     1     1    16     1    23    15     0     0   -27.0   54.895 -132.302     15.3    978.0
     1     1    16     1    23    14     0     0   -28.0   54.726 -132.211     14.9    978.4
     1     1    16     1    23    13     0     0   -29.0   54.562 -132.138     14.4    979.3
     1     1    16     1    23    12     0     0   -30.0   54.401 -132.084     13.9    980.5
     1     1    16     1    23    11     0     0   -31.0   54.241 -132.046     13.2    982.2
     1     1    16     1    23    10     0     0   -32.0   54.078 -132.021     12.4    984.2
     1     1    16     1    23     9     0     0   -33.0   53.913 -132.011     11.6    986.5
     1     1    16     1    23     8     0     0   -34.0   53.743 -132.016     10.7    989.2
     1     1    16     1    23     7     0     0   -35.0   53.568 -132.037      9.9    992.1
     1     1    16     1    23     6     0     0   -36.0   53.387 -132.076      9.2    995.2
     1     1    16     1    23     5     0     0   -37.0   53.201 -132.141      8.7    998.4
     1     1    16     1    23     4     0     0   -38.0   53.011 -132.240      8.7   1001.9
     1     1    16     1    23     3     0     0   -39.0   52.814 -132.377      9.2   1005.9
     1     1    16     1    23     2     0     0   -40.0   52.606 -132.559     10.2   1009.7
     1     1    16     1    23     1     0     0   -41.0   52.389 -132.781     12.1   1010.2
     1     1    16     1    23     0     0     0   -42.0   52.168 -133.026     15.4   1009.1
     1     1    16     1    22    23     0     0   -43.0   51.953 -133.275     19.6   1007.7
     1     1    16     1    22    22     0     0   -44.0   51.747 -133.518     23.7   1006.3
     1     1    16     1    22    21     0     0   -45.0   51.549 -133.759     27.2   1004.9
     1     1    16     1    22    20     0     0   -46.0   51.357 -133.999     29.7   1003.5
     1     1    16     1    22    19     0     0   -47.0   51.170 -134.243     31.0   1002.1
     1     1    16     1    22    18     0     0   -48.0   50.987 -134.490     30.9   1000.7
     1     1    16     1    22    17     0     0   -49.0   50.809 -134.746     30.4    999.2
     1     1    16     1    22    16     0     0   -50.0   50.634 -135.013     30.6    997.3
     1     1    16     1    22    15     0     0   -51.0   50.463 -135.291     31.0    995.4
     1     1    16     1    22    14     0     0   -52.0   50.295 -135.578     31.7    993.6
     1     1    16     1    22    13     0     0   -53.0   50.130 -135.873     32.6    991.9
     1     1    16     1    22    12     0     0   -54.0   49.970 -136.173     33.8    990.4
     1     1    16     1    22    11     0     0   -55.0   49.812 -136.476     35.4    989.6
     1     1    16     1    22    10     0     0   -56.0   49.656 -136.785     37.5    988.8
     1     1    16     1    22     9     0     0   -57.0   49.501 -137.101     40.4    988.1
     1     1    16     1    22     8     0     0   -58.0   49.350 -137.427     44.5    987.4
     1     1    16     1    22     7     0     0   -59.0   49.199 -137.763     49.9    987.4
     1     1    16     1    22     6     0     0   -60.0   49.045 -138.109     56.9    987.6
     1     1    16     1    22     5     0     0   -61.0   48.885 -138.472     65.4    987.4
     1     1    16     1    22     4     0     0   -62.0   48.723 -138.862     74.7    987.2
     1     1    16     1    22     3     0     0   -63.0   48.566 -139.278     84.4    986.2
     1     1    16     1    22     2     0     0   -64.0   48.421 -139.720     93.8    985.3
     1     1    16     1    22     1     0     0   -65.0   48.293 -140.189    102.2    984.1
     1     1    16     1    22     0     0     0   -66.0   48.180 -140.688    108.4    982.8
     1     1    16     1    21    23     0     0   -67.0   48.076 -141.229    113.1    981.6
     1     1    16     1    21    22     0     0   -68.0   47.981 -141.821    117.6    980.4
     1     1    16     1    21    21     0     0   -69.0   47.900 -142.464    122.0    979.3
     1     1    16     1    21    20     0     0   -70.0   47.838 -143.151    126.5    977.1
     1     1    16     1    21    19     0     0   -71.0   47.793 -143.870    131.7    974.9
     1     1    16     1    21    18     0     0   -72.0   47.767 -144.613    137.9    972.4
