     1     1
    CDC1    15    12     1     0     0
     1 BACKWARD OMEGA   
    15    12     4     6   60.984 -139.059   750.0
     1 PRESSURE
     1     1    15    12     4     6     0     0     0.0   60.984 -139.059    750.0    790.4
     1     1    15    12     4     5     0     0    -1.0   60.856 -139.004    741.9    793.6
     1     1    15    12     4     4     0     0    -2.0   60.724 -138.929    735.7    796.7
     1     1    15    12     4     3     0     0    -3.0   60.588 -138.829    730.8    799.6
     1     1    15    12     4     2     0     0    -4.0   60.446 -138.700    726.9    802.5
     1     1    15    12     4     1     0     0    -5.0   60.299 -138.537    723.2    805.4
     1     1    15    12     4     0     0     0    -6.0   60.146 -138.336    719.0    808.3
     1     1    15    12     3    23     0     0    -7.0   59.990 -138.111    714.1    811.0
     1     1    15    12     3    22     0     0    -8.0   59.838 -137.879    710.0    815.7
     1     1    15    12     3    21     0     0    -9.0   59.690 -137.640    705.9    820.0
     1     1    15    12     3    20     0     0   -10.0   59.545 -137.389    702.2    824.0
     1     1    15    12     3    19     0     0   -11.0   59.401 -137.128    699.4    827.5
     1     1    15    12     3    18     0     0   -12.0   59.258 -136.855    698.1    830.6
     1     1    15    12     3    17     0     0   -13.0   59.109 -136.566    698.4    833.8
     1     1    15    12     3    16     0     0   -14.0   58.949 -136.259    699.4    837.0
     1     1    15    12     3    15     0     0   -15.0   58.773 -135.938    700.8    840.5
     1     1    15    12     3    14     0     0   -16.0   58.580 -135.607    701.9    844.1
     1     1    15    12     3    13     0     0   -17.0   58.366 -135.268    702.0    848.3
     1     1    15    12     3    12     0     0   -18.0   58.127 -134.927    700.3    852.4
     1     1    15    12     3    11     0     0   -19.0   57.868 -134.586    692.4    854.7
     1     1    15    12     3    10     0     0   -20.0   57.595 -134.248    675.0    858.4
     1     1    15    12     3     9     0     0   -21.0   57.309 -133.920    648.3    862.6
     1     1    15    12     3     8     0     0   -22.0   57.012 -133.615    613.1    868.4
     1     1    15    12     3     7     0     0   -23.0   56.709 -133.333    570.4    875.3
     1     1    15    12     3     6     0     0   -24.0   56.403 -133.071    520.5    883.8
     1     1    15    12     3     5     0     0   -25.0   56.102 -132.804    470.4    893.6
     1     1    15    12     3     4     0     0   -26.0   55.808 -132.508    426.7    902.2
     1     1    15    12     3     3     0     0   -27.0   55.520 -132.180    389.6    907.8
     1     1    15    12     3     2     0     0   -28.0   55.234 -131.811    359.7    911.0
     1     1    15    12     3     1     0     0   -29.0   54.947 -131.392    335.6    912.2
     1     1    15    12     3     0     0     0   -30.0   54.655 -130.937    315.7    911.2
     1     1    15    12     2    23     0     0   -31.0   54.353 -130.498    296.9    911.7
     1     1    15    12     2    22     0     0   -32.0   54.039 -130.103    276.2    914.6
     1     1    15    12     2    21     0     0   -33.0   53.712 -129.750    255.1    918.6
     1     1    15    12     2    20     0     0   -34.0   53.374 -129.434    234.0    923.0
     1     1    15    12     2    19     0     0   -35.0   53.032 -129.139    212.7    927.7
     1     1    15    12     2    18     0     0   -36.0   52.688 -128.851    190.6    932.4
     1     1    15    12     2    17     0     0   -37.0   52.353 -128.601    167.4    935.9
     1     1    15    12     2    16     0     0   -38.0   52.037 -128.420    144.5    939.9
     1     1    15    12     2    15     0     0   -39.0   51.743 -128.294    123.0    944.7
     1     1    15    12     2    14     0     0   -40.0   51.472 -128.203    103.3    950.0
     1     1    15    12     2    13     0     0   -41.0   51.227 -128.131     85.7    955.2
     1     1    15    12     2    12     0     0   -42.0   51.009 -128.067     70.3    959.7
     1     1    15    12     2    11     0     0   -43.0   50.814 -128.010     56.9    962.1
     1     1    15    12     2    10     0     0   -44.0   50.631 -127.969     45.2    964.7
     1     1    15    12     2     9     0     0   -45.0   50.458 -127.954     35.5    967.6
     1     1    15    12     2     8     0     0   -46.0   50.290 -127.975     27.7    970.7
     1     1    15    12     2     7     0     0   -47.0   50.126 -128.048     21.5    974.4
     1     1    15    12     2     6     0     0   -48.0   49.965 -128.192     16.6    978.9
     1     1    15    12     2     5     0     0   -49.0   49.797 -128.369     12.4    983.6
     1     1    15    12     2     4     0     0   -50.0   49.609 -128.527      9.1    987.6
     1     1    15    12     2     3     0     0   -51.0   49.397 -128.670      6.5    990.8
     1     1    15    12     2     2     0     0   -52.0   49.160 -128.803      4.3    993.8
     1     1    15    12     2     1     0     0   -53.0   48.894 -128.940      2.5    996.6
     1     1    15    12     2     0     0     0   -54.0   48.599 -129.095      1.1    999.2
     1     1    15    12     1    23     0     0   -55.0   48.276 -129.268      0.0   1002.8
     1     1    15    12     1    22     0     0   -56.0   47.929 -129.443      0.0   1005.8
     1     1    15    12     1    21     0     0   -57.0   47.556 -129.611      0.0   1008.3
     1     1    15    12     1    20     0     0   -58.0   47.161 -129.761      0.0   1007.7
     1     1    15    12     1    19     0     0   -59.0   46.751 -129.877      0.0   1006.5
     1     1    15    12     1    18     0     0   -60.0   46.329 -129.959      0.0   1005.2
     1     1    15    12     1    17     0     0   -61.0   45.914 -130.035      0.1   1003.5
     1     1    15    12     1    16     0     0   -62.0   45.527 -130.137      0.4   1001.9
     1     1    15    12     1    15     0     0   -63.0   45.166 -130.269      0.8   1000.4
     1     1    15    12     1    14     0     0   -64.0   44.831 -130.431      1.1   1000.1
     1     1    15    12     1    13     0     0   -65.0   44.514 -130.613      1.2   1001.1
     1     1    15    12     1    12     0     0   -66.0   44.211 -130.806      1.3   1002.2
     1     1    15    12     1    11     0     0   -67.0   43.913 -130.998      1.5   1003.3
     1     1    15    12     1    10     0     0   -68.0   43.611 -131.181      1.8   1004.4
     1     1    15    12     1     9     0     0   -69.0   43.301 -131.355      2.1   1005.3
     1     1    15    12     1     8     0     0   -70.0   42.981 -131.522      2.5   1006.2
     1     1    15    12     1     7     0     0   -71.0   42.651 -131.687      2.9   1007.0
     1     1    15    12     1     6     0     0   -72.0   42.308 -131.855      3.1   1007.3
