     1     1
    CDC1    16     3     1     0     0
     1 BACKWARD OMEGA   
    16     3    23     0   60.984 -139.059   750.0
     1 PRESSURE
     1     1    16     3    23     0     0     0     0.0   60.984 -139.059    750.0    808.5
     1     1    16     3    22    23     0     0    -1.0   60.887 -138.934    754.1    809.3
     1     1    16     3    22    22     0     0    -2.0   60.785 -138.812    755.6    810.6
     1     1    16     3    22    21     0     0    -3.0   60.679 -138.691    754.7    812.2
     1     1    16     3    22    20     0     0    -4.0   60.569 -138.572    751.9    814.1
     1     1    16     3    22    19     0     0    -5.0   60.456 -138.455    747.5    816.2
     1     1    16     3    22    18     0     0    -6.0   60.340 -138.340    741.9    818.5
     1     1    16     3    22    17     0     0    -7.0   60.226 -138.219    734.9    820.6
     1     1    16     3    22    16     0     0    -8.0   60.116 -138.086    725.3    823.0
     1     1    16     3    22    15     0     0    -9.0   60.010 -137.943    712.3    825.6
     1     1    16     3    22    14     0     0   -10.0   59.907 -137.795    695.9    829.9
     1     1    16     3    22    13     0     0   -11.0   59.808 -137.646    675.9    834.7
     1     1    16     3    22    12     0     0   -12.0   59.711 -137.498    652.2    839.8
     1     1    16     3    22    11     0     0   -13.0   59.614 -137.346    626.8    845.1
     1     1    16     3    22    10     0     0   -14.0   59.514 -137.184    602.1    849.9
     1     1    16     3    22     9     0     0   -15.0   59.411 -137.011    578.3    854.4
     1     1    16     3    22     8     0     0   -16.0   59.305 -136.830    555.7    858.8
     1     1    16     3    22     7     0     0   -17.0   59.196 -136.642    534.2    863.2
     1     1    16     3    22     6     0     0   -18.0   59.083 -136.449    513.9    867.4
     1     1    16     3    22     5     0     0   -19.0   58.971 -136.248    497.8    871.6
     1     1    16     3    22     4     0     0   -20.0   58.863 -136.039    488.3    874.6
     1     1    16     3    22     3     0     0   -21.0   58.758 -135.818    485.7    876.5
     1     1    16     3    22     2     0     0   -22.0   58.657 -135.583    490.2    877.3
     1     1    16     3    22     1     0     0   -23.0   58.558 -135.334    502.0    877.1
     1     1    16     3    22     0     0     0   -24.0   58.462 -135.068    521.3    875.8
     1     1    16     3    21    23     0     0   -25.0   58.368 -134.796    544.3    872.2
     1     1    16     3    21    22     0     0   -26.0   58.278 -134.530    567.8    868.4
     1     1    16     3    21    21     0     0   -27.0   58.189 -134.268    591.8    864.4
     1     1    16     3    21    20     0     0   -28.0   58.102 -134.011    616.4    860.3
     1     1    16     3    21    19     0     0   -29.0   58.016 -133.757    641.6    855.6
     1     1    16     3    21    18     0     0   -30.0   57.929 -133.508    667.2    850.8
     1     1    16     3    21    17     0     0   -31.0   57.841 -133.258    690.2    845.9
     1     1    16     3    21    16     0     0   -32.0   57.751 -133.006    707.5    841.9
     1     1    16     3    21    15     0     0   -33.0   57.660 -132.750    718.6    838.4
     1     1    16     3    21    14     0     0   -34.0   57.565 -132.491    723.1    835.3
     1     1    16     3    21    13     0     0   -35.0   57.467 -132.231    720.4    832.7
     1     1    16     3    21    12     0     0   -36.0   57.365 -131.969    710.7    831.4
     1     1    16     3    21    11     0     0   -37.0   57.255 -131.695    698.1    830.8
     1     1    16     3    21    10     0     0   -38.0   57.135 -131.403    686.5    829.7
     1     1    16     3    21     9     0     0   -39.0   57.000 -131.091    675.2    828.5
     1     1    16     3    21     8     0     0   -40.0   56.851 -130.761    663.5    827.4
     1     1    16     3    21     7     0     0   -41.0   56.684 -130.412    650.8    826.4
     1     1    16     3    21     6     0     0   -42.0   56.498 -130.043    636.3    825.7
     1     1    16     3    21     5     0     0   -43.0   56.306 -129.664    622.5    827.5
     1     1    16     3    21     4     0     0   -44.0   56.122 -129.285    612.7    828.4
     1     1    16     3    21     3     0     0   -45.0   55.946 -128.901    607.2    828.1
     1     1    16     3    21     2     0     0   -46.0   55.780 -128.508    607.1    826.7
     1     1    16     3    21     1     0     0   -47.0   55.623 -128.103    613.1    823.9
     1     1    16     3    21     0     0     0   -48.0   55.476 -127.685    626.6    819.7
     1     1    16     3    20    23     0     0   -49.0   55.334 -127.268    642.8    816.6
     1     1    16     3    20    22     0     0   -50.0   55.194 -126.867    655.9    816.2
     1     1    16     3    20    21     0     0   -51.0   55.057 -126.484    665.8    815.8
     1     1    16     3    20    20     0     0   -52.0   54.920 -126.120    672.4    815.3
     1     1    16     3    20    19     0     0   -53.0   54.782 -125.781    675.3    814.8
     1     1    16     3    20    18     0     0   -54.0   54.640 -125.465    674.5    814.4
     1     1    16     3    20    17     0     0   -55.0   54.495 -125.173    670.8    814.4
     1     1    16     3    20    16     0     0   -56.0   54.350 -124.910    664.9    814.8
     1     1    16     3    20    15     0     0   -57.0   54.206 -124.673    657.5    816.1
     1     1    16     3    20    14     0     0   -58.0   54.063 -124.463    648.9    817.2
     1     1    16     3    20    13     0     0   -59.0   53.922 -124.278    640.0    818.1
     1     1    16     3    20    12     0     0   -60.0   53.783 -124.119    631.6    818.7
     1     1    16     3    20    11     0     0   -61.0   53.646 -123.987    623.1    818.8
     1     1    16     3    20    10     0     0   -62.0   53.511 -123.881    613.0    819.2
     1     1    16     3    20     9     0     0   -63.0   53.380 -123.801    601.7    819.7
     1     1    16     3    20     8     0     0   -64.0   53.252 -123.746    589.2    820.3
     1     1    16     3    20     7     0     0   -65.0   53.129 -123.715    575.7    821.0
     1     1    16     3    20     6     0     0   -66.0   53.010 -123.707    561.1    822.1
     1     1    16     3    20     5     0     0   -67.0   52.889 -123.708    545.8    823.4
     1     1    16     3    20     4     0     0   -68.0   52.760 -123.708    530.6    824.6
     1     1    16     3    20     3     0     0   -69.0   52.620 -123.704    515.5    825.7
     1     1    16     3    20     2     0     0   -70.0   52.472 -123.695    500.7    827.2
     1     1    16     3    20     1     0     0   -71.0   52.314 -123.679    486.3    830.8
     1     1    16     3    20     0     0     0   -72.0   52.150 -123.652    471.3    834.4
