     1     1
    CDC1    15    10     1     0     0
     1 BACKWARD OMEGA   
    15    10    23     0   60.984 -139.059   750.0
     1 PRESSURE
     1     1    15    10    23     0     0     0     0.0   60.984 -139.059    750.0    807.1
     1     1    15    10    22    23     0     0    -1.0   60.776 -139.298    697.7    816.1
     1     1    15    10    22    22     0     0    -2.0   60.564 -139.537    648.4    825.0
     1     1    15    10    22    21     0     0    -3.0   60.347 -139.780    601.9    833.9
     1     1    15    10    22    20     0     0    -4.0   60.129 -140.027    558.8    842.0
     1     1    15    10    22    19     0     0    -5.0   59.915 -140.278    520.8    851.7
     1     1    15    10    22    18     0     0    -6.0   59.711 -140.532    488.2    862.7
     1     1    15    10    22    17     0     0    -7.0   59.523 -140.779    456.7    872.9
     1     1    15    10    22    16     0     0    -8.0   59.352 -141.008    423.7    883.2
     1     1    15    10    22    15     0     0    -9.0   59.194 -141.228    390.1    893.4
     1     1    15    10    22    14     0     0   -10.0   59.049 -141.442    356.5    902.7
     1     1    15    10    22    13     0     0   -11.0   58.915 -141.655    323.6    911.3
     1     1    15    10    22    12     0     0   -12.0   58.790 -141.870    291.5    919.8
     1     1    15    10    22    11     0     0   -13.0   58.678 -142.098    262.6    928.0
     1     1    15    10    22    10     0     0   -14.0   58.586 -142.346    238.4    934.9
     1     1    15    10    22     9     0     0   -15.0   58.514 -142.618    218.8    941.0
     1     1    15    10    22     8     0     0   -16.0   58.461 -142.912    203.3    946.5
     1     1    15    10    22     7     0     0   -17.0   58.422 -143.224    191.4    950.6
     1     1    15    10    22     6     0     0   -18.0   58.398 -143.549    182.6    953.9
     1     1    15    10    22     5     0     0   -19.0   58.381 -143.855    176.1    956.6
     1     1    15    10    22     4     0     0   -20.0   58.365 -144.121    172.0    958.8
     1     1    15    10    22     3     0     0   -21.0   58.352 -144.353    170.9    960.3
     1     1    15    10    22     2     0     0   -22.0   58.344 -144.553    173.2    961.0
     1     1    15    10    22     1     0     0   -23.0   58.343 -144.726    179.2    960.9
     1     1    15    10    22     0     0     0   -24.0   58.350 -144.873    189.4    960.0
     1     1    15    10    21    23     0     0   -25.0   58.366 -144.993    202.3    958.4
     1     1    15    10    21    22     0     0   -26.0   58.388 -145.086    216.2    955.6
     1     1    15    10    21    21     0     0   -27.0   58.415 -145.147    230.5    952.7
     1     1    15    10    21    20     0     0   -28.0   58.447 -145.175    244.9    949.5
     1     1    15    10    21    19     0     0   -29.0   58.482 -145.168    259.3    946.2
     1     1    15    10    21    18     0     0   -30.0   58.518 -145.123    273.6    942.7
     1     1    15    10    21    17     0     0   -31.0   58.549 -145.037    286.4    939.5
     1     1    15    10    21    16     0     0   -32.0   58.569 -144.906    296.0    936.7
     1     1    15    10    21    15     0     0   -33.0   58.575 -144.733    302.1    934.4
     1     1    15    10    21    14     0     0   -34.0   58.564 -144.520    304.7    932.8
     1     1    15    10    21    13     0     0   -35.0   58.534 -144.269    303.9    932.0
     1     1    15    10    21    12     0     0   -36.0   58.481 -143.984    299.9    932.1
     1     1    15    10    21    11     0     0   -37.0   58.402 -143.665    293.1    933.6
     1     1    15    10    21    10     0     0   -38.0   58.295 -143.309    283.6    936.1
     1     1    15    10    21     9     0     0   -39.0   58.156 -142.914    271.7    939.8
     1     1    15    10    21     8     0     0   -40.0   57.980 -142.474    258.0    945.1
     1     1    15    10    21     7     0     0   -41.0   57.765 -142.000    242.4    952.2
     1     1    15    10    21     6     0     0   -42.0   57.514 -141.505    225.3    960.8
     1     1    15    10    21     5     0     0   -43.0   57.227 -141.039    207.1    962.7
     1     1    15    10    21     4     0     0   -44.0   56.912 -140.656    189.4    964.9
     1     1    15    10    21     3     0     0   -45.0   56.576 -140.358    172.6    967.6
     1     1    15    10    21     2     0     0   -46.0   56.227 -140.140    157.0    970.8
     1     1    15    10    21     1     0     0   -47.0   55.872 -139.999    142.6    974.3
     1     1    15    10    21     0     0     0   -48.0   55.516 -139.925    129.3    977.7
     1     1    15    10    20    23     0     0   -49.0   55.158 -139.913    117.1    981.5
     1     1    15    10    20    22     0     0   -50.0   54.799 -139.951    106.4    984.0
     1     1    15    10    20    21     0     0   -51.0   54.447 -140.018     97.4    985.4
     1     1    15    10    20    20     0     0   -52.0   54.101 -140.099     89.7    986.6
     1     1    15    10    20    19     0     0   -53.0   53.756 -140.183     83.0    987.6
     1     1    15    10    20    18     0     0   -54.0   53.408 -140.264     77.1    988.6
     1     1    15    10    20    17     0     0   -55.0   53.064 -140.351     72.0    989.1
     1     1    15    10    20    16     0     0   -56.0   52.733 -140.457     67.6    989.5
     1     1    15    10    20    15     0     0   -57.0   52.416 -140.580     63.4    990.3
     1     1    15    10    20    14     0     0   -58.0   52.109 -140.709     59.3    992.1
     1     1    15    10    20    13     0     0   -59.0   51.805 -140.832     55.2    993.8
     1     1    15    10    20    12     0     0   -60.0   51.503 -140.938     51.2    995.4
     1     1    15    10    20    11     0     0   -61.0   51.195 -141.050     47.5    996.9
     1     1    15    10    20    10     0     0   -62.0   50.878 -141.190     44.2    998.6
     1     1    15    10    20     9     0     0   -63.0   50.560 -141.353     41.1   1000.3
     1     1    15    10    20     8     0     0   -64.0   50.249 -141.532     38.4   1002.1
     1     1    15    10    20     7     0     0   -65.0   49.952 -141.722     35.7   1003.9
     1     1    15    10    20     6     0     0   -66.0   49.672 -141.922     33.2   1005.4
     1     1    15    10    20     5     0     0   -67.0   49.388 -142.134     30.6   1005.9
     1     1    15    10    20     4     0     0   -68.0   49.081 -142.368     28.0   1006.5
     1     1    15    10    20     3     0     0   -69.0   48.757 -142.634     25.2   1006.6
     1     1    15    10    20     2     0     0   -70.0   48.418 -142.938     22.2   1006.4
     1     1    15    10    20     1     0     0   -71.0   48.072 -143.277     19.0   1006.2
     1     1    15    10    20     0     0     0   -72.0   47.726 -143.648     15.6   1005.8
