     1     1
    CDC1    16     3     1     0     0
     1 BACKWARD OMEGA   
    16     3    19    18   60.984 -139.059   750.0
     1 PRESSURE
     1     1    16     3    19    18     0     0     0.0   60.984 -139.059    750.0    804.7
     1     1    16     3    19    17     0     0    -1.0   60.678 -138.970    692.4    815.5
     1     1    16     3    19    16     0     0    -2.0   60.374 -138.888    626.7    828.1
     1     1    16     3    19    15     0     0    -3.0   60.073 -138.801    555.0    840.9
     1     1    16     3    19    14     0     0    -4.0   59.778 -138.683    484.9    857.0
     1     1    16     3    19    13     0     0    -5.0   59.494 -138.514    421.8    873.2
     1     1    16     3    19    12     0     0    -6.0   59.223 -138.295    367.0    887.9
     1     1    16     3    19    11     0     0    -7.0   58.973 -138.043    321.9    900.7
     1     1    16     3    19    10     0     0    -8.0   58.745 -137.778    285.4    911.6
     1     1    16     3    19     9     0     0    -9.0   58.540 -137.508    255.4    921.2
     1     1    16     3    19     8     0     0   -10.0   58.357 -137.239    229.9    928.7
     1     1    16     3    19     7     0     0   -11.0   58.195 -136.974    207.7    935.1
     1     1    16     3    19     6     0     0   -12.0   58.053 -136.719    187.4    940.2
     1     1    16     3    19     5     0     0   -13.0   57.927 -136.459    168.9    944.5
     1     1    16     3    19     4     0     0   -14.0   57.815 -136.185    152.3    948.1
     1     1    16     3    19     3     0     0   -15.0   57.715 -135.899    137.2    951.0
     1     1    16     3    19     2     0     0   -16.0   57.627 -135.603    123.5    953.4
     1     1    16     3    19     1     0     0   -17.0   57.552 -135.299    111.1    955.1
     1     1    16     3    19     0     0     0   -18.0   57.488 -134.989     99.8    956.2
     1     1    16     3    18    23     0     0   -19.0   57.426 -134.691     88.9    954.6
     1     1    16     3    18    22     0     0   -20.0   57.363 -134.419     78.5    953.5
     1     1    16     3    18    21     0     0   -21.0   57.300 -134.170     69.2    952.4
     1     1    16     3    18    20     0     0   -22.0   57.239 -133.943     61.6    951.1
     1     1    16     3    18    19     0     0   -23.0   57.184 -133.736     56.1    949.9
     1     1    16     3    18    18     0     0   -24.0   57.136 -133.549     52.8    948.7
     1     1    16     3    18    17     0     0   -25.0   57.094 -133.370     50.1    947.3
     1     1    16     3    18    16     0     0   -26.0   57.057 -133.194     46.6    946.2
     1     1    16     3    18    15     0     0   -27.0   57.028 -133.021     42.2    945.0
     1     1    16     3    18    14     0     0   -28.0   57.008 -132.852     37.1    943.9
     1     1    16     3    18    13     0     0   -29.0   56.998 -132.686     31.4    942.7
     1     1    16     3    18    12     0     0   -30.0   57.000 -132.525     25.5    941.4
     1     1    16     3    18    11     0     0   -31.0   57.015 -132.372     20.9    939.8
     1     1    16     3    18    10     0     0   -32.0   57.036 -132.232     18.2    937.6
     1     1    16     3    18     9     0     0   -33.0   57.061 -132.104     16.9    935.4
     1     1    16     3    18     8     0     0   -34.0   57.089 -131.988     16.7    933.2
     1     1    16     3    18     7     0     0   -35.0   57.117 -131.881     17.4    931.0
     1     1    16     3    18     6     0     0   -36.0   57.144 -131.783     19.2    928.9
     1     1    16     3    18     5     0     0   -37.0   57.172 -131.685     21.8    926.6
     1     1    16     3    18     4     0     0   -38.0   57.203 -131.580     24.7    924.0
     1     1    16     3    18     3     0     0   -39.0   57.239 -131.469     28.2    921.3
     1     1    16     3    18     2     0     0   -40.0   57.281 -131.352     32.1    918.2
     1     1    16     3    18     1     0     0   -41.0   57.331 -131.230     36.5    914.9
     1     1    16     3    18     0     0     0   -42.0   57.390 -131.106     41.5    911.2
     1     1    16     3    17    23     0     0   -43.0   57.449 -130.993     46.6    907.3
     1     1    16     3    17    22     0     0   -44.0   57.497 -130.902     51.3    904.3
     1     1    16     3    17    21     0     0   -45.0   57.535 -130.835     55.4    902.4
     1     1    16     3    17    20     0     0   -46.0   57.562 -130.790     58.8    901.2
     1     1    16     3    17    19     0     0   -47.0   57.578 -130.767     61.5    900.6
     1     1    16     3    17    18     0     0   -48.0   57.584 -130.763     63.4    900.5
     1     1    16     3    17    17     0     0   -49.0   57.584 -130.765     64.9    900.5
     1     1    16     3    17    16     0     0   -50.0   57.585 -130.760     66.6    900.2
     1     1    16     3    17    15     0     0   -51.0   57.586 -130.749     68.6    899.8
     1     1    16     3    17    14     0     0   -52.0   57.588 -130.730     70.8    899.2
     1     1    16     3    17    13     0     0   -53.0   57.592 -130.706     73.2    898.4
     1     1    16     3    17    12     0     0   -54.0   57.597 -130.677     75.8    897.4
     1     1    16     3    17    11     0     0   -55.0   57.598 -130.654     78.5    896.7
     1     1    16     3    17    10     0     0   -56.0   57.588 -130.649     81.0    896.5
     1     1    16     3    17     9     0     0   -57.0   57.568 -130.662     83.3    896.8
     1     1    16     3    17     8     0     0   -58.0   57.536 -130.691     85.2    897.5
     1     1    16     3    17     7     0     0   -59.0   57.495 -130.734     86.7    898.8
     1     1    16     3    17     6     0     0   -60.0   57.443 -130.792     87.8    901.2
     1     1    16     3    17     5     0     0   -61.0   57.385 -130.852     88.1    903.2
     1     1    16     3    17     4     0     0   -62.0   57.324 -130.901     87.5    905.3
     1     1    16     3    17     3     0     0   -63.0   57.259 -130.940     85.8    907.5
     1     1    16     3    17     2     0     0   -64.0   57.191 -130.969     83.0    909.7
     1     1    16     3    17     1     0     0   -65.0   57.119 -130.989     79.4    912.0
     1     1    16     3    17     0     0     0   -66.0   57.044 -131.000     74.9    914.4
     1     1    16     3    16    23     0     0   -67.0   56.970 -131.008     69.0    916.6
     1     1    16     3    16    22     0     0   -68.0   56.902 -131.016     61.3    918.7
     1     1    16     3    16    21     0     0   -69.0   56.837 -131.024     52.2    920.9
     1     1    16     3    16    20     0     0   -70.0   56.775 -131.026     42.4    923.0
     1     1    16     3    16    19     0     0   -71.0   56.716 -131.021     32.4    925.1
     1     1    16     3    16    18     0     0   -72.0   56.658 -131.005     23.2    927.1
