     1     1
    CDC1    15    11     1     0     0
     1 BACKWARD OMEGA   
    15    11    28     6   60.984 -139.059   750.0
     1 PRESSURE
     1     1    15    11    28     6     0     0     0.0   60.984 -139.059    750.0    806.4
     1     1    15    11    28     5     0     0    -1.0   60.575 -139.108    644.0    824.0
     1     1    15    11    28     4     0     0    -2.0   60.150 -139.048    525.4    844.7
     1     1    15    11    28     3     0     0    -3.0   59.723 -138.864    412.3    870.6
     1     1    15    11    28     2     0     0    -4.0   59.305 -138.564    319.1    895.3
     1     1    15    11    28     1     0     0    -5.0   58.901 -138.151    247.6    916.6
     1     1    15    11    28     0     0     0    -6.0   58.516 -137.628    193.8    935.1
     1     1    15    11    27    23     0     0    -7.0   58.171 -137.048    153.8    948.2
     1     1    15    11    27    22     0     0    -8.0   57.876 -136.477    123.8    958.2
     1     1    15    11    27    21     0     0    -9.0   57.627 -135.914    101.1    965.7
     1     1    15    11    27    20     0     0   -10.0   57.419 -135.369     83.9    970.5
     1     1    15    11    27    19     0     0   -11.0   57.237 -134.859     70.4    971.7
     1     1    15    11    27    18     0     0   -12.0   57.063 -134.397     59.0    969.7
     1     1    15    11    27    17     0     0   -13.0   56.894 -133.986     49.2    968.5
     1     1    15    11    27    16     0     0   -14.0   56.734 -133.625     41.7    968.0
     1     1    15    11    27    15     0     0   -15.0   56.586 -133.309     36.6    967.8
     1     1    15    11    27    14     0     0   -16.0   56.450 -133.035     34.1    967.8
     1     1    15    11    27    13     0     0   -17.0   56.326 -132.799     34.2    967.9
     1     1    15    11    27    12     0     0   -18.0   56.211 -132.600     37.3    968.1
     1     1    15    11    27    11     0     0   -19.0   56.097 -132.428     41.3    967.3
     1     1    15    11    27    10     0     0   -20.0   55.981 -132.271     44.2    966.7
     1     1    15    11    27     9     0     0   -21.0   55.864 -132.122     45.7    966.5
     1     1    15    11    27     8     0     0   -22.0   55.744 -131.977     45.8    966.5
     1     1    15    11    27     7     0     0   -23.0   55.624 -131.831     44.5    966.6
     1     1    15    11    27     6     0     0   -24.0   55.504 -131.679     41.8    966.8
     1     1    15    11    27     5     0     0   -25.0   55.386 -131.518     39.9    967.2
     1     1    15    11    27     4     0     0   -26.0   55.275 -131.347     40.4    966.7
     1     1    15    11    27     3     0     0   -27.0   55.170 -131.167     43.3    965.7
     1     1    15    11    27     2     0     0   -28.0   55.070 -130.979     48.3    964.2
     1     1    15    11    27     1     0     0   -29.0   54.977 -130.787     55.7    962.1
     1     1    15    11    27     0     0     0   -30.0   54.888 -130.598     65.9    959.4
     1     1    15    11    26    23     0     0   -31.0   54.807 -130.423     78.0    956.3
     1     1    15    11    26    22     0     0   -32.0   54.735 -130.271     90.7    953.1
     1     1    15    11    26    21     0     0   -33.0   54.674 -130.140    103.8    950.2
     1     1    15    11    26    20     0     0   -34.0   54.623 -130.031    117.2    947.6
     1     1    15    11    26    19     0     0   -35.0   54.582 -129.941    130.4    945.3
     1     1    15    11    26    18     0     0   -36.0   54.552 -129.868    142.9    943.4
     1     1    15    11    26    17     0     0   -37.0   54.532 -129.803    155.4    941.4
     1     1    15    11    26    16     0     0   -38.0   54.523 -129.739    168.8    939.0
     1     1    15    11    26    15     0     0   -39.0   54.525 -129.677    183.2    936.4
     1     1    15    11    26    14     0     0   -40.0   54.537 -129.617    198.2    933.6
     1     1    15    11    26    13     0     0   -41.0   54.560 -129.561    213.8    930.0
     1     1    15    11    26    12     0     0   -42.0   54.594 -129.510    229.6    926.4
     1     1    15    11    26    11     0     0   -43.0   54.632 -129.464    243.9    922.8
     1     1    15    11    26    10     0     0   -44.0   54.667 -129.419    255.6    919.9
     1     1    15    11    26     9     0     0   -45.0   54.698 -129.372    264.6    917.4
     1     1    15    11    26     8     0     0   -46.0   54.726 -129.318    271.2    915.1
     1     1    15    11    26     7     0     0   -47.0   54.751 -129.256    275.6    913.0
     1     1    15    11    26     6     0     0   -48.0   54.773 -129.182    278.0    911.0
     1     1    15    11    26     5     0     0   -49.0   54.798 -129.112    282.1    909.3
     1     1    15    11    26     4     0     0   -50.0   54.834 -129.068    291.0    907.0
     1     1    15    11    26     3     0     0   -51.0   54.879 -129.051    304.6    904.4
     1     1    15    11    26     2     0     0   -52.0   54.936 -129.064    323.2    901.6
     1     1    15    11    26     1     0     0   -53.0   55.006 -129.111    347.2    898.6
     1     1    15    11    26     0     0     0   -54.0   55.091 -129.198    377.8    895.1
     1     1    15    11    25    23     0     0   -55.0   55.193 -129.307    414.0    890.0
     1     1    15    11    25    22     0     0   -56.0   55.312 -129.416    453.5    884.5
     1     1    15    11    25    21     0     0   -57.0   55.448 -129.527    496.2    878.5
     1     1    15    11    25    20     0     0   -58.0   55.601 -129.643    541.8    872.0
     1     1    15    11    25    19     0     0   -59.0   55.770 -129.764    590.1    865.0
     1     1    15    11    25    18     0     0   -60.0   55.954 -129.895    640.5    857.1
     1     1    15    11    25    17     0     0   -61.0   56.158 -130.062    694.5    849.0
     1     1    15    11    25    16     0     0   -62.0   56.386 -130.294    753.4    841.7
     1     1    15    11    25    15     0     0   -63.0   56.632 -130.589    816.5    835.0
     1     1    15    11    25    14     0     0   -64.0   56.894 -130.946    883.3    828.9
     1     1    15    11    25    13     0     0   -65.0   57.168 -131.368    953.8    822.7
     1     1    15    11    25    12     0     0   -66.0   57.449 -131.858   1028.1    816.9
     1     1    15    11    25    11     0     0   -67.0   57.712 -132.399   1099.6    813.4
     1     1    15    11    25    10     0     0   -68.0   57.930 -132.963   1156.8    811.9
     1     1    15    11    25     9     0     0   -69.0   58.099 -133.545   1197.4    812.6
     1     1    15    11    25     8     0     0   -70.0   58.216 -134.142   1220.8    815.9
     1     1    15    11    25     7     0     0   -71.0   58.280 -134.752   1226.9    821.9
     1     1    15    11    25     6     0     0   -72.0   58.292 -135.368   1214.7    828.6
