     1     1
    CDC1    15    11     1     0     0
     1 BACKWARD OMEGA   
    15    11    29     0   60.984 -139.059   750.0
     1 PRESSURE
     1     1    15    11    29     0     0     0     0.0   60.984 -139.059    750.0    806.9
     1     1    15    11    28    23     0     0    -1.0   60.626 -138.985    683.9    819.5
     1     1    15    11    28    22     0     0    -2.0   60.258 -138.850    611.6    834.0
     1     1    15    11    28    21     0     0    -3.0   59.896 -138.660    537.9    849.8
     1     1    15    11    28    20     0     0    -4.0   59.563 -138.450    471.4    868.1
     1     1    15    11    28    19     0     0    -5.0   59.270 -138.242    413.5    884.2
     1     1    15    11    28    18     0     0    -6.0   59.015 -138.031    362.8    898.1
     1     1    15    11    28    17     0     0    -7.0   58.781 -137.814    315.3    909.6
     1     1    15    11    28    16     0     0    -8.0   58.553 -137.591    269.4    921.6
     1     1    15    11    28    15     0     0    -9.0   58.332 -137.367    227.2    933.1
     1     1    15    11    28    14     0     0   -10.0   58.117 -137.151    189.7    943.7
     1     1    15    11    28    13     0     0   -11.0   57.907 -136.947    156.6    952.8
     1     1    15    11    28    12     0     0   -12.0   57.703 -136.761    127.6    961.9
     1     1    15    11    28    11     0     0   -13.0   57.504 -136.563    103.7    969.8
     1     1    15    11    28    10     0     0   -14.0   57.301 -136.328     84.6    973.7
     1     1    15    11    28     9     0     0   -15.0   57.086 -136.062     69.3    976.9
     1     1    15    11    28     8     0     0   -16.0   56.856 -135.776     56.9    980.1
     1     1    15    11    28     7     0     0   -17.0   56.608 -135.480     46.9    983.8
     1     1    15    11    28     6     0     0   -18.0   56.341 -135.181     39.3    988.4
     1     1    15    11    28     5     0     0   -19.0   56.057 -134.874     33.2    993.0
     1     1    15    11    28     4     0     0   -20.0   55.763 -134.554     27.9    996.4
     1     1    15    11    28     3     0     0   -21.0   55.463 -134.226     23.6   1000.2
     1     1    15    11    28     2     0     0   -22.0   55.160 -133.889     20.5   1004.1
     1     1    15    11    28     1     0     0   -23.0   54.859 -133.548     18.6   1006.2
     1     1    15    11    28     0     0     0   -24.0   54.563 -133.215     17.6   1006.5
     1     1    15    11    27    23     0     0   -25.0   54.276 -132.897     17.1   1007.6
     1     1    15    11    27    22     0     0   -26.0   54.000 -132.595     16.9   1009.4
     1     1    15    11    27    21     0     0   -27.0   53.736 -132.307     17.4   1009.7
     1     1    15    11    27    20     0     0   -28.0   53.485 -132.030     18.9   1009.2
     1     1    15    11    27    19     0     0   -29.0   53.246 -131.761     21.8   1008.9
     1     1    15    11    27    18     0     0   -30.0   53.019 -131.498     25.8   1008.7
     1     1    15    11    27    17     0     0   -31.0   52.800 -131.239     32.2   1008.3
     1     1    15    11    27    16     0     0   -32.0   52.585 -130.985     42.8   1007.7
     1     1    15    11    27    15     0     0   -33.0   52.374 -130.733     58.9   1005.4
     1     1    15    11    27    14     0     0   -34.0   52.169 -130.481     80.7   1001.9
     1     1    15    11    27    13     0     0   -35.0   51.975 -130.228    105.9    997.1
     1     1    15    11    27    12     0     0   -36.0   51.794 -129.974    132.8    992.6
     1     1    15    11    27    11     0     0   -37.0   51.623 -129.724    159.2    986.9
     1     1    15    11    27    10     0     0   -38.0   51.461 -129.486    183.9    982.3
     1     1    15    11    27     9     0     0   -39.0   51.306 -129.259    207.7    977.8
     1     1    15    11    27     8     0     0   -40.0   51.156 -129.043    230.7    973.2
     1     1    15    11    27     7     0     0   -41.0   51.011 -128.838    253.3    969.1
     1     1    15    11    27     6     0     0   -42.0   50.870 -128.642    276.0    965.4
     1     1    15    11    27     5     0     0   -43.0   50.735 -128.463    299.5    961.8
     1     1    15    11    27     4     0     0   -44.0   50.610 -128.308    324.2    958.5
     1     1    15    11    27     3     0     0   -45.0   50.495 -128.178    350.4    955.5
     1     1    15    11    27     2     0     0   -46.0   50.391 -128.072    378.0    952.6
     1     1    15    11    27     1     0     0   -47.0   50.300 -127.989    407.1    949.2
     1     1    15    11    27     0     0     0   -48.0   50.223 -127.928    437.8    945.7
     1     1    15    11    26    23     0     0   -49.0   50.160 -127.868    468.2    941.9
     1     1    15    11    26    22     0     0   -50.0   50.112 -127.791    496.4    938.2
     1     1    15    11    26    21     0     0   -51.0   50.080 -127.697    521.9    934.5
     1     1    15    11    26    20     0     0   -52.0   50.066 -127.585    544.7    930.8
     1     1    15    11    26    19     0     0   -53.0   50.068 -127.457    564.2    926.8
     1     1    15    11    26    18     0     0   -54.0   50.086 -127.310    580.6    922.2
     1     1    15    11    26    17     0     0   -55.0   50.112 -127.150    596.3    917.3
     1     1    15    11    26    16     0     0   -56.0   50.138 -126.980    614.2    911.9
     1     1    15    11    26    15     0     0   -57.0   50.165 -126.804    634.6    905.8
     1     1    15    11    26    14     0     0   -58.0   50.190 -126.625    658.0    899.4
     1     1    15    11    26    13     0     0   -59.0   50.213 -126.445    684.8    892.7
     1     1    15    11    26    12     0     0   -60.0   50.234 -126.269    715.4    885.7
     1     1    15    11    26    11     0     0   -61.0   50.259 -126.093    749.0    878.4
     1     1    15    11    26    10     0     0   -62.0   50.296 -125.911    784.9    870.7
     1     1    15    11    26     9     0     0   -63.0   50.350 -125.721    823.3    862.5
     1     1    15    11    26     8     0     0   -64.0   50.421 -125.520    864.2    853.7
     1     1    15    11    26     7     0     0   -65.0   50.514 -125.308    907.8    844.3
     1     1    15    11    26     6     0     0   -66.0   50.631 -125.084    954.3    833.6
     1     1    15    11    26     5     0     0   -67.0   50.771 -124.875   1004.9    823.3
     1     1    15    11    26     4     0     0   -68.0   50.935 -124.707   1059.5    813.1
     1     1    15    11    26     3     0     0   -69.0   51.121 -124.589   1116.5    803.3
     1     1    15    11    26     2     0     0   -70.0   51.331 -124.527   1174.2    794.1
     1     1    15    11    26     1     0     0   -71.0   51.564 -124.529   1230.5    785.8
     1     1    15    11    26     0     0     0   -72.0   51.820 -124.604   1283.3    778.3
