     1     1
    CDC1    16     1     1     0     0
     1 BACKWARD OMEGA   
    16     1     5     6   60.984 -139.059   750.0
     1 PRESSURE
     1     1    16     1     5     6     0     0     0.0   60.984 -139.059    750.0    806.1
     1     1    16     1     5     5     0     0    -1.0   60.806 -138.922    752.7    808.5
     1     1    16     1     5     4     0     0    -2.0   60.622 -138.756    756.7    810.9
     1     1    16     1     5     3     0     0    -3.0   60.433 -138.561    761.9    813.1
     1     1    16     1     5     2     0     0    -4.0   60.240 -138.339    768.3    815.2
     1     1    16     1     5     1     0     0    -5.0   60.043 -138.094    776.0    817.2
     1     1    16     1     5     0     0     0    -6.0   59.843 -137.830    787.0    821.2
     1     1    16     1     4    23     0     0    -7.0   59.641 -137.566    798.6    825.7
     1     1    16     1     4    22     0     0    -8.0   59.436 -137.315    805.7    830.6
     1     1    16     1     4    21     0     0    -9.0   59.230 -137.074    809.0    835.7
     1     1    16     1     4    20     0     0   -10.0   59.021 -136.840    808.7    841.1
     1     1    16     1     4    19     0     0   -11.0   58.811 -136.611    805.7    846.6
     1     1    16     1     4    18     0     0   -12.0   58.600 -136.385    800.4    852.3
     1     1    16     1     4    17     0     0   -13.0   58.393 -136.148    795.9    857.5
     1     1    16     1     4    16     0     0   -14.0   58.195 -135.891    795.4    861.4
     1     1    16     1     4    15     0     0   -15.0   58.005 -135.619    798.3    864.4
     1     1    16     1     4    14     0     0   -16.0   57.822 -135.336    804.3    866.7
     1     1    16     1     4    13     0     0   -17.0   57.646 -135.045    813.0    868.2
     1     1    16     1     4    12     0     0   -18.0   57.473 -134.748    823.3    867.3
     1     1    16     1     4    11     0     0   -19.0   57.296 -134.445    835.6    864.9
     1     1    16     1     4    10     0     0   -20.0   57.108 -134.137    850.5    862.5
     1     1    16     1     4     9     0     0   -21.0   56.911 -133.823    867.8    860.2
     1     1    16     1     4     8     0     0   -22.0   56.706 -133.509    887.2    857.9
     1     1    16     1     4     7     0     0   -23.0   56.495 -133.196    908.6    855.9
     1     1    16     1     4     6     0     0   -24.0   56.281 -132.890    931.6    853.8
     1     1    16     1     4     5     0     0   -25.0   56.074 -132.602    956.4    852.1
     1     1    16     1     4     4     0     0   -26.0   55.884 -132.337    982.1    849.5
     1     1    16     1     4     3     0     0   -27.0   55.708 -132.093   1008.4    846.5
     1     1    16     1     4     2     0     0   -28.0   55.543 -131.869   1034.8    843.6
     1     1    16     1     4     1     0     0   -29.0   55.386 -131.665   1061.1    840.9
     1     1    16     1     4     0     0     0   -30.0   55.235 -131.481   1086.9    838.5
     1     1    16     1     3    23     0     0   -31.0   55.086 -131.305   1107.8    836.3
     1     1    16     1     3    22     0     0   -32.0   54.938 -131.129   1119.3    835.1
     1     1    16     1     3    21     0     0   -33.0   54.789 -130.953   1121.5    834.4
     1     1    16     1     3    20     0     0   -34.0   54.640 -130.775   1115.1    834.7
     1     1    16     1     3    19     0     0   -35.0   54.490 -130.595   1100.1    835.9
     1     1    16     1     3    18     0     0   -36.0   54.339 -130.408   1076.8    838.0
     1     1    16     1     3    17     0     0   -37.0   54.193 -130.219   1052.4    841.0
     1     1    16     1     3    16     0     0   -38.0   54.058 -130.034   1032.8    843.0
     1     1    16     1     3    15     0     0   -39.0   53.931 -129.854   1019.0    844.2
     1     1    16     1     3    14     0     0   -40.0   53.812 -129.677   1011.4    844.5
     1     1    16     1     3    13     0     0   -41.0   53.699 -129.504   1010.3    844.1
     1     1    16     1     3    12     0     0   -42.0   53.588 -129.336   1015.9    842.8
     1     1    16     1     3    11     0     0   -43.0   53.471 -129.181   1024.1    841.2
     1     1    16     1     3    10     0     0   -44.0   53.341 -129.042   1031.1    840.6
     1     1    16     1     3     9     0     0   -45.0   53.202 -128.915   1036.1    840.5
     1     1    16     1     3     8     0     0   -46.0   53.054 -128.795   1038.7    841.0
     1     1    16     1     3     7     0     0   -47.0   52.900 -128.680   1037.8    841.9
     1     1    16     1     3     6     0     0   -48.0   52.742 -128.565   1032.7    843.4
     1     1    16     1     3     5     0     0   -49.0   52.584 -128.442   1025.9    845.1
     1     1    16     1     3     4     0     0   -50.0   52.425 -128.308   1020.2    845.8
     1     1    16     1     3     3     0     0   -51.0   52.265 -128.165   1015.7    846.0
     1     1    16     1     3     2     0     0   -52.0   52.102 -128.016   1012.4    846.2
     1     1    16     1     3     1     0     0   -53.0   51.936 -127.862   1010.2    846.2
     1     1    16     1     3     0     0     0   -54.0   51.768 -127.701   1009.1    846.2
     1     1    16     1     2    23     0     0   -55.0   51.593 -127.537   1006.5    846.2
     1     1    16     1     2    22     0     0   -56.0   51.411 -127.369   1000.8    846.9
     1     1    16     1     2    21     0     0   -57.0   51.223 -127.193    992.9    847.8
     1     1    16     1     2    20     0     0   -58.0   51.031 -127.006    983.7    848.6
     1     1    16     1     2    19     0     0   -59.0   50.838 -126.806    974.1    849.4
     1     1    16     1     2    18     0     0   -60.0   50.645 -126.591    965.2    849.9
     1     1    16     1     2    17     0     0   -61.0   50.447 -126.365    957.0    850.0
     1     1    16     1     2    16     0     0   -62.0   50.243 -126.135    949.8    850.1
     1     1    16     1     2    15     0     0   -63.0   50.032 -125.899    942.8    850.2
     1     1    16     1     2    14     0     0   -64.0   49.815 -125.664    937.4    852.0
     1     1    16     1     2    13     0     0   -65.0   49.590 -125.433    934.4    854.5
     1     1    16     1     2    12     0     0   -66.0   49.359 -125.207    934.3    857.3
     1     1    16     1     2    11     0     0   -67.0   49.131 -124.981    941.3    860.1
     1     1    16     1     2    10     0     0   -68.0   48.913 -124.752    958.0    861.0
     1     1    16     1     2     9     0     0   -69.0   48.703 -124.515    983.7    860.9
     1     1    16     1     2     8     0     0   -70.0   48.498 -124.273   1018.4    859.7
     1     1    16     1     2     7     0     0   -71.0   48.297 -124.024   1062.0    857.6
     1     1    16     1     2     6     0     0   -72.0   48.097 -123.771   1114.9    854.6
