     1     1
    CDC1    15    12     1     0     0
     1 BACKWARD OMEGA   
    15    12    12     0   60.984 -139.059   750.0
     1 PRESSURE
     1     1    15    12    12     0     0     0     0.0   60.984 -139.059    750.0    796.0
     1     1    15    12    11    23     0     0    -1.0   60.775 -138.906    718.6    802.2
     1     1    15    12    11    22     0     0    -2.0   60.568 -138.761    684.2    809.1
     1     1    15    12    11    21     0     0    -3.0   60.364 -138.620    648.1    816.3
     1     1    15    12    11    20     0     0    -4.0   60.163 -138.478    611.6    823.7
     1     1    15    12    11    19     0     0    -5.0   59.965 -138.333    576.7    830.9
     1     1    15    12    11    18     0     0    -6.0   59.779 -138.187    547.0    839.9
     1     1    15    12    11    17     0     0    -7.0   59.610 -138.047    520.7    847.2
     1     1    15    12    11    16     0     0    -8.0   59.461 -137.910    494.7    854.2
     1     1    15    12    11    15     0     0    -9.0   59.329 -137.776    468.3    860.7
     1     1    15    12    11    14     0     0   -10.0   59.213 -137.644    441.3    866.9
     1     1    15    12    11    13     0     0   -11.0   59.110 -137.515    413.2    872.8
     1     1    15    12    11    12     0     0   -12.0   59.021 -137.386    384.0    878.3
     1     1    15    12    11    11     0     0   -13.0   58.947 -137.253    359.2    883.1
     1     1    15    12    11    10     0     0   -14.0   58.889 -137.110    343.6    885.6
     1     1    15    12    11     9     0     0   -15.0   58.845 -136.957    336.6    886.7
     1     1    15    12    11     8     0     0   -16.0   58.811 -136.793    337.8    886.5
     1     1    15    12    11     7     0     0   -17.0   58.786 -136.616    347.2    885.1
     1     1    15    12    11     6     0     0   -18.0   58.768 -136.423    365.2    882.5
     1     1    15    12    11     5     0     0   -19.0   58.753 -136.223    388.2    878.6
     1     1    15    12    11     4     0     0   -20.0   58.742 -136.033    412.2    874.6
     1     1    15    12    11     3     0     0   -21.0   58.737 -135.856    437.0    870.5
     1     1    15    12    11     2     0     0   -22.0   58.738 -135.692    462.5    866.3
     1     1    15    12    11     1     0     0   -23.0   58.746 -135.543    488.8    862.1
     1     1    15    12    11     0     0     0   -24.0   58.761 -135.411    515.7    857.8
     1     1    15    12    10    23     0     0   -25.0   58.778 -135.283    544.0    853.7
     1     1    15    12    10    22     0     0   -26.0   58.794 -135.144    574.1    849.4
     1     1    15    12    10    21     0     0   -27.0   58.808 -134.993    606.3    845.0
     1     1    15    12    10    20     0     0   -28.0   58.820 -134.833    640.5    839.1
     1     1    15    12    10    19     0     0   -29.0   58.828 -134.664    677.0    832.8
     1     1    15    12    10    18     0     0   -30.0   58.832 -134.485    715.9    826.4
     1     1    15    12    10    17     0     0   -31.0   58.824 -134.319    751.9    820.5
     1     1    15    12    10    16     0     0   -32.0   58.796 -134.188    779.7    817.0
     1     1    15    12    10    15     0     0   -33.0   58.751 -134.090    799.4    815.1
     1     1    15    12    10    14     0     0   -34.0   58.689 -134.023    811.0    814.7
     1     1    15    12    10    13     0     0   -35.0   58.610 -133.985    814.4    815.9
     1     1    15    12    10    12     0     0   -36.0   58.515 -133.974    809.2    818.7
     1     1    15    12    10    11     0     0   -37.0   58.400 -133.970    797.8    822.7
     1     1    15    12    10    10     0     0   -38.0   58.262 -133.954    782.5    827.2
     1     1    15    12    10     9     0     0   -39.0   58.102 -133.925    762.9    832.5
     1     1    15    12    10     8     0     0   -40.0   57.920 -133.884    738.2    838.6
     1     1    15    12    10     7     0     0   -41.0   57.715 -133.829    707.6    845.6
     1     1    15    12    10     6     0     0   -42.0   57.489 -133.764    670.1    853.7
     1     1    15    12    10     5     0     0   -43.0   57.254 -133.689    628.7    862.2
     1     1    15    12    10     4     0     0   -44.0   57.021 -133.613    586.7    870.0
     1     1    15    12    10     3     0     0   -45.0   56.792 -133.544    545.6    877.7
     1     1    15    12    10     2     0     0   -46.0   56.564 -133.490    506.1    885.7
     1     1    15    12    10     1     0     0   -47.0   56.338 -133.461    468.5    894.0
     1     1    15    12    10     0     0     0   -48.0   56.110 -133.466    433.1    902.9
     1     1    15    12     9    23     0     0   -49.0   55.883 -133.493    401.5    911.6
     1     1    15    12     9    22     0     0   -50.0   55.665 -133.522    375.2    919.3
     1     1    15    12     9    21     0     0   -51.0   55.453 -133.555    354.5    925.8
     1     1    15    12     9    20     0     0   -52.0   55.251 -133.592    339.1    931.7
     1     1    15    12     9    19     0     0   -53.0   55.057 -133.637    329.2    937.0
     1     1    15    12     9    18     0     0   -54.0   54.872 -133.693    323.7    939.9
     1     1    15    12     9    17     0     0   -55.0   54.684 -133.761    320.1    941.8
     1     1    15    12     9    16     0     0   -56.0   54.486 -133.841    316.7    944.0
     1     1    15    12     9    15     0     0   -57.0   54.279 -133.934    313.3    946.1
     1     1    15    12     9    14     0     0   -58.0   54.068 -134.043    310.0    948.2
     1     1    15    12     9    13     0     0   -59.0   53.854 -134.169    306.5    950.1
     1     1    15    12     9    12     0     0   -60.0   53.639 -134.316    302.7    951.9
     1     1    15    12     9    11     0     0   -61.0   53.417 -134.493    297.0    954.1
     1     1    15    12     9    10     0     0   -62.0   53.179 -134.711    287.7    956.8
     1     1    15    12     9     9     0     0   -63.0   52.925 -134.975    275.5    959.6
     1     1    15    12     9     8     0     0   -64.0   52.656 -135.291    260.5    960.7
     1     1    15    12     9     7     0     0   -65.0   52.375 -135.664    243.3    960.9
     1     1    15    12     9     6     0     0   -66.0   52.090 -136.098    224.9    960.4
     1     1    15    12     9     5     0     0   -67.0   51.797 -136.587    208.1    959.8
     1     1    15    12     9     4     0     0   -68.0   51.488 -137.123    194.7    958.4
     1     1    15    12     9     3     0     0   -69.0   51.165 -137.694    184.1    957.6
     1     1    15    12     9     2     0     0   -70.0   50.832 -138.286    176.3    958.7
     1     1    15    12     9     1     0     0   -71.0   50.496 -138.888    170.9    960.1
     1     1    15    12     9     0     0     0   -72.0   50.163 -139.497    167.6    961.8
