     1     1
    CDC1    16     3     1     0     0
     1 BACKWARD OMEGA   
    16     3     9     6   60.984 -139.059   750.0
     1 PRESSURE
     1     1    16     3     9     6     0     0     0.0   60.984 -139.059    750.0    795.8
     1     1    16     3     9     5     0     0    -1.0   60.789 -138.859    730.8    800.9
     1     1    16     3     9     4     0     0    -2.0   60.604 -138.627    714.2    805.6
     1     1    16     3     9     3     0     0    -3.0   60.430 -138.367    700.4    809.8
     1     1    16     3     9     2     0     0    -4.0   60.268 -138.082    689.3    813.4
     1     1    16     3     9     1     0     0    -5.0   60.115 -137.777    680.8    816.6
     1     1    16     3     9     0     0     0    -6.0   59.972 -137.455    674.9    819.6
     1     1    16     3     8    23     0     0    -7.0   59.826 -137.129    670.6    823.1
     1     1    16     3     8    22     0     0    -8.0   59.668 -136.808    667.6    826.9
     1     1    16     3     8    21     0     0    -9.0   59.498 -136.488    666.0    830.7
     1     1    16     3     8    20     0     0   -10.0   59.317 -136.166    665.9    834.5
     1     1    16     3     8    19     0     0   -11.0   59.128 -135.841    667.1    838.1
     1     1    16     3     8    18     0     0   -12.0   58.931 -135.511    669.7    841.6
     1     1    16     3     8    17     0     0   -13.0   58.728 -135.186    671.2    845.2
     1     1    16     3     8    16     0     0   -14.0   58.519 -134.874    668.0    848.9
     1     1    16     3     8    15     0     0   -15.0   58.301 -134.573    659.8    852.1
     1     1    16     3     8    14     0     0   -16.0   58.074 -134.281    646.6    855.7
     1     1    16     3     8    13     0     0   -17.0   57.836 -133.995    628.0    860.0
     1     1    16     3     8    12     0     0   -18.0   57.584 -133.710    604.1    864.7
     1     1    16     3     8    11     0     0   -19.0   57.330 -133.444    576.5    868.9
     1     1    16     3     8    10     0     0   -20.0   57.086 -133.213    547.9    873.6
     1     1    16     3     8     9     0     0   -21.0   56.853 -133.015    518.8    879.1
     1     1    16     3     8     8     0     0   -22.0   56.634 -132.846    489.3    885.0
     1     1    16     3     8     7     0     0   -23.0   56.428 -132.702    459.9    891.4
     1     1    16     3     8     6     0     0   -24.0   56.235 -132.583    430.8    898.0
     1     1    16     3     8     5     0     0   -25.0   56.056 -132.497    400.8    903.9
     1     1    16     3     8     4     0     0   -26.0   55.890 -132.458    370.2    910.0
     1     1    16     3     8     3     0     0   -27.0   55.737 -132.477    339.3    916.4
     1     1    16     3     8     2     0     0   -28.0   55.598 -132.560    309.3    923.2
     1     1    16     3     8     1     0     0   -29.0   55.472 -132.720    280.8    930.5
     1     1    16     3     8     0     0     0   -30.0   55.362 -132.966    255.0    938.2
     1     1    16     3     7    23     0     0   -31.0   55.265 -133.262    233.9    945.6
     1     1    16     3     7    22     0     0   -32.0   55.182 -133.563    217.9    951.8
     1     1    16     3     7    21     0     0   -33.0   55.116 -133.877    205.9    957.3
     1     1    16     3     7    20     0     0   -34.0   55.073 -134.208    197.0    961.8
     1     1    16     3     7    19     0     0   -35.0   55.056 -134.563    190.6    965.5
     1     1    16     3     7    18     0     0   -36.0   55.070 -134.946    186.1    968.9
     1     1    16     3     7    17     0     0   -37.0   55.109 -135.305    183.0    969.1
     1     1    16     3     7    16     0     0   -38.0   55.164 -135.581    181.0    968.4
     1     1    16     3     7    15     0     0   -39.0   55.233 -135.770    180.0    967.1
     1     1    16     3     7    14     0     0   -40.0   55.316 -135.871    180.3    965.4
     1     1    16     3     7    13     0     0   -41.0   55.410 -135.878    182.3    963.1
     1     1    16     3     7    12     0     0   -42.0   55.513 -135.782    186.3    960.2
     1     1    16     3     7    11     0     0   -43.0   55.610 -135.598    192.1    957.1
     1     1    16     3     7    10     0     0   -44.0   55.689 -135.349    198.9    953.9
     1     1    16     3     7     9     0     0   -45.0   55.748 -135.038    206.4    950.3
     1     1    16     3     7     8     0     0   -46.0   55.783 -134.682    212.9    944.3
     1     1    16     3     7     7     0     0   -47.0   55.794 -134.307    217.1    938.7
     1     1    16     3     7     6     0     0   -48.0   55.780 -133.923    218.6    934.0
     1     1    16     3     7     5     0     0   -49.0   55.742 -133.531    218.1    929.9
     1     1    16     3     7     4     0     0   -50.0   55.675 -133.129    215.9    926.5
     1     1    16     3     7     3     0     0   -51.0   55.579 -132.717    212.5    924.0
     1     1    16     3     7     2     0     0   -52.0   55.451 -132.295    208.1    921.0
     1     1    16     3     7     1     0     0   -53.0   55.295 -131.863    202.9    917.2
     1     1    16     3     7     0     0     0   -54.0   55.116 -131.423    197.1    913.8
     1     1    16     3     6    23     0     0   -55.0   54.926 -130.991    190.0    910.0
     1     1    16     3     6    22     0     0   -56.0   54.728 -130.586    180.7    906.6
     1     1    16     3     6    21     0     0   -57.0   54.518 -130.211    169.0    904.8
     1     1    16     3     6    20     0     0   -58.0   54.292 -129.860    154.7    904.5
     1     1    16     3     6    19     0     0   -59.0   54.054 -129.526    138.6    905.0
     1     1    16     3     6    18     0     0   -60.0   53.807 -129.202    121.5    906.0
     1     1    16     3     6    17     0     0   -61.0   53.563 -128.879    106.6    906.8
     1     1    16     3     6    16     0     0   -62.0   53.338 -128.548     95.7    906.1
     1     1    16     3     6    15     0     0   -63.0   53.131 -128.213     87.9    904.4
     1     1    16     3     6    14     0     0   -64.0   52.940 -127.875     82.0    901.9
     1     1    16     3     6    13     0     0   -65.0   52.765 -127.539     77.3    898.8
     1     1    16     3     6    12     0     0   -66.0   52.599 -127.196     72.4    895.5
     1     1    16     3     6    11     0     0   -67.0   52.447 -126.852     66.6    893.6
     1     1    16     3     6    10     0     0   -68.0   52.319 -126.524     61.0    891.7
     1     1    16     3     6     9     0     0   -69.0   52.213 -126.211     56.7    889.5
     1     1    16     3     6     8     0     0   -70.0   52.129 -125.908     54.3    886.8
     1     1    16     3     6     7     0     0   -71.0   52.067 -125.614     54.2    883.8
     1     1    16     3     6     6     0     0   -72.0   52.024 -125.326     57.0    880.3
