     1     1
    CDC1    16     1     1     0     0
     1 BACKWARD OMEGA   
    16     1     6    12   60.984 -139.059   750.0
     1 PRESSURE
     1     1    16     1     6    12     0     0     0.0   60.984 -139.059    750.0    804.4
     1     1    16     1     6    11     0     0    -1.0   61.044 -138.766    742.1    803.9
     1     1    16     1     6    10     0     0    -2.0   61.113 -138.453    732.5    803.4
     1     1    16     1     6     9     0     0    -3.0   61.191 -138.120    720.7    803.1
     1     1    16     1     6     8     0     0    -4.0   61.278 -137.765    706.4    802.9
     1     1    16     1     6     7     0     0    -5.0   61.373 -137.388    689.2    802.8
     1     1    16     1     6     6     0     0    -6.0   61.474 -136.988    669.2    802.5
     1     1    16     1     6     5     0     0    -7.0   61.564 -136.591    652.4    802.7
     1     1    16     1     6     4     0     0    -8.0   61.629 -136.215    645.1    801.7
     1     1    16     1     6     3     0     0    -9.0   61.672 -135.858    647.0    800.1
     1     1    16     1     6     2     0     0   -10.0   61.694 -135.521    658.1    797.9
     1     1    16     1     6     1     0     0   -11.0   61.699 -135.203    678.4    795.1
     1     1    16     1     6     0     0     0   -12.0   61.688 -134.907    707.8    791.3
     1     1    16     1     5    23     0     0   -13.0   61.667 -134.633    739.2    786.7
     1     1    16     1     5    22     0     0   -14.0   61.638 -134.379    766.1    783.5
     1     1    16     1     5    21     0     0   -15.0   61.603 -134.142    788.6    780.8
     1     1    16     1     5    20     0     0   -16.0   61.564 -133.921    806.8    778.6
     1     1    16     1     5    19     0     0   -17.0   61.521 -133.713    820.7    776.9
     1     1    16     1     5    18     0     0   -18.0   61.476 -133.517    830.3    775.7
     1     1    16     1     5    17     0     0   -19.0   61.424 -133.330    839.2    774.9
     1     1    16     1     5    16     0     0   -20.0   61.362 -133.151    850.9    773.8
     1     1    16     1     5    15     0     0   -21.0   61.290 -132.983    865.9    772.6
     1     1    16     1     5    14     0     0   -22.0   61.208 -132.827    884.6    771.2
     1     1    16     1     5    13     0     0   -23.0   61.120 -132.685    907.6    769.4
     1     1    16     1     5    12     0     0   -24.0   61.026 -132.559    935.7    767.2
     1     1    16     1     5    11     0     0   -25.0   60.932 -132.449    963.6    764.4
     1     1    16     1     5    10     0     0   -26.0   60.842 -132.354    986.4    762.8
     1     1    16     1     5     9     0     0   -27.0   60.754 -132.271   1003.1    761.7
     1     1    16     1     5     8     0     0   -28.0   60.667 -132.200   1013.0    761.2
     1     1    16     1     5     7     0     0   -29.0   60.579 -132.139   1016.1    761.5
     1     1    16     1     5     6     0     0   -30.0   60.489 -132.085   1011.9    762.4
     1     1    16     1     5     5     0     0   -31.0   60.398 -132.040   1008.0    764.3
     1     1    16     1     5     4     0     0   -32.0   60.307 -132.012   1009.7    765.1
     1     1    16     1     5     3     0     0   -33.0   60.219 -132.002   1017.5    765.4
     1     1    16     1     5     2     0     0   -34.0   60.133 -132.013   1031.8    765.2
     1     1    16     1     5     1     0     0   -35.0   60.050 -132.045   1052.9    764.4
     1     1    16     1     5     0     0     0   -36.0   59.970 -132.099   1081.3    763.2
     1     1    16     1     4    23     0     0   -37.0   59.888 -132.160   1112.0    761.3
     1     1    16     1     4    22     0     0   -38.0   59.795 -132.209   1139.3    760.4
     1     1    16     1     4    21     0     0   -39.0   59.691 -132.246   1162.7    760.0
     1     1    16     1     4    20     0     0   -40.0   59.577 -132.269   1181.8    760.2
     1     1    16     1     4    19     0     0   -41.0   59.452 -132.277   1196.6    760.8
     1     1    16     1     4    18     0     0   -42.0   59.316 -132.269   1206.9    761.9
     1     1    16     1     4    17     0     0   -43.0   59.174 -132.249   1216.4    763.5
     1     1    16     1     4    16     0     0   -44.0   59.032 -132.224   1229.8    764.2
     1     1    16     1     4    15     0     0   -45.0   58.888 -132.196   1246.8    764.5
     1     1    16     1     4    14     0     0   -46.0   58.745 -132.169   1267.4    764.4
     1     1    16     1     4    13     0     0   -47.0   58.601 -132.144   1291.7    763.8
     1     1    16     1     4    12     0     0   -48.0   58.456 -132.125   1319.6    762.9
     1     1    16     1     4    11     0     0   -49.0   58.310 -132.100   1348.7    761.5
     1     1    16     1     4    10     0     0   -50.0   58.160 -132.057   1375.2    760.4
     1     1    16     1     4     9     0     0   -51.0   58.005 -131.997   1398.6    759.4
     1     1    16     1     4     8     0     0   -52.0   57.846 -131.920   1417.9    758.6
     1     1    16     1     4     7     0     0   -53.0   57.682 -131.826   1432.5    757.9
     1     1    16     1     4     6     0     0   -54.0   57.511 -131.717   1441.7    757.5
     1     1    16     1     4     5     0     0   -55.0   57.346 -131.606   1451.3    758.9
     1     1    16     1     4     4     0     0   -56.0   57.194 -131.510   1465.7    759.3
     1     1    16     1     4     3     0     0   -57.0   57.053 -131.430   1484.4    759.3
     1     1    16     1     4     2     0     0   -58.0   56.922 -131.365   1506.8    759.0
     1     1    16     1     4     1     0     0   -59.0   56.798 -131.315   1532.6    758.5
     1     1    16     1     4     0     0     0   -60.0   56.679 -131.279   1561.6    757.9
     1     1    16     1     3    23     0     0   -61.0   56.560 -131.255   1588.1    757.2
     1     1    16     1     3    22     0     0   -62.0   56.436 -131.237   1605.4    758.1
     1     1    16     1     3    21     0     0   -63.0   56.306 -131.222   1613.1    760.0
     1     1    16     1     3    20     0     0   -64.0   56.170 -131.205   1610.9    762.9
     1     1    16     1     3    19     0     0   -65.0   56.029 -131.182   1598.2    766.9
     1     1    16     1     3    18     0     0   -66.0   55.882 -131.150   1574.9    771.8
     1     1    16     1     3    17     0     0   -67.0   55.733 -131.107   1546.2    777.3
     1     1    16     1     3    16     0     0   -68.0   55.585 -131.055   1517.7    782.3
     1     1    16     1     3    15     0     0   -69.0   55.440 -130.990   1489.7    786.9
     1     1    16     1     3    14     0     0   -70.0   55.299 -130.913   1462.5    791.3
     1     1    16     1     3    13     0     0   -71.0   55.164 -130.820   1436.3    795.3
     1     1    16     1     3    12     0     0   -72.0   55.036 -130.710   1411.5    798.7
