     1     1
    CDC1    15    11     1     0     0
     1 BACKWARD OMEGA   
    15    11    11     0   60.984 -139.059   750.0
     1 PRESSURE
     1     1    15    11    11     0     0     0     0.0   60.984 -139.059    750.0    790.8
     1     1    15    11    10    23     0     0    -1.0   61.043 -139.303    719.5    793.5
     1     1    15    11    10    22     0     0    -2.0   61.101 -139.517    695.7    795.2
     1     1    15    11    10    21     0     0    -3.0   61.156 -139.701    678.0    796.2
     1     1    15    11    10    20     0     0    -4.0   61.210 -139.858    665.7    796.6
     1     1    15    11    10    19     0     0    -5.0   61.261 -139.988    658.5    796.5
     1     1    15    11    10    18     0     0    -6.0   61.310 -140.093    655.9    796.0
     1     1    15    11    10    17     0     0    -7.0   61.352 -140.171    654.3    795.6
     1     1    15    11    10    16     0     0    -8.0   61.385 -140.218    649.4    795.9
     1     1    15    11    10    15     0     0    -9.0   61.411 -140.237    641.2    796.7
     1     1    15    11    10    14     0     0   -10.0   61.430 -140.226    629.6    797.9
     1     1    15    11    10    13     0     0   -11.0   61.443 -140.185    614.7    799.5
     1     1    15    11    10    12     0     0   -12.0   61.449 -140.114    596.5    801.4
     1     1    15    11    10    11     0     0   -13.0   61.450 -140.039    576.9    803.6
     1     1    15    11    10    10     0     0   -14.0   61.447 -139.990    557.7    805.8
     1     1    15    11    10     9     0     0   -15.0   61.438 -139.970    538.7    808.2
     1     1    15    11    10     8     0     0   -16.0   61.425 -139.981    519.9    810.8
     1     1    15    11    10     7     0     0   -17.0   61.407 -140.021    501.2    813.5
     1     1    15    11    10     6     0     0   -18.0   61.385 -140.091    482.8    816.5
     1     1    15    11    10     5     0     0   -19.0   61.361 -140.193    462.6    819.3
     1     1    15    11    10     4     0     0   -20.0   61.336 -140.327    439.2    823.0
     1     1    15    11    10     3     0     0   -21.0   61.311 -140.490    412.6    827.2
     1     1    15    11    10     2     0     0   -22.0   61.288 -140.681    383.3    832.0
     1     1    15    11    10     1     0     0   -23.0   61.265 -140.901    351.8    836.9
     1     1    15    11    10     0     0     0   -24.0   61.245 -141.153    318.9    841.8
     1     1    15    11     9    23     0     0   -25.0   61.219 -141.430    284.7    846.8
     1     1    15    11     9    22     0     0   -26.0   61.179 -141.721    249.2    852.6
     1     1    15    11     9    21     0     0   -27.0   61.126 -142.032    212.5    859.2
     1     1    15    11     9    20     0     0   -28.0   61.065 -142.370    174.7    865.9
     1     1    15    11     9    19     0     0   -29.0   60.997 -142.735    136.0    873.5
     1     1    15    11     9    18     0     0   -30.0   60.926 -143.115     97.1    882.5
     1     1    15    11     9    17     0     0   -31.0   60.849 -143.466     61.0    891.6
     1     1    15    11     9    16     0     0   -32.0   60.762 -143.753     33.0    899.3
     1     1    15    11     9    15     0     0   -33.0   60.666 -143.989     16.0    906.2
     1     1    15    11     9    14     0     0   -34.0   60.557 -144.189      4.1    910.3
     1     1    15    11     9    13     0     0   -35.0   60.434 -144.366      0.0    914.5
     1     1    15    11     9    12     0     0   -36.0   60.297 -144.534      0.0    919.0
     1     1    15    11     9    11     0     0   -37.0   60.146 -144.671      0.0    924.7
     1     1    15    11     9    10     0     0   -38.0   59.981 -144.738      0.0    930.4
     1     1    15    11     9     9     0     0   -39.0   59.793 -144.731      0.0    937.8
     1     1    15    11     9     8     0     0   -40.0   59.575 -144.663      0.0    945.7
     1     1    15    11     9     7     0     0   -41.0   59.320 -144.542      0.0    954.5
     1     1    15    11     9     6     0     0   -42.0   59.020 -144.385      0.0    964.7
     1     1    15    11     9     5     0     0   -43.0   58.697 -144.273      0.0    976.5
     1     1    15    11     9     4     0     0   -44.0   58.383 -144.262      0.0    988.6
     1     1    15    11     9     3     0     0   -45.0   58.079 -144.331      0.0   1000.8
     1     1    15    11     9     2     0     0   -46.0   57.786 -144.463      0.0   1012.9
     1     1    15    11     9     1     0     0   -47.0   57.503 -144.638      0.0   1024.9
     1     1    15    11     9     0     0     0   -48.0   57.238 -144.837      0.0   1025.6
     1     1    15    11     8    23     0     0   -49.0   57.009 -145.064      0.0   1024.7
     1     1    15    11     8    22     0     0   -50.0   56.818 -145.329      0.0   1023.2
     1     1    15    11     8    21     0     0   -51.0   56.665 -145.627      0.0   1022.0
     1     1    15    11     8    20     0     0   -52.0   56.547 -145.956      0.0   1021.1
     1     1    15    11     8    19     0     0   -53.0   56.461 -146.310      0.0   1020.5
     1     1    15    11     8    18     0     0   -54.0   56.405 -146.687      0.0   1020.3
     1     1    15    11     8    17     0     0   -55.0   56.378 -147.091      0.0   1020.1
     1     1    15    11     8    16     0     0   -56.0   56.380 -147.528      0.0   1020.3
     1     1    15    11     8    15     0     0   -57.0   56.408 -147.986      0.6   1019.1
     1     1    15    11     8    14     0     0   -58.0   56.458 -148.453      2.0   1018.2
     1     1    15    11     8    13     0     0   -59.0   56.528 -148.923      4.1   1017.5
     1     1    15    11     8    12     0     0   -60.0   56.615 -149.390      7.1   1017.0
     1     1    15    11     8    11     0     0   -61.0   56.713 -149.849     10.5   1016.0
     1     1    15    11     8    10     0     0   -62.0   56.818 -150.295     14.6   1014.3
     1     1    15    11     8     9     0     0   -63.0   56.931 -150.729     19.9   1012.3
     1     1    15    11     8     8     0     0   -64.0   57.052 -151.150     27.2   1010.1
     1     1    15    11     8     7     0     0   -65.0   57.182 -151.563     37.3   1007.6
     1     1    15    11     8     6     0     0   -66.0   57.322 -151.971     51.3   1004.6
     1     1    15    11     8     5     0     0   -67.0   57.466 -152.385     72.3   1000.2
     1     1    15    11     8     4     0     0   -68.0   57.603 -152.809    100.0    991.9
     1     1    15    11     8     3     0     0   -69.0   57.729 -153.242    127.9    984.0
     1     1    15    11     8     2     0     0   -70.0   57.848 -153.701    154.1    977.4
     1     1    15    11     8     1     0     0   -71.0   57.966 -154.200    177.6    971.5
     1     1    15    11     8     0     0     0   -72.0   58.086 -154.753    197.5    966.3
