     1     1
    CDC1    16     1     1     0     0
     1 BACKWARD OMEGA   
    16     1    31    12   60.984 -139.059   750.0
     1 PRESSURE
     1     1    16     1    31    12     0     0     0.0   60.984 -139.059    750.0    811.3
     1     1    16     1    31    11     0     0    -1.0   61.116 -139.203    775.5    806.1
     1     1    16     1    31    10     0     0    -2.0   61.244 -139.353    799.9    801.0
     1     1    16     1    31     9     0     0    -3.0   61.366 -139.509    823.0    796.1
     1     1    16     1    31     8     0     0    -4.0   61.483 -139.673    844.5    791.5
     1     1    16     1    31     7     0     0    -5.0   61.596 -139.842    864.2    787.1
     1     1    16     1    31     6     0     0    -6.0   61.704 -140.018    881.7    783.1
     1     1    16     1    31     5     0     0    -7.0   61.806 -140.196    901.4    780.2
     1     1    16     1    31     4     0     0    -8.0   61.903 -140.371    926.0    776.2
     1     1    16     1    31     3     0     0    -9.0   61.993 -140.540    956.1    771.8
     1     1    16     1    31     2     0     0   -10.0   62.079 -140.701    991.8    766.8
     1     1    16     1    31     1     0     0   -11.0   62.160 -140.851   1033.4    761.4
     1     1    16     1    31     0     0     0   -12.0   62.239 -140.988   1081.2    755.4
     1     1    16     1    30    23     0     0   -13.0   62.319 -141.125   1129.2    748.4
     1     1    16     1    30    22     0     0   -14.0   62.405 -141.274   1170.5    742.7
     1     1    16     1    30    21     0     0   -15.0   62.496 -141.436   1204.5    737.7
     1     1    16     1    30    20     0     0   -16.0   62.594 -141.614   1232.3    736.7
     1     1    16     1    30    19     0     0   -17.0   62.701 -141.815   1251.5    736.7
     1     1    16     1    30    18     0     0   -18.0   62.817 -142.041   1261.6    737.8
     1     1    16     1    30    17     0     0   -19.0   62.930 -142.296   1266.7    739.8
     1     1    16     1    30    16     0     0   -20.0   63.027 -142.578   1271.6    741.2
     1     1    16     1    30    15     0     0   -21.0   63.107 -142.884   1276.7    742.7
     1     1    16     1    30    14     0     0   -22.0   63.170 -143.210   1282.4    743.8
     1     1    16     1    30    13     0     0   -23.0   63.217 -143.550   1289.3    744.6
     1     1    16     1    30    12     0     0   -24.0   63.249 -143.900   1297.7    744.9
     1     1    16     1    30    11     0     0   -25.0   63.273 -144.245   1307.8    745.0
     1     1    16     1    30    10     0     0   -26.0   63.294 -144.573   1319.6    744.9
     1     1    16     1    30     9     0     0   -27.0   63.313 -144.883   1333.1    744.5
     1     1    16     1    30     8     0     0   -28.0   63.329 -145.178   1348.5    744.3
     1     1    16     1    30     7     0     0   -29.0   63.339 -145.459   1365.6    744.0
     1     1    16     1    30     6     0     0   -30.0   63.343 -145.725   1384.3    743.4
     1     1    16     1    30     5     0     0   -31.0   63.335 -145.978   1402.8    742.4
     1     1    16     1    30     4     0     0   -32.0   63.306 -146.214   1419.2    741.3
     1     1    16     1    30     3     0     0   -33.0   63.255 -146.431   1432.9    740.2
     1     1    16     1    30     2     0     0   -34.0   63.182 -146.624   1443.3    738.8
     1     1    16     1    30     1     0     0   -35.0   63.085 -146.790   1450.0    737.4
     1     1    16     1    30     0     0     0   -36.0   62.964 -146.924   1452.4    736.0
     1     1    16     1    29    23     0     0   -37.0   62.826 -147.041   1452.7    734.8
     1     1    16     1    29    22     0     0   -38.0   62.678 -147.157   1453.0    733.3
     1     1    16     1    29    21     0     0   -39.0   62.518 -147.267   1453.1    731.6
     1     1    16     1    29    20     0     0   -40.0   62.350 -147.379   1456.5    735.0
     1     1    16     1    29    19     0     0   -41.0   62.175 -147.497   1460.4    739.1
     1     1    16     1    29    18     0     0   -42.0   61.994 -147.621   1464.4    743.2
     1     1    16     1    29    17     0     0   -43.0   61.812 -147.742   1464.7    747.0
     1     1    16     1    29    16     0     0   -44.0   61.639 -147.854   1459.5    751.4
     1     1    16     1    29    15     0     0   -45.0   61.474 -147.958   1448.1    756.2
     1     1    16     1    29    14     0     0   -46.0   61.318 -148.055   1430.8    761.3
     1     1    16     1    29    13     0     0   -47.0   61.170 -148.146   1407.7    766.7
     1     1    16     1    29    12     0     0   -48.0   61.030 -148.232   1378.8    772.6
     1     1    16     1    29    11     0     0   -49.0   60.897 -148.314   1347.9    778.7
     1     1    16     1    29    10     0     0   -50.0   60.768 -148.395   1318.1    784.3
     1     1    16     1    29     9     0     0   -51.0   60.645 -148.475   1289.5    789.6
     1     1    16     1    29     8     0     0   -52.0   60.529 -148.555   1262.3    794.4
     1     1    16     1    29     7     0     0   -53.0   60.420 -148.636   1236.6    798.8
     1     1    16     1    29     6     0     0   -54.0   60.319 -148.718   1212.6    802.9
     1     1    16     1    29     5     0     0   -55.0   60.223 -148.789   1189.3    806.6
     1     1    16     1    29     4     0     0   -56.0   60.125 -148.835   1165.3    810.4
     1     1    16     1    29     3     0     0   -57.0   60.029 -148.856   1140.4    814.3
     1     1    16     1    29     2     0     0   -58.0   59.932 -148.859   1114.5    818.4
     1     1    16     1    29     1     0     0   -59.0   59.836 -148.851   1087.8    822.5
     1     1    16     1    29     0     0     0   -60.0   59.741 -148.837   1060.7    826.7
     1     1    16     1    28    23     0     0   -61.0   59.645 -148.818   1033.6    830.8
     1     1    16     1    28    22     0     0   -62.0   59.544 -148.800   1007.0    835.0
     1     1    16     1    28    21     0     0   -63.0   59.440 -148.785    980.7    839.1
     1     1    16     1    28    20     0     0   -64.0   59.333 -148.776    954.8    843.3
     1     1    16     1    28    19     0     0   -65.0   59.225 -148.774    929.0    847.5
     1     1    16     1    28    18     0     0   -66.0   59.115 -148.781    903.6    851.3
     1     1    16     1    28    17     0     0   -67.0   59.003 -148.782    877.9    855.7
     1     1    16     1    28    16     0     0   -68.0   58.886 -148.762    850.4    860.4
     1     1    16     1    28    15     0     0   -69.0   58.763 -148.723    821.3    865.5
     1     1    16     1    28    14     0     0   -70.0   58.633 -148.667    790.4    870.9
     1     1    16     1    28    13     0     0   -71.0   58.496 -148.597    757.9    876.8
     1     1    16     1    28    12     0     0   -72.0   58.350 -148.515    723.6    883.2
