     1     1
    CDC1    15    12     1     0     0
     1 BACKWARD OMEGA   
    15    12    23    18   60.984 -139.059   750.0
     1 PRESSURE
     1     1    15    12    23    18     0     0     0.0   60.984 -139.059    750.0    792.0
     1     1    15    12    23    17     0     0    -1.0   61.067 -139.018    765.7    789.2
     1     1    15    12    23    16     0     0    -2.0   61.152 -138.999    780.8    786.3
     1     1    15    12    23    15     0     0    -3.0   61.239 -139.003    795.5    783.5
     1     1    15    12    23    14     0     0    -4.0   61.329 -139.030    809.7    780.7
     1     1    15    12    23    13     0     0    -5.0   61.423 -139.081    823.4    778.0
     1     1    15    12    23    12     0     0    -6.0   61.520 -139.156    836.5    775.2
     1     1    15    12    23    11     0     0    -7.0   61.614 -139.255    850.0    772.3
     1     1    15    12    23    10     0     0    -8.0   61.694 -139.379    865.4    769.4
     1     1    15    12    23     9     0     0    -9.0   61.763 -139.528    882.9    766.4
     1     1    15    12    23     8     0     0   -10.0   61.821 -139.703    902.9    763.2
     1     1    15    12    23     7     0     0   -11.0   61.870 -139.904    925.8    759.8
     1     1    15    12    23     6     0     0   -12.0   61.910 -140.132    952.1    756.3
     1     1    15    12    23     5     0     0   -13.0   61.951 -140.381    977.6    752.8
     1     1    15    12    23     4     0     0   -14.0   62.000 -140.643    998.8    750.0
     1     1    15    12    23     3     0     0   -15.0   62.059 -140.917   1015.2    747.5
     1     1    15    12    23     2     0     0   -16.0   62.129 -141.202   1026.5    745.5
     1     1    15    12    23     1     0     0   -17.0   62.211 -141.496   1032.9    743.7
     1     1    15    12    23     0     0     0   -18.0   62.308 -141.799   1034.4    742.1
     1     1    15    12    22    23     0     0   -19.0   62.405 -142.100   1034.5    740.8
     1     1    15    12    22    22     0     0   -20.0   62.487 -142.387   1037.7    739.0
     1     1    15    12    22    21     0     0   -21.0   62.552 -142.661   1044.7    739.6
     1     1    15    12    22    20     0     0   -22.0   62.598 -142.920   1054.6    740.3
     1     1    15    12    22    19     0     0   -23.0   62.624 -143.166   1067.4    740.3
     1     1    15    12    22    18     0     0   -24.0   62.632 -143.402   1083.9    739.5
     1     1    15    12    22    17     0     0   -25.0   62.632 -143.616   1102.5    738.3
     1     1    15    12    22    16     0     0   -26.0   62.637 -143.794   1121.0    737.1
     1     1    15    12    22    15     0     0   -27.0   62.647 -143.937   1139.0    736.0
     1     1    15    12    22    14     0     0   -28.0   62.662 -144.044   1156.1    734.9
     1     1    15    12    22    13     0     0   -29.0   62.681 -144.114   1172.0    733.7
     1     1    15    12    22    12     0     0   -30.0   62.704 -144.148   1186.4    732.7
     1     1    15    12    22    11     0     0   -31.0   62.724 -144.152   1197.5    731.8
     1     1    15    12    22    10     0     0   -32.0   62.736 -144.130   1203.9    731.2
     1     1    15    12    22     9     0     0   -33.0   62.738 -144.085   1205.6    730.8
     1     1    15    12    22     8     0     0   -34.0   62.730 -144.014   1202.6    730.6
     1     1    15    12    22     7     0     0   -35.0   62.711 -143.919   1195.1    730.4
     1     1    15    12    22     6     0     0   -36.0   62.681 -143.797   1183.2    730.3
     1     1    15    12    22     5     0     0   -37.0   62.642 -143.666   1170.2    730.6
     1     1    15    12    22     4     0     0   -38.0   62.596 -143.540   1158.2    730.4
     1     1    15    12    22     3     0     0   -39.0   62.544 -143.421   1147.2    730.1
     1     1    15    12    22     2     0     0   -40.0   62.484 -143.310   1137.5    730.2
     1     1    15    12    22     1     0     0   -41.0   62.419 -143.209   1129.7    732.0
     1     1    15    12    22     0     0     0   -42.0   62.346 -143.122   1123.0    734.0
     1     1    15    12    21    23     0     0   -43.0   62.263 -143.035   1117.5    736.0
     1     1    15    12    21    22     0     0   -44.0   62.166 -142.936   1113.6    738.1
     1     1    15    12    21    21     0     0   -45.0   62.054 -142.824   1111.3    740.2
     1     1    15    12    21    20     0     0   -46.0   61.930 -142.701   1110.7    742.2
     1     1    15    12    21    19     0     0   -47.0   61.796 -142.564   1111.7    744.2
     1     1    15    12    21    18     0     0   -48.0   61.652 -142.411   1114.4    746.2
     1     1    15    12    21    17     0     0   -49.0   61.512 -142.245   1116.6    748.0
     1     1    15    12    21    16     0     0   -50.0   61.386 -142.069   1116.1    749.9
     1     1    15    12    21    15     0     0   -51.0   61.271 -141.883   1112.5    751.8
     1     1    15    12    21    14     0     0   -52.0   61.167 -141.685   1105.9    753.7
     1     1    15    12    21    13     0     0   -53.0   61.072 -141.476   1096.1    755.8
     1     1    15    12    21    12     0     0   -54.0   60.984 -141.256   1083.3    757.9
     1     1    15    12    21    11     0     0   -55.0   60.901 -141.018   1070.5    760.0
     1     1    15    12    21    10     0     0   -56.0   60.818 -140.757   1060.8    761.1
     1     1    15    12    21     9     0     0   -57.0   60.734 -140.472   1053.5    761.9
     1     1    15    12    21     8     0     0   -58.0   60.647 -140.164   1048.1    762.3
     1     1    15    12    21     7     0     0   -59.0   60.555 -139.833   1044.2    763.0
     1     1    15    12    21     6     0     0   -60.0   60.457 -139.485   1041.2    764.2
     1     1    15    12    21     5     0     0   -61.0   60.353 -139.139   1035.7    766.0
     1     1    15    12    21     4     0     0   -62.0   60.243 -138.816   1024.7    768.5
     1     1    15    12    21     3     0     0   -63.0   60.128 -138.516   1008.9    771.7
     1     1    15    12    21     2     0     0   -64.0   60.005 -138.237    988.7    775.3
     1     1    15    12    21     1     0     0   -65.0   59.876 -137.988    964.6    781.3
     1     1    15    12    21     0     0     0   -66.0   59.740 -137.778    935.8    788.0
     1     1    15    12    20    23     0     0   -67.0   59.593 -137.591    903.7    795.5
     1     1    15    12    20    22     0     0   -68.0   59.431 -137.416    869.9    802.8
     1     1    15    12    20    21     0     0   -69.0   59.258 -137.256    834.4    810.6
     1     1    15    12    20    20     0     0   -70.0   59.076 -137.109    796.9    819.0
     1     1    15    12    20    19     0     0   -71.0   58.886 -136.974    757.3    827.9
     1     1    15    12    20    18     0     0   -72.0   58.690 -136.849    715.2    837.4
