     1     1
    CDC1    16     4     1     0     0
     1 BACKWARD OMEGA   
    16     4    29    12   60.984 -139.059   750.0
     1 PRESSURE
     1     1    16     4    29    12     0     0     0.0   60.984 -139.059    750.0    809.1
     1     1    16     4    29    11     0     0    -1.0   60.832 -138.999    743.9    811.6
     1     1    16     4    29    10     0     0    -2.0   60.666 -138.965    733.5    815.1
     1     1    16     4    29     9     0     0    -3.0   60.489 -138.957    718.4    819.2
     1     1    16     4    29     8     0     0    -4.0   60.299 -138.978    697.9    824.2
     1     1    16     4    29     7     0     0    -5.0   60.099 -139.031    671.3    830.0
     1     1    16     4    29     6     0     0    -6.0   59.891 -139.117    639.4    838.7
     1     1    16     4    29     5     0     0    -7.0   59.672 -139.197    601.3    850.4
     1     1    16     4    29     4     0     0    -8.0   59.441 -139.233    555.9    863.0
     1     1    16     4    29     3     0     0    -9.0   59.198 -139.227    506.5    876.4
     1     1    16     4    29     2     0     0   -10.0   58.948 -139.188    455.8    890.3
     1     1    16     4    29     1     0     0   -11.0   58.691 -139.126    406.3    904.6
     1     1    16     4    29     0     0     0   -12.0   58.432 -139.051    360.3    918.1
     1     1    16     4    28    23     0     0   -13.0   58.178 -138.975    320.6    930.4
     1     1    16     4    28    22     0     0   -14.0   57.938 -138.899    288.0    941.4
     1     1    16     4    28    21     0     0   -15.0   57.707 -138.817    260.5    951.6
     1     1    16     4    28    20     0     0   -16.0   57.485 -138.722    236.9    960.7
     1     1    16     4    28    19     0     0   -17.0   57.268 -138.608    216.1    964.5
     1     1    16     4    28    18     0     0   -18.0   57.056 -138.475    198.1    967.9
     1     1    16     4    28    17     0     0   -19.0   56.844 -138.327    182.2    971.1
     1     1    16     4    28    16     0     0   -20.0   56.625 -138.172    167.4    974.5
     1     1    16     4    28    15     0     0   -21.0   56.398 -138.013    153.8    978.1
     1     1    16     4    28    14     0     0   -22.0   56.164 -137.857    141.2    981.9
     1     1    16     4    28    13     0     0   -23.0   55.921 -137.705    129.7    985.8
     1     1    16     4    28    12     0     0   -24.0   55.668 -137.561    119.2    990.0
     1     1    16     4    28    11     0     0   -25.0   55.398 -137.420    109.6    994.7
     1     1    16     4    28    10     0     0   -26.0   55.105 -137.275    100.6    999.5
     1     1    16     4    28     9     0     0   -27.0   54.787 -137.117     91.9   1001.8
     1     1    16     4    28     8     0     0   -28.0   54.448 -136.945     83.5   1002.6
     1     1    16     4    28     7     0     0   -29.0   54.084 -136.758     75.3   1003.7
     1     1    16     4    28     6     0     0   -30.0   53.691 -136.552     67.2   1004.5
     1     1    16     4    28     5     0     0   -31.0   53.285 -136.361     60.4   1006.1
     1     1    16     4    28     4     0     0   -32.0   52.884 -136.211     55.9   1007.3
     1     1    16     4    28     3     0     0   -33.0   52.493 -136.098     53.6   1008.5
     1     1    16     4    28     2     0     0   -34.0   52.120 -136.020     53.3   1008.9
     1     1    16     4    28     1     0     0   -35.0   51.771 -135.978     54.9   1008.9
     1     1    16     4    28     0     0     0   -36.0   51.443 -135.964     58.8   1008.6
     1     1    16     4    27    23     0     0   -37.0   51.133 -135.977     63.1   1007.3
     1     1    16     4    27    22     0     0   -38.0   50.846 -136.017     65.1   1006.5
     1     1    16     4    27    21     0     0   -39.0   50.583 -136.077     64.1   1005.9
     1     1    16     4    27    20     0     0   -40.0   50.346 -136.152     59.9   1005.7
     1     1    16     4    27    19     0     0   -41.0   50.140 -136.239     52.4   1005.8
     1     1    16     4    27    18     0     0   -42.0   49.969 -136.339     42.6   1006.6
     1     1    16     4    27    17     0     0   -43.0   49.824 -136.467     33.6   1007.8
     1     1    16     4    27    16     0     0   -44.0   49.692 -136.632     27.0   1008.4
     1     1    16     4    27    15     0     0   -45.0   49.572 -136.831     22.4   1008.6
     1     1    16     4    27    14     0     0   -46.0   49.462 -137.062     19.0   1008.7
     1     1    16     4    27    13     0     0   -47.0   49.363 -137.324     16.7   1008.5
     1     1    16     4    27    12     0     0   -48.0   49.277 -137.619     15.2   1008.7
     1     1    16     4    27    11     0     0   -49.0   49.190 -137.931     14.2   1009.9
     1     1    16     4    27    10     0     0   -50.0   49.088 -138.245     13.6   1011.1
     1     1    16     4    27     9     0     0   -51.0   48.976 -138.568     13.1   1012.1
     1     1    16     4    27     8     0     0   -52.0   48.857 -138.906     12.8   1013.1
     1     1    16     4    27     7     0     0   -53.0   48.735 -139.267     12.7   1013.9
     1     1    16     4    27     6     0     0   -54.0   48.614 -139.659     12.8   1014.6
     1     1    16     4    27     5     0     0   -55.0   48.491 -140.076     13.2   1014.9
     1     1    16     4    27     4     0     0   -56.0   48.359 -140.510     14.3   1014.8
     1     1    16     4    27     3     0     0   -57.0   48.219 -140.968     16.0   1014.5
     1     1    16     4    27     2     0     0   -58.0   48.076 -141.460     18.4   1014.0
     1     1    16     4    27     1     0     0   -59.0   47.936 -141.999     21.5   1013.3
     1     1    16     4    27     0     0     0   -60.0   47.806 -142.597     25.5   1012.2
     1     1    16     4    26    23     0     0   -61.0   47.670 -143.224     30.3   1009.6
     1     1    16     4    26    22     0     0   -62.0   47.513 -143.848     36.3   1006.9
     1     1    16     4    26    21     0     0   -63.0   47.332 -144.469     44.3   1004.6
     1     1    16     4    26    20     0     0   -64.0   47.126 -145.081     55.2   1002.6
     1     1    16     4    26    19     0     0   -65.0   46.902 -145.686     69.5   1001.1
     1     1    16     4    26    18     0     0   -66.0   46.672 -146.299     86.7    999.0
     1     1    16     4    26    17     0     0   -67.0   46.447 -146.937    103.4    996.5
     1     1    16     4    26    16     0     0   -68.0   46.223 -147.609    116.9    995.3
     1     1    16     4    26    15     0     0   -69.0   45.996 -148.309    127.3    995.0
     1     1    16     4    26    14     0     0   -70.0   45.758 -149.033    134.6    994.7
     1     1    16     4    26    13     0     0   -71.0   45.503 -149.783    139.3    994.2
     1     1    16     4    26    12     0     0   -72.0   45.231 -150.561    142.2    993.3
