     1     1
    CDC1    16     2     1     0     0
     1 BACKWARD OMEGA   
    16     2     9    12   60.984 -139.059   750.0
     1 PRESSURE
     1     1    16     2     9    12     0     0     0.0   60.984 -139.059    750.0    810.7
     1     1    16     2     9    11     0     0    -1.0   60.960 -139.392    758.6    809.3
     1     1    16     2     9    10     0     0    -2.0   60.904 -139.687    759.1    809.8
     1     1    16     2     9     9     0     0    -3.0   60.818 -139.944    751.2    811.6
     1     1    16     2     9     8     0     0    -4.0   60.702 -140.170    734.7    815.2
     1     1    16     2     9     7     0     0    -5.0   60.557 -140.369    709.3    820.5
     1     1    16     2     9     6     0     0    -6.0   60.383 -140.551    674.8    827.3
     1     1    16     2     9     5     0     0    -7.0   60.213 -140.698    637.0    836.1
     1     1    16     2     9     4     0     0    -8.0   60.081 -140.778    601.9    843.0
     1     1    16     2     9     3     0     0    -9.0   59.986 -140.785    570.3    848.2
     1     1    16     2     9     2     0     0   -10.0   59.930 -140.717    543.0    852.6
     1     1    16     2     9     1     0     0   -11.0   59.911 -140.573    519.4    854.9
     1     1    16     2     9     0     0     0   -12.0   59.926 -140.350    498.8    855.1
     1     1    16     2     8    23     0     0   -13.0   59.949 -140.078    480.3    855.6
     1     1    16     2     8    22     0     0   -14.0   59.949 -139.793    462.3    857.7
     1     1    16     2     8    21     0     0   -15.0   59.927 -139.497    445.7    860.8
     1     1    16     2     8    20     0     0   -16.0   59.884 -139.194    431.1    864.2
     1     1    16     2     8    19     0     0   -17.0   59.826 -138.883    419.1    867.8
     1     1    16     2     8    18     0     0   -18.0   59.756 -138.563    410.4    871.2
     1     1    16     2     8    17     0     0   -19.0   59.671 -138.258    402.8    874.2
     1     1    16     2     8    16     0     0   -20.0   59.570 -137.991    393.8    878.4
     1     1    16     2     8    15     0     0   -21.0   59.455 -137.758    383.9    883.4
     1     1    16     2     8    14     0     0   -22.0   59.329 -137.553    373.2    888.9
     1     1    16     2     8    13     0     0   -23.0   59.195 -137.370    361.8    894.3
     1     1    16     2     8    12     0     0   -24.0   59.053 -137.203    350.0    899.8
     1     1    16     2     8    11     0     0   -25.0   58.903 -137.052    335.4    905.0
     1     1    16     2     8    10     0     0   -26.0   58.744 -136.921    316.7    911.3
     1     1    16     2     8     9     0     0   -27.0   58.577 -136.810    294.8    918.5
     1     1    16     2     8     8     0     0   -28.0   58.402 -136.721    270.7    926.4
     1     1    16     2     8     7     0     0   -29.0   58.219 -136.658    245.7    935.1
     1     1    16     2     8     6     0     0   -30.0   58.023 -136.622    220.8    944.6
     1     1    16     2     8     5     0     0   -31.0   57.819 -136.594    197.7    953.9
     1     1    16     2     8     4     0     0   -32.0   57.606 -136.557    176.8    962.2
     1     1    16     2     8     3     0     0   -33.0   57.381 -136.516    157.7    968.7
     1     1    16     2     8     2     0     0   -34.0   57.146 -136.469    140.1    973.5
     1     1    16     2     8     1     0     0   -35.0   56.903 -136.416    124.4    978.5
     1     1    16     2     8     0     0     0   -36.0   56.654 -136.361    111.0    983.5
     1     1    16     2     7    23     0     0   -37.0   56.407 -136.288     99.2    987.7
     1     1    16     2     7    22     0     0   -38.0   56.171 -136.187     88.3    991.8
     1     1    16     2     7    21     0     0   -39.0   55.942 -136.071     77.8    996.0
     1     1    16     2     7    20     0     0   -40.0   55.714 -135.956     67.5    999.9
     1     1    16     2     7    19     0     0   -41.0   55.483 -135.860     57.2   1004.0
     1     1    16     2     7    18     0     0   -42.0   55.241 -135.801     46.8   1008.6
     1     1    16     2     7    17     0     0   -43.0   54.986 -135.747     37.7   1012.9
     1     1    16     2     7    16     0     0   -44.0   54.724 -135.639     31.0   1012.9
     1     1    16     2     7    15     0     0   -45.0   54.453 -135.472     26.1   1012.8
     1     1    16     2     7    14     0     0   -46.0   54.165 -135.265     22.4   1013.0
     1     1    16     2     7    13     0     0   -47.0   53.846 -135.042     19.7   1013.5
     1     1    16     2     7    12     0     0   -48.0   53.485 -134.837     17.4   1013.4
     1     1    16     2     7    11     0     0   -49.0   53.086 -134.651     15.4   1015.0
     1     1    16     2     7    10     0     0   -50.0   52.661 -134.447     13.7   1017.0
     1     1    16     2     7     9     0     0   -51.0   52.216 -134.193     12.2   1017.6
     1     1    16     2     7     8     0     0   -52.0   51.760 -133.876     10.9   1017.7
     1     1    16     2     7     7     0     0   -53.0   51.286 -133.517      9.8   1018.4
     1     1    16     2     7     6     0     0   -54.0   50.776 -133.139      8.7   1019.6
     1     1    16     2     7     5     0     0   -55.0   50.238 -132.758      7.5   1022.2
     1     1    16     2     7     4     0     0   -56.0   49.705 -132.367      6.3   1023.5
     1     1    16     2     7     3     0     0   -57.0   49.202 -131.959      5.3   1022.9
     1     1    16     2     7     2     0     0   -58.0   48.733 -131.535      4.2   1023.0
     1     1    16     2     7     1     0     0   -59.0   48.286 -131.089      3.2   1023.9
     1     1    16     2     7     0     0     0   -60.0   47.854 -130.617      2.4   1025.7
     1     1    16     2     6    23     0     0   -61.0   47.448 -130.172      1.7   1028.2
     1     1    16     2     6    22     0     0   -62.0   47.090 -129.812      1.2   1028.4
     1     1    16     2     6    21     0     0   -63.0   46.786 -129.540      0.7   1028.5
     1     1    16     2     6    20     0     0   -64.0   46.530 -129.338      0.3   1028.7
     1     1    16     2     6    19     0     0   -65.0   46.316 -129.194      0.0   1029.0
     1     1    16     2     6    18     0     0   -66.0   46.139 -129.101      0.0   1029.3
     1     1    16     2     6    17     0     0   -67.0   45.984 -129.055      0.0   1029.2
     1     1    16     2     6    16     0     0   -68.0   45.836 -129.053      0.0   1029.0
     1     1    16     2     6    15     0     0   -69.0   45.694 -129.093      0.0   1028.6
     1     1    16     2     6    14     0     0   -70.0   45.555 -129.175      0.0   1028.0
     1     1    16     2     6    13     0     0   -71.0   45.419 -129.297      0.1   1027.3
     1     1    16     2     6    12     0     0   -72.0   45.286 -129.459      0.3   1026.3
