     1     1
    CDC1    15    11     1     0     0
     1 BACKWARD OMEGA   
    15    11     3     0   60.984 -139.059   750.0
     1 PRESSURE
     1     1    15    11     3     0     0     0     0.0   60.984 -139.059    750.0    809.4
     1     1    15    11     2    23     0     0    -1.0   61.080 -139.396    764.3    806.2
     1     1    15    11     2    22     0     0    -2.0   61.174 -139.718    773.6    803.5
     1     1    15    11     2    21     0     0    -3.0   61.265 -140.023    776.7    801.4
     1     1    15    11     2    20     0     0    -4.0   61.353 -140.312    772.9    800.7
     1     1    15    11     2    19     0     0    -5.0   61.437 -140.587    761.3    800.8
     1     1    15    11     2    18     0     0    -6.0   61.516 -140.846    741.3    801.8
     1     1    15    11     2    17     0     0    -7.0   61.585 -141.111    715.8    804.3
     1     1    15    11     2    16     0     0    -8.0   61.636 -141.401    687.5    807.1
     1     1    15    11     2    15     0     0    -9.0   61.672 -141.714    656.9    810.5
     1     1    15    11     2    14     0     0   -10.0   61.690 -142.051    624.0    814.6
     1     1    15    11     2    13     0     0   -11.0   61.693 -142.410    589.0    819.1
     1     1    15    11     2    12     0     0   -12.0   61.681 -142.788    552.5    824.8
     1     1    15    11     2    11     0     0   -13.0   61.659 -143.175    517.2    831.3
     1     1    15    11     2    10     0     0   -14.0   61.631 -143.562    485.2    837.5
     1     1    15    11     2     9     0     0   -15.0   61.597 -143.948    456.1    843.6
     1     1    15    11     2     8     0     0   -16.0   61.557 -144.332    429.5    849.6
     1     1    15    11     2     7     0     0   -17.0   61.512 -144.712    404.9    855.6
     1     1    15    11     2     6     0     0   -18.0   61.460 -145.088    382.2    861.8
     1     1    15    11     2     5     0     0   -19.0   61.399 -145.430    361.5    868.2
     1     1    15    11     2     4     0     0   -20.0   61.328 -145.712    343.7    873.8
     1     1    15    11     2     3     0     0   -21.0   61.247 -145.934    328.2    879.1
     1     1    15    11     2     2     0     0   -22.0   61.156 -146.097    314.7    884.0
     1     1    15    11     2     1     0     0   -23.0   61.056 -146.207    303.3    888.6
     1     1    15    11     2     0     0     0   -24.0   60.948 -146.267    294.2    892.7
     1     1    15    11     1    23     0     0   -25.0   60.856 -146.294    292.4    896.4
     1     1    15    11     1    22     0     0   -26.0   60.799 -146.310    302.6    897.0
     1     1    15    11     1    21     0     0   -27.0   60.773 -146.319    325.0    895.6
     1     1    15    11     1    20     0     0   -28.0   60.775 -146.325    360.9    892.0
     1     1    15    11     1    19     0     0   -29.0   60.806 -146.332    411.0    885.7
     1     1    15    11     1    18     0     0   -30.0   60.869 -146.346    475.2    876.8
     1     1    15    11     1    17     0     0   -31.0   60.962 -146.380    545.7    865.9
     1     1    15    11     1    16     0     0   -32.0   61.083 -146.442    614.8    856.0
     1     1    15    11     1    15     0     0   -33.0   61.232 -146.532    682.5    844.9
     1     1    15    11     1    14     0     0   -34.0   61.408 -146.651    749.2    833.9
     1     1    15    11     1    13     0     0   -35.0   61.614 -146.800    815.2    822.9
     1     1    15    11     1    12     0     0   -36.0   61.847 -146.981    881.2    811.8
     1     1    15    11     1    11     0     0   -37.0   62.092 -147.204    944.8    799.9
     1     1    15    11     1    10     0     0   -38.0   62.333 -147.473   1001.0    789.5
     1     1    15    11     1     9     0     0   -39.0   62.575 -147.781   1050.0    783.1
     1     1    15    11     1     8     0     0   -40.0   62.814 -148.108   1091.1    783.9
     1     1    15    11     1     7     0     0   -41.0   63.052 -148.441   1121.5    785.8
     1     1    15    11     1     6     0     0   -42.0   63.294 -148.768   1141.5    788.6
     1     1    15    11     1     5     0     0   -43.0   63.533 -149.086   1154.1    792.4
     1     1    15    11     1     4     0     0   -44.0   63.760 -149.396   1162.6    796.1
     1     1    15    11     1     3     0     0   -45.0   63.973 -149.703   1167.4    800.0
     1     1    15    11     1     2     0     0   -46.0   64.173 -150.010   1168.7    803.9
     1     1    15    11     1     1     0     0   -47.0   64.357 -150.321   1166.7    807.8
     1     1    15    11     1     0     0     0   -48.0   64.522 -150.641   1162.0    811.7
