     1     1
    CDC1    16     4     1     0     0
     1 BACKWARD OMEGA   
    16     4    27     0   60.984 -139.059   750.0
     1 PRESSURE
     1     1    16     4    27     0     0     0     0.0   60.984 -139.059    750.0    808.9
     1     1    16     4    26    23     0     0    -1.0   60.770 -138.829    738.8    812.9
     1     1    16     4    26    22     0     0    -2.0   60.547 -138.616    727.7    817.1
     1     1    16     4    26    21     0     0    -3.0   60.317 -138.422    716.3    821.4
     1     1    16     4    26    20     0     0    -4.0   60.080 -138.249    703.9    825.9
     1     1    16     4    26    19     0     0    -5.0   59.839 -138.100    691.0    832.9
     1     1    16     4    26    18     0     0    -6.0   59.597 -137.975    677.3    841.4
     1     1    16     4    26    17     0     0    -7.0   59.353 -137.846    658.4    850.4
     1     1    16     4    26    16     0     0    -8.0   59.105 -137.689    630.5    860.8
     1     1    16     4    26    15     0     0    -9.0   58.855 -137.501    594.5    871.8
     1     1    16     4    26    14     0     0   -10.0   58.609 -137.277    551.7    882.4
     1     1    16     4    26    13     0     0   -11.0   58.371 -137.016    503.8    893.0
     1     1    16     4    26    12     0     0   -12.0   58.143 -136.717    451.8    903.5
     1     1    16     4    26    11     0     0   -13.0   57.930 -136.401    399.5    914.8
     1     1    16     4    26    10     0     0   -14.0   57.730 -136.082    349.5    924.4
     1     1    16     4    26     9     0     0   -15.0   57.536 -135.747    302.3    933.1
     1     1    16     4    26     8     0     0   -16.0   57.345 -135.399    258.3    940.1
     1     1    16     4    26     7     0     0   -17.0   57.154 -135.051    218.2    946.9
     1     1    16     4    26     6     0     0   -18.0   56.961 -134.714    181.3    950.9
     1     1    16     4    26     5     0     0   -19.0   56.751 -134.378    146.9    954.2
     1     1    16     4    26     4     0     0   -20.0   56.512 -134.032    115.0    958.6
     1     1    16     4    26     3     0     0   -21.0   56.242 -133.672     86.2    964.0
     1     1    16     4    26     2     0     0   -22.0   55.943 -133.301     62.2    969.3
     1     1    16     4    26     1     0     0   -23.0   55.622 -132.928     44.7    974.7
     1     1    16     4    26     0     0     0   -24.0   55.283 -132.568     34.0    980.6
     1     1    16     4    25    23     0     0   -25.0   54.949 -132.241     28.2    983.6
     1     1    16     4    25    22     0     0   -26.0   54.644 -131.955     24.3    983.3
     1     1    16     4    25    21     0     0   -27.0   54.363 -131.709     21.1    984.0
     1     1    16     4    25    20     0     0   -28.0   54.104 -131.492     18.6    985.3
     1     1    16     4    25    19     0     0   -29.0   53.866 -131.298     16.8    986.8
     1     1    16     4    25    18     0     0   -30.0   53.648 -131.121     15.6    988.4
     1     1    16     4    25    17     0     0   -31.0   53.444 -130.965     14.6    989.7
     1     1    16     4    25    16     0     0   -32.0   53.246 -130.835     13.8    991.4
     1     1    16     4    25    15     0     0   -33.0   53.056 -130.731     13.1    993.5
     1     1    16     4    25    14     0     0   -34.0   52.875 -130.652     12.5    995.9
     1     1    16     4    25    13     0     0   -35.0   52.702 -130.599     11.9    998.4
     1     1    16     4    25    12     0     0   -36.0   52.540 -130.573     11.5   1001.1
     1     1    16     4    25    11     0     0   -37.0   52.386 -130.577     11.1   1003.1
     1     1    16     4    25    10     0     0   -38.0   52.242 -130.619     10.7   1004.8
     1     1    16     4    25     9     0     0   -39.0   52.104 -130.696     10.4   1006.9
     1     1    16     4    25     8     0     0   -40.0   51.973 -130.807     10.1   1009.1
     1     1    16     4    25     7     0     0   -41.0   51.847 -130.952      9.8   1011.4
     1     1    16     4    25     6     0     0   -42.0   51.724 -131.128      9.6   1013.8
     1     1    16     4    25     5     0     0   -43.0   51.603 -131.334      9.4   1015.9
     1     1    16     4    25     4     0     0   -44.0   51.481 -131.564      9.4   1018.1
     1     1    16     4    25     3     0     0   -45.0   51.357 -131.818      9.5   1020.4
     1     1    16     4    25     2     0     0   -46.0   51.231 -132.092      9.9   1022.7
     1     1    16     4    25     1     0     0   -47.0   51.105 -132.385     10.6   1024.8
     1     1    16     4    25     0     0     0   -48.0   50.981 -132.702     11.6   1025.0
     1     1    16     4    24    23     0     0   -49.0   50.859 -133.041     13.3   1023.9
     1     1    16     4    24    22     0     0   -50.0   50.734 -133.399     15.5   1022.4
     1     1    16     4    24    21     0     0   -51.0   50.603 -133.777     18.4   1020.6
     1     1    16     4    24    20     0     0   -52.0   50.464 -134.179     22.4   1018.2
     1     1    16     4    24    19     0     0   -53.0   50.313 -134.607     27.6   1015.4
     1     1    16     4    24    18     0     0   -54.0   50.148 -135.067     34.3   1012.0
     1     1    16     4    24    17     0     0   -55.0   49.980 -135.562     43.0   1009.3
     1     1    16     4    24    16     0     0   -56.0   49.818 -136.079     53.9   1007.2
     1     1    16     4    24    15     0     0   -57.0   49.659 -136.609     67.4   1005.1
     1     1    16     4    24    14     0     0   -58.0   49.502 -137.150     83.7   1002.4
     1     1    16     4    24    13     0     0   -59.0   49.349 -137.704    101.4    999.9
     1     1    16     4    24    12     0     0   -60.0   49.201 -138.273    118.5    999.1
     1     1    16     4    24    11     0     0   -61.0   49.054 -138.863    133.2    999.1
     1     1    16     4    24    10     0     0   -62.0   48.904 -139.479    144.6    999.5
     1     1    16     4    24     9     0     0   -63.0   48.753 -140.120    153.6   1000.1
     1     1    16     4    24     8     0     0   -64.0   48.606 -140.789    161.0   1000.3
     1     1    16     4    24     7     0     0   -65.0   48.470 -141.491    167.4   1000.2
     1     1    16     4    24     6     0     0   -66.0   48.347 -142.226    173.3    999.7
     1     1    16     4    24     5     0     0   -67.0   48.230 -142.997    180.0    998.2
     1     1    16     4    24     4     0     0   -68.0   48.113 -143.809    189.2    995.8
     1     1    16     4    24     3     0     0   -69.0   47.996 -144.670    201.4    992.9
     1     1    16     4    24     2     0     0   -70.0   47.885 -145.582    216.7    989.2
     1     1    16     4    24     1     0     0   -71.0   47.784 -146.541    234.9    985.1
     1     1    16     4    24     0     0     0   -72.0   47.702 -147.552    255.3    980.5
