     1     1
    CDC1    15    10     1     0     0
     1 BACKWARD OMEGA   
    15    10    26     0   60.984 -139.059   750.0
     1 PRESSURE
     1     1    15    10    26     0     0     0     0.0   60.984 -139.059    750.0    813.6
     1     1    15    10    25    23     0     0    -1.0   61.084 -139.064    781.9    808.5
     1     1    15    10    25    22     0     0    -2.0   61.177 -139.111    808.8    804.3
     1     1    15    10    25    21     0     0    -3.0   61.260 -139.200    830.4    800.8
     1     1    15    10    25    20     0     0    -4.0   61.334 -139.334    846.5    798.1
     1     1    15    10    25    19     0     0    -5.0   61.398 -139.514    856.9    796.2
     1     1    15    10    25    18     0     0    -6.0   61.452 -139.741    861.6    794.9
     1     1    15    10    25    17     0     0    -7.0   61.485 -139.977    863.7    794.5
     1     1    15    10    25    16     0     0    -8.0   61.488 -140.182    866.1    794.6
     1     1    15    10    25    15     0     0    -9.0   61.460 -140.350    868.3    795.3
     1     1    15    10    25    14     0     0   -10.0   61.403 -140.479    870.0    796.3
     1     1    15    10    25    13     0     0   -11.0   61.317 -140.569    870.8    797.8
     1     1    15    10    25    12     0     0   -12.0   61.203 -140.620    870.7    799.9
     1     1    15    10    25    11     0     0   -13.0   61.071 -140.641    867.6    802.3
     1     1    15    10    25    10     0     0   -14.0   60.937 -140.638    859.3    805.4
     1     1    15    10    25     9     0     0   -15.0   60.800 -140.611    845.5    809.0
     1     1    15    10    25     8     0     0   -16.0   60.657 -140.557    826.0    813.1
     1     1    15    10    25     7     0     0   -17.0   60.510 -140.474    800.4    817.8
     1     1    15    10    25     6     0     0   -18.0   60.356 -140.361    768.5    823.1
     1     1    15    10    25     5     0     0   -19.0   60.187 -140.221    732.9    829.5
     1     1    15    10    25     4     0     0   -20.0   59.994 -140.056    695.0    836.2
     1     1    15    10    25     3     0     0   -21.0   59.783 -139.875    656.9    847.3
     1     1    15    10    25     2     0     0   -22.0   59.562 -139.685    619.1    858.7
     1     1    15    10    25     1     0     0   -23.0   59.336 -139.481    582.1    869.6
     1     1    15    10    25     0     0     0   -24.0   59.108 -139.261    546.2    880.2
     1     1    15    10    24    23     0     0   -25.0   58.879 -139.023    509.9    891.0
     1     1    15    10    24    22     0     0   -26.0   58.651 -138.767    472.3    902.2
     1     1    15    10    24    21     0     0   -27.0   58.423 -138.495    434.9    913.5
     1     1    15    10    24    20     0     0   -28.0   58.195 -138.206    398.8    924.8
     1     1    15    10    24    19     0     0   -29.0   57.967 -137.903    364.8    935.4
     1     1    15    10    24    18     0     0   -30.0   57.740 -137.587    333.5    945.3
     1     1    15    10    24    17     0     0   -31.0   57.520 -137.265    306.0    953.8
     1     1    15    10    24    16     0     0   -32.0   57.313 -136.957    282.7    957.4
     1     1    15    10    24    15     0     0   -33.0   57.119 -136.670    263.5    960.5
     1     1    15    10    24    14     0     0   -34.0   56.940 -136.401    247.7    963.6
     1     1    15    10    24    13     0     0   -35.0   56.774 -136.145    234.7    966.6
     1     1    15    10    24    12     0     0   -36.0   56.623 -135.897    223.9    969.4
     1     1    15    10    24    11     0     0   -37.0   56.486 -135.667    215.7    972.0
     1     1    15    10    24    10     0     0   -38.0   56.360 -135.464    209.9    974.2
     1     1    15    10    24     9     0     0   -39.0   56.244 -135.288    206.2    976.3
     1     1    15    10    24     8     0     0   -40.0   56.136 -135.139    204.0    978.2
     1     1    15    10    24     7     0     0   -41.0   56.034 -135.016    202.9    980.0
     1     1    15    10    24     6     0     0   -42.0   55.937 -134.919    202.7    981.0
     1     1    15    10    24     5     0     0   -43.0   55.844 -134.843    204.0    981.6
     1     1    15    10    24     4     0     0   -44.0   55.755 -134.788    207.5    982.1
     1     1    15    10    24     3     0     0   -45.0   55.672 -134.753    213.4    982.4
     1     1    15    10    24     2     0     0   -46.0   55.593 -134.739    221.8    982.7
     1     1    15    10    24     1     0     0   -47.0   55.520 -134.746    233.0    982.7
     1     1    15    10    24     0     0     0   -48.0   55.451 -134.775    247.1    982.7
     1     1    15    10    23    23     0     0   -49.0   55.390 -134.820    260.3    981.9
     1     1    15    10    23    22     0     0   -50.0   55.341 -134.873    268.8    982.1
     1     1    15    10    23    21     0     0   -51.0   55.304 -134.934    271.9    982.8
     1     1    15    10    23    20     0     0   -52.0   55.279 -135.004    269.3    984.0
     1     1    15    10    23    19     0     0   -53.0   55.266 -135.081    260.7    985.1
     1     1    15    10    23    18     0     0   -54.0   55.263 -135.166    246.1    986.8
     1     1    15    10    23    17     0     0   -55.0   55.267 -135.267    229.9    989.4
     1     1    15    10    23    16     0     0   -56.0   55.274 -135.389    216.9    991.1
     1     1    15    10    23    15     0     0   -57.0   55.284 -135.535    207.0    992.3
     1     1    15    10    23    14     0     0   -58.0   55.296 -135.705    200.3    993.2
     1     1    15    10    23    13     0     0   -59.0   55.311 -135.899    196.9    993.4
     1     1    15    10    23    12     0     0   -60.0   55.329 -136.117    196.8    993.4
     1     1    15    10    23    11     0     0   -61.0   55.344 -136.347    198.1    993.1
     1     1    15    10    23    10     0     0   -62.0   55.354 -136.575    198.6    993.2
     1     1    15    10    23     9     0     0   -63.0   55.361 -136.805    198.6    993.4
     1     1    15    10    23     8     0     0   -64.0   55.366 -137.038    198.2    993.6
     1     1    15    10    23     7     0     0   -65.0   55.372 -137.279    197.6    993.9
     1     1    15    10    23     6     0     0   -66.0   55.382 -137.529    196.9    994.1
     1     1    15    10    23     5     0     0   -67.0   55.384 -137.790    195.2    993.4
     1     1    15    10    23     4     0     0   -68.0   55.369 -138.067    192.1    993.0
     1     1    15    10    23     3     0     0   -69.0   55.339 -138.361    187.8    992.9
     1     1    15    10    23     2     0     0   -70.0   55.298 -138.675    182.2    992.9
     1     1    15    10    23     1     0     0   -71.0   55.247 -139.013    175.8    993.0
     1     1    15    10    23     0     0     0   -72.0   55.189 -139.376    168.5    993.1
