     1     1
    CDC1    16     2     1     0     0
     1 BACKWARD OMEGA   
    16     2    25    12   60.984 -139.059   750.0
     1 PRESSURE
     1     1    16     2    25    12     0     0     0.0   60.984 -139.059    750.0    804.6
     1     1    16     2    25    11     0     0    -1.0   60.552 -138.973    712.1    813.7
     1     1    16     2    25    10     0     0    -2.0   60.103 -138.807    644.3    828.1
     1     1    16     2    25     9     0     0    -3.0   59.646 -138.564    556.6    850.9
     1     1    16     2    25     8     0     0    -4.0   59.199 -138.272    464.9    875.1
     1     1    16     2    25     7     0     0    -5.0   58.763 -137.948    377.5    899.0
     1     1    16     2    25     6     0     0    -6.0   58.337 -137.597    300.9    920.3
     1     1    16     2    25     5     0     0    -7.0   57.920 -137.196    241.2    939.1
     1     1    16     2    25     4     0     0    -8.0   57.509 -136.712    196.1    954.0
     1     1    16     2    25     3     0     0    -9.0   57.103 -136.156    159.8    960.0
     1     1    16     2    25     2     0     0   -10.0   56.704 -135.554    130.2    966.7
     1     1    16     2    25     1     0     0   -11.0   56.310 -134.916    107.0    973.4
     1     1    16     2    25     0     0     0   -12.0   55.914 -134.262     88.7    975.6
     1     1    16     2    24    23     0     0   -13.0   55.531 -133.623     74.3    978.8
     1     1    16     2    24    22     0     0   -14.0   55.185 -133.010     64.0    981.5
     1     1    16     2    24    21     0     0   -15.0   54.882 -132.425     57.7    981.8
     1     1    16     2    24    20     0     0   -16.0   54.616 -131.898     53.3    976.0
     1     1    16     2    24    19     0     0   -17.0   54.381 -131.441     49.1    972.0
     1     1    16     2    24    18     0     0   -18.0   54.172 -131.043     45.0    969.0
     1     1    16     2    24    17     0     0   -19.0   53.976 -130.674     41.3    966.7
     1     1    16     2    24    16     0     0   -20.0   53.782 -130.306     38.1    964.9
     1     1    16     2    24    15     0     0   -21.0   53.589 -129.928     35.2    963.2
     1     1    16     2    24    14     0     0   -22.0   53.396 -129.536     32.7    960.6
     1     1    16     2    24    13     0     0   -23.0   53.205 -129.128     30.5    957.4
     1     1    16     2    24    12     0     0   -24.0   53.016 -128.700     28.5    953.6
     1     1    16     2    24    11     0     0   -25.0   52.846 -128.282     27.2    949.3
     1     1    16     2    24    10     0     0   -26.0   52.709 -127.907     27.2    944.8
     1     1    16     2    24     9     0     0   -27.0   52.604 -127.585     28.7    940.4
     1     1    16     2    24     8     0     0   -28.0   52.526 -127.316     32.1    936.3
     1     1    16     2    24     7     0     0   -29.0   52.470 -127.096     37.3    932.5
     1     1    16     2    24     6     0     0   -30.0   52.428 -126.919     44.7    929.1
     1     1    16     2    24     5     0     0   -31.0   52.388 -126.750     53.7    925.8
     1     1    16     2    24     4     0     0   -32.0   52.339 -126.562     63.2    922.4
     1     1    16     2    24     3     0     0   -33.0   52.283 -126.353     73.1    918.7
     1     1    16     2    24     2     0     0   -34.0   52.222 -126.124     83.4    914.2
     1     1    16     2    24     1     0     0   -35.0   52.156 -125.875     94.3    909.3
     1     1    16     2    24     0     0     0   -36.0   52.088 -125.606    105.8    904.2
     1     1    16     2    23    23     0     0   -37.0   52.027 -125.332    118.3    899.9
     1     1    16     2    23    22     0     0   -38.0   51.985 -125.063    132.3    895.3
     1     1    16     2    23    21     0     0   -39.0   51.959 -124.801    149.0    891.3
     1     1    16     2    23    20     0     0   -40.0   51.949 -124.545    169.9    886.9
     1     1    16     2    23    19     0     0   -41.0   51.957 -124.296    195.8    881.9
     1     1    16     2    23    18     0     0   -42.0   51.985 -124.056    227.4    875.2
     1     1    16     2    23    17     0     0   -43.0   52.020 -123.846    263.0    867.8
     1     1    16     2    23    16     0     0   -44.0   52.044 -123.684    300.3    861.4
     1     1    16     2    23    15     0     0   -45.0   52.058 -123.568    338.4    855.9
     1     1    16     2    23    14     0     0   -46.0   52.060 -123.500    376.5    851.2
     1     1    16     2    23    13     0     0   -47.0   52.052 -123.476    413.8    846.7
     1     1    16     2    23    12     0     0   -48.0   52.031 -123.493    449.8    843.2
     1     1    16     2    23    11     0     0   -49.0   52.010 -123.536    487.7    840.4
     1     1    16     2    23    10     0     0   -50.0   52.004 -123.593    531.4    836.8
     1     1    16     2    23     9     0     0   -51.0   52.011 -123.664    581.3    832.8
     1     1    16     2    23     8     0     0   -52.0   52.032 -123.751    637.4    827.8
     1     1    16     2    23     7     0     0   -53.0   52.068 -123.853    699.6    821.9
     1     1    16     2    23     6     0     0   -54.0   52.120 -123.971    768.0    815.6
     1     1    16     2    23     5     0     0   -55.0   52.176 -124.107    837.9    809.1
     1     1    16     2    23     4     0     0   -56.0   52.224 -124.258    904.0    803.8
     1     1    16     2    23     3     0     0   -57.0   52.263 -124.422    967.0    798.5
     1     1    16     2    23     2     0     0   -58.0   52.295 -124.599   1027.6    793.9
     1     1    16     2    23     1     0     0   -59.0   52.320 -124.787   1086.1    789.9
     1     1    16     2    23     0     0     0   -60.0   52.336 -124.984   1143.1    786.3
     1     1    16     2    22    23     0     0   -61.0   52.347 -125.187   1196.2    783.9
     1     1    16     2    22    22     0     0   -62.0   52.355 -125.395   1239.9    782.8
     1     1    16     2    22    21     0     0   -63.0   52.361 -125.608   1274.9    782.5
     1     1    16     2    22    20     0     0   -64.0   52.366 -125.828   1301.4    783.2
     1     1    16     2    22    19     0     0   -65.0   52.373 -126.057   1319.9    784.8
     1     1    16     2    22    18     0     0   -66.0   52.383 -126.297   1330.7    787.3
     1     1    16     2    22    17     0     0   -67.0   52.388 -126.546   1335.6    790.5
     1     1    16     2    22    16     0     0   -68.0   52.377 -126.797   1335.0    794.3
     1     1    16     2    22    15     0     0   -69.0   52.350 -127.051   1328.5    799.0
     1     1    16     2    22    14     0     0   -70.0   52.307 -127.308   1315.6    804.7
     1     1    16     2    22    13     0     0   -71.0   52.247 -127.568   1295.4    811.5
     1     1    16     2    22    12     0     0   -72.0   52.172 -127.830   1267.3    819.5
