     1     1
    CDC1    16     3     1     0     0
     1 BACKWARD OMEGA   
    16     3    10    12   60.984 -139.059   750.0
     1 PRESSURE
     1     1    16     3    10    12     0     0     0.0   60.984 -139.059    750.0    791.2
     1     1    16     3    10    11     0     0    -1.0   60.871 -138.703    758.3    792.2
     1     1    16     3    10    10     0     0    -2.0   60.745 -138.339    765.7    793.5
     1     1    16     3    10     9     0     0    -3.0   60.603 -137.968    771.8    795.1
     1     1    16     3    10     8     0     0    -4.0   60.444 -137.592    775.9    797.2
     1     1    16     3    10     7     0     0    -5.0   60.264 -137.212    777.3    799.4
     1     1    16     3    10     6     0     0    -6.0   60.063 -136.831    775.2    802.0
     1     1    16     3    10     5     0     0    -7.0   59.851 -136.457    768.9    806.6
     1     1    16     3    10     4     0     0    -8.0   59.638 -136.105    756.2    812.6
     1     1    16     3    10     3     0     0    -9.0   59.419 -135.782    735.5    819.5
     1     1    16     3    10     2     0     0   -10.0   59.190 -135.488    705.7    827.7
     1     1    16     3    10     1     0     0   -11.0   58.946 -135.223    665.8    837.5
     1     1    16     3    10     0     0     0   -12.0   58.683 -134.988    615.5    849.2
     1     1    16     3     9    23     0     0   -13.0   58.407 -134.756    563.2    860.0
     1     1    16     3     9    22     0     0   -14.0   58.129 -134.500    517.4    868.5
     1     1    16     3     9    21     0     0   -15.0   57.851 -134.220    477.5    875.8
     1     1    16     3     9    20     0     0   -16.0   57.577 -133.917    442.3    881.6
     1     1    16     3     9    19     0     0   -17.0   57.308 -133.604    411.8    886.1
     1     1    16     3     9    18     0     0   -18.0   57.041 -133.296    385.9    890.2
     1     1    16     3     9    17     0     0   -19.0   56.774 -133.002    362.7    894.2
     1     1    16     3     9    16     0     0   -20.0   56.510 -132.720    340.3    898.6
     1     1    16     3     9    15     0     0   -21.0   56.247 -132.440    318.3    903.1
     1     1    16     3     9    14     0     0   -22.0   55.982 -132.160    295.8    906.7
     1     1    16     3     9    13     0     0   -23.0   55.712 -131.877    271.5    910.6
     1     1    16     3     9    12     0     0   -24.0   55.437 -131.586    244.5    915.0
     1     1    16     3     9    11     0     0   -25.0   55.160 -131.299    215.3    920.5
     1     1    16     3     9    10     0     0   -26.0   54.884 -131.026    185.6    925.3
     1     1    16     3     9     9     0     0   -27.0   54.612 -130.773    157.1    928.9
     1     1    16     3     9     8     0     0   -28.0   54.343 -130.538    131.3    933.0
     1     1    16     3     9     7     0     0   -29.0   54.075 -130.311    108.8    937.4
     1     1    16     3     9     6     0     0   -30.0   53.807 -130.080     90.0    941.9
     1     1    16     3     9     5     0     0   -31.0   53.546 -129.855     75.5    945.7
     1     1    16     3     9     4     0     0   -32.0   53.300 -129.652     64.7    948.0
     1     1    16     3     9     3     0     0   -33.0   53.069 -129.469     56.2    950.2
     1     1    16     3     9     2     0     0   -34.0   52.854 -129.300     49.6    952.2
     1     1    16     3     9     1     0     0   -35.0   52.654 -129.141     44.5    953.9
     1     1    16     3     9     0     0     0   -36.0   52.471 -128.991     40.8    955.0
     1     1    16     3     8    23     0     0   -37.0   52.288 -128.844     36.7    954.7
     1     1    16     3     8    22     0     0   -38.0   52.090 -128.699     30.7    955.2
     1     1    16     3     8    21     0     0   -39.0   51.879 -128.555     23.6    956.4
     1     1    16     3     8    20     0     0   -40.0   51.657 -128.410     16.5    958.1
     1     1    16     3     8    19     0     0   -41.0   51.424 -128.262     10.7    960.0
     1     1    16     3     8    18     0     0   -42.0   51.175 -128.112      5.5    961.1
     1     1    16     3     8    17     0     0   -43.0   50.915 -127.962      0.6    963.0
     1     1    16     3     8    16     0     0   -44.0   50.651 -127.812      0.0    965.2
     1     1    16     3     8    15     0     0   -45.0   50.385 -127.659      0.0    967.7
     1     1    16     3     8    14     0     0   -46.0   50.116 -127.506      0.0    970.4
     1     1    16     3     8    13     0     0   -47.0   49.847 -127.354      0.0    972.8
     1     1    16     3     8    12     0     0   -48.0   49.579 -127.205      0.0    975.7
     1     1    16     3     8    11     0     0   -49.0   49.316 -127.068      0.0    979.1
     1     1    16     3     8    10     0     0   -50.0   49.062 -126.956      0.0    983.0
     1     1    16     3     8     9     0     0   -51.0   48.816 -126.873      0.0    987.3
     1     1    16     3     8     8     0     0   -52.0   48.581 -126.823      0.0    992.1
     1     1    16     3     8     7     0     0   -53.0   48.356 -126.810      0.0    997.1
     1     1    16     3     8     6     0     0   -54.0   48.142 -126.839      0.0   1002.3
     1     1    16     3     8     5     0     0   -55.0   47.944 -126.908      0.0   1007.0
     1     1    16     3     8     4     0     0   -56.0   47.768 -127.009      0.0   1011.2
     1     1    16     3     8     3     0     0   -57.0   47.617 -127.143      0.0   1015.0
     1     1    16     3     8     2     0     0   -58.0   47.493 -127.308      0.0   1018.2
     1     1    16     3     8     1     0     0   -59.0   47.398 -127.502      0.0   1019.3
     1     1    16     3     8     0     0     0   -60.0   47.331 -127.719      0.0   1019.2
     1     1    16     3     7    23     0     0   -61.0   47.284 -127.966      0.0   1018.4
     1     1    16     3     7    22     0     0   -62.0   47.249 -128.252      0.0   1017.6
     1     1    16     3     7    21     0     0   -63.0   47.231 -128.579      0.0   1016.6
     1     1    16     3     7    20     0     0   -64.0   47.234 -128.949      0.0   1015.6
     1     1    16     3     7    19     0     0   -65.0   47.264 -129.367      0.0   1014.6
     1     1    16     3     7    18     0     0   -66.0   47.326 -129.835      0.0   1013.6
     1     1    16     3     7    17     0     0   -67.0   47.401 -130.329      0.0   1012.1
     1     1    16     3     7    16     0     0   -68.0   47.462 -130.818      0.0   1010.5
     1     1    16     3     7    15     0     0   -69.0   47.511 -131.314      0.0   1008.7
     1     1    16     3     7    14     0     0   -70.0   47.548 -131.830      0.0   1006.8
     1     1    16     3     7    13     0     0   -71.0   47.575 -132.382      0.0   1004.9
     1     1    16     3     7    12     0     0   -72.0   47.601 -132.979      0.0   1003.5
