     1     1
    CDC1    15    10     1     0     0
     1 BACKWARD OMEGA   
    15    10    11    18   60.984 -139.059   750.0
     1 PRESSURE
     1     1    15    10    11    18     0     0     0.0   60.984 -139.059    750.0    799.4
     1     1    15    10    11    17     0     0    -1.0   60.800 -138.772    749.3    801.9
     1     1    15    10    11    16     0     0    -2.0   60.611 -138.524    741.9    805.5
     1     1    15    10    11    15     0     0    -3.0   60.419 -138.326    727.7    809.8
     1     1    15    10    11    14     0     0    -4.0   60.228 -138.186    706.7    814.8
     1     1    15    10    11    13     0     0    -5.0   60.040 -138.113    678.9    820.6
     1     1    15    10    11    12     0     0    -6.0   59.858 -138.108    645.4    829.3
     1     1    15    10    11    11     0     0    -7.0   59.679 -138.131    609.1    838.8
     1     1    15    10    11    10     0     0    -8.0   59.498 -138.154    573.0    847.6
     1     1    15    10    11     9     0     0    -9.0   59.315 -138.187    538.3    856.5
     1     1    15    10    11     8     0     0   -10.0   59.130 -138.241    505.5    865.4
     1     1    15    10    11     7     0     0   -11.0   58.942 -138.327    475.0    874.4
     1     1    15    10    11     6     0     0   -12.0   58.750 -138.453    447.3    883.5
     1     1    15    10    11     5     0     0   -13.0   58.556 -138.592    420.7    892.7
     1     1    15    10    11     4     0     0   -14.0   58.366 -138.717    392.7    902.4
     1     1    15    10    11     3     0     0   -15.0   58.178 -138.826    363.7    911.8
     1     1    15    10    11     2     0     0   -16.0   57.990 -138.920    334.8    921.0
     1     1    15    10    11     1     0     0   -17.0   57.803 -138.996    306.4    930.1
     1     1    15    10    11     0     0     0   -18.0   57.614 -139.057    278.8    939.4
     1     1    15    10    10    23     0     0   -19.0   57.421 -139.099    254.0    946.8
     1     1    15    10    10    22     0     0   -20.0   57.222 -139.136    233.7    950.5
     1     1    15    10    10    21     0     0   -21.0   57.022 -139.181    217.2    953.9
     1     1    15    10    10    20     0     0   -22.0   56.819 -139.236    203.7    956.9
     1     1    15    10    10    19     0     0   -23.0   56.611 -139.305    192.6    959.3
     1     1    15    10    10    18     0     0   -24.0   56.398 -139.389    183.2    961.5
     1     1    15    10    10    17     0     0   -25.0   56.176 -139.500    174.4    963.8
     1     1    15    10    10    16     0     0   -26.0   55.943 -139.642    165.4    966.1
     1     1    15    10    10    15     0     0   -27.0   55.696 -139.812    156.6    968.3
     1     1    15    10    10    14     0     0   -28.0   55.435 -140.004    148.2    970.1
     1     1    15    10    10    13     0     0   -29.0   55.161 -140.207    140.4    971.8
     1     1    15    10    10    12     0     0   -30.0   54.880 -140.415    133.2    972.7
     1     1    15    10    10    11     0     0   -31.0   54.606 -140.658    126.9    972.7
     1     1    15    10    10    10     0     0   -32.0   54.343 -140.961    121.4    972.6
     1     1    15    10    10     9     0     0   -33.0   54.086 -141.301    116.7    972.4
     1     1    15    10    10     8     0     0   -34.0   53.830 -141.659    112.8    972.3
     1     1    15    10    10     7     0     0   -35.0   53.570 -142.018    109.6    972.2
     1     1    15    10    10     6     0     0   -36.0   53.301 -142.363    107.2    972.1
     1     1    15    10    10     5     0     0   -37.0   53.038 -142.715    106.0    972.0
     1     1    15    10    10     4     0     0   -38.0   52.795 -143.100    105.6    972.0
     1     1    15    10    10     3     0     0   -39.0   52.567 -143.516    106.1    972.0
     1     1    15    10    10     2     0     0   -40.0   52.350 -143.961    107.0    972.1
     1     1    15    10    10     1     0     0   -41.0   52.139 -144.428    108.5    972.1
     1     1    15    10    10     0     0     0   -42.0   51.927 -144.908    110.2    971.8
     1     1    15    10     9    23     0     0   -43.0   51.730 -145.388    111.7    971.2
     1     1    15    10     9    22     0     0   -44.0   51.563 -145.855    112.6    970.6
     1     1    15    10     9    21     0     0   -45.0   51.419 -146.306    112.9    969.9
     1     1    15    10     9    20     0     0   -46.0   51.290 -146.733    112.6    969.2
     1     1    15    10     9    19     0     0   -47.0   51.170 -147.133    111.9    968.6
     1     1    15    10     9    18     0     0   -48.0   51.055 -147.503    110.6    968.1
     1     1    15    10     9    17     0     0   -49.0   50.940 -147.847    109.2    968.6
     1     1    15    10     9    16     0     0   -50.0   50.825 -148.174    107.6    969.1
     1     1    15    10     9    15     0     0   -51.0   50.713 -148.486    105.8    969.6
     1     1    15    10     9    14     0     0   -52.0   50.604 -148.787    104.1    970.3
     1     1    15    10     9    13     0     0   -53.0   50.500 -149.080    102.2    970.9
     1     1    15    10     9    12     0     0   -54.0   50.402 -149.367    100.4    971.7
     1     1    15    10     9    11     0     0   -55.0   50.300 -149.662     98.8    972.7
     1     1    15    10     9    10     0     0   -56.0   50.186 -149.980     97.8    973.6
     1     1    15    10     9     9     0     0   -57.0   50.065 -150.318     97.4    974.0
     1     1    15    10     9     8     0     0   -58.0   49.940 -150.672     97.7    974.3
     1     1    15    10     9     7     0     0   -59.0   49.811 -151.034     98.6    974.5
     1     1    15    10     9     6     0     0   -60.0   49.680 -151.399    100.1    974.6
     1     1    15    10     9     5     0     0   -61.0   49.546 -151.783    102.3    974.2
     1     1    15    10     9     4     0     0   -62.0   49.414 -152.201    105.1    973.7
     1     1    15    10     9     3     0     0   -63.0   49.289 -152.650    108.5    972.8
     1     1    15    10     9     2     0     0   -64.0   49.183 -153.123    112.6    971.5
     1     1    15    10     9     1     0     0   -65.0   49.103 -153.616    117.3    970.2
     1     1    15    10     9     0     0     0   -66.0   49.050 -154.128    122.6    969.0
     1     1    15    10     8    23     0     0   -67.0   49.031 -154.664    128.2    967.5
     1     1    15    10     8    22     0     0   -68.0   49.053 -155.229    133.9    966.0
     1     1    15    10     8    21     0     0   -69.0   49.117 -155.815    139.6    964.8
     1     1    15    10     8    20     0     0   -70.0   49.225 -156.418    145.4    963.4
     1     1    15    10     8    19     0     0   -71.0   49.379 -157.039    151.5    961.7
     1     1    15    10     8    18     0     0   -72.0   49.583 -157.678    157.9    960.2
