     1     1
    CDC1    16     2     1     0     0
     1 BACKWARD OMEGA   
    16     2    24    12   60.984 -139.059   750.0
     1 PRESSURE
     1     1    16     2    24    12     0     0     0.0   60.984 -139.059    750.0    806.5
     1     1    16     2    24    11     0     0    -1.0   60.502 -138.661    676.2    820.9
     1     1    16     2    24    10     0     0    -2.0   60.025 -138.169    586.4    838.9
     1     1    16     2    24     9     0     0    -3.0   59.581 -137.595    501.5    862.3
     1     1    16     2    24     8     0     0    -4.0   59.186 -136.968    433.2    880.1
     1     1    16     2    24     7     0     0    -5.0   58.837 -136.292    379.0    894.1
     1     1    16     2    24     6     0     0    -6.0   58.531 -135.582    336.5    903.6
     1     1    16     2    24     5     0     0    -7.0   58.263 -134.878    304.3    910.4
     1     1    16     2    24     4     0     0    -8.0   58.015 -134.207    280.4    911.1
     1     1    16     2    24     3     0     0    -9.0   57.774 -133.560    264.3    909.7
     1     1    16     2    24     2     0     0   -10.0   57.532 -132.928    254.8    906.3
     1     1    16     2    24     1     0     0   -11.0   57.288 -132.320    252.1    902.2
     1     1    16     2    24     0     0     0   -12.0   57.053 -131.752    256.4    897.0
     1     1    16     2    23    23     0     0   -13.0   56.833 -131.221    267.4    891.7
     1     1    16     2    23    22     0     0   -14.0   56.628 -130.714    285.0    885.8
     1     1    16     2    23    21     0     0   -15.0   56.437 -130.226    309.4    879.2
     1     1    16     2    23    20     0     0   -16.0   56.262 -129.755    340.6    873.5
     1     1    16     2    23    19     0     0   -17.0   56.116 -129.301    377.5    867.9
     1     1    16     2    23    18     0     0   -18.0   56.008 -128.871    418.7    860.4
     1     1    16     2    23    17     0     0   -19.0   55.935 -128.497    462.5    852.5
     1     1    16     2    23    16     0     0   -20.0   55.884 -128.208    507.7    845.4
     1     1    16     2    23    15     0     0   -21.0   55.851 -128.004    554.6    838.9
     1     1    16     2    23    14     0     0   -22.0   55.828 -127.883    603.1    833.3
     1     1    16     2    23    13     0     0   -23.0   55.814 -127.843    652.0    827.7
     1     1    16     2    23    12     0     0   -24.0   55.810 -127.875    700.2    823.1
     1     1    16     2    23    11     0     0   -25.0   55.815 -127.942    748.2    819.2
     1     1    16     2    23    10     0     0   -26.0   55.833 -128.015    796.6    815.1
     1     1    16     2    23     9     0     0   -27.0   55.864 -128.094    845.6    811.0
     1     1    16     2    23     8     0     0   -28.0   55.908 -128.183    895.1    806.7
     1     1    16     2    23     7     0     0   -29.0   55.965 -128.284    945.2    801.7
     1     1    16     2    23     6     0     0   -30.0   56.035 -128.399    995.5    796.7
     1     1    16     2    23     5     0     0   -31.0   56.107 -128.542   1046.8    791.8
     1     1    16     2    23     4     0     0   -32.0   56.171 -128.720   1099.3    787.4
     1     1    16     2    23     3     0     0   -33.0   56.224 -128.930   1153.4    783.5
     1     1    16     2    23     2     0     0   -34.0   56.265 -129.169   1209.4    780.1
     1     1    16     2    23     1     0     0   -35.0   56.292 -129.433   1267.9    777.0
     1     1    16     2    23     0     0     0   -36.0   56.306 -129.721   1329.7    773.8
     1     1    16     2    22    23     0     0   -37.0   56.309 -130.012   1390.4    770.1
     1     1    16     2    22    22     0     0   -38.0   56.309 -130.286   1444.3    768.9
     1     1    16     2    22    21     0     0   -39.0   56.304 -130.544   1489.4    768.5
     1     1    16     2    22    20     0     0   -40.0   56.297 -130.789   1525.5    768.8
     1     1    16     2    22    19     0     0   -41.0   56.289 -131.022   1552.7    769.9
     1     1    16     2    22    18     0     0   -42.0   56.282 -131.248   1570.8    771.7
     1     1    16     2    22    17     0     0   -43.0   56.265 -131.478   1585.5    774.4
     1     1    16     2    22    16     0     0   -44.0   56.230 -131.722   1603.7    776.9
     1     1    16     2    22    15     0     0   -45.0   56.181 -131.978   1623.9    779.7
     1     1    16     2    22    14     0     0   -46.0   56.119 -132.248   1644.9    782.9
     1     1    16     2    22    13     0     0   -47.0   56.049 -132.530   1665.3    786.6
     1     1    16     2    22    12     0     0   -48.0   55.971 -132.825   1682.0    789.5
     1     1    16     2    22    11     0     0   -49.0   55.881 -133.116   1690.5    792.6
     1     1    16     2    22    10     0     0   -50.0   55.775 -133.392   1690.2    797.2
     1     1    16     2    22     9     0     0   -51.0   55.657 -133.653   1682.2    802.6
     1     1    16     2    22     8     0     0   -52.0   55.529 -133.903   1668.6    808.5
     1     1    16     2    22     7     0     0   -53.0   55.394 -134.142   1651.6    814.7
     1     1    16     2    22     6     0     0   -54.0   55.255 -134.373   1633.4    821.1
     1     1    16     2    22     5     0     0   -55.0   55.103 -134.566   1611.1    826.9
     1     1    16     2    22     4     0     0   -56.0   54.927 -134.692   1584.9    832.1
     1     1    16     2    22     3     0     0   -57.0   54.727 -134.764   1555.0    835.6
     1     1    16     2    22     2     0     0   -58.0   54.503 -134.795   1523.6    838.7
     1     1    16     2    22     1     0     0   -59.0   54.256 -134.799   1491.8    841.7
     1     1    16     2    22     0     0     0   -60.0   53.988 -134.792   1460.4    844.7
     1     1    16     2    21    23     0     0   -61.0   53.704 -134.798   1431.4    848.1
     1     1    16     2    21    22     0     0   -62.0   53.407 -134.837   1406.7    851.1
     1     1    16     2    21    21     0     0   -63.0   53.099 -134.913   1386.3    853.6
     1     1    16     2    21    20     0     0   -64.0   52.782 -135.029   1370.2    855.3
     1     1    16     2    21    19     0     0   -65.0   52.459 -135.191   1357.9    855.8
     1     1    16     2    21    18     0     0   -66.0   52.128 -135.392   1348.6    854.8
     1     1    16     2    21    17     0     0   -67.0   51.783 -135.612   1338.8    853.1
     1     1    16     2    21    16     0     0   -68.0   51.424 -135.846   1327.2    852.1
     1     1    16     2    21    15     0     0   -69.0   51.060 -136.113   1313.8    851.2
     1     1    16     2    21    14     0     0   -70.0   50.704 -136.433   1299.9    850.5
     1     1    16     2    21    13     0     0   -71.0   50.367 -136.828   1287.3    849.5
     1     1    16     2    21    12     0     0   -72.0   50.059 -137.321   1279.2    848.2
