     1     1
    CDC1    16     4     1     0     0
     1 BACKWARD OMEGA   
    16     4    13     0   60.984 -139.059   750.0
     1 PRESSURE
     1     1    16     4    13     0     0     0     0.0   60.984 -139.059    750.0    801.2
     1     1    16     4    12    23     0     0    -1.0   60.934 -138.541    757.3    800.6
     1     1    16     4    12    22     0     0    -2.0   60.874 -138.030    760.9    800.7
     1     1    16     4    12    21     0     0    -3.0   60.805 -137.524    761.5    801.2
     1     1    16     4    12    20     0     0    -4.0   60.731 -137.027    759.4    801.2
     1     1    16     4    12    19     0     0    -5.0   60.655 -136.541    755.7    801.5
     1     1    16     4    12    18     0     0    -6.0   60.580 -136.065    751.5    801.9
     1     1    16     4    12    17     0     0    -7.0   60.504 -135.615    749.2    802.5
     1     1    16     4    12    16     0     0    -8.0   60.429 -135.208    749.7    802.7
     1     1    16     4    12    15     0     0    -9.0   60.357 -134.842    752.3    802.3
     1     1    16     4    12    14     0     0   -10.0   60.289 -134.519    756.2    801.1
     1     1    16     4    12    13     0     0   -11.0   60.228 -134.236    761.2    800.0
     1     1    16     4    12    12     0     0   -12.0   60.175 -133.992    767.1    798.9
     1     1    16     4    12    11     0     0   -13.0   60.125 -133.797    771.7    798.2
     1     1    16     4    12    10     0     0   -14.0   60.073 -133.663    772.2    798.5
     1     1    16     4    12     9     0     0   -15.0   60.017 -133.589    769.3    799.6
     1     1    16     4    12     8     0     0   -16.0   59.957 -133.572    763.0    801.9
     1     1    16     4    12     7     0     0   -17.0   59.891 -133.609    753.6    805.0
     1     1    16     4    12     6     0     0   -18.0   59.818 -133.696    741.1    809.1
     1     1    16     4    12     5     0     0   -19.0   59.734 -133.798    727.7    813.3
     1     1    16     4    12     4     0     0   -20.0   59.637 -133.886    716.2    817.4
     1     1    16     4    12     3     0     0   -21.0   59.529 -133.960    706.5    821.5
     1     1    16     4    12     2     0     0   -22.0   59.409 -134.018    698.5    825.7
     1     1    16     4    12     1     0     0   -23.0   59.279 -134.062    692.3    830.0
     1     1    16     4    12     0     0     0   -24.0   59.140 -134.094    687.8    834.2
     1     1    16     4    11    23     0     0   -25.0   58.994 -134.130    684.5    838.4
     1     1    16     4    11    22     0     0   -26.0   58.844 -134.186    681.8    842.9
     1     1    16     4    11    21     0     0   -27.0   58.692 -134.263    679.7    847.7
     1     1    16     4    11    20     0     0   -28.0   58.539 -134.357    678.1    852.7
     1     1    16     4    11    19     0     0   -29.0   58.385 -134.469    677.1    858.0
     1     1    16     4    11    18     0     0   -30.0   58.232 -134.597    676.8    863.5
     1     1    16     4    11    17     0     0   -31.0   58.082 -134.728    675.2    869.0
     1     1    16     4    11    16     0     0   -32.0   57.936 -134.850    670.4    875.0
     1     1    16     4    11    15     0     0   -33.0   57.796 -134.966    662.4    881.3
     1     1    16     4    11    14     0     0   -34.0   57.662 -135.079    651.1    887.3
     1     1    16     4    11    13     0     0   -35.0   57.534 -135.192    636.6    893.3
     1     1    16     4    11    12     0     0   -36.0   57.412 -135.307    618.7    898.7
     1     1    16     4    11    11     0     0   -37.0   57.292 -135.419    599.8    903.8
     1     1    16     4    11    10     0     0   -38.0   57.172 -135.526    581.9    908.6
     1     1    16     4    11     9     0     0   -39.0   57.051 -135.629    564.9    913.2
     1     1    16     4    11     8     0     0   -40.0   56.932 -135.729    548.6    917.7
     1     1    16     4    11     7     0     0   -41.0   56.814 -135.830    533.0    922.1
     1     1    16     4    11     6     0     0   -42.0   56.699 -135.932    517.9    926.5
     1     1    16     4    11     5     0     0   -43.0   56.588 -136.029    503.1    930.6
     1     1    16     4    11     4     0     0   -44.0   56.480 -136.112    488.1    934.7
     1     1    16     4    11     3     0     0   -45.0   56.377 -136.184    473.4    938.5
     1     1    16     4    11     2     0     0   -46.0   56.279 -136.247    459.3    942.2
     1     1    16     4    11     1     0     0   -47.0   56.186 -136.303    446.1    945.6
     1     1    16     4    11     0     0     0   -48.0   56.097 -136.353    433.8    948.8
     1     1    16     4    10    23     0     0   -49.0   56.008 -136.404    422.8    951.8
     1     1    16     4    10    22     0     0   -50.0   55.912 -136.459    412.9    954.7
     1     1    16     4    10    21     0     0   -51.0   55.810 -136.519    404.1    957.6
     1     1    16     4    10    20     0     0   -52.0   55.701 -136.585    396.3    960.5
     1     1    16     4    10    19     0     0   -53.0   55.585 -136.657    389.6    963.3
     1     1    16     4    10    18     0     0   -54.0   55.459 -136.735    383.8    966.0
     1     1    16     4    10    17     0     0   -55.0   55.329 -136.813    379.5    968.4
     1     1    16     4    10    16     0     0   -56.0   55.197 -136.882    377.4    970.4
     1     1    16     4    10    15     0     0   -57.0   55.062 -136.941    377.4    972.2
     1     1    16     4    10    14     0     0   -58.0   54.924 -136.992    379.4    972.6
     1     1    16     4    10    13     0     0   -59.0   54.785 -137.034    383.3    971.7
     1     1    16     4    10    12     0     0   -60.0   54.644 -137.068    389.0    970.5
     1     1    16     4    10    11     0     0   -61.0   54.501 -137.102    394.6    969.3
     1     1    16     4    10    10     0     0   -62.0   54.353 -137.140    398.1    968.5
     1     1    16     4    10     9     0     0   -63.0   54.201 -137.183    399.3    968.1
     1     1    16     4    10     8     0     0   -64.0   54.042 -137.230    398.1    967.9
     1     1    16     4    10     7     0     0   -65.0   53.875 -137.280    394.3    968.0
     1     1    16     4    10     6     0     0   -66.0   53.700 -137.332    387.7    968.4
     1     1    16     4    10     5     0     0   -67.0   53.523 -137.378    381.2    969.1
     1     1    16     4    10     4     0     0   -68.0   53.350 -137.409    378.1    969.0
     1     1    16     4    10     3     0     0   -69.0   53.181 -137.423    378.2    968.6
     1     1    16     4    10     2     0     0   -70.0   53.016 -137.420    381.7    968.0
     1     1    16     4    10     1     0     0   -71.0   52.856 -137.401    388.6    966.9
     1     1    16     4    10     0     0     0   -72.0   52.702 -137.366    399.2    965.4
