     1     1
    CDC1    16     1     1     0     0
     1 BACKWARD OMEGA   
    16     1     4    18   60.984 -139.059   750.0
     1 PRESSURE
     1     1    16     1     4    18     0     0     0.0   60.984 -139.059    750.0    807.1
     1     1    16     1     4    17     0     0    -1.0   60.734 -138.886    747.6    811.3
     1     1    16     1     4    16     0     0    -2.0   60.493 -138.682    744.3    815.4
     1     1    16     1     4    15     0     0    -3.0   60.259 -138.449    741.0    819.3
     1     1    16     1     4    14     0     0    -4.0   60.033 -138.187    738.1    822.8
     1     1    16     1     4    13     0     0    -5.0   59.815 -137.897    738.5    828.7
     1     1    16     1     4    12     0     0    -6.0   59.606 -137.582    743.9    834.0
     1     1    16     1     4    11     0     0    -7.0   59.403 -137.248    753.3    838.2
     1     1    16     1     4    10     0     0    -8.0   59.202 -136.900    766.0    841.5
     1     1    16     1     4     9     0     0    -9.0   59.000 -136.541    781.5    844.1
     1     1    16     1     4     8     0     0   -10.0   58.796 -136.172    799.7    846.3
     1     1    16     1     4     7     0     0   -11.0   58.586 -135.795    819.8    848.0
     1     1    16     1     4     6     0     0   -12.0   58.368 -135.408    841.4    849.5
     1     1    16     1     4     5     0     0   -13.0   58.154 -135.022    863.8    850.7
     1     1    16     1     4     4     0     0   -14.0   57.960 -134.649    885.2    849.0
     1     1    16     1     4     3     0     0   -15.0   57.789 -134.289    906.4    846.3
     1     1    16     1     4     2     0     0   -16.0   57.641 -133.944    927.4    842.8
     1     1    16     1     4     1     0     0   -17.0   57.515 -133.617    948.8    838.6
     1     1    16     1     4     0     0     0   -18.0   57.411 -133.318    972.0    834.1
     1     1    16     1     3    23     0     0   -19.0   57.318 -133.057    995.7    829.7
     1     1    16     1     3    22     0     0   -20.0   57.227 -132.834   1016.7    826.4
     1     1    16     1     3    21     0     0   -21.0   57.140 -132.643   1033.8    824.0
     1     1    16     1     3    20     0     0   -22.0   57.054 -132.478   1046.0    822.4
     1     1    16     1     3    19     0     0   -23.0   56.970 -132.335   1052.2    821.4
     1     1    16     1     3    18     0     0   -24.0   56.888 -132.208   1052.0    821.4
     1     1    16     1     3    17     0     0   -25.0   56.807 -132.100   1046.9    822.0
     1     1    16     1     3    16     0     0   -26.0   56.732 -132.012   1039.1    822.9
     1     1    16     1     3    15     0     0   -27.0   56.663 -131.940   1029.3    824.2
     1     1    16     1     3    14     0     0   -28.0   56.600 -131.882   1017.8    825.8
     1     1    16     1     3    13     0     0   -29.0   56.544 -131.835   1005.1    827.6
     1     1    16     1     3    12     0     0   -30.0   56.497 -131.799    991.3    829.5
     1     1    16     1     3    11     0     0   -31.0   56.446 -131.778    976.9    832.1
     1     1    16     1     3    10     0     0   -32.0   56.377 -131.774    961.0    835.6
     1     1    16     1     3     9     0     0   -33.0   56.292 -131.784    944.1    839.8
     1     1    16     1     3     8     0     0   -34.0   56.192 -131.805    926.2    844.7
     1     1    16     1     3     7     0     0   -35.0   56.077 -131.836    907.2    850.1
     1     1    16     1     3     6     0     0   -36.0   55.950 -131.876    887.3    856.0
     1     1    16     1     3     5     0     0   -37.0   55.810 -131.909    867.0    861.8
     1     1    16     1     3     4     0     0   -38.0   55.660 -131.925    846.9    867.5
     1     1    16     1     3     3     0     0   -39.0   55.501 -131.925    827.6    873.1
     1     1    16     1     3     2     0     0   -40.0   55.334 -131.911    809.4    878.5
     1     1    16     1     3     1     0     0   -41.0   55.163 -131.883    792.7    883.6
     1     1    16     1     3     0     0     0   -42.0   54.988 -131.845    777.8    888.3
     1     1    16     1     2    23     0     0   -43.0   54.806 -131.799    761.5    891.4
     1     1    16     1     2    22     0     0   -44.0   54.609 -131.750    741.8    895.5
     1     1    16     1     2    21     0     0   -45.0   54.399 -131.694    718.9    900.1
     1     1    16     1     2    20     0     0   -46.0   54.176 -131.631    693.2    905.2
     1     1    16     1     2    19     0     0   -47.0   53.939 -131.559    665.2    910.8
     1     1    16     1     2    18     0     0   -48.0   53.689 -131.476    635.0    917.0
     1     1    16     1     2    17     0     0   -49.0   53.423 -131.364    604.1    922.9
     1     1    16     1     2    16     0     0   -50.0   53.139 -131.208    573.0    928.6
     1     1    16     1     2    15     0     0   -51.0   52.837 -131.009    542.2    934.4
     1     1    16     1     2    14     0     0   -52.0   52.522 -130.769    511.7    940.5
     1     1    16     1     2    13     0     0   -53.0   52.191 -130.492    480.6    943.7
     1     1    16     1     2    12     0     0   -54.0   51.841 -130.179    448.9    947.4
     1     1    16     1     2    11     0     0   -55.0   51.478 -129.840    419.3    950.8
     1     1    16     1     2    10     0     0   -56.0   51.109 -129.486    395.1    952.1
     1     1    16     1     2     9     0     0   -57.0   50.739 -129.120    377.5    952.9
     1     1    16     1     2     8     0     0   -58.0   50.369 -128.741    366.6    953.3
     1     1    16     1     2     7     0     0   -59.0   50.004 -128.348    363.0    953.6
     1     1    16     1     2     6     0     0   -60.0   49.648 -127.949    366.7    953.5
     1     1    16     1     2     5     0     0   -61.0   49.317 -127.550    376.9    953.8
     1     1    16     1     2     4     0     0   -62.0   49.016 -127.159    393.2    952.4
     1     1    16     1     2     3     0     0   -63.0   48.743 -126.780    416.6    950.1
     1     1    16     1     2     2     0     0   -64.0   48.496 -126.414    447.1    947.6
     1     1    16     1     2     1     0     0   -65.0   48.273 -126.063    484.7    944.7
     1     1    16     1     2     0     0     0   -66.0   48.073 -125.725    529.6    941.3
     1     1    16     1     1    23     0     0   -67.0   47.886 -125.393    578.8    937.7
     1     1    16     1     1    22     0     0   -68.0   47.703 -125.060    629.5    935.0
     1     1    16     1     1    21     0     0   -69.0   47.518 -124.718    681.3    930.4
     1     1    16     1     1    20     0     0   -70.0   47.321 -124.372    732.7    920.3
     1     1    16     1     1    19     0     0   -71.0   47.107 -124.026    785.0    909.1
     1     1    16     1     1    18     0     0   -72.0   46.875 -123.678    839.1    897.2
