     1     1
    CDC1    15    12     1     0     0
     1 BACKWARD OMEGA   
    15    12    30    12   60.984 -139.059   750.0
     1 PRESSURE
     1     1    15    12    30    12     0     0     0.0   60.984 -139.059    750.0    813.2
     1     1    15    12    30    11     0     0    -1.0   60.561 -138.883    690.8    826.6
     1     1    15    12    30    10     0     0    -2.0   60.182 -138.689    629.3    840.6
     1     1    15    12    30     9     0     0    -3.0   59.855 -138.481    577.0    854.9
     1     1    15    12    30     8     0     0    -4.0   59.584 -138.268    542.5    867.4
     1     1    15    12    30     7     0     0    -5.0   59.364 -138.056    526.4    875.9
     1     1    15    12    30     6     0     0    -6.0   59.188 -137.855    526.6    881.2
     1     1    15    12    30     5     0     0    -7.0   59.038 -137.674    536.8    883.9
     1     1    15    12    30     4     0     0    -8.0   58.902 -137.514    550.4    886.4
     1     1    15    12    30     3     0     0    -9.0   58.780 -137.374    567.6    887.8
     1     1    15    12    30     2     0     0   -10.0   58.672 -137.254    588.2    888.4
     1     1    15    12    30     1     0     0   -11.0   58.577 -137.156    612.3    888.4
     1     1    15    12    30     0     0     0   -12.0   58.497 -137.080    639.9    887.1
     1     1    15    12    29    23     0     0   -13.0   58.425 -137.020    664.5    885.1
     1     1    15    12    29    22     0     0   -14.0   58.351 -136.971    678.8    885.2
     1     1    15    12    29    21     0     0   -15.0   58.274 -136.931    682.4    886.7
     1     1    15    12    29    20     0     0   -16.0   58.193 -136.897    674.7    889.7
     1     1    15    12    29    19     0     0   -17.0   58.108 -136.865    655.6    894.1
     1     1    15    12    29    18     0     0   -18.0   58.019 -136.830    624.8    900.2
     1     1    15    12    29    17     0     0   -19.0   57.930 -136.788    590.9    906.5
     1     1    15    12    29    16     0     0   -20.0   57.846 -136.742    563.2    911.0
     1     1    15    12    29    15     0     0   -21.0   57.766 -136.694    540.9    914.7
     1     1    15    12    29    14     0     0   -22.0   57.692 -136.646    523.7    917.8
     1     1    15    12    29    13     0     0   -23.0   57.622 -136.600    511.1    920.2
     1     1    15    12    29    12     0     0   -24.0   57.559 -136.556    502.8    922.0
     1     1    15    12    29    11     0     0   -25.0   57.492 -136.505    492.6    923.6
     1     1    15    12    29    10     0     0   -26.0   57.414 -136.434    474.8    925.9
     1     1    15    12    29     9     0     0   -27.0   57.328 -136.344    450.5    929.0
     1     1    15    12    29     8     0     0   -28.0   57.234 -136.233    420.3    932.9
     1     1    15    12    29     7     0     0   -29.0   57.135 -136.099    384.6    937.6
     1     1    15    12    29     6     0     0   -30.0   57.030 -135.941    344.6    942.1
     1     1    15    12    29     5     0     0   -31.0   56.909 -135.741    302.2    947.4
     1     1    15    12    29     4     0     0   -32.0   56.765 -135.482    258.6    953.5
     1     1    15    12    29     3     0     0   -33.0   56.603 -135.160    215.7    960.5
     1     1    15    12    29     2     0     0   -34.0   56.423 -134.783    174.3    965.2
     1     1    15    12    29     1     0     0   -35.0   56.217 -134.378    135.2    968.6
     1     1    15    12    29     0     0     0   -36.0   55.986 -133.968     99.7    973.3
     1     1    15    12    28    23     0     0   -37.0   55.758 -133.579     71.5    978.3
     1     1    15    12    28    22     0     0   -38.0   55.560 -133.230     52.2    981.0
     1     1    15    12    28    21     0     0   -39.0   55.395 -132.918     39.8    983.0
     1     1    15    12    28    20     0     0   -40.0   55.263 -132.636     32.2    984.2
     1     1    15    12    28    19     0     0   -41.0   55.160 -132.377     27.6    983.7
     1     1    15    12    28    18     0     0   -42.0   55.079 -132.133     24.8    981.6
     1     1    15    12    28    17     0     0   -43.0   55.021 -131.905     23.3    978.9
     1     1    15    12    28    16     0     0   -44.0   54.987 -131.700     22.4    975.8
     1     1    15    12    28    15     0     0   -45.0   54.976 -131.514     22.2    972.4
     1     1    15    12    28    14     0     0   -46.0   54.988 -131.346     22.6    968.9
     1     1    15    12    28    13     0     0   -47.0   55.021 -131.193     23.6    964.9
     1     1    15    12    28    12     0     0   -48.0   55.075 -131.056     25.2    960.6
     1     1    15    12    28    11     0     0   -49.0   55.140 -130.929     27.6    956.0
     1     1    15    12    28    10     0     0   -50.0   55.208 -130.808     30.7    951.3
     1     1    15    12    28     9     0     0   -51.0   55.277 -130.694     34.5    946.6
     1     1    15    12    28     8     0     0   -52.0   55.346 -130.588     39.4    942.1
     1     1    15    12    28     7     0     0   -53.0   55.415 -130.492     45.3    937.6
     1     1    15    12    28     6     0     0   -54.0   55.482 -130.406     52.5    933.3
     1     1    15    12    28     5     0     0   -55.0   55.543 -130.324     61.2    929.1
     1     1    15    12    28     4     0     0   -56.0   55.594 -130.243     71.8    925.0
     1     1    15    12    28     3     0     0   -57.0   55.633 -130.162     85.0    920.5
     1     1    15    12    28     2     0     0   -58.0   55.658 -130.086    101.4    915.9
     1     1    15    12    28     1     0     0   -59.0   55.667 -130.018    121.5    911.6
     1     1    15    12    28     0     0     0   -60.0   55.659 -129.960    145.8    907.8
     1     1    15    12    27    23     0     0   -61.0   55.635 -129.911    173.6    904.3
     1     1    15    12    27    22     0     0   -62.0   55.601 -129.864    203.6    900.7
     1     1    15    12    27    21     0     0   -63.0   55.560 -129.817    234.0    896.5
     1     1    15    12    27    20     0     0   -64.0   55.511 -129.766    263.4    892.9
     1     1    15    12    27    19     0     0   -65.0   55.456 -129.710    291.5    889.8
     1     1    15    12    27    18     0     0   -66.0   55.393 -129.647    317.9    887.0
     1     1    15    12    27    17     0     0   -67.0   55.325 -129.581    343.9    884.9
     1     1    15    12    27    16     0     0   -68.0   55.256 -129.515    370.9    882.6
     1     1    15    12    27    15     0     0   -69.0   55.184 -129.451    399.1    879.7
     1     1    15    12    27    14     0     0   -70.0   55.109 -129.387    428.4    876.8
     1     1    15    12    27    13     0     0   -71.0   55.028 -129.324    459.1    873.9
     1     1    15    12    27    12     0     0   -72.0   54.940 -129.263    491.0    870.9
