     1     1
    CDC1    16     4     1     0     0
     1 BACKWARD OMEGA   
    16     4    19    12   60.984 -139.059   750.0
     1 PRESSURE
     1     1    16     4    19    12     0     0     0.0   60.984 -139.059    750.0    816.4
     1     1    16     4    19    11     0     0    -1.0   60.923 -139.349    708.3    821.7
     1     1    16     4    19    10     0     0    -2.0   60.854 -139.653    665.6    827.6
     1     1    16     4    19     9     0     0    -3.0   60.779 -139.970    622.3    833.9
     1     1    16     4    19     8     0     0    -4.0   60.699 -140.303    580.1    841.0
     1     1    16     4    19     7     0     0    -5.0   60.620 -140.648    540.9    847.8
     1     1    16     4    19     6     0     0    -6.0   60.542 -141.004    505.4    854.4
     1     1    16     4    19     5     0     0    -7.0   60.465 -141.350    474.4    860.7
     1     1    16     4    19     4     0     0    -8.0   60.389 -141.665    447.9    866.4
     1     1    16     4    19     3     0     0    -9.0   60.311 -141.956    426.0    871.6
     1     1    16     4    19     2     0     0   -10.0   60.232 -142.228    408.7    876.4
     1     1    16     4    19     1     0     0   -11.0   60.149 -142.487    396.2    880.7
     1     1    16     4    19     0     0     0   -12.0   60.065 -142.734    389.4    885.2
     1     1    16     4    18    23     0     0   -13.0   59.986 -142.957    386.0    888.3
     1     1    16     4    18    22     0     0   -14.0   59.921 -143.154    383.5    891.7
     1     1    16     4    18    21     0     0   -15.0   59.869 -143.329    381.2    894.5
     1     1    16     4    18    20     0     0   -16.0   59.831 -143.491    378.6    896.7
     1     1    16     4    18    19     0     0   -17.0   59.808 -143.644    375.2    898.5
     1     1    16     4    18    18     0     0   -18.0   59.799 -143.792    370.6    899.8
     1     1    16     4    18    17     0     0   -19.0   59.792 -143.915    366.3    901.8
     1     1    16     4    18    16     0     0   -20.0   59.777 -143.996    363.2    903.5
     1     1    16     4    18    15     0     0   -21.0   59.755 -144.033    361.5    904.8
     1     1    16     4    18    14     0     0   -22.0   59.727 -144.028    360.9    905.9
     1     1    16     4    18    13     0     0   -23.0   59.692 -143.979    361.6    906.7
     1     1    16     4    18    12     0     0   -24.0   59.650 -143.887    363.3    907.3
     1     1    16     4    18    11     0     0   -25.0   59.599 -143.782    365.8    907.9
     1     1    16     4    18    10     0     0   -26.0   59.539 -143.694    368.4    908.9
     1     1    16     4    18     9     0     0   -27.0   59.469 -143.626    371.2    910.4
     1     1    16     4    18     8     0     0   -28.0   59.389 -143.579    374.0    912.4
     1     1    16     4    18     7     0     0   -29.0   59.301 -143.554    376.9    914.9
     1     1    16     4    18     6     0     0   -30.0   59.203 -143.553    379.8    917.8
     1     1    16     4    18     5     0     0   -31.0   59.106 -143.554    380.8    920.8
     1     1    16     4    18     4     0     0   -32.0   59.019 -143.538    378.0    924.1
     1     1    16     4    18     3     0     0   -33.0   58.941 -143.503    371.6    927.3
     1     1    16     4    18     2     0     0   -34.0   58.871 -143.451    362.1    930.3
     1     1    16     4    18     1     0     0   -35.0   58.807 -143.381    349.7    933.4
     1     1    16     4    18     0     0     0   -36.0   58.748 -143.293    334.9    936.4
     1     1    16     4    17    23     0     0   -37.0   58.699 -143.189    320.8    939.2
     1     1    16     4    17    22     0     0   -38.0   58.665 -143.073    310.1    940.6
     1     1    16     4    17    21     0     0   -39.0   58.645 -142.942    302.3    941.1
     1     1    16     4    17    20     0     0   -40.0   58.642 -142.794    296.9    940.7
     1     1    16     4    17    19     0     0   -41.0   58.654 -142.628    293.6    939.3
     1     1    16     4    17    18     0     0   -42.0   58.682 -142.443    292.1    937.1
     1     1    16     4    17    17     0     0   -43.0   58.713 -142.238    291.3    935.4
     1     1    16     4    17    16     0     0   -44.0   58.736 -142.016    289.8    934.0
     1     1    16     4    17    15     0     0   -45.0   58.751 -141.778    287.9    932.9
     1     1    16     4    17    14     0     0   -46.0   58.762 -141.528    285.8    931.9
     1     1    16     4    17    13     0     0   -47.0   58.769 -141.267    283.8    930.9
     1     1    16     4    17    12     0     0   -48.0   58.775 -140.998    281.9    929.9
     1     1    16     4    17    11     0     0   -49.0   58.777 -140.730    281.0    928.8
     1     1    16     4    17    10     0     0   -50.0   58.771 -140.471    281.8    927.7
     1     1    16     4    17     9     0     0   -51.0   58.757 -140.217    283.8    926.9
     1     1    16     4    17     8     0     0   -52.0   58.733 -139.968    286.5    926.5
     1     1    16     4    17     7     0     0   -53.0   58.701 -139.726    289.9    926.9
     1     1    16     4    17     6     0     0   -54.0   58.658 -139.493    294.0    927.5
     1     1    16     4    17     5     0     0   -55.0   58.602 -139.271    296.1    928.1
     1     1    16     4    17     4     0     0   -56.0   58.533 -139.057    294.2    930.0
     1     1    16     4    17     3     0     0   -57.0   58.450 -138.850    288.6    932.7
     1     1    16     4    17     2     0     0   -58.0   58.354 -138.648    279.8    936.2
     1     1    16     4    17     1     0     0   -59.0   58.246 -138.449    268.4    940.5
     1     1    16     4    17     0     0     0   -60.0   58.126 -138.249    255.0    945.5
     1     1    16     4    16    23     0     0   -61.0   58.001 -138.046    241.2    950.2
     1     1    16     4    16    22     0     0   -62.0   57.876 -137.839    228.4    954.7
     1     1    16     4    16    21     0     0   -63.0   57.749 -137.631    216.6    959.2
     1     1    16     4    16    20     0     0   -64.0   57.621 -137.425    205.7    963.3
     1     1    16     4    16    19     0     0   -65.0   57.491 -137.226    195.0    966.5
     1     1    16     4    16    18     0     0   -66.0   57.362 -137.040    183.8    967.3
     1     1    16     4    16    17     0     0   -67.0   57.231 -136.871    171.7    968.9
     1     1    16     4    16    16     0     0   -68.0   57.096 -136.722    158.6    971.0
     1     1    16     4    16    15     0     0   -69.0   56.957 -136.590    145.0    973.6
     1     1    16     4    16    14     0     0   -70.0   56.814 -136.475    131.4    976.4
     1     1    16     4    16    13     0     0   -71.0   56.668 -136.375    117.9    979.6
     1     1    16     4    16    12     0     0   -72.0   56.517 -136.290    105.0    983.0
