     1     1
    CDC1    15    10     1     0     0
     1 BACKWARD OMEGA   
    15    10    31     0   60.984 -139.059   750.0
     1 PRESSURE
     1     1    15    10    31     0     0     0     0.0   60.984 -139.059    750.0    793.4
     1     1    15    10    30    23     0     0    -1.0   60.878 -138.917    718.8    798.0
     1     1    15    10    30    22     0     0    -2.0   60.788 -138.781    692.9    801.6
     1     1    15    10    30    21     0     0    -3.0   60.713 -138.649    672.3    804.5
     1     1    15    10    30    20     0     0    -4.0   60.655 -138.521    657.1    806.5
     1     1    15    10    30    19     0     0    -5.0   60.614 -138.396    647.3    807.7
     1     1    15    10    30    18     0     0    -6.0   60.588 -138.274    643.1    808.0
     1     1    15    10    30    17     0     0    -7.0   60.569 -138.154    641.5    808.0
     1     1    15    10    30    16     0     0    -8.0   60.547 -138.035    638.6    808.4
     1     1    15    10    30    15     0     0    -9.0   60.521 -137.917    634.7    809.1
     1     1    15    10    30    14     0     0   -10.0   60.491 -137.800    629.6    810.0
     1     1    15    10    30    13     0     0   -11.0   60.458 -137.682    623.2    811.1
     1     1    15    10    30    12     0     0   -12.0   60.420 -137.564    615.5    812.5
     1     1    15    10    30    11     0     0   -13.0   60.381 -137.439    610.1    814.0
     1     1    15    10    30    10     0     0   -14.0   60.342 -137.302    610.1    814.4
     1     1    15    10    30     9     0     0   -15.0   60.304 -137.155    615.4    814.2
     1     1    15    10    30     8     0     0   -16.0   60.267 -136.995    625.9    813.4
     1     1    15    10    30     7     0     0   -17.0   60.232 -136.823    641.8    811.9
     1     1    15    10    30     6     0     0   -18.0   60.198 -136.638    663.0    809.9
     1     1    15    10    30     5     0     0   -19.0   60.155 -136.458    681.1    807.8
     1     1    15    10    30     4     0     0   -20.0   60.093 -136.298    687.7    808.1
     1     1    15    10    30     3     0     0   -21.0   60.011 -136.155    682.2    810.0
     1     1    15    10    30     2     0     0   -22.0   59.908 -136.033    664.3    814.7
     1     1    15    10    30     1     0     0   -23.0   59.786 -135.936    633.1    821.6
     1     1    15    10    30     0     0     0   -24.0   59.643 -135.861    588.3    830.5
     1     1    15    10    29    23     0     0   -25.0   59.484 -135.803    536.9    840.6
     1     1    15    10    29    22     0     0   -26.0   59.312 -135.760    486.4    850.7
     1     1    15    10    29    21     0     0   -27.0   59.127 -135.727    436.7    861.5
     1     1    15    10    29    20     0     0   -28.0   58.929 -135.699    387.7    873.1
     1     1    15    10    29    19     0     0   -29.0   58.720 -135.671    340.6    884.3
     1     1    15    10    29    18     0     0   -30.0   58.505 -135.639    296.8    895.4
     1     1    15    10    29    17     0     0   -31.0   58.293 -135.602    256.8    905.7
     1     1    15    10    29    16     0     0   -32.0   58.096 -135.569    220.9    915.5
     1     1    15    10    29    15     0     0   -33.0   57.916 -135.543    189.3    924.3
     1     1    15    10    29    14     0     0   -34.0   57.755 -135.529    162.4    931.5
     1     1    15    10    29    13     0     0   -35.0   57.615 -135.535    140.2    937.9
     1     1    15    10    29    12     0     0   -36.0   57.495 -135.566    122.2    943.6
     1     1    15    10    29    11     0     0   -37.0   57.388 -135.608    106.9    947.7
     1     1    15    10    29    10     0     0   -38.0   57.283 -135.643     93.2    951.7
     1     1    15    10    29     9     0     0   -39.0   57.181 -135.673     80.9    955.6
     1     1    15    10    29     8     0     0   -40.0   57.083 -135.697     69.8    958.8
     1     1    15    10    29     7     0     0   -41.0   56.987 -135.719     59.6    961.6
     1     1    15    10    29     6     0     0   -42.0   56.894 -135.739     50.2    964.3
     1     1    15    10    29     5     0     0   -43.0   56.800 -135.747     41.6    966.8
     1     1    15    10    29     4     0     0   -44.0   56.698 -135.731     33.8    969.2
     1     1    15    10    29     3     0     0   -45.0   56.588 -135.691     26.8    971.7
     1     1    15    10    29     2     0     0   -46.0   56.470 -135.629     20.8    974.2
     1     1    15    10    29     1     0     0   -47.0   56.343 -135.546     15.6    976.8
     1     1    15    10    29     0     0     0   -48.0   56.206 -135.443     11.4    979.5
     1     1    15    10    28    23     0     0   -49.0   56.065 -135.321      6.9    981.8
     1     1    15    10    28    22     0     0   -50.0   55.926 -135.178      1.0    983.8
     1     1    15    10    28    21     0     0   -51.0   55.786 -135.012      0.0    986.0
     1     1    15    10    28    20     0     0   -52.0   55.643 -134.825      0.0    986.6
     1     1    15    10    28    19     0     0   -53.0   55.491 -134.619      0.0    987.0
     1     1    15    10    28    18     0     0   -54.0   55.329 -134.394      0.0    987.6
     1     1    15    10    28    17     0     0   -55.0   55.153 -134.156      0.0    988.7
     1     1    15    10    28    16     0     0   -56.0   54.962 -133.907      0.0    989.6
     1     1    15    10    28    15     0     0   -57.0   54.759 -133.650      0.0    988.7
     1     1    15    10    28    14     0     0   -58.0   54.543 -133.385      0.0    988.3
     1     1    15    10    28    13     0     0   -59.0   54.316 -133.112      0.4    988.6
     1     1    15    10    28    12     0     0   -60.0   54.074 -132.829      2.1    989.4
     1     1    15    10    28    11     0     0   -61.0   53.823 -132.543      4.0    990.8
     1     1    15    10    28    10     0     0   -62.0   53.569 -132.266      5.8    990.3
     1     1    15    10    28     9     0     0   -63.0   53.311 -131.999      7.4    990.0
     1     1    15    10    28     8     0     0   -64.0   53.048 -131.740      8.6    990.3
     1     1    15    10    28     7     0     0   -65.0   52.774 -131.481      9.5    991.1
     1     1    15    10    28     6     0     0   -66.0   52.487 -131.219      9.9    992.2
     1     1    15    10    28     5     0     0   -67.0   52.196 -130.936     10.0    991.8
     1     1    15    10    28     4     0     0   -68.0   51.914 -130.617     10.1    991.5
     1     1    15    10    28     3     0     0   -69.0   51.638 -130.264     10.2    991.3
     1     1    15    10    28     2     0     0   -70.0   51.370 -129.881     10.7    990.4
     1     1    15    10    28     1     0     0   -71.0   51.117 -129.486     11.9    987.2
     1     1    15    10    28     0     0     0   -72.0   50.882 -129.092     14.2    984.0
