     1     1
    CDC1    16     4     1     0     0
     1 BACKWARD OMEGA   
    16     4    19    18   60.984 -139.059   750.0
     1 PRESSURE
     1     1    16     4    19    18     0     0     0.0   60.984 -139.059    750.0    819.7
     1     1    16     4    19    17     0     0    -1.0   60.902 -139.297    735.9    822.1
     1     1    16     4    19    16     0     0    -2.0   60.812 -139.521    715.2    825.7
     1     1    16     4    19    15     0     0    -3.0   60.716 -139.729    687.9    830.2
     1     1    16     4    19    14     0     0    -4.0   60.612 -139.919    654.2    835.6
     1     1    16     4    19    13     0     0    -5.0   60.501 -140.089    614.3    842.1
     1     1    16     4    19    12     0     0    -6.0   60.385 -140.238    569.4    849.2
     1     1    16     4    19    11     0     0    -7.0   60.268 -140.387    524.6    856.8
     1     1    16     4    19    10     0     0    -8.0   60.152 -140.557    482.4    864.1
     1     1    16     4    19     9     0     0    -9.0   60.037 -140.746    442.8    871.5
     1     1    16     4    19     8     0     0   -10.0   59.925 -140.954    405.9    880.1
     1     1    16     4    19     7     0     0   -11.0   59.816 -141.182    371.1    889.1
     1     1    16     4    19     6     0     0   -12.0   59.710 -141.429    338.2    897.2
     1     1    16     4    19     5     0     0   -13.0   59.603 -141.674    308.0    905.3
     1     1    16     4    19     4     0     0   -14.0   59.495 -141.899    281.5    913.0
     1     1    16     4    19     3     0     0   -15.0   59.385 -142.111    259.4    920.3
     1     1    16     4    19     2     0     0   -16.0   59.274 -142.316    242.1    927.2
     1     1    16     4    19     1     0     0   -17.0   59.162 -142.519    230.2    933.6
     1     1    16     4    19     0     0     0   -18.0   59.050 -142.720    224.5    939.5
     1     1    16     4    18    23     0     0   -19.0   58.947 -142.910    222.3    943.6
     1     1    16     4    18    22     0     0   -20.0   58.861 -143.085    220.4    947.2
     1     1    16     4    18    21     0     0   -21.0   58.793 -143.253    218.4    950.2
     1     1    16     4    18    20     0     0   -22.0   58.744 -143.419    215.7    952.6
     1     1    16     4    18    19     0     0   -23.0   58.712 -143.587    212.1    954.5
     1     1    16     4    18    18     0     0   -24.0   58.698 -143.760    207.2    956.0
     1     1    16     4    18    17     0     0   -25.0   58.690 -143.916    202.6    958.4
     1     1    16     4    18    16     0     0   -26.0   58.674 -144.035    199.5    960.3
     1     1    16     4    18    15     0     0   -27.0   58.654 -144.117    198.0    961.7
     1     1    16     4    18    14     0     0   -28.0   58.628 -144.164    198.0    962.9
     1     1    16     4    18    13     0     0   -29.0   58.598 -144.176    199.5    963.8
     1     1    16     4    18    12     0     0   -30.0   58.564 -144.154    202.4    964.3
     1     1    16     4    18    11     0     0   -31.0   58.524 -144.123    206.1    964.9
     1     1    16     4    18    10     0     0   -32.0   58.477 -144.111    209.9    965.9
     1     1    16     4    18     9     0     0   -33.0   58.424 -144.120    213.6    967.3
     1     1    16     4    18     8     0     0   -34.0   58.365 -144.150    217.4    969.1
     1     1    16     4    18     7     0     0   -35.0   58.298 -144.201    221.3    971.2
     1     1    16     4    18     6     0     0   -36.0   58.227 -144.273    225.3    973.7
     1     1    16     4    18     5     0     0   -37.0   58.155 -144.352    229.1    976.1
     1     1    16     4    18     4     0     0   -38.0   58.091 -144.423    231.8    978.5
     1     1    16     4    18     3     0     0   -39.0   58.032 -144.487    233.8    980.7
     1     1    16     4    18     2     0     0   -40.0   57.979 -144.543    235.3    982.8
     1     1    16     4    18     1     0     0   -41.0   57.931 -144.593    236.4    984.7
     1     1    16     4    18     0     0     0   -42.0   57.888 -144.637    237.4    986.4
     1     1    16     4    17    23     0     0   -43.0   57.858 -144.666    239.2    987.4
     1     1    16     4    17    22     0     0   -44.0   57.849 -144.671    242.4    987.3
     1     1    16     4    17    21     0     0   -45.0   57.860 -144.649    246.7    986.1
     1     1    16     4    17    20     0     0   -46.0   57.892 -144.599    252.0    984.0
     1     1    16     4    17    19     0     0   -47.0   57.944 -144.519    258.2    981.0
     1     1    16     4    17    18     0     0   -48.0   58.014 -144.410    265.5    977.0
     1     1    16     4    17    17     0     0   -49.0   58.087 -144.274    272.1    973.0
     1     1    16     4    17    16     0     0   -50.0   58.150 -144.115    276.1    969.8
     1     1    16     4    17    15     0     0   -51.0   58.203 -143.931    277.6    967.1
     1     1    16     4    17    14     0     0   -52.0   58.246 -143.724    277.0    964.8
     1     1    16     4    17    13     0     0   -53.0   58.281 -143.494    274.8    962.8
     1     1    16     4    17    12     0     0   -54.0   58.308 -143.241    271.3    961.2
     1     1    16     4    17    11     0     0   -55.0   58.326 -142.976    269.3    959.4
     1     1    16     4    17    10     0     0   -56.0   58.334 -142.710    271.7    957.1
     1     1    16     4    17     9     0     0   -57.0   58.331 -142.444    277.8    954.8
     1     1    16     4    17     8     0     0   -58.0   58.318 -142.181    287.1    952.7
     1     1    16     4    17     7     0     0   -59.0   58.296 -141.920    298.7    950.8
     1     1    16     4    17     6     0     0   -60.0   58.263 -141.662    312.4    949.2
     1     1    16     4    17     5     0     0   -61.0   58.218 -141.406    323.1    947.6
     1     1    16     4    17     4     0     0   -62.0   58.159 -141.152    326.4    948.0
     1     1    16     4    17     3     0     0   -63.0   58.086 -140.902    322.9    949.6
     1     1    16     4    17     2     0     0   -64.0   57.998 -140.658    313.2    952.4
     1     1    16     4    17     1     0     0   -65.0   57.895 -140.422    297.6    956.4
     1     1    16     4    17     0     0     0   -66.0   57.778 -140.198    276.3    961.7
     1     1    16     4    16    23     0     0   -67.0   57.654 -139.981    252.3    967.6
     1     1    16     4    16    22     0     0   -68.0   57.531 -139.765    228.9    973.6
     1     1    16     4    16    21     0     0   -69.0   57.407 -139.547    206.5    976.9
     1     1    16     4    16    20     0     0   -70.0   57.283 -139.329    185.7    978.7
     1     1    16     4    16    19     0     0   -71.0   57.155 -139.116    166.5    980.4
     1     1    16     4    16    18     0     0   -72.0   57.022 -138.912    148.7    982.3
