     1     1
    CDC1    15    10     1     0     0
     1 BACKWARD OMEGA   
    15    10    21     0   60.984 -139.059   750.0
     1 PRESSURE
     1     1    15    10    21     0     0     0     0.0   60.984 -139.059    750.0    803.5
     1     1    15    10    20    23     0     0    -1.0   60.776 -138.789    701.3    811.7
     1     1    15    10    20    22     0     0    -2.0   60.557 -138.539    651.0    820.6
     1     1    15    10    20    21     0     0    -3.0   60.328 -138.304    599.8    829.8
     1     1    15    10    20    20     0     0    -4.0   60.090 -138.077    549.3    838.6
     1     1    15    10    20    19     0     0    -5.0   59.851 -137.852    502.4    849.5
     1     1    15    10    20    18     0     0    -6.0   59.616 -137.629    461.0    861.3
     1     1    15    10    20    17     0     0    -7.0   59.390 -137.390    423.4    872.3
     1     1    15    10    20    16     0     0    -8.0   59.176 -137.120    387.6    882.7
     1     1    15    10    20    15     0     0    -9.0   58.973 -136.823    354.5    891.6
     1     1    15    10    20    14     0     0   -10.0   58.777 -136.499    324.4    899.4
     1     1    15    10    20    13     0     0   -11.0   58.583 -136.149    297.1    906.6
     1     1    15    10    20    12     0     0   -12.0   58.386 -135.772    272.3    913.3
     1     1    15    10    20    11     0     0   -13.0   58.182 -135.388    248.5    920.1
     1     1    15    10    20    10     0     0   -14.0   57.974 -135.015    223.9    927.4
     1     1    15    10    20     9     0     0   -15.0   57.761 -134.659    198.2    932.4
     1     1    15    10    20     8     0     0   -16.0   57.542 -134.323    170.6    936.6
     1     1    15    10    20     7     0     0   -17.0   57.315 -134.014    140.7    940.6
     1     1    15    10    20     6     0     0   -18.0   57.084 -133.738    109.9    945.7
     1     1    15    10    20     5     0     0   -19.0   56.860 -133.499     82.6    951.4
     1     1    15    10    20     4     0     0   -20.0   56.660 -133.306     62.9    955.4
     1     1    15    10    20     3     0     0   -21.0   56.488 -133.162     49.9    958.6
     1     1    15    10    20     2     0     0   -22.0   56.339 -133.065     42.3    961.6
     1     1    15    10    20     1     0     0   -23.0   56.210 -133.011     38.4    964.5
     1     1    15    10    20     0     0     0   -24.0   56.097 -132.999     37.6    967.3
     1     1    15    10    19    23     0     0   -25.0   55.998 -133.012     37.6    969.5
     1     1    15    10    19    22     0     0   -26.0   55.912 -133.035     36.7    971.9
     1     1    15    10    19    21     0     0   -27.0   55.839 -133.067     35.3    974.1
     1     1    15    10    19    20     0     0   -28.0   55.780 -133.107     33.4    976.2
     1     1    15    10    19    19     0     0   -29.0   55.735 -133.154     31.1    978.2
     1     1    15    10    19    18     0     0   -30.0   55.704 -133.210     28.6    979.9
     1     1    15    10    19    17     0     0   -31.0   55.685 -133.281     25.6    981.3
     1     1    15    10    19    16     0     0   -32.0   55.673 -133.376     22.2    983.0
     1     1    15    10    19    15     0     0   -33.0   55.670 -133.496     18.5    984.9
     1     1    15    10    19    14     0     0   -34.0   55.674 -133.641     14.4    987.1
     1     1    15    10    19    13     0     0   -35.0   55.686 -133.813     10.3    989.6
     1     1    15    10    19    12     0     0   -36.0   55.706 -134.015      6.3    991.6
     1     1    15    10    19    11     0     0   -37.0   55.728 -134.243      2.8    993.9
     1     1    15    10    19    10     0     0   -38.0   55.746 -134.496      0.5    996.6
     1     1    15    10    19     9     0     0   -39.0   55.761 -134.776      0.0    999.8
     1     1    15    10    19     8     0     0   -40.0   55.773 -135.086      0.0   1002.6
     1     1    15    10    19     7     0     0   -41.0   55.779 -135.433      0.0   1003.2
     1     1    15    10    19     6     0     0   -42.0   55.777 -135.818      0.0   1004.0
     1     1    15    10    19     5     0     0   -43.0   55.771 -136.245      0.0   1004.3
     1     1    15    10    19     4     0     0   -44.0   55.763 -136.719      0.0   1004.9
     1     1    15    10    19     3     0     0   -45.0   55.754 -137.248      0.0   1005.7
     1     1    15    10    19     2     0     0   -46.0   55.740 -137.832      0.0   1005.8
     1     1    15    10    19     1     0     0   -47.0   55.713 -138.458      0.0   1005.3
     1     1    15    10    19     0     0     0   -48.0   55.666 -139.120      0.0   1004.9
     1     1    15    10    18    23     0     0   -49.0   55.594 -139.785      0.0   1004.5
     1     1    15    10    18    22     0     0   -50.0   55.505 -140.431      0.0   1004.1
     1     1    15    10    18    21     0     0   -51.0   55.405 -141.072      0.0   1003.6
     1     1    15    10    18    20     0     0   -52.0   55.299 -141.728      0.0   1002.9
     1     1    15    10    18    19     0     0   -53.0   55.186 -142.417      0.0   1001.9
     1     1    15    10    18    18     0     0   -54.0   55.069 -143.163      0.0   1000.1
     1     1    15    10    18    17     0     0   -55.0   54.950 -143.965      0.0    998.3
     1     1    15    10    18    16     0     0   -56.0   54.827 -144.802      0.0    996.9
     1     1    15    10    18    15     0     0   -57.0   54.701 -145.649      0.0    995.3
     1     1    15    10    18    14     0     0   -58.0   54.573 -146.483      0.2    993.7
     1     1    15    10    18    13     0     0   -59.0   54.433 -147.300      0.6    992.4
     1     1    15    10    18    12     0     0   -60.0   54.280 -148.089      1.1    992.1
     1     1    15    10    18    11     0     0   -61.0   54.124 -148.824      1.8    992.3
     1     1    15    10    18    10     0     0   -62.0   53.972 -149.498      2.6    992.8
     1     1    15    10    18     9     0     0   -63.0   53.822 -150.130      3.4    993.6
     1     1    15    10    18     8     0     0   -64.0   53.679 -150.733      4.2    995.1
     1     1    15    10    18     7     0     0   -65.0   53.546 -151.316      5.1    996.3
     1     1    15    10    18     6     0     0   -66.0   53.424 -151.887      6.1    997.3
     1     1    15    10    18     5     0     0   -67.0   53.309 -152.451      7.1    998.3
     1     1    15    10    18     4     0     0   -68.0   53.204 -153.015      8.0    998.5
     1     1    15    10    18     3     0     0   -69.0   53.107 -153.588      8.9    998.2
     1     1    15    10    18     2     0     0   -70.0   53.019 -154.172      9.7    997.7
     1     1    15    10    18     1     0     0   -71.0   52.938 -154.774     10.4    996.8
     1     1    15    10    18     0     0     0   -72.0   52.865 -155.391     10.7    995.6
