     1     1
    CDC1    16     4     1     0     0
     1 BACKWARD OMEGA   
    16     4    14    18   60.984 -139.059   750.0
     1 PRESSURE
     1     1    16     4    14    18     0     0     0.0   60.984 -139.059    750.0    805.8
     1     1    16     4    14    17     0     0    -1.0   60.855 -138.920    696.1    814.1
     1     1    16     4    14    16     0     0    -2.0   60.727 -138.785    650.9    821.2
     1     1    16     4    14    15     0     0    -3.0   60.603 -138.653    614.4    827.6
     1     1    16     4    14    14     0     0    -4.0   60.484 -138.523    586.7    832.5
     1     1    16     4    14    13     0     0    -5.0   60.372 -138.397    568.2    836.4
     1     1    16     4    14    12     0     0    -6.0   60.268 -138.277    558.5    839.3
     1     1    16     4    14    11     0     0    -7.0   60.165 -138.164    552.6    841.2
     1     1    16     4    14    10     0     0    -8.0   60.057 -138.058    544.8    843.9
     1     1    16     4    14     9     0     0    -9.0   59.944 -137.960    535.7    847.6
     1     1    16     4    14     8     0     0   -10.0   59.826 -137.872    525.5    852.4
     1     1    16     4    14     7     0     0   -11.0   59.703 -137.793    514.5    857.4
     1     1    16     4    14     6     0     0   -12.0   59.574 -137.723    502.8    862.8
     1     1    16     4    14     5     0     0   -13.0   59.436 -137.653    490.6    868.3
     1     1    16     4    14     4     0     0   -14.0   59.285 -137.574    478.2    874.2
     1     1    16     4    14     3     0     0   -15.0   59.119 -137.484    465.8    880.5
     1     1    16     4    14     2     0     0   -16.0   58.938 -137.381    453.2    887.2
     1     1    16     4    14     1     0     0   -17.0   58.741 -137.262    440.7    894.1
     1     1    16     4    14     0     0     0   -18.0   58.526 -137.124    428.0    901.5
     1     1    16     4    13    23     0     0   -19.0   58.303 -136.971    417.1    908.6
     1     1    16     4    13    22     0     0   -20.0   58.080 -136.809    409.5    914.9
     1     1    16     4    13    21     0     0   -21.0   57.859 -136.641    404.8    920.7
     1     1    16     4    13    20     0     0   -22.0   57.642 -136.469    402.8    925.8
     1     1    16     4    13    19     0     0   -23.0   57.431 -136.294    403.0    929.3
     1     1    16     4    13    18     0     0   -24.0   57.231 -136.118    404.7    930.2
     1     1    16     4    13    17     0     0   -25.0   57.042 -135.938    407.6    930.7
     1     1    16     4    13    16     0     0   -26.0   56.856 -135.752    411.6    931.2
     1     1    16     4    13    15     0     0   -27.0   56.671 -135.562    416.8    931.7
     1     1    16     4    13    14     0     0   -28.0   56.482 -135.369    423.5    932.3
     1     1    16     4    13    13     0     0   -29.0   56.288 -135.175    431.9    933.0
     1     1    16     4    13    12     0     0   -30.0   56.084 -134.981    442.1    933.8
     1     1    16     4    13    11     0     0   -31.0   55.872 -134.797    450.0    933.5
     1     1    16     4    13    10     0     0   -32.0   55.653 -134.631    451.6    935.0
     1     1    16     4    13     9     0     0   -33.0   55.428 -134.490    447.2    937.7
     1     1    16     4    13     8     0     0   -34.0   55.199 -134.377    436.9    941.7
     1     1    16     4    13     7     0     0   -35.0   54.964 -134.297    420.6    946.4
     1     1    16     4    13     6     0     0   -36.0   54.721 -134.250    397.5    949.6
     1     1    16     4    13     5     0     0   -37.0   54.468 -134.214    373.1    953.6
     1     1    16     4    13     4     0     0   -38.0   54.201 -134.176    352.4    956.4
     1     1    16     4    13     3     0     0   -39.0   53.923 -134.149    335.5    959.1
     1     1    16     4    13     2     0     0   -40.0   53.637 -134.146    322.5    961.7
     1     1    16     4    13     1     0     0   -41.0   53.346 -134.183    313.9    964.0
     1     1    16     4    13     0     0     0   -42.0   53.052 -134.275    310.2    965.8
     1     1    16     4    12    23     0     0   -43.0   52.754 -134.420    309.2    966.4
     1     1    16     4    12    22     0     0   -44.0   52.446 -134.613    308.0    966.5
     1     1    16     4    12    21     0     0   -45.0   52.129 -134.859    305.9    965.2
     1     1    16     4    12    20     0     0   -46.0   51.805 -135.165    302.6    963.3
     1     1    16     4    12    19     0     0   -47.0   51.481 -135.539    297.6    961.3
     1     1    16     4    12    18     0     0   -48.0   51.167 -135.989    291.4    959.5
     1     1    16     4    12    17     0     0   -49.0   50.873 -136.491    285.1    957.9
     1     1    16     4    12    16     0     0   -50.0   50.603 -137.026    279.2    956.0
     1     1    16     4    12    15     0     0   -51.0   50.362 -137.605    273.3    954.6
     1     1    16     4    12    14     0     0   -52.0   50.152 -138.233    267.7    956.2
     1     1    16     4    12    13     0     0   -53.0   49.975 -138.916    262.2    958.5
     1     1    16     4    12    12     0     0   -54.0   49.839 -139.653    257.7    961.5
     1     1    16     4    12    11     0     0   -55.0   49.724 -140.407    254.0    964.1
     1     1    16     4    12    10     0     0   -56.0   49.600 -141.147    250.5    966.2
     1     1    16     4    12     9     0     0   -57.0   49.465 -141.881    247.2    968.0
     1     1    16     4    12     8     0     0   -58.0   49.324 -142.617    244.0    969.0
     1     1    16     4    12     7     0     0   -59.0   49.179 -143.360    241.0    968.0
     1     1    16     4    12     6     0     0   -60.0   49.034 -144.114    238.6    966.8
     1     1    16     4    12     5     0     0   -61.0   48.890 -144.881    237.1    965.5
     1     1    16     4    12     4     0     0   -62.0   48.747 -145.659    236.6    964.3
     1     1    16     4    12     3     0     0   -63.0   48.604 -146.450    236.6    963.0
     1     1    16     4    12     2     0     0   -64.0   48.465 -147.259    236.5    961.6
     1     1    16     4    12     1     0     0   -65.0   48.333 -148.085    236.0    961.8
     1     1    16     4    12     0     0     0   -66.0   48.216 -148.929    234.4    962.7
     1     1    16     4    11    23     0     0   -67.0   48.116 -149.790    231.8    963.9
     1     1    16     4    11    22     0     0   -68.0   48.033 -150.674    229.0    965.4
     1     1    16     4    11    21     0     0   -69.0   47.965 -151.583    226.8    966.7
     1     1    16     4    11    20     0     0   -70.0   47.910 -152.518    225.5    967.6
     1     1    16     4    11    19     0     0   -71.0   47.863 -153.465    224.9    967.9
     1     1    16     4    11    18     0     0   -72.0   47.822 -154.407    224.5    968.3
