     1     1
    CDC1    16     2     1     0     0
     1 BACKWARD OMEGA   
    16     2    24     6   60.984 -139.059   750.0
     1 PRESSURE
     1     1    16     2    24     6     0     0     0.0   60.984 -139.059    750.0    807.2
     1     1    16     2    24     5     0     0    -1.0   60.557 -138.445    685.6    821.4
     1     1    16     2    24     4     0     0    -2.0   60.121 -137.791    623.1    835.7
     1     1    16     2    24     3     0     0    -3.0   59.696 -137.119    568.7    852.5
     1     1    16     2    24     2     0     0    -4.0   59.303 -136.459    527.2    867.0
     1     1    16     2    24     1     0     0    -5.0   58.942 -135.812    497.7    878.3
     1     1    16     2    24     0     0     0    -6.0   58.606 -135.171    477.8    887.2
     1     1    16     2    23    23     0     0    -7.0   58.291 -134.530    465.2    890.2
     1     1    16     2    23    22     0     0    -8.0   57.994 -133.890    459.9    889.5
     1     1    16     2    23    21     0     0    -9.0   57.709 -133.257    461.5    886.6
     1     1    16     2    23    20     0     0   -10.0   57.431 -132.633    469.9    882.0
     1     1    16     2    23    19     0     0   -11.0   57.169 -132.032    486.2    876.5
     1     1    16     2    23    18     0     0   -12.0   56.935 -131.459    510.7    869.5
     1     1    16     2    23    17     0     0   -13.0   56.735 -130.946    541.0    862.0
     1     1    16     2    23    16     0     0   -14.0   56.566 -130.520    573.7    855.5
     1     1    16     2    23    15     0     0   -15.0   56.424 -130.180    608.4    849.7
     1     1    16     2    23    14     0     0   -16.0   56.306 -129.922    644.2    844.6
     1     1    16     2    23    13     0     0   -17.0   56.207 -129.739    680.6    840.9
     1     1    16     2    23    12     0     0   -18.0   56.124 -129.627    716.8    837.8
     1     1    16     2    23    11     0     0   -19.0   56.053 -129.554    752.2    834.8
     1     1    16     2    23    10     0     0   -20.0   55.993 -129.495    787.1    831.9
     1     1    16     2    23     9     0     0   -21.0   55.945 -129.450    822.0    828.9
     1     1    16     2    23     8     0     0   -22.0   55.911 -129.417    857.4    825.9
     1     1    16     2    23     7     0     0   -23.0   55.892 -129.398    893.4    822.8
     1     1    16     2    23     6     0     0   -24.0   55.887 -129.394    930.5    819.1
     1     1    16     2    23     5     0     0   -25.0   55.893 -129.420    970.2    815.2
     1     1    16     2    23     4     0     0   -26.0   55.900 -129.489   1013.0    811.4
     1     1    16     2    23     3     0     0   -27.0   55.906 -129.596   1059.0    807.9
     1     1    16     2    23     2     0     0   -28.0   55.909 -129.738   1108.4    804.7
     1     1    16     2    23     1     0     0   -29.0   55.908 -129.911   1161.3    801.7
     1     1    16     2    23     0     0     0   -30.0   55.900 -130.112   1218.0    799.5
     1     1    16     2    22    23     0     0   -31.0   55.889 -130.322   1272.9    797.0
     1     1    16     2    22    22     0     0   -32.0   55.877 -130.527   1320.0    795.4
     1     1    16     2    22    21     0     0   -33.0   55.864 -130.727   1359.3    794.6
     1     1    16     2    22    20     0     0   -34.0   55.851 -130.925   1390.6    794.7
     1     1    16     2    22    19     0     0   -35.0   55.840 -131.123   1413.6    795.6
     1     1    16     2    22    18     0     0   -36.0   55.830 -131.325   1428.2    797.4
     1     1    16     2    22    17     0     0   -37.0   55.814 -131.535   1439.1    800.1
     1     1    16     2    22    16     0     0   -38.0   55.783 -131.757   1451.3    802.8
     1     1    16     2    22    15     0     0   -39.0   55.741 -131.991   1463.6    806.0
     1     1    16     2    22    14     0     0   -40.0   55.691 -132.236   1475.2    809.7
     1     1    16     2    22    13     0     0   -41.0   55.634 -132.491   1484.9    813.9
     1     1    16     2    22    12     0     0   -42.0   55.572 -132.756   1490.3    817.2
     1     1    16     2    22    11     0     0   -43.0   55.498 -133.019   1488.5    820.7
     1     1    16     2    22    10     0     0   -44.0   55.409 -133.268   1480.2    825.4
     1     1    16     2    22     9     0     0   -45.0   55.307 -133.505   1466.1    830.8
     1     1    16     2    22     8     0     0   -46.0   55.194 -133.731   1448.2    836.7
     1     1    16     2    22     7     0     0   -47.0   55.074 -133.948   1428.2    842.8
     1     1    16     2    22     6     0     0   -48.0   54.947 -134.157   1407.9    848.3
     1     1    16     2    22     5     0     0   -49.0   54.806 -134.332   1384.7    852.0
     1     1    16     2    22     4     0     0   -50.0   54.642 -134.449   1359.7    855.6
     1     1    16     2    22     3     0     0   -51.0   54.453 -134.520   1332.7    859.0
     1     1    16     2    22     2     0     0   -52.0   54.242 -134.557   1304.5    862.2
     1     1    16     2    22     1     0     0   -53.0   54.009 -134.574   1276.2    865.1
     1     1    16     2    22     0     0     0   -54.0   53.757 -134.586   1248.6    867.8
     1     1    16     2    21    23     0     0   -55.0   53.491 -134.612   1223.5    870.9
     1     1    16     2    21    22     0     0   -56.0   53.214 -134.668   1202.8    873.5
     1     1    16     2    21    21     0     0   -57.0   52.928 -134.755   1186.3    875.5
     1     1    16     2    21    20     0     0   -58.0   52.635 -134.877   1174.1    876.9
     1     1    16     2    21    19     0     0   -59.0   52.333 -135.036   1165.2    876.9
     1     1    16     2    21    18     0     0   -60.0   52.024 -135.227   1159.3    875.5
     1     1    16     2    21    17     0     0   -61.0   51.698 -135.436   1152.9    873.5
     1     1    16     2    21    16     0     0   -62.0   51.355 -135.657   1143.8    872.1
     1     1    16     2    21    15     0     0   -63.0   51.005 -135.912   1132.2    871.0
     1     1    16     2    21    14     0     0   -64.0   50.659 -136.221   1119.1    870.0
     1     1    16     2    21    13     0     0   -65.0   50.330 -136.608   1106.0    869.1
     1     1    16     2    21    12     0     0   -66.0   50.027 -137.096   1095.5    868.1
     1     1    16     2    21    11     0     0   -67.0   49.737 -137.624   1084.7    867.7
     1     1    16     2    21    10     0     0   -68.0   49.441 -138.106   1071.4    870.0
     1     1    16     2    21     9     0     0   -69.0   49.147 -138.545   1054.1    872.5
     1     1    16     2    21     8     0     0   -70.0   48.869 -138.952   1034.0    875.0
     1     1    16     2    21     7     0     0   -71.0   48.618 -139.340   1012.7    877.5
     1     1    16     2    21     6     0     0   -72.0   48.406 -139.718    991.9    879.7
