     1     1
    CDC1    15    12     1     0     0
     1 BACKWARD OMEGA   
    15    12    16     6   60.984 -139.059   750.0
     1 PRESSURE
     1     1    15    12    16     6     0     0     0.0   60.984 -139.059    750.0    811.4
     1     1    15    12    16     5     0     0    -1.0   60.790 -139.691    719.0    818.6
     1     1    15    12    16     4     0     0    -2.0   60.601 -140.270    681.2    827.8
     1     1    15    12    16     3     0     0    -3.0   60.421 -140.799    635.7    838.9
     1     1    15    12    16     2     0     0    -4.0   60.250 -141.281    581.6    850.8
     1     1    15    12    16     1     0     0    -5.0   60.088 -141.720    518.5    863.1
     1     1    15    12    16     0     0     0    -6.0   59.935 -142.126    446.3    877.7
     1     1    15    12    15    23     0     0    -7.0   59.792 -142.503    372.7    894.6
     1     1    15    12    15    22     0     0    -8.0   59.659 -142.850    307.6    909.2
     1     1    15    12    15    21     0     0    -9.0   59.529 -143.169    252.3    922.9
     1     1    15    12    15    20     0     0   -10.0   59.397 -143.460    207.1    935.9
     1     1    15    12    15    19     0     0   -11.0   59.264 -143.728    172.4    946.6
     1     1    15    12    15    18     0     0   -12.0   59.129 -143.977    147.7    956.1
     1     1    15    12    15    17     0     0   -13.0   59.001 -144.243    130.2    964.1
     1     1    15    12    15    16     0     0   -14.0   58.888 -144.558    117.3    971.7
     1     1    15    12    15    15     0     0   -15.0   58.789 -144.918    108.1    978.6
     1     1    15    12    15    14     0     0   -16.0   58.706 -145.319    101.4    983.8
     1     1    15    12    15    13     0     0   -17.0   58.640 -145.751     96.3    988.0
     1     1    15    12    15    12     0     0   -18.0   58.596 -146.206     92.4    991.7
     1     1    15    12    15    11     0     0   -19.0   58.567 -146.665     89.4    994.1
     1     1    15    12    15    10     0     0   -20.0   58.546 -147.119     87.5    996.1
     1     1    15    12    15     9     0     0   -21.0   58.533 -147.573     86.7    997.2
     1     1    15    12    15     8     0     0   -22.0   58.522 -148.029     87.1    995.8
     1     1    15    12    15     7     0     0   -23.0   58.512 -148.492     88.5    994.3
     1     1    15    12    15     6     0     0   -24.0   58.502 -148.969     91.5    992.8
     1     1    15    12    15     5     0     0   -25.0   58.487 -149.449     95.0    990.7
     1     1    15    12    15     4     0     0   -26.0   58.458 -149.923     97.7    989.0
     1     1    15    12    15     3     0     0   -27.0   58.417 -150.391     99.3    986.3
     1     1    15    12    15     2     0     0   -28.0   58.360 -150.862     99.6    983.9
     1     1    15    12    15     1     0     0   -29.0   58.290 -151.344     98.8    981.8
     1     1    15    12    15     0     0     0   -30.0   58.209 -151.848     97.0    979.9
     1     1    15    12    14    23     0     0   -31.0   58.116 -152.365     95.4    978.5
     1     1    15    12    14    22     0     0   -32.0   58.007 -152.877     95.0    977.9
     1     1    15    12    14    21     0     0   -33.0   57.885 -153.378     95.9    977.5
     1     1    15    12    14    20     0     0   -34.0   57.751 -153.861     98.0    977.0
     1     1    15    12    14    19     0     0   -35.0   57.603 -154.323    101.4    976.3
     1     1    15    12    14    18     0     0   -36.0   57.442 -154.763    106.5    974.9
     1     1    15    12    14    17     0     0   -37.0   57.263 -155.202    113.1    973.2
     1     1    15    12    14    16     0     0   -38.0   57.063 -155.672    120.3    972.3
     1     1    15    12    14    15     0     0   -39.0   56.838 -156.187    126.7    971.8
     1     1    15    12    14    14     0     0   -40.0   56.593 -156.753    131.7    971.7
     1     1    15    12    14    13     0     0   -41.0   56.331 -157.376    134.2    972.2
     1     1    15    12    14    12     0     0   -42.0   56.056 -158.061    133.9    973.2
     1     1    15    12    14    11     0     0   -43.0   55.766 -158.794    132.6    974.5
     1     1    15    12    14    10     0     0   -44.0   55.461 -159.556    132.5    974.9
     1     1    15    12    14     9     0     0   -45.0   55.144 -160.355    133.8    974.3
     1     1    15    12    14     8     0     0   -46.0   54.814 -161.197    137.4    972.8
     1     1    15    12    14     7     0     0   -47.0   54.466 -162.075    143.4    971.1
     1     1    15    12    14     6     0     0   -48.0   54.102 -162.984    150.5    970.1
     1     1    15    12    14     5     0     0   -49.0   53.720 -163.923    157.7    969.4
     1     1    15    12    14     4     0     0   -50.0   53.323 -164.892    165.1    968.2
     1     1    15    12    14     3     0     0   -51.0   52.918 -165.904    173.0    967.0
     1     1    15    12    14     2     0     0   -52.0   52.517 -166.981    181.1    965.4
     1     1    15    12    14     1     0     0   -53.0   52.120 -168.116    188.7    965.3
     1     1    15    12    14     0     0     0   -54.0   51.733 -169.288    194.5    966.1
     1     1    15    12    13    23     0     0   -55.0   51.367 -170.480    198.9    966.6
     1     1    15    12    13    22     0     0   -56.0   51.027 -171.682    203.7    967.1
     1     1    15    12    13    21     0     0   -57.0   50.716 -172.904    208.4    967.1
     1     1    15    12    13    20     0     0   -58.0   50.439 -174.151    212.8    966.0
     1     1    15    12    13    19     0     0   -59.0   50.197 -175.425    216.8    964.7
     1     1    15    12    13    18     0     0   -60.0   49.990 -176.726    220.9    962.5
     1     1    15    12    13    17     0     0   -61.0   49.819 -178.065    227.0    960.0
     1     1    15    12    13    16     0     0   -62.0   49.696 -179.446    236.8    957.7
     1     1    15    12    13    15     0     0   -63.0   49.639  179.153    250.2    956.5
     1     1    15    12    13    14     0     0   -64.0   49.664  177.761    266.9    955.5
     1     1    15    12    13    13     0     0   -65.0   49.777  176.406    286.6    955.4
     1     1    15    12    13    12     0     0   -66.0   49.980  175.110    309.4    955.7
     1     1    15    12    13    11     0     0   -67.0   50.260  173.874    332.6    953.0
     1     1    15    12    13    10     0     0   -68.0   50.601  172.699    352.1    950.2
     1     1    15    12    13     9     0     0   -69.0   51.001  171.583    368.8    945.5
     1     1    15    12    13     8     0     0   -70.0   51.448  170.524    384.2    942.1
     1     1    15    12    13     7     0     0   -71.0   51.933  169.525    400.0    940.8
     1     1    15    12    13     6     0     0   -72.0   52.441  168.599    417.0    942.1
