     1     1
    CDC1    15    12     1     0     0
     1 BACKWARD OMEGA   
    15    12    23     0   60.984 -139.059   750.0
     1 PRESSURE
     1     1    15    12    23     0     0     0     0.0   60.984 -139.059    750.0    789.0
     1     1    15    12    22    23     0     0    -1.0   60.968 -139.303    736.2    790.8
     1     1    15    12    22    22     0     0    -2.0   60.940 -139.523    723.5    792.6
     1     1    15    12    22    21     0     0    -3.0   60.900 -139.718    711.8    794.5
     1     1    15    12    22    20     0     0    -4.0   60.846 -139.890    700.8    796.6
     1     1    15    12    22    19     0     0    -5.0   60.778 -140.037    690.5    798.9
     1     1    15    12    22    18     0     0    -6.0   60.695 -140.160    680.9    801.8
     1     1    15    12    22    17     0     0    -7.0   60.605 -140.266    671.9    804.6
     1     1    15    12    22    16     0     0    -8.0   60.515 -140.362    663.7    807.2
     1     1    15    12    22    15     0     0    -9.0   60.425 -140.453    656.4    809.8
     1     1    15    12    22    14     0     0   -10.0   60.333 -140.539    649.8    812.4
     1     1    15    12    22    13     0     0   -11.0   60.240 -140.626    644.2    814.9
     1     1    15    12    22    12     0     0   -12.0   60.143 -140.714    639.5    817.4
     1     1    15    12    22    11     0     0   -13.0   60.044 -140.796    634.3    819.7
     1     1    15    12    22    10     0     0   -14.0   59.942 -140.860    628.4    823.2
     1     1    15    12    22     9     0     0   -15.0   59.839 -140.905    621.4    827.4
     1     1    15    12    22     8     0     0   -16.0   59.734 -140.932    613.4    831.8
     1     1    15    12    22     7     0     0   -17.0   59.629 -140.946    604.6    836.1
     1     1    15    12    22     6     0     0   -18.0   59.521 -140.951    595.4    840.4
     1     1    15    12    22     5     0     0   -19.0   59.413 -140.966    587.2    845.4
     1     1    15    12    22     4     0     0   -20.0   59.308 -141.010    581.3    850.2
     1     1    15    12    22     3     0     0   -21.0   59.204 -141.084    578.1    854.8
     1     1    15    12    22     2     0     0   -22.0   59.103 -141.187    577.9    859.1
     1     1    15    12    22     1     0     0   -23.0   59.004 -141.320    581.1    863.1
     1     1    15    12    22     0     0     0   -24.0   58.905 -141.483    588.2    866.9
     1     1    15    12    21    23     0     0   -25.0   58.815 -141.654    597.2    869.8
     1     1    15    12    21    22     0     0   -26.0   58.741 -141.814    605.8    872.3
     1     1    15    12    21    21     0     0   -27.0   58.686 -141.964    614.0    874.2
     1     1    15    12    21    20     0     0   -28.0   58.651 -142.108    621.6    875.3
     1     1    15    12    21    19     0     0   -29.0   58.636 -142.245    628.5    875.6
     1     1    15    12    21    18     0     0   -30.0   58.642 -142.375    634.5    875.2
     1     1    15    12    21    17     0     0   -31.0   58.664 -142.502    640.2    874.3
     1     1    15    12    21    16     0     0   -32.0   58.698 -142.628    645.9    873.1
     1     1    15    12    21    15     0     0   -33.0   58.743 -142.752    651.4    871.6
     1     1    15    12    21    14     0     0   -34.0   58.799 -142.871    656.6    869.8
     1     1    15    12    21    13     0     0   -35.0   58.866 -142.985    661.3    867.7
     1     1    15    12    21    12     0     0   -36.0   58.944 -143.091    665.4    865.3
     1     1    15    12    21    11     0     0   -37.0   59.025 -143.169    669.0    862.4
     1     1    15    12    21    10     0     0   -38.0   59.102 -143.199    672.3    859.3
     1     1    15    12    21     9     0     0   -39.0   59.176 -143.178    675.3    856.0
     1     1    15    12    21     8     0     0   -40.0   59.245 -143.104    677.9    852.4
     1     1    15    12    21     7     0     0   -41.0   59.309 -142.974    680.4    848.6
     1     1    15    12    21     6     0     0   -42.0   59.367 -142.788    682.8    844.6
     1     1    15    12    21     5     0     0   -43.0   59.417 -142.565    683.3    840.9
     1     1    15    12    21     4     0     0   -44.0   59.458 -142.328    680.3    838.3
     1     1    15    12    21     3     0     0   -45.0   59.491 -142.085    673.5    836.7
     1     1    15    12    21     2     0     0   -46.0   59.517 -141.838    662.8    835.7
     1     1    15    12    21     1     0     0   -47.0   59.534 -141.591    648.4    835.4
     1     1    15    12    21     0     0     0   -48.0   59.545 -141.348    630.2    835.9
     1     1    15    12    20    23     0     0   -49.0   59.543 -141.098    610.6    837.0
     1     1    15    12    20    22     0     0   -50.0   59.522 -140.834    591.3    838.1
     1     1    15    12    20    21     0     0   -51.0   59.481 -140.561    571.7    839.9
     1     1    15    12    20    20     0     0   -52.0   59.420 -140.284    551.4    842.5
     1     1    15    12    20    19     0     0   -53.0   59.338 -140.006    529.7    846.0
     1     1    15    12    20    18     0     0   -54.0   59.236 -139.736    506.9    851.1
     1     1    15    12    20    17     0     0   -55.0   59.124 -139.487    484.5    856.5
     1     1    15    12    20    16     0     0   -56.0   59.008 -139.268    464.0    861.8
     1     1    15    12    20    15     0     0   -57.0   58.889 -139.076    445.9    867.0
     1     1    15    12    20    14     0     0   -58.0   58.768 -138.911    430.8    872.1
     1     1    15    12    20    13     0     0   -59.0   58.645 -138.771    419.0    876.9
     1     1    15    12    20    12     0     0   -60.0   58.520 -138.657    410.9    881.4
     1     1    15    12    20    11     0     0   -61.0   58.392 -138.549    403.5    885.4
     1     1    15    12    20    10     0     0   -62.0   58.260 -138.431    394.2    890.0
     1     1    15    12    20     9     0     0   -63.0   58.126 -138.306    383.0    894.8
     1     1    15    12    20     8     0     0   -64.0   57.991 -138.177    370.0    899.6
     1     1    15    12    20     7     0     0   -65.0   57.857 -138.042    355.2    904.3
     1     1    15    12    20     6     0     0   -66.0   57.724 -137.905    338.9    909.1
     1     1    15    12    20     5     0     0   -67.0   57.588 -137.754    323.2    914.9
     1     1    15    12    20     4     0     0   -68.0   57.442 -137.579    310.1    919.3
     1     1    15    12    20     3     0     0   -69.0   57.286 -137.391    299.5    921.6
     1     1    15    12    20     2     0     0   -70.0   57.121 -137.198    291.3    923.5
     1     1    15    12    20     1     0     0   -71.0   56.951 -137.000    285.7    925.1
     1     1    15    12    20     0     0     0   -72.0   56.775 -136.796    283.0    926.6
