     1     1
    CDC1    15    12     1     0     0
     1 BACKWARD OMEGA   
    15    12    30     6   60.984 -139.059   750.0
     1 PRESSURE
     1     1    15    12    30     6     0     0     0.0   60.984 -139.059    750.0    814.8
     1     1    15    12    30     5     0     0    -1.0   60.829 -139.134    775.9    815.0
     1     1    15    12    30     4     0     0    -2.0   60.687 -139.203    804.7    814.7
     1     1    15    12    30     3     0     0    -3.0   60.563 -139.273    836.8    813.9
     1     1    15    12    30     2     0     0    -4.0   60.459 -139.349    872.9    812.4
     1     1    15    12    30     1     0     0    -5.0   60.382 -139.440    913.7    809.9
     1     1    15    12    30     0     0     0    -6.0   60.336 -139.556    959.9    806.1
     1     1    15    12    29    23     0     0    -7.0   60.305 -139.706   1003.8    801.0
     1     1    15    12    29    22     0     0    -8.0   60.267 -139.887   1037.0    798.1
     1     1    15    12    29    21     0     0    -9.0   60.216 -140.096   1058.1    796.9
     1     1    15    12    29    20     0     0   -10.0   60.150 -140.327   1065.9    797.8
     1     1    15    12    29    19     0     0   -11.0   60.064 -140.570   1059.0    800.8
     1     1    15    12    29    18     0     0   -12.0   59.957 -140.816   1036.6    806.6
     1     1    15    12    29    17     0     0   -13.0   59.829 -141.047   1008.0    815.3
     1     1    15    12    29    16     0     0   -14.0   59.685 -141.256    983.4    823.1
     1     1    15    12    29    15     0     0   -15.0   59.527 -141.451    962.3    831.1
     1     1    15    12    29    14     0     0   -16.0   59.360 -141.639    944.5    839.0
     1     1    15    12    29    13     0     0   -17.0   59.187 -141.826    930.0    846.8
     1     1    15    12    29    12     0     0   -18.0   59.011 -142.020    918.6    854.5
     1     1    15    12    29    11     0     0   -19.0   58.831 -142.211    904.3    861.8
     1     1    15    12    29    10     0     0   -20.0   58.646 -142.385    882.8    870.4
     1     1    15    12    29     9     0     0   -21.0   58.459 -142.545    854.7    879.9
     1     1    15    12    29     8     0     0   -22.0   58.274 -142.692    821.0    890.0
     1     1    15    12    29     7     0     0   -23.0   58.093 -142.832    782.4    900.6
     1     1    15    12    29     6     0     0   -24.0   57.918 -142.967    739.8    911.6
     1     1    15    12    29     5     0     0   -25.0   57.748 -143.097    695.1    922.6
     1     1    15    12    29     4     0     0   -26.0   57.580 -143.223    651.0    933.5
     1     1    15    12    29     3     0     0   -27.0   57.414 -143.355    608.0    940.7
     1     1    15    12    29     2     0     0   -28.0   57.251 -143.504    567.1    944.4
     1     1    15    12    29     1     0     0   -29.0   57.090 -143.677    529.6    948.0
     1     1    15    12    29     0     0     0   -30.0   56.934 -143.880    496.4    951.2
     1     1    15    12    28    23     0     0   -31.0   56.766 -144.094    465.2    954.3
     1     1    15    12    28    22     0     0   -32.0   56.568 -144.301    433.4    957.4
     1     1    15    12    28    21     0     0   -33.0   56.343 -144.515    401.4    960.1
     1     1    15    12    28    20     0     0   -34.0   56.096 -144.754    369.9    961.9
     1     1    15    12    28    19     0     0   -35.0   55.833 -145.041    339.1    962.7
     1     1    15    12    28    18     0     0   -36.0   55.559 -145.402    309.4    962.1
     1     1    15    12    28    17     0     0   -37.0   55.261 -145.824    281.8    961.3
     1     1    15    12    28    16     0     0   -38.0   54.920 -146.285    257.4    960.2
     1     1    15    12    28    15     0     0   -39.0   54.536 -146.762    236.1    962.6
     1     1    15    12    28    14     0     0   -40.0   54.118 -147.236    216.7    965.3
     1     1    15    12    28    13     0     0   -41.0   53.674 -147.712    199.0    968.6
     1     1    15    12    28    12     0     0   -42.0   53.225 -148.200    182.1    972.0
     1     1    15    12    28    11     0     0   -43.0   52.786 -148.693    166.9    977.0
     1     1    15    12    28    10     0     0   -44.0   52.346 -149.172    153.8    980.4
     1     1    15    12    28     9     0     0   -45.0   51.880 -149.621    141.6    981.3
     1     1    15    12    28     8     0     0   -46.0   51.373 -150.040    130.1    982.0
     1     1    15    12    28     7     0     0   -47.0   50.831 -150.456    118.6    982.7
     1     1    15    12    28     6     0     0   -48.0   50.275 -150.902    106.8    983.3
     1     1    15    12    28     5     0     0   -49.0   49.736 -151.372     94.1    985.8
     1     1    15    12    28     4     0     0   -50.0   49.211 -151.812     80.6    988.6
     1     1    15    12    28     3     0     0   -51.0   48.663 -152.185     67.6    990.8
     1     1    15    12    28     2     0     0   -52.0   48.062 -152.485     56.6    992.3
     1     1    15    12    28     1     0     0   -53.0   47.397 -152.723     48.0    993.9
     1     1    15    12    28     0     0     0   -54.0   46.681 -152.926     40.8    995.9
     1     1    15    12    27    23     0     0   -55.0   45.967 -153.138     33.4    999.5
     1     1    15    12    27    22     0     0   -56.0   45.291 -153.375     26.2   1002.8
     1     1    15    12    27    21     0     0   -57.0   44.640 -153.614     20.3   1005.4
     1     1    15    12    27    20     0     0   -58.0   44.009 -153.830     16.0   1007.8
     1     1    15    12    27    19     0     0   -59.0   43.397 -154.018     13.0   1010.1
     1     1    15    12    27    18     0     0   -60.0   42.806 -154.183     11.1   1012.5
     1     1    15    12    27    17     0     0   -61.0   42.245 -154.351     10.0   1014.9
     1     1    15    12    27    16     0     0   -62.0   41.719 -154.544      9.2   1017.4
     1     1    15    12    27    15     0     0   -63.0   41.223 -154.756      8.5   1019.6
     1     1    15    12    27    14     0     0   -64.0   40.757 -154.980      8.0   1021.6
     1     1    15    12    27    13     0     0   -65.0   40.320 -155.211      7.5   1023.2
     1     1    15    12    27    12     0     0   -66.0   39.910 -155.438      7.1   1024.1
     1     1    15    12    27    11     0     0   -67.0   39.529 -155.657      6.7   1023.8
     1     1    15    12    27    10     0     0   -68.0   39.176 -155.864      6.5   1023.7
     1     1    15    12    27     9     0     0   -69.0   38.853 -156.060      6.4   1023.9
     1     1    15    12    27     8     0     0   -70.0   38.560 -156.246      6.4   1024.2
     1     1    15    12    27     7     0     0   -71.0   38.297 -156.421      6.4   1024.5
     1     1    15    12    27     6     0     0   -72.0   38.066 -156.584      6.5   1025.0
