     1     1
    CDC1    16     4     1     0     0
     1 BACKWARD OMEGA   
    16     4    24    18   60.984 -139.059   750.0
     1 PRESSURE
     1     1    16     4    24    18     0     0     0.0   60.984 -139.059    750.0    812.4
     1     1    16     4    24    17     0     0    -1.0   60.923 -138.685    754.3    812.3
     1     1    16     4    24    16     0     0    -2.0   60.863 -138.350    757.8    812.3
     1     1    16     4    24    15     0     0    -3.0   60.802 -138.051    760.1    812.3
     1     1    16     4    24    14     0     0    -4.0   60.743 -137.786    760.7    812.5
     1     1    16     4    24    13     0     0    -5.0   60.683 -137.550    759.4    812.8
     1     1    16     4    24    12     0     0    -6.0   60.625 -137.343    755.6    813.1
     1     1    16     4    24    11     0     0    -7.0   60.561 -137.157    751.3    814.2
     1     1    16     4    24    10     0     0    -8.0   60.482 -136.985    748.0    815.3
     1     1    16     4    24     9     0     0    -9.0   60.388 -136.825    745.8    816.5
     1     1    16     4    24     8     0     0   -10.0   60.277 -136.673    744.3    817.9
     1     1    16     4    24     7     0     0   -11.0   60.151 -136.528    743.5    819.5
     1     1    16     4    24     6     0     0   -12.0   60.008 -136.385    742.9    821.3
     1     1    16     4    24     5     0     0   -13.0   59.849 -136.245    741.6    825.2
     1     1    16     4    24     4     0     0   -14.0   59.673 -136.108    738.1    830.0
     1     1    16     4    24     3     0     0   -15.0   59.481 -135.976    732.7    835.4
     1     1    16     4    24     2     0     0   -16.0   59.272 -135.849    725.7    841.3
     1     1    16     4    24     1     0     0   -17.0   59.048 -135.729    717.6    847.7
     1     1    16     4    24     0     0     0   -18.0   58.807 -135.615    708.8    854.6
     1     1    16     4    23    23     0     0   -19.0   58.556 -135.508    699.1    861.3
     1     1    16     4    23    22     0     0   -20.0   58.300 -135.410    688.3    868.3
     1     1    16     4    23    21     0     0   -21.0   58.041 -135.323    675.7    875.6
     1     1    16     4    23    20     0     0   -22.0   57.783 -135.250    660.7    883.1
     1     1    16     4    23    19     0     0   -23.0   57.529 -135.195    643.1    890.8
     1     1    16     4    23    18     0     0   -24.0   57.281 -135.169    622.5    897.3
     1     1    16     4    23    17     0     0   -25.0   57.034 -135.165    600.8    903.5
     1     1    16     4    23    16     0     0   -26.0   56.779 -135.165    579.4    909.8
     1     1    16     4    23    15     0     0   -27.0   56.515 -135.173    559.2    916.1
     1     1    16     4    23    14     0     0   -28.0   56.241 -135.189    541.0    922.4
     1     1    16     4    23    13     0     0   -29.0   55.954 -135.218    525.5    928.6
     1     1    16     4    23    12     0     0   -30.0   55.652 -135.260    513.6    934.6
     1     1    16     4    23    11     0     0   -31.0   55.340 -135.318    505.2    940.9
     1     1    16     4    23    10     0     0   -32.0   55.025 -135.386    499.6    946.8
     1     1    16     4    23     9     0     0   -33.0   54.706 -135.464    495.0    947.9
     1     1    16     4    23     8     0     0   -34.0   54.385 -135.555    490.9    948.4
     1     1    16     4    23     7     0     0   -35.0   54.055 -135.662    486.4    948.7
     1     1    16     4    23     6     0     0   -36.0   53.713 -135.786    480.9    949.0
     1     1    16     4    23     5     0     0   -37.0   53.367 -135.922    472.7    949.6
     1     1    16     4    23     4     0     0   -38.0   53.032 -136.053    461.0    950.3
     1     1    16     4    23     3     0     0   -39.0   52.704 -136.171    445.1    951.4
     1     1    16     4    23     2     0     0   -40.0   52.388 -136.268    425.5    952.8
     1     1    16     4    23     1     0     0   -41.0   52.091 -136.342    403.8    954.6
     1     1    16     4    23     0     0     0   -42.0   51.815 -136.392    381.1    956.5
     1     1    16     4    22    23     0     0   -43.0   51.559 -136.430    359.9    958.5
     1     1    16     4    22    22     0     0   -44.0   51.324 -136.465    342.6    959.8
     1     1    16     4    22    21     0     0   -45.0   51.108 -136.490    328.3    960.9
     1     1    16     4    22    20     0     0   -46.0   50.911 -136.501    316.5    961.8
     1     1    16     4    22    19     0     0   -47.0   50.732 -136.491    306.8    962.6
     1     1    16     4    22    18     0     0   -48.0   50.572 -136.456    298.8    963.3
     1     1    16     4    22    17     0     0   -49.0   50.432 -136.405    292.0    963.8
     1     1    16     4    22    16     0     0   -50.0   50.316 -136.349    285.6    964.3
     1     1    16     4    22    15     0     0   -51.0   50.223 -136.285    279.8    964.8
     1     1    16     4    22    14     0     0   -52.0   50.154 -136.210    274.7    965.2
     1     1    16     4    22    13     0     0   -53.0   50.110 -136.122    270.3    965.6
     1     1    16     4    22    12     0     0   -54.0   50.092 -136.020    266.7    966.0
     1     1    16     4    22    11     0     0   -55.0   50.089 -135.889    263.6    966.6
     1     1    16     4    22    10     0     0   -56.0   50.089 -135.715    260.9    967.2
     1     1    16     4    22     9     0     0   -57.0   50.093 -135.495    258.7    968.0
     1     1    16     4    22     8     0     0   -58.0   50.097 -135.226    256.8    968.9
     1     1    16     4    22     7     0     0   -59.0   50.100 -134.906    255.3    970.0
     1     1    16     4    22     6     0     0   -60.0   50.097 -134.535    254.2    971.6
     1     1    16     4    22     5     0     0   -61.0   50.083 -134.136    254.1    972.8
     1     1    16     4    22     4     0     0   -62.0   50.054 -133.727    255.6    973.9
     1     1    16     4    22     3     0     0   -63.0   50.009 -133.311    259.2    974.9
     1     1    16     4    22     2     0     0   -64.0   49.950 -132.892    265.1    975.6
     1     1    16     4    22     1     0     0   -65.0   49.874 -132.478    273.6    975.8
     1     1    16     4    22     0     0     0   -66.0   49.782 -132.073    283.8    973.2
     1     1    16     4    21    23     0     0   -67.0   49.673 -131.686    291.3    971.3
     1     1    16     4    21    22     0     0   -68.0   49.549 -131.322    292.7    970.6
     1     1    16     4    21    21     0     0   -69.0   49.411 -130.977    288.2    970.9
     1     1    16     4    21    20     0     0   -70.0   49.264 -130.648    278.1    972.1
     1     1    16     4    21    19     0     0   -71.0   49.108 -130.332    262.8    974.2
     1     1    16     4    21    18     0     0   -72.0   48.947 -130.025    242.4    977.3
