     1     1
    CDC1    15    11     1     0     0
     1 BACKWARD OMEGA   
    15    11    29     6   60.984 -139.059   750.0
     1 PRESSURE
     1     1    15    11    29     6     0     0     0.0   60.984 -139.059    750.0    805.3
     1     1    15    11    29     5     0     0    -1.0   60.659 -139.054    650.5    821.2
     1     1    15    11    29     4     0     0    -2.0   60.322 -138.947    551.8    837.6
     1     1    15    11    29     3     0     0    -3.0   59.980 -138.723    458.8    853.8
     1     1    15    11    29     2     0     0    -4.0   59.648 -138.414    379.4    874.1
     1     1    15    11    29     1     0     0    -5.0   59.336 -138.057    316.0    890.1
     1     1    15    11    29     0     0     0    -6.0   59.039 -137.656    266.2    904.4
     1     1    15    11    28    23     0     0    -7.0   58.766 -137.245    226.6    916.7
     1     1    15    11    28    22     0     0    -8.0   58.530 -136.853    194.1    926.4
     1     1    15    11    28    21     0     0    -9.0   58.326 -136.479    166.5    933.5
     1     1    15    11    28    20     0     0   -10.0   58.150 -136.118    142.2    939.6
     1     1    15    11    28    19     0     0   -11.0   58.000 -135.766    120.6    944.6
     1     1    15    11    28    18     0     0   -12.0   57.876 -135.418    101.8    948.7
     1     1    15    11    28    17     0     0   -13.0   57.764 -135.074     85.1    952.2
     1     1    15    11    28    16     0     0   -14.0   57.647 -134.738     68.0    953.4
     1     1    15    11    28    15     0     0   -15.0   57.524 -134.414     49.0    954.0
     1     1    15    11    28    14     0     0   -16.0   57.396 -134.099     30.5    954.6
     1     1    15    11    28    13     0     0   -17.0   57.264 -133.778     17.0    955.3
     1     1    15    11    28    12     0     0   -18.0   57.126 -133.448      6.8    954.3
     1     1    15    11    28    11     0     0   -19.0   56.983 -133.113      0.0    952.6
     1     1    15    11    28    10     0     0   -20.0   56.835 -132.791      0.0    951.5
     1     1    15    11    28     9     0     0   -21.0   56.687 -132.487      0.0    951.0
     1     1    15    11    28     8     0     0   -22.0   56.543 -132.208      0.0    949.7
     1     1    15    11    28     7     0     0   -23.0   56.407 -131.956      0.0    948.7
     1     1    15    11    28     6     0     0   -24.0   56.280 -131.729      0.0    948.0
     1     1    15    11    28     5     0     0   -25.0   56.164 -131.511      0.0    947.4
     1     1    15    11    28     4     0     0   -26.0   56.063 -131.291      0.0    946.3
     1     1    15    11    28     3     0     0   -27.0   55.976 -131.071      0.0    944.7
     1     1    15    11    28     2     0     0   -28.0   55.906 -130.850      0.0    942.6
     1     1    15    11    28     1     0     0   -29.0   55.852 -130.632      0.0    940.2
     1     1    15    11    28     0     0     0   -30.0   55.815 -130.417      0.0    937.3
     1     1    15    11    27    23     0     0   -31.0   55.795 -130.210      0.0    934.4
     1     1    15    11    27    22     0     0   -32.0   55.790 -130.015      0.0    931.3
     1     1    15    11    27    21     0     0   -33.0   55.798 -129.833      0.0    929.2
     1     1    15    11    27    20     0     0   -34.0   55.813 -129.666      0.1    927.0
     1     1    15    11    27    19     0     0   -35.0   55.835 -129.516      0.3    924.9
     1     1    15    11    27    18     0     0   -36.0   55.864 -129.385      0.7    922.9
     1     1    15    11    27    17     0     0   -37.0   55.897 -129.275      1.1    920.6
     1     1    15    11    27    16     0     0   -38.0   55.934 -129.188      1.6    918.6
     1     1    15    11    27    15     0     0   -39.0   55.973 -129.124      2.1    916.8
     1     1    15    11    27    14     0     0   -40.0   56.014 -129.080      2.8    915.2
     1     1    15    11    27    13     0     0   -41.0   56.056 -129.056      3.4    913.9
     1     1    15    11    27    12     0     0   -42.0   56.099 -129.051      4.1    912.8
     1     1    15    11    27    11     0     0   -43.0   56.141 -129.062      4.8    911.9
     1     1    15    11    27    10     0     0   -44.0   56.179 -129.085      5.4    911.2
     1     1    15    11    27     9     0     0   -45.0   56.214 -129.117      6.0    910.8
     1     1    15    11    27     8     0     0   -46.0   56.245 -129.159      6.5    910.5
     1     1    15    11    27     7     0     0   -47.0   56.271 -129.208      7.0    910.5
     1     1    15    11    27     6     0     0   -48.0   56.293 -129.264      7.4    910.6
     1     1    15    11    27     5     0     0   -49.0   56.309 -129.318      7.8    911.0
     1     1    15    11    27     4     0     0   -50.0   56.320 -129.364      8.3    911.4
     1     1    15    11    27     3     0     0   -51.0   56.325 -129.401      8.8    911.9
     1     1    15    11    27     2     0     0   -52.0   56.326 -129.430      9.5    912.4
     1     1    15    11    27     1     0     0   -53.0   56.322 -129.450     10.3    912.7
     1     1    15    11    27     0     0     0   -54.0   56.312 -129.464     11.4    913.0
     1     1    15    11    26    23     0     0   -55.0   56.301 -129.474     12.7    913.2
     1     1    15    11    26    22     0     0   -56.0   56.291 -129.484     14.1    913.4
     1     1    15    11    26    21     0     0   -57.0   56.281 -129.495     15.7    913.5
     1     1    15    11    26    20     0     0   -58.0   56.273 -129.506     17.3    913.7
     1     1    15    11    26    19     0     0   -59.0   56.267 -129.519     19.0    913.8
     1     1    15    11    26    18     0     0   -60.0   56.262 -129.533     20.7    913.9
     1     1    15    11    26    17     0     0   -61.0   56.263 -129.539     22.5    913.6
     1     1    15    11    26    16     0     0   -62.0   56.270 -129.530     24.3    913.0
     1     1    15    11    26    15     0     0   -63.0   56.286 -129.508     26.2    912.1
     1     1    15    11    26    14     0     0   -64.0   56.309 -129.475     28.2    910.8
     1     1    15    11    26    13     0     0   -65.0   56.341 -129.433     30.3    909.2
     1     1    15    11    26    12     0     0   -66.0   56.382 -129.385     32.4    907.4
     1     1    15    11    26    11     0     0   -67.0   56.424 -129.339     34.6    905.6
     1     1    15    11    26    10     0     0   -68.0   56.460 -129.301     36.8    904.1
     1     1    15    11    26     9     0     0   -69.0   56.490 -129.269     39.1    902.8
     1     1    15    11    26     8     0     0   -70.0   56.513 -129.241     41.3    901.7
     1     1    15    11    26     7     0     0   -71.0   56.528 -129.213     43.6    900.8
     1     1    15    11    26     6     0     0   -72.0   56.536 -129.185     45.9    900.1
