     1     1
    CDC1    15    11     1     0     0
     1 BACKWARD OMEGA   
    15    11    16    18   60.984 -139.059   750.0
     1 PRESSURE
     1     1    15    11    16    18     0     0     0.0   60.984 -139.059    750.0    788.2
     1     1    15    11    16    17     0     0    -1.0   60.996 -138.961    765.9    787.0
     1     1    15    11    16    16     0     0    -2.0   60.981 -138.875    778.6    786.8
     1     1    15    11    16    15     0     0    -3.0   60.942 -138.801    788.2    787.3
     1     1    15    11    16    14     0     0    -4.0   60.880 -138.737    794.7    788.5
     1     1    15    11    16    13     0     0    -5.0   60.793 -138.680    798.0    790.4
     1     1    15    11    16    12     0     0    -6.0   60.683 -138.628    798.0    793.1
     1     1    15    11    16    11     0     0    -7.0   60.562 -138.579    795.3    795.6
     1     1    15    11    16    10     0     0    -8.0   60.444 -138.536    791.0    798.1
     1     1    15    11    16     9     0     0    -9.0   60.330 -138.500    784.9    800.9
     1     1    15    11    16     8     0     0   -10.0   60.219 -138.472    777.1    803.8
     1     1    15    11    16     7     0     0   -11.0   60.113 -138.454    767.6    806.8
     1     1    15    11    16     6     0     0   -12.0   60.012 -138.447    756.5    810.0
     1     1    15    11    16     5     0     0   -13.0   59.912 -138.448    744.9    814.3
     1     1    15    11    16     4     0     0   -14.0   59.807 -138.456    733.1    819.0
     1     1    15    11    16     3     0     0   -15.0   59.698 -138.473    721.2    823.9
     1     1    15    11    16     2     0     0   -16.0   59.585 -138.506    709.5    829.1
     1     1    15    11    16     1     0     0   -17.0   59.468 -138.560    698.3    834.4
     1     1    15    11    16     0     0     0   -18.0   59.347 -138.640    687.8    839.9
     1     1    15    11    15    23     0     0   -19.0   59.229 -138.741    676.2    845.0
     1     1    15    11    15    22     0     0   -20.0   59.121 -138.852    661.4    850.6
     1     1    15    11    15    21     0     0   -21.0   59.023 -138.979    643.3    856.3
     1     1    15    11    15    20     0     0   -22.0   58.939 -139.121    622.2    862.0
     1     1    15    11    15    19     0     0   -23.0   58.869 -139.284    598.1    867.4
     1     1    15    11    15    18     0     0   -24.0   58.816 -139.469    571.5    872.5
     1     1    15    11    15    17     0     0   -25.0   58.773 -139.663    544.5    877.5
     1     1    15    11    15    16     0     0   -26.0   58.736 -139.850    519.3    882.0
     1     1    15    11    15    15     0     0   -27.0   58.701 -140.031    495.6    886.3
     1     1    15    11    15    14     0     0   -28.0   58.670 -140.210    473.5    890.8
     1     1    15    11    15    13     0     0   -29.0   58.640 -140.386    452.8    895.2
     1     1    15    11    15    12     0     0   -30.0   58.611 -140.561    433.5    899.3
     1     1    15    11    15    11     0     0   -31.0   58.586 -140.729    415.7    903.4
     1     1    15    11    15    10     0     0   -32.0   58.566 -140.883    399.5    906.9
     1     1    15    11    15     9     0     0   -33.0   58.552 -141.022    384.5    910.1
     1     1    15    11    15     8     0     0   -34.0   58.542 -141.145    370.6    912.6
     1     1    15    11    15     7     0     0   -35.0   58.535 -141.255    357.6    914.8
     1     1    15    11    15     6     0     0   -36.0   58.530 -141.349    345.3    916.7
     1     1    15    11    15     5     0     0   -37.0   58.530 -141.446    332.5    918.3
     1     1    15    11    15     4     0     0   -38.0   58.537 -141.561    318.5    920.1
     1     1    15    11    15     3     0     0   -39.0   58.551 -141.695    303.7    921.8
     1     1    15    11    15     2     0     0   -40.0   58.572 -141.849    288.3    923.5
     1     1    15    11    15     1     0     0   -41.0   58.600 -142.024    272.6    925.1
     1     1    15    11    15     0     0     0   -42.0   58.635 -142.219    257.1    926.5
     1     1    15    11    14    23     0     0   -43.0   58.680 -142.435    243.0    927.4
     1     1    15    11    14    22     0     0   -44.0   58.736 -142.669    232.2    927.8
     1     1    15    11    14    21     0     0   -45.0   58.804 -142.912    225.2    927.6
     1     1    15    11    14    20     0     0   -46.0   58.887 -143.155    222.0    926.3
     1     1    15    11    14    19     0     0   -47.0   58.986 -143.391    222.7    923.8
     1     1    15    11    14    18     0     0   -48.0   59.102 -143.610    227.3    920.2
     1     1    15    11    14    17     0     0   -49.0   59.229 -143.792    234.1    915.6
     1     1    15    11    14    16     0     0   -50.0   59.359 -143.923    240.8    910.8
     1     1    15    11    14    15     0     0   -51.0   59.491 -144.005    246.3    905.7
     1     1    15    11    14    14     0     0   -52.0   59.622 -144.039    249.7    900.7
     1     1    15    11    14    13     0     0   -53.0   59.752 -144.025    250.2    895.7
     1     1    15    11    14    12     0     0   -54.0   59.878 -143.965    247.2    890.9
     1     1    15    11    14    11     0     0   -55.0   60.003 -143.872    243.1    886.3
     1     1    15    11    14    10     0     0   -56.0   60.131 -143.773    239.9    882.7
     1     1    15    11    14     9     0     0   -57.0   60.264 -143.681    238.1    878.9
     1     1    15    11    14     8     0     0   -58.0   60.401 -143.595    237.8    874.8
     1     1    15    11    14     7     0     0   -59.0   60.544 -143.511    239.3    870.5
     1     1    15    11    14     6     0     0   -60.0   60.693 -143.427    242.8    865.8
     1     1    15    11    14     5     0     0   -61.0   60.838 -143.332    247.1    860.5
     1     1    15    11    14     4     0     0   -62.0   60.970 -143.219    250.4    855.8
     1     1    15    11    14     3     0     0   -63.0   61.088 -143.088    252.4    851.4
     1     1    15    11    14     2     0     0   -64.0   61.192 -142.941    252.7    847.5
     1     1    15    11    14     1     0     0   -65.0   61.279 -142.777    251.5    844.1
     1     1    15    11    14     0     0     0   -66.0   61.348 -142.596    248.7    841.2
     1     1    15    11    13    23     0     0   -67.0   61.403 -142.405    245.7    838.6
     1     1    15    11    13    22     0     0   -68.0   61.447 -142.211    243.5    836.3
     1     1    15    11    13    21     0     0   -69.0   61.482 -142.016    242.0    834.2
     1     1    15    11    13    20     0     0   -70.0   61.507 -141.822    241.2    832.2
     1     1    15    11    13    19     0     0   -71.0   61.520 -141.627    241.1    830.4
     1     1    15    11    13    18     0     0   -72.0   61.520 -141.433    241.7    828.7
