     1     1
    CDC1    16     4     1     0     0
     1 BACKWARD OMEGA   
    16     4    24     6   60.984 -139.059   750.0
     1 PRESSURE
     1     1    16     4    24     6     0     0     0.0   60.984 -139.059    750.0    811.0
     1     1    16     4    24     5     0     0    -1.0   60.840 -138.897    757.8    811.9
     1     1    16     4    24     4     0     0    -2.0   60.673 -138.719    762.4    813.8
     1     1    16     4    24     3     0     0    -3.0   60.481 -138.524    763.5    816.3
     1     1    16     4    24     2     0     0    -4.0   60.262 -138.309    760.5    819.7
     1     1    16     4    24     1     0     0    -5.0   60.014 -138.074    753.1    823.9
     1     1    16     4    24     0     0     0    -6.0   59.739 -137.835    743.0    832.8
     1     1    16     4    23    23     0     0    -7.0   59.445 -137.612    732.3    842.0
     1     1    16     4    23    22     0     0    -8.0   59.140 -137.409    723.3    851.0
     1     1    16     4    23    21     0     0    -9.0   58.828 -137.224    714.7    859.9
     1     1    16     4    23    20     0     0   -10.0   58.511 -137.059    705.8    868.9
     1     1    16     4    23    19     0     0   -11.0   58.191 -136.916    696.2    878.0
     1     1    16     4    23    18     0     0   -12.0   57.873 -136.799    685.2    887.2
     1     1    16     4    23    17     0     0   -13.0   57.556 -136.691    672.5    896.6
     1     1    16     4    23    16     0     0   -14.0   57.239 -136.587    656.5    902.5
     1     1    16     4    23    15     0     0   -15.0   56.918 -136.505    639.5    907.9
     1     1    16     4    23    14     0     0   -16.0   56.591 -136.449    622.8    913.6
     1     1    16     4    23    13     0     0   -17.0   56.253 -136.421    607.3    919.1
     1     1    16     4    23    12     0     0   -18.0   55.899 -136.423    593.9    924.6
     1     1    16     4    23    11     0     0   -19.0   55.535 -136.453    583.2    930.7
     1     1    16     4    23    10     0     0   -20.0   55.163 -136.504    575.2    936.5
     1     1    16     4    23     9     0     0   -21.0   54.785 -136.574    568.2    939.0
     1     1    16     4    23     8     0     0   -22.0   54.402 -136.669    561.5    939.0
     1     1    16     4    23     7     0     0   -23.0   54.009 -136.795    554.5    938.7
     1     1    16     4    23     6     0     0   -24.0   53.601 -136.959    546.0    938.2
     1     1    16     4    23     5     0     0   -25.0   53.182 -137.149    534.5    937.7
     1     1    16     4    23     4     0     0   -26.0   52.761 -137.346    518.7    937.3
     1     1    16     4    23     3     0     0   -27.0   52.343 -137.541    499.2    937.6
     1     1    16     4    23     2     0     0   -28.0   51.940 -137.725    478.5    939.6
     1     1    16     4    23     1     0     0   -29.0   51.560 -137.898    458.1    941.6
     1     1    16     4    23     0     0     0   -30.0   51.194 -138.066    438.0    943.6
     1     1    16     4    22    23     0     0   -31.0   50.844 -138.241    420.0    946.4
     1     1    16     4    22    22     0     0   -32.0   50.512 -138.427    405.6    948.5
     1     1    16     4    22    21     0     0   -33.0   50.198 -138.616    393.5    950.4
     1     1    16     4    22    20     0     0   -34.0   49.901 -138.799    383.2    952.5
     1     1    16     4    22    19     0     0   -35.0   49.628 -138.963    374.3    954.9
     1     1    16     4    22    18     0     0   -36.0   49.378 -139.102    366.4    957.0
     1     1    16     4    22    17     0     0   -37.0   49.155 -139.230    359.8    958.8
     1     1    16     4    22    16     0     0   -38.0   48.962 -139.356    354.8    960.0
     1     1    16     4    22    15     0     0   -39.0   48.798 -139.476    351.1    961.0
     1     1    16     4    22    14     0     0   -40.0   48.664 -139.585    348.2    961.6
     1     1    16     4    22    13     0     0   -41.0   48.561 -139.676    345.9    962.0
     1     1    16     4    22    12     0     0   -42.0   48.488 -139.746    344.1    962.3
     1     1    16     4    22    11     0     0   -43.0   48.439 -139.794    343.7    962.5
     1     1    16     4    22    10     0     0   -44.0   48.411 -139.820    345.4    962.3
     1     1    16     4    22     9     0     0   -45.0   48.404 -139.823    349.4    961.8
     1     1    16     4    22     8     0     0   -46.0   48.416 -139.799    355.4    961.0
     1     1    16     4    22     7     0     0   -47.0   48.447 -139.745    363.5    959.9
     1     1    16     4    22     6     0     0   -48.0   48.496 -139.659    373.4    958.6
     1     1    16     4    22     5     0     0   -49.0   48.545 -139.532    384.0    956.6
     1     1    16     4    22     4     0     0   -50.0   48.577 -139.361    394.2    954.3
     1     1    16     4    22     3     0     0   -51.0   48.591 -139.146    404.3    952.1
     1     1    16     4    22     2     0     0   -52.0   48.586 -138.889    414.4    949.8
     1     1    16     4    22     1     0     0   -53.0   48.559 -138.591    425.0    947.4
     1     1    16     4    22     0     0     0   -54.0   48.509 -138.254    436.5    944.9
     1     1    16     4    21    23     0     0   -55.0   48.434 -137.894    447.2    942.7
     1     1    16     4    21    22     0     0   -56.0   48.335 -137.528    455.5    941.2
     1     1    16     4    21    21     0     0   -57.0   48.214 -137.162    460.7    940.9
     1     1    16     4    21    20     0     0   -58.0   48.071 -136.801    462.0    941.2
     1     1    16     4    21    19     0     0   -59.0   47.907 -136.443    459.4    942.1
     1     1    16     4    21    18     0     0   -60.0   47.723 -136.089    452.8    943.4
     1     1    16     4    21    17     0     0   -61.0   47.517 -135.747    442.3    945.3
     1     1    16     4    21    16     0     0   -62.0   47.290 -135.440    428.5    947.6
     1     1    16     4    21    15     0     0   -63.0   47.043 -135.179    412.1    950.4
     1     1    16     4    21    14     0     0   -64.0   46.776 -134.958    393.8    953.4
     1     1    16     4    21    13     0     0   -65.0   46.489 -134.769    374.2    956.2
     1     1    16     4    21    12     0     0   -66.0   46.180 -134.608    353.4    958.8
     1     1    16     4    21    11     0     0   -67.0   45.865 -134.463    335.5    961.6
     1     1    16     4    21    10     0     0   -68.0   45.556 -134.330    323.9    963.3
     1     1    16     4    21     9     0     0   -69.0   45.254 -134.207    318.7    964.2
     1     1    16     4    21     8     0     0   -70.0   44.961 -134.090    320.2    964.4
     1     1    16     4    21     7     0     0   -71.0   44.678 -133.980    328.5    964.3
     1     1    16     4    21     6     0     0   -72.0   44.405 -133.876    343.9    963.5
