     1     1
    CDC1    15    10     1     0     0
     1 BACKWARD OMEGA   
    15    10    12     0   60.984 -139.059   750.0
     1 PRESSURE
     1     1    15    10    12     0     0     0     0.0   60.984 -139.059    750.0    793.8
     1     1    15    10    11    23     0     0    -1.0   60.846 -138.464    728.9    799.1
     1     1    15    10    11    22     0     0    -2.0   60.674 -137.889    713.2    803.9
     1     1    15    10    11    21     0     0    -3.0   60.473 -137.332    701.4    808.6
     1     1    15    10    11    20     0     0    -4.0   60.249 -136.801    692.0    812.6
     1     1    15    10    11    19     0     0    -5.0   60.008 -136.305    684.5    816.8
     1     1    15    10    11    18     0     0    -6.0   59.753 -135.856    678.5    823.5
     1     1    15    10    11    17     0     0    -7.0   59.489 -135.479    668.3    829.9
     1     1    15    10    11    16     0     0    -8.0   59.226 -135.180    651.4    837.7
     1     1    15    10    11    15     0     0    -9.0   58.966 -134.955    628.6    846.2
     1     1    15    10    11    14     0     0   -10.0   58.716 -134.802    601.2    854.4
     1     1    15    10    11    13     0     0   -11.0   58.481 -134.719    570.9    862.8
     1     1    15    10    11    12     0     0   -12.0   58.264 -134.702    538.9    871.9
     1     1    15    10    11    11     0     0   -13.0   58.062 -134.722    506.2    880.2
     1     1    15    10    11    10     0     0   -14.0   57.867 -134.762    473.8    888.8
     1     1    15    10    11     9     0     0   -15.0   57.680 -134.831    442.0    897.8
     1     1    15    10    11     8     0     0   -16.0   57.500 -134.938    411.3    907.3
     1     1    15    10    11     7     0     0   -17.0   57.326 -135.093    381.8    915.3
     1     1    15    10    11     6     0     0   -18.0   57.156 -135.300    355.0    921.9
     1     1    15    10    11     5     0     0   -19.0   56.995 -135.521    330.7    927.8
     1     1    15    10    11     4     0     0   -20.0   56.843 -135.726    307.4    933.5
     1     1    15    10    11     3     0     0   -21.0   56.702 -135.926    285.1    938.8
     1     1    15    10    11     2     0     0   -22.0   56.572 -136.129    263.9    943.8
     1     1    15    10    11     1     0     0   -23.0   56.452 -136.345    244.3    948.6
     1     1    15    10    11     0     0     0   -24.0   56.342 -136.580    226.2    953.0
     1     1    15    10    10    23     0     0   -25.0   56.234 -136.817    210.8    957.3
     1     1    15    10    10    22     0     0   -26.0   56.120 -137.039    198.6    960.9
     1     1    15    10    10    21     0     0   -27.0   56.002 -137.250    188.9    963.7
     1     1    15    10    10    20     0     0   -28.0   55.879 -137.453    180.9    966.3
     1     1    15    10    10    19     0     0   -29.0   55.750 -137.651    174.4    968.1
     1     1    15    10    10    18     0     0   -30.0   55.614 -137.847    168.9    969.7
     1     1    15    10    10    17     0     0   -31.0   55.466 -138.043    163.7    971.5
     1     1    15    10    10    16     0     0   -32.0   55.302 -138.241    158.1    973.4
     1     1    15    10    10    15     0     0   -33.0   55.123 -138.437    152.3    975.3
     1     1    15    10    10    14     0     0   -34.0   54.930 -138.631    146.5    976.3
     1     1    15    10    10    13     0     0   -35.0   54.731 -138.823    141.0    975.9
     1     1    15    10    10    12     0     0   -36.0   54.530 -139.018    135.9    975.4
     1     1    15    10    10    11     0     0   -37.0   54.329 -139.249    131.1    974.6
     1     1    15    10    10    10     0     0   -38.0   54.128 -139.541    126.4    973.7
     1     1    15    10    10     9     0     0   -39.0   53.921 -139.878    121.8    972.8
     1     1    15    10    10     8     0     0   -40.0   53.710 -140.236    117.6    972.2
     1     1    15    10    10     7     0     0   -41.0   53.493 -140.595    113.8    971.9
     1     1    15    10    10     6     0     0   -42.0   53.271 -140.935    110.4    971.6
     1     1    15    10    10     5     0     0   -43.0   53.055 -141.278    108.1    971.2
     1     1    15    10    10     4     0     0   -44.0   52.857 -141.653    107.1    971.0
     1     1    15    10    10     3     0     0   -45.0   52.673 -142.059    107.2    971.1
     1     1    15    10    10     2     0     0   -46.0   52.499 -142.490    108.2    971.6
     1     1    15    10    10     1     0     0   -47.0   52.336 -142.945    109.8    971.7
     1     1    15    10    10     0     0     0   -48.0   52.186 -143.419    111.9    971.5
     1     1    15    10     9    23     0     0   -49.0   52.054 -143.896    113.6    971.1
     1     1    15    10     9    22     0     0   -50.0   51.952 -144.359    114.5    970.9
     1     1    15    10     9    21     0     0   -51.0   51.876 -144.799    114.5    970.9
     1     1    15    10     9    20     0     0   -52.0   51.822 -145.213    113.8    970.8
     1     1    15    10     9    19     0     0   -53.0   51.788 -145.598    112.4    970.5
     1     1    15    10     9    18     0     0   -54.0   51.768 -145.952    110.3    970.3
     1     1    15    10     9    17     0     0   -55.0   51.743 -146.261    107.8    970.3
     1     1    15    10     9    16     0     0   -56.0   51.698 -146.515    105.1    970.4
     1     1    15    10     9    15     0     0   -57.0   51.640 -146.718    102.2    970.7
     1     1    15    10     9    14     0     0   -58.0   51.576 -146.875     99.1    971.0
     1     1    15    10     9    13     0     0   -59.0   51.510 -146.988     95.8    971.4
     1     1    15    10     9    12     0     0   -60.0   51.447 -147.060     92.5    971.8
     1     1    15    10     9    11     0     0   -61.0   51.380 -147.109     89.3    972.8
     1     1    15    10     9    10     0     0   -62.0   51.298 -147.156     86.5    973.7
     1     1    15    10     9     9     0     0   -63.0   51.204 -147.203     84.1    974.4
     1     1    15    10     9     8     0     0   -64.0   51.101 -147.247     82.1    975.1
     1     1    15    10     9     7     0     0   -65.0   50.991 -147.289     80.6    975.6
     1     1    15    10     9     6     0     0   -66.0   50.875 -147.327     79.5    976.0
     1     1    15    10     9     5     0     0   -67.0   50.748 -147.380     79.0    976.0
     1     1    15    10     9     4     0     0   -68.0   50.602 -147.471     79.3    975.7
     1     1    15    10     9     3     0     0   -69.0   50.440 -147.601     80.2    975.6
     1     1    15    10     9     2     0     0   -70.0   50.262 -147.773     82.0    975.5
     1     1    15    10     9     1     0     0   -71.0   50.072 -147.988     84.5    975.4
     1     1    15    10     9     0     0     0   -72.0   49.869 -148.246     87.6    975.3
