     1     1
    CDC1    16     3     1     0     0
     1 BACKWARD OMEGA   
    16     3    29     0   60.984 -139.059   750.0
     1 PRESSURE
     1     1    16     3    29     0     0     0     0.0   60.984 -139.059    750.0    813.6
     1     1    16     3    28    23     0     0    -1.0   60.652 -139.448    641.6    830.5
     1     1    16     3    28    22     0     0    -2.0   60.311 -139.733    524.8    850.2
     1     1    16     3    28    21     0     0    -3.0   59.978 -139.892    416.9    869.8
     1     1    16     3    28    20     0     0    -4.0   59.655 -139.976    327.0    891.1
     1     1    16     3    28    19     0     0    -5.0   59.338 -140.049    252.9    910.5
     1     1    16     3    28    18     0     0    -6.0   59.019 -140.135    189.5    929.8
     1     1    16     3    28    17     0     0    -7.0   58.698 -140.217    133.4    947.5
     1     1    16     3    28    16     0     0    -8.0   58.375 -140.276     82.7    966.2
     1     1    16     3    28    15     0     0    -9.0   58.045 -140.334     43.9    983.3
     1     1    16     3    28    14     0     0   -10.0   57.698 -140.425     21.8   1000.3
     1     1    16     3    28    13     0     0   -11.0   57.331 -140.556      6.8   1009.0
     1     1    16     3    28    12     0     0   -12.0   56.947 -140.721      0.0   1011.5
     1     1    16     3    28    11     0     0   -13.0   56.549 -140.913      0.0   1013.9
     1     1    16     3    28    10     0     0   -14.0   56.132 -141.133      0.0   1016.0
     1     1    16     3    28     9     0     0   -15.0   55.694 -141.377      0.0   1017.6
     1     1    16     3    28     8     0     0   -16.0   55.234 -141.642      0.0   1018.7
     1     1    16     3    28     7     0     0   -17.0   54.752 -141.913      0.0   1018.9
     1     1    16     3    28     6     0     0   -18.0   54.251 -142.162      0.0   1019.3
     1     1    16     3    28     5     0     0   -19.0   53.748 -142.375      0.0   1020.1
     1     1    16     3    28     4     0     0   -20.0   53.258 -142.555      0.0   1021.0
     1     1    16     3    28     3     0     0   -21.0   52.783 -142.714      0.1   1021.7
     1     1    16     3    28     2     0     0   -22.0   52.325 -142.863      0.4   1022.6
     1     1    16     3    28     1     0     0   -23.0   51.892 -143.006      0.8   1023.7
     1     1    16     3    28     0     0     0   -24.0   51.485 -143.145      1.2   1024.7
     1     1    16     3    27    23     0     0   -25.0   51.103 -143.283      1.6   1025.4
     1     1    16     3    27    22     0     0   -26.0   50.747 -143.422      1.9   1026.0
     1     1    16     3    27    21     0     0   -27.0   50.414 -143.566      2.2   1026.5
     1     1    16     3    27    20     0     0   -28.0   50.101 -143.719      2.4   1026.9
     1     1    16     3    27    19     0     0   -29.0   49.808 -143.886      2.7   1026.7
     1     1    16     3    27    18     0     0   -30.0   49.535 -144.067      3.0   1026.4
     1     1    16     3    27    17     0     0   -31.0   49.282 -144.270      3.3   1025.4
     1     1    16     3    27    16     0     0   -32.0   49.050 -144.499      3.6   1024.3
     1     1    16     3    27    15     0     0   -33.0   48.837 -144.754      4.0   1023.4
     1     1    16     3    27    14     0     0   -34.0   48.639 -145.033      4.4   1022.4
     1     1    16     3    27    13     0     0   -35.0   48.456 -145.333      4.8   1021.4
     1     1    16     3    27    12     0     0   -36.0   48.284 -145.653      5.3   1020.5
     1     1    16     3    27    11     0     0   -37.0   48.119 -145.985      5.9   1019.7
     1     1    16     3    27    10     0     0   -38.0   47.957 -146.315      6.5   1018.9
     1     1    16     3    27     9     0     0   -39.0   47.798 -146.638      7.3   1018.2
     1     1    16     3    27     8     0     0   -40.0   47.642 -146.949      8.2   1017.6
     1     1    16     3    27     7     0     0   -41.0   47.490 -147.243      9.2   1017.1
     1     1    16     3    27     6     0     0   -42.0   47.344 -147.517     10.4   1017.5
     1     1    16     3    27     5     0     0   -43.0   47.204 -147.796     11.8   1018.0
     1     1    16     3    27     4     0     0   -44.0   47.068 -148.104     13.2   1018.6
     1     1    16     3    27     3     0     0   -45.0   46.938 -148.441     14.5   1019.2
     1     1    16     3    27     2     0     0   -46.0   46.817 -148.805     15.7   1019.8
     1     1    16     3    27     1     0     0   -47.0   46.708 -149.197     16.7   1020.5
     1     1    16     3    27     0     0     0   -48.0   46.614 -149.616     17.4   1021.3
     1     1    16     3    26    23     0     0   -49.0   46.528 -150.047     18.0   1021.9
     1     1    16     3    26    22     0     0   -50.0   46.439 -150.469     18.7   1022.2
     1     1    16     3    26    21     0     0   -51.0   46.346 -150.883     19.4   1022.5
     1     1    16     3    26    20     0     0   -52.0   46.255 -151.291     20.5   1022.7
     1     1    16     3    26    19     0     0   -53.0   46.168 -151.696     21.8   1022.7
     1     1    16     3    26    18     0     0   -54.0   46.090 -152.100     23.7   1022.7
     1     1    16     3    26    17     0     0   -55.0   46.014 -152.505     26.0   1022.0
     1     1    16     3    26    16     0     0   -56.0   45.932 -152.912     28.5   1021.2
     1     1    16     3    26    15     0     0   -57.0   45.844 -153.320     31.1   1020.3
     1     1    16     3    26    14     0     0   -58.0   45.754 -153.734     33.8   1019.5
     1     1    16     3    26    13     0     0   -59.0   45.661 -154.157     36.3   1018.8
     1     1    16     3    26    12     0     0   -60.0   45.568 -154.593     38.8   1018.2
     1     1    16     3    26    11     0     0   -61.0   45.479 -155.037     41.4   1017.2
     1     1    16     3    26    10     0     0   -62.0   45.396 -155.486     44.5   1016.6
     1     1    16     3    26     9     0     0   -63.0   45.323 -155.939     48.2   1016.1
     1     1    16     3    26     8     0     0   -64.0   45.263 -156.397     52.7   1015.7
     1     1    16     3    26     7     0     0   -65.0   45.218 -156.864     58.5   1015.5
     1     1    16     3    26     6     0     0   -66.0   45.193 -157.339     65.8   1015.4
     1     1    16     3    26     5     0     0   -67.0   45.172 -157.832     73.9   1013.7
     1     1    16     3    26     4     0     0   -68.0   45.140 -158.353     81.6   1011.5
     1     1    16     3    26     3     0     0   -69.0   45.101 -158.902     89.0   1009.4
     1     1    16     3    26     2     0     0   -70.0   45.060 -159.483     95.8   1007.5
     1     1    16     3    26     1     0     0   -71.0   45.022 -160.097    101.9   1005.9
     1     1    16     3    26     0     0     0   -72.0   44.988 -160.740    107.2   1004.1
