     1     1
    CDC1    15    10     1     0     0
     1 BACKWARD OMEGA   
    15    10    21     6   60.984 -139.059   750.0
     1 PRESSURE
     1     1    15    10    21     6     0     0     0.0   60.984 -139.059    750.0    799.8
     1     1    15    10    21     5     0     0    -1.0   60.759 -138.772    700.6    808.4
     1     1    15    10    21     4     0     0    -2.0   60.532 -138.480    644.5    818.4
     1     1    15    10    21     3     0     0    -3.0   60.301 -138.183    582.2    828.9
     1     1    15    10    21     2     0     0    -4.0   60.067 -137.879    515.6    839.5
     1     1    15    10    21     1     0     0    -5.0   59.830 -137.573    449.0    853.0
     1     1    15    10    21     0     0     0    -6.0   59.593 -137.275    386.1    867.2
     1     1    15    10    20    23     0     0    -7.0   59.362 -136.982    331.0    879.5
     1     1    15    10    20    22     0     0    -8.0   59.148 -136.690    285.5    889.9
     1     1    15    10    20    21     0     0    -9.0   58.955 -136.392    248.1    898.9
     1     1    15    10    20    20     0     0   -10.0   58.784 -136.087    217.4    906.7
     1     1    15    10    20    19     0     0   -11.0   58.637 -135.776    192.1    912.9
     1     1    15    10    20    18     0     0   -12.0   58.515 -135.460    171.2    917.3
     1     1    15    10    20    17     0     0   -13.0   58.406 -135.134    153.0    920.7
     1     1    15    10    20    16     0     0   -14.0   58.296 -134.791    136.2    922.6
     1     1    15    10    20    15     0     0   -15.0   58.177 -134.434    120.4    923.3
     1     1    15    10    20    14     0     0   -16.0   58.041 -134.067    104.5    924.3
     1     1    15    10    20    13     0     0   -17.0   57.878 -133.695     87.4    925.9
     1     1    15    10    20    12     0     0   -18.0   57.676 -133.320     67.6    928.4
     1     1    15    10    20    11     0     0   -19.0   57.460 -132.956     45.8    930.4
     1     1    15    10    20    10     0     0   -20.0   57.269 -132.627     26.7    933.1
     1     1    15    10    20     9     0     0   -21.0   57.124 -132.354     14.3    934.7
     1     1    15    10    20     8     0     0   -22.0   57.012 -132.148      5.6    934.0
     1     1    15    10    20     7     0     0   -23.0   56.922 -132.009      0.0    933.9
     1     1    15    10    20     6     0     0   -24.0   56.845 -131.931      0.0    934.7
     1     1    15    10    20     5     0     0   -25.0   56.775 -131.889      0.0    935.6
     1     1    15    10    20     4     0     0   -26.0   56.706 -131.862      0.0    936.8
     1     1    15    10    20     3     0     0   -27.0   56.638 -131.852      0.0    938.3
     1     1    15    10    20     2     0     0   -28.0   56.573 -131.858      0.0    940.1
     1     1    15    10    20     1     0     0   -29.0   56.510 -131.883      0.0    942.2
     1     1    15    10    20     0     0     0   -30.0   56.451 -131.926      0.0    944.6
     1     1    15    10    19    23     0     0   -31.0   56.394 -131.980      0.2    946.8
     1     1    15    10    19    22     0     0   -32.0   56.343 -132.033      0.0    948.9
     1     1    15    10    19    21     0     0   -33.0   56.298 -132.085      0.0    950.9
     1     1    15    10    19    20     0     0   -34.0   56.259 -132.137      0.0    952.7
     1     1    15    10    19    19     0     0   -35.0   56.227 -132.188      0.0    954.3
     1     1    15    10    19    18     0     0   -36.0   56.203 -132.238      0.0    955.7
     1     1    15    10    19    17     0     0   -37.0   56.186 -132.298      0.0    956.9
     1     1    15    10    19    16     0     0   -38.0   56.176 -132.380      0.0    958.3
     1     1    15    10    19    15     0     0   -39.0   56.172 -132.486      0.0    960.1
     1     1    15    10    19    14     0     0   -40.0   56.175 -132.617      0.0    961.6
     1     1    15    10    19    13     0     0   -41.0   56.183 -132.774      0.0    963.2
     1     1    15    10    19    12     0     0   -42.0   56.197 -132.958      0.0    965.2
     1     1    15    10    19    11     0     0   -43.0   56.209 -133.159      0.0    967.6
     1     1    15    10    19    10     0     0   -44.0   56.215 -133.371      0.0    970.3
     1     1    15    10    19     9     0     0   -45.0   56.215 -133.596      0.0    973.3
     1     1    15    10    19     8     0     0   -46.0   56.210 -133.838      0.0    976.5
     1     1    15    10    19     7     0     0   -47.0   56.203 -134.100      0.0    980.1
     1     1    15    10    19     6     0     0   -48.0   56.195 -134.387      0.0    984.1
     1     1    15    10    19     5     0     0   -49.0   56.188 -134.700      0.0    987.6
     1     1    15    10    19     4     0     0   -50.0   56.189 -135.037      0.0    990.8
     1     1    15    10    19     3     0     0   -51.0   56.193 -135.406      0.0    991.2
     1     1    15    10    19     2     0     0   -52.0   56.197 -135.811      0.0    991.8
     1     1    15    10    19     1     0     0   -53.0   56.201 -136.258      0.0    992.7
     1     1    15    10    19     0     0     0   -54.0   56.204 -136.754      0.0    993.9
     1     1    15    10    18    23     0     0   -55.0   56.201 -137.259      0.0    995.5
     1     1    15    10    18    22     0     0   -56.0   56.186 -137.722      0.0    996.4
     1     1    15    10    18    21     0     0   -57.0   56.154 -138.139      0.0    996.4
     1     1    15    10    18    20     0     0   -58.0   56.107 -138.514      0.0    996.5
     1     1    15    10    18    19     0     0   -59.0   56.048 -138.858      0.0    996.4
     1     1    15    10    18    18     0     0   -60.0   55.980 -139.182      0.0    996.3
     1     1    15    10    18    17     0     0   -61.0   55.899 -139.502      0.0    996.7
     1     1    15    10    18    16     0     0   -62.0   55.804 -139.833      0.0    996.9
     1     1    15    10    18    15     0     0   -63.0   55.700 -140.185      0.0    997.2
     1     1    15    10    18    14     0     0   -64.0   55.591 -140.564      0.0    997.5
     1     1    15    10    18    13     0     0   -65.0   55.480 -140.981      0.0    997.6
     1     1    15    10    18    12     0     0   -66.0   55.371 -141.452      0.0    997.4
     1     1    15    10    18    11     0     0   -67.0   55.257 -141.944      0.0    997.5
     1     1    15    10    18    10     0     0   -68.0   55.128 -142.407      0.0    997.1
     1     1    15    10    18     9     0     0   -69.0   54.979 -142.820      0.0    996.1
     1     1    15    10    18     8     0     0   -70.0   54.812 -143.164      0.0    995.5
     1     1    15    10    18     7     0     0   -71.0   54.631 -143.430      0.2    995.0
     1     1    15    10    18     6     0     0   -72.0   54.440 -143.627      1.0    994.6
