     1     1
    CDC1    16     4     1     0     0
     1 BACKWARD OMEGA   
    16     4    20    18   60.984 -139.059   750.0
     1 PRESSURE
     1     1    16     4    20    18     0     0     0.0   60.984 -139.059    750.0    813.9
     1     1    16     4    20    17     0     0    -1.0   60.934 -139.006    758.5    814.1
     1     1    16     4    20    16     0     0    -2.0   60.876 -138.944    767.8    814.3
     1     1    16     4    20    15     0     0    -3.0   60.810 -138.872    777.5    814.5
     1     1    16     4    20    14     0     0    -4.0   60.737 -138.791    787.6    814.7
     1     1    16     4    20    13     0     0    -5.0   60.656 -138.701    797.7    815.1
     1     1    16     4    20    12     0     0    -6.0   60.567 -138.601    807.6    815.5
     1     1    16     4    20    11     0     0    -7.0   60.478 -138.499    816.9    816.3
     1     1    16     4    20    10     0     0    -8.0   60.398 -138.401    824.6    817.2
     1     1    16     4    20     9     0     0    -9.0   60.329 -138.307    831.5    818.0
     1     1    16     4    20     8     0     0   -10.0   60.270 -138.214    838.1    818.7
     1     1    16     4    20     7     0     0   -11.0   60.223 -138.122    844.9    819.2
     1     1    16     4    20     6     0     0   -12.0   60.187 -138.031    852.2    819.5
     1     1    16     4    20     5     0     0   -13.0   60.159 -137.949    859.6    819.2
     1     1    16     4    20     4     0     0   -14.0   60.134 -137.885    867.7    818.9
     1     1    16     4    20     3     0     0   -15.0   60.111 -137.840    876.0    818.5
     1     1    16     4    20     2     0     0   -16.0   60.091 -137.816    884.5    818.1
     1     1    16     4    20     1     0     0   -17.0   60.074 -137.813    892.9    817.8
     1     1    16     4    20     0     0     0   -18.0   60.058 -137.831    901.2    817.4
     1     1    16     4    19    23     0     0   -19.0   60.039 -137.875    908.3    817.1
     1     1    16     4    19    22     0     0   -20.0   60.011 -137.951    913.2    817.3
     1     1    16     4    19    21     0     0   -21.0   59.973 -138.056    915.9    818.4
     1     1    16     4    19    20     0     0   -22.0   59.924 -138.186    916.0    820.4
     1     1    16     4    19    19     0     0   -23.0   59.862 -138.335    913.4    823.1
     1     1    16     4    19    18     0     0   -24.0   59.785 -138.499    907.9    826.8
     1     1    16     4    19    17     0     0   -25.0   59.698 -138.662    896.9    830.4
     1     1    16     4    19    16     0     0   -26.0   59.605 -138.811    879.1    835.1
     1     1    16     4    19    15     0     0   -27.0   59.506 -138.947    854.3    840.7
     1     1    16     4    19    14     0     0   -28.0   59.404 -139.069    822.7    847.2
     1     1    16     4    19    13     0     0   -29.0   59.298 -139.181    784.2    854.7
     1     1    16     4    19    12     0     0   -30.0   59.188 -139.281    738.9    863.1
     1     1    16     4    19    11     0     0   -31.0   59.076 -139.394    689.1    872.9
     1     1    16     4    19    10     0     0   -32.0   58.957 -139.537    637.4    883.3
     1     1    16     4    19     9     0     0   -33.0   58.833 -139.707    585.1    893.7
     1     1    16     4    19     8     0     0   -34.0   58.703 -139.898    534.2    903.9
     1     1    16     4    19     7     0     0   -35.0   58.569 -140.105    485.3    914.7
     1     1    16     4    19     6     0     0   -36.0   58.430 -140.325    438.6    926.1
     1     1    16     4    19     5     0     0   -37.0   58.290 -140.541    395.7    937.3
     1     1    16     4    19     4     0     0   -38.0   58.152 -140.742    358.0    947.0
     1     1    16     4    19     3     0     0   -39.0   58.013 -140.936    325.6    955.9
     1     1    16     4    19     2     0     0   -40.0   57.876 -141.127    298.5    964.5
     1     1    16     4    19     1     0     0   -41.0   57.738 -141.320    277.2    972.6
     1     1    16     4    19     0     0     0   -42.0   57.600 -141.520    261.9    980.2
     1     1    16     4    18    23     0     0   -43.0   57.473 -141.728    250.7    985.2
     1     1    16     4    18    22     0     0   -44.0   57.367 -141.945    241.0    986.8
     1     1    16     4    18    21     0     0   -45.0   57.282 -142.173    232.7    988.0
     1     1    16     4    18    20     0     0   -46.0   57.220 -142.416    225.0    989.1
     1     1    16     4    18    19     0     0   -47.0   57.179 -142.675    217.0    990.3
     1     1    16     4    18    18     0     0   -48.0   57.162 -142.949    208.1    991.8
     1     1    16     4    18    17     0     0   -49.0   57.151 -143.210    200.0    994.4
     1     1    16     4    18    16     0     0   -50.0   57.133 -143.432    194.3    995.9
     1     1    16     4    18    15     0     0   -51.0   57.109 -143.621    190.9    996.9
     1     1    16     4    18    14     0     0   -52.0   57.079 -143.779    189.5    997.5
     1     1    16     4    18    13     0     0   -53.0   57.046 -143.911    190.2    997.6
     1     1    16     4    18    12     0     0   -54.0   57.011 -144.018    192.7    997.4
     1     1    16     4    18    11     0     0   -55.0   56.970 -144.119    195.9    997.3
     1     1    16     4    18    10     0     0   -56.0   56.922 -144.232    198.6    997.4
     1     1    16     4    18     9     0     0   -57.0   56.868 -144.358    201.0    997.5
     1     1    16     4    18     8     0     0   -58.0   56.808 -144.497    203.1    997.5
     1     1    16     4    18     7     0     0   -59.0   56.743 -144.650    205.3    997.4
     1     1    16     4    18     6     0     0   -60.0   56.676 -144.816    207.6    997.4
     1     1    16     4    18     5     0     0   -61.0   56.609 -144.989    211.2    997.1
     1     1    16     4    18     4     0     0   -62.0   56.545 -145.159    216.5    995.9
     1     1    16     4    18     3     0     0   -63.0   56.483 -145.325    223.5    994.3
     1     1    16     4    18     2     0     0   -64.0   56.424 -145.488    232.4    992.5
     1     1    16     4    18     1     0     0   -65.0   56.368 -145.648    243.2    990.5
     1     1    16     4    18     0     0     0   -66.0   56.316 -145.806    255.9    988.2
     1     1    16     4    17    23     0     0   -67.0   56.277 -145.947    268.6    985.8
     1     1    16     4    17    22     0     0   -68.0   56.263 -146.056    279.3    984.1
     1     1    16     4    17    21     0     0   -69.0   56.271 -146.132    287.9    983.1
     1     1    16     4    17    20     0     0   -70.0   56.303 -146.175    294.3    982.7
     1     1    16     4    17    19     0     0   -71.0   56.358 -146.184    298.7    982.7
     1     1    16     4    17    18     0     0   -72.0   56.436 -146.158    301.2    983.3
