     1     1
    CDC1    16     4     1     0     0
     1 BACKWARD OMEGA   
    16     4    12     0   60.984 -139.059   750.0
     1 PRESSURE
     1     1    16     4    12     0     0     0     0.0   60.984 -139.059    750.0    806.4
     1     1    16     4    11    23     0     0    -1.0   60.841 -139.001    735.7    810.4
     1     1    16     4    11    22     0     0    -2.0   60.696 -138.976    722.1    814.4
     1     1    16     4    11    21     0     0    -3.0   60.549 -138.985    709.5    818.5
     1     1    16     4    11    20     0     0    -4.0   60.400 -139.024    698.4    822.5
     1     1    16     4    11    19     0     0    -5.0   60.249 -139.093    689.2    826.4
     1     1    16     4    11    18     0     0    -6.0   60.096 -139.190    682.2    830.3
     1     1    16     4    11    17     0     0    -7.0   59.940 -139.292    675.7    834.6
     1     1    16     4    11    16     0     0    -8.0   59.782 -139.378    666.9    840.8
     1     1    16     4    11    15     0     0    -9.0   59.623 -139.448    655.5    847.5
     1     1    16     4    11    14     0     0   -10.0   59.464 -139.507    641.4    854.4
     1     1    16     4    11    13     0     0   -11.0   59.306 -139.557    624.6    861.8
     1     1    16     4    11    12     0     0   -12.0   59.148 -139.602    605.2    869.2
     1     1    16     4    11    11     0     0   -13.0   58.990 -139.645    586.4    876.8
     1     1    16     4    11    10     0     0   -14.0   58.827 -139.691    570.6    884.1
     1     1    16     4    11     9     0     0   -15.0   58.663 -139.739    557.6    891.2
     1     1    16     4    11     8     0     0   -16.0   58.497 -139.791    547.2    898.1
     1     1    16     4    11     7     0     0   -17.0   58.331 -139.845    539.1    905.0
     1     1    16     4    11     6     0     0   -18.0   58.167 -139.901    533.1    911.6
     1     1    16     4    11     5     0     0   -19.0   58.005 -139.948    527.7    917.7
     1     1    16     4    11     4     0     0   -20.0   57.844 -139.976    521.2    924.1
     1     1    16     4    11     3     0     0   -21.0   57.685 -139.987    513.6    930.6
     1     1    16     4    11     2     0     0   -22.0   57.530 -139.986    504.7    937.0
     1     1    16     4    11     1     0     0   -23.0   57.378 -139.980    494.2    940.0
     1     1    16     4    11     0     0     0   -24.0   57.231 -139.978    482.8    942.2
     1     1    16     4    10    23     0     0   -25.0   57.078 -139.989    470.9    944.6
     1     1    16     4    10    22     0     0   -26.0   56.907 -140.025    458.3    947.3
     1     1    16     4    10    21     0     0   -27.0   56.718 -140.087    445.2    950.1
     1     1    16     4    10    20     0     0   -28.0   56.509 -140.175    431.7    953.2
     1     1    16     4    10    19     0     0   -29.0   56.281 -140.290    418.1    956.3
     1     1    16     4    10    18     0     0   -30.0   56.032 -140.433    404.4    959.5
     1     1    16     4    10    17     0     0   -31.0   55.766 -140.582    392.2    962.3
     1     1    16     4    10    16     0     0   -32.0   55.485 -140.716    382.7    964.2
     1     1    16     4    10    15     0     0   -33.0   55.187 -140.838    375.8    965.6
     1     1    16     4    10    14     0     0   -34.0   54.870 -140.946    371.0    966.0
     1     1    16     4    10    13     0     0   -35.0   54.537 -141.040    367.8    965.5
     1     1    16     4    10    12     0     0   -36.0   54.193 -141.119    365.4    964.9
     1     1    16     4    10    11     0     0   -37.0   53.842 -141.192    363.2    964.7
     1     1    16     4    10    10     0     0   -38.0   53.486 -141.263    360.3    964.7
     1     1    16     4    10     9     0     0   -39.0   53.121 -141.333    356.4    964.8
     1     1    16     4    10     8     0     0   -40.0   52.742 -141.405    351.4    965.1
     1     1    16     4    10     7     0     0   -41.0   52.348 -141.476    344.7    965.9
     1     1    16     4    10     6     0     0   -42.0   51.943 -141.537    336.0    967.8
     1     1    16     4    10     5     0     0   -43.0   51.539 -141.575    325.3    970.1
     1     1    16     4    10     4     0     0   -44.0   51.142 -141.583    313.3    972.5
     1     1    16     4    10     3     0     0   -45.0   50.749 -141.563    300.4    974.8
     1     1    16     4    10     2     0     0   -46.0   50.357 -141.514    286.7    977.2
     1     1    16     4    10     1     0     0   -47.0   49.963 -141.440    272.6    979.6
     1     1    16     4    10     0     0     0   -48.0   49.568 -141.345    259.0    981.5
     1     1    16     4     9    23     0     0   -49.0   49.176 -141.246    246.3    983.8
     1     1    16     4     9    22     0     0   -50.0   48.790 -141.151    233.5    986.2
     1     1    16     4     9    21     0     0   -51.0   48.408 -141.054    220.2    988.7
     1     1    16     4     9    20     0     0   -52.0   48.030 -140.953    206.0    991.6
     1     1    16     4     9    19     0     0   -53.0   47.653 -140.844    190.4    994.4
     1     1    16     4     9    18     0     0   -54.0   47.277 -140.730    173.9    996.5
     1     1    16     4     9    17     0     0   -55.0   46.908 -140.616    158.3    998.2
     1     1    16     4     9    16     0     0   -56.0   46.551 -140.505    144.7    999.6
     1     1    16     4     9    15     0     0   -57.0   46.209 -140.393    132.6   1000.8
     1     1    16     4     9    14     0     0   -58.0   45.887 -140.278    121.9   1001.8
     1     1    16     4     9    13     0     0   -59.0   45.589 -140.154    112.3   1002.7
     1     1    16     4     9    12     0     0   -60.0   45.318 -140.021    103.4   1003.6
     1     1    16     4     9    11     0     0   -61.0   45.084 -139.892     95.6   1004.8
     1     1    16     4     9    10     0     0   -62.0   44.891 -139.779     89.4   1006.4
     1     1    16     4     9     9     0     0   -63.0   44.739 -139.682     84.7   1008.1
     1     1    16     4     9     8     0     0   -64.0   44.625 -139.598     81.3   1009.5
     1     1    16     4     9     7     0     0   -65.0   44.544 -139.527     79.2   1010.6
     1     1    16     4     9     6     0     0   -66.0   44.495 -139.467     78.2   1011.4
     1     1    16     4     9     5     0     0   -67.0   44.466 -139.422     78.2   1011.7
     1     1    16     4     9     4     0     0   -68.0   44.444 -139.398     79.4   1011.8
     1     1    16     4     9     3     0     0   -69.0   44.429 -139.395     81.6   1011.7
     1     1    16     4     9     2     0     0   -70.0   44.419 -139.412     84.9   1011.3
     1     1    16     4     9     1     0     0   -71.0   44.411 -139.451     89.4   1010.7
     1     1    16     4     9     0     0     0   -72.0   44.406 -139.513     95.4   1009.9
