     1     1
    CDC1    15    11     1     0     0
     1 BACKWARD OMEGA   
    15    11    17     6   60.984 -139.059   750.0
     1 PRESSURE
     1     1    15    11    17     6     0     0     0.0   60.984 -139.059    750.0    785.5
     1     1    15    11    17     5     0     0    -1.0   60.977 -138.933    751.4    785.7
     1     1    15    11    17     4     0     0    -2.0   60.977 -138.817    755.5    785.3
     1     1    15    11    17     3     0     0    -3.0   60.984 -138.707    762.4    784.5
     1     1    15    11    17     2     0     0    -4.0   60.998 -138.602    772.4    783.3
     1     1    15    11    17     1     0     0    -5.0   61.017 -138.501    785.6    781.8
     1     1    15    11    17     0     0     0    -6.0   61.040 -138.403    802.0    779.9
     1     1    15    11    16    23     0     0    -7.0   61.061 -138.304    819.9    777.7
     1     1    15    11    16    22     0     0    -8.0   61.075 -138.198    837.3    775.9
     1     1    15    11    16    21     0     0    -9.0   61.081 -138.087    854.0    774.3
     1     1    15    11    16    20     0     0   -10.0   61.080 -137.972    869.9    772.9
     1     1    15    11    16    19     0     0   -11.0   61.072 -137.853    884.9    771.8
     1     1    15    11    16    18     0     0   -12.0   61.057 -137.729    898.9    770.7
     1     1    15    11    16    17     0     0   -13.0   61.027 -137.611    911.1    770.7
     1     1    15    11    16    16     0     0   -14.0   60.973 -137.511    920.1    771.4
     1     1    15    11    16    15     0     0   -15.0   60.896 -137.428    926.1    772.7
     1     1    15    11    16    14     0     0   -16.0   60.797 -137.360    929.3    774.7
     1     1    15    11    16    13     0     0   -17.0   60.676 -137.304    929.8    777.3
     1     1    15    11    16    12     0     0   -18.0   60.532 -137.256    927.7    780.6
     1     1    15    11    16    11     0     0   -19.0   60.380 -137.213    923.2    783.6
     1     1    15    11    16    10     0     0   -20.0   60.233 -137.176    917.1    786.7
     1     1    15    11    16     9     0     0   -21.0   60.093 -137.147    909.3    789.9
     1     1    15    11    16     8     0     0   -22.0   59.960 -137.128    899.9    793.8
     1     1    15    11    16     7     0     0   -23.0   59.834 -137.118    889.1    798.9
     1     1    15    11    16     6     0     0   -24.0   59.713 -137.114    876.7    804.1
     1     1    15    11    16     5     0     0   -25.0   59.591 -137.118    863.2    809.2
     1     1    15    11    16     4     0     0   -26.0   59.463 -137.131    848.1    814.8
     1     1    15    11    16     3     0     0   -27.0   59.330 -137.160    832.0    820.7
     1     1    15    11    16     2     0     0   -28.0   59.190 -137.209    815.0    827.2
     1     1    15    11    16     1     0     0   -29.0   59.046 -137.286    797.6    834.1
     1     1    15    11    16     0     0     0   -30.0   58.898 -137.397    780.2    841.5
     1     1    15    11    15    23     0     0   -31.0   58.753 -137.533    761.1    848.5
     1     1    15    11    15    22     0     0   -32.0   58.619 -137.681    738.3    855.6
     1     1    15    11    15    21     0     0   -33.0   58.497 -137.845    712.2    862.9
     1     1    15    11    15    20     0     0   -34.0   58.392 -138.028    682.9    870.2
     1     1    15    11    15    19     0     0   -35.0   58.303 -138.231    650.9    877.6
     1     1    15    11    15    18     0     0   -36.0   58.234 -138.456    616.1    884.8
     1     1    15    11    15    17     0     0   -37.0   58.179 -138.691    581.6    891.2
     1     1    15    11    15    16     0     0   -38.0   58.131 -138.923    549.8    896.9
     1     1    15    11    15    15     0     0   -39.0   58.088 -139.159    520.6    902.4
     1     1    15    11    15    14     0     0   -40.0   58.050 -139.402    493.8    907.5
     1     1    15    11    15    13     0     0   -41.0   58.015 -139.658    469.3    912.4
     1     1    15    11    15    12     0     0   -42.0   57.981 -139.931    447.0    917.2
     1     1    15    11    15    11     0     0   -43.0   57.953 -140.214    427.5    922.2
     1     1    15    11    15    10     0     0   -44.0   57.935 -140.488    411.0    926.5
     1     1    15    11    15     9     0     0   -45.0   57.926 -140.751    397.1    930.1
     1     1    15    11    15     8     0     0   -46.0   57.924 -141.001    385.1    933.1
     1     1    15    11    15     7     0     0   -47.0   57.928 -141.237    374.7    935.4
     1     1    15    11    15     6     0     0   -48.0   57.936 -141.460    365.5    937.2
     1     1    15    11    15     5     0     0   -49.0   57.951 -141.686    356.1    938.7
     1     1    15    11    15     4     0     0   -50.0   57.975 -141.932    345.6    940.2
     1     1    15    11    15     3     0     0   -51.0   58.009 -142.201    334.5    941.5
     1     1    15    11    15     2     0     0   -52.0   58.055 -142.492    323.1    942.6
     1     1    15    11    15     1     0     0   -53.0   58.112 -142.804    312.3    943.6
     1     1    15    11    15     0     0     0   -54.0   58.179 -143.136    303.3    944.3
     1     1    15    11    14    23     0     0   -55.0   58.257 -143.483    297.4    944.1
     1     1    15    11    14    22     0     0   -56.0   58.349 -143.834    296.1    942.8
     1     1    15    11    14    21     0     0   -57.0   58.459 -144.182    299.2    940.4
     1     1    15    11    14    20     0     0   -58.0   58.589 -144.516    307.0    936.8
     1     1    15    11    14    19     0     0   -59.0   58.739 -144.830    319.8    931.8
     1     1    15    11    14    18     0     0   -60.0   58.909 -145.118    338.1    925.2
     1     1    15    11    14    17     0     0   -61.0   59.087 -145.367    359.8    917.8
     1     1    15    11    14    16     0     0   -62.0   59.265 -145.569    382.5    910.4
     1     1    15    11    14    15     0     0   -63.0   59.444 -145.729    405.5    902.5
     1     1    15    11    14    14     0     0   -64.0   59.622 -145.850    428.2    894.5
     1     1    15    11    14    13     0     0   -65.0   59.799 -145.936    449.6    886.8
     1     1    15    11    14    12     0     0   -66.0   59.975 -145.990    468.9    879.2
     1     1    15    11    14    11     0     0   -67.0   60.151 -146.025    488.4    873.1
     1     1    15    11    14    10     0     0   -68.0   60.331 -146.053    509.5    866.5
     1     1    15    11    14     9     0     0   -69.0   60.514 -146.072    532.9    859.6
     1     1    15    11    14     8     0     0   -70.0   60.700 -146.078    558.8    852.3
     1     1    15    11    14     7     0     0   -71.0   60.888 -146.068    587.8    844.5
     1     1    15    11    14     6     0     0   -72.0   61.078 -146.037    620.0    836.2
