     1     1
    CDC1    15    11     1     0     0
     1 BACKWARD OMEGA   
    15    11    20    18   60.984 -139.059   750.0
     1 PRESSURE
     1     1    15    11    20    18     0     0     0.0   60.984 -139.059    750.0    803.6
     1     1    15    11    20    17     0     0    -1.0   60.669 -139.643    640.0    820.6
     1     1    15    11    20    16     0     0    -2.0   60.331 -140.130    513.2    842.5
     1     1    15    11    20    15     0     0    -3.0   59.977 -140.537    388.5    867.7
     1     1    15    11    20    14     0     0    -4.0   59.606 -140.909    284.9    895.8
     1     1    15    11    20    13     0     0    -5.0   59.210 -141.285    203.8    922.6
     1     1    15    11    20    12     0     0    -6.0   58.777 -141.686    138.0    948.1
     1     1    15    11    20    11     0     0    -7.0   58.308 -142.124     88.4    976.8
     1     1    15    11    20    10     0     0    -8.0   57.811 -142.603     55.5   1002.9
     1     1    15    11    20     9     0     0    -9.0   57.295 -143.105     35.4   1020.0
     1     1    15    11    20     8     0     0   -10.0   56.778 -143.567     24.0   1022.6
     1     1    15    11    20     7     0     0   -11.0   56.268 -143.957     17.8   1022.9
     1     1    15    11    20     6     0     0   -12.0   55.763 -144.281     14.2   1021.8
     1     1    15    11    20     5     0     0   -13.0   55.272 -144.571     12.0   1019.6
     1     1    15    11    20     4     0     0   -14.0   54.807 -144.837     10.5   1018.9
     1     1    15    11    20     3     0     0   -15.0   54.377 -145.049      9.4   1020.6
     1     1    15    11    20     2     0     0   -16.0   53.987 -145.192      8.5   1022.3
     1     1    15    11    20     1     0     0   -17.0   53.635 -145.267      7.7   1024.0
     1     1    15    11    20     0     0     0   -18.0   53.318 -145.272      7.0   1025.7
     1     1    15    11    19    23     0     0   -19.0   53.039 -145.217      6.5   1027.0
     1     1    15    11    19    22     0     0   -20.0   52.801 -145.116      6.2   1028.3
     1     1    15    11    19    21     0     0   -21.0   52.603 -144.970      6.1   1029.4
     1     1    15    11    19    20     0     0   -22.0   52.441 -144.790      6.2   1029.9
     1     1    15    11    19    19     0     0   -23.0   52.313 -144.589      6.4   1029.9
     1     1    15    11    19    18     0     0   -24.0   52.215 -144.376      6.7   1029.9
     1     1    15    11    19    17     0     0   -25.0   52.142 -144.177      7.2   1029.5
     1     1    15    11    19    16     0     0   -26.0   52.088 -144.013      7.8   1029.2
     1     1    15    11    19    15     0     0   -27.0   52.052 -143.886      8.5   1028.9
     1     1    15    11    19    14     0     0   -28.0   52.031 -143.797      9.4   1028.7
     1     1    15    11    19    13     0     0   -29.0   52.024 -143.747     10.5   1028.3
     1     1    15    11    19    12     0     0   -30.0   52.031 -143.738     12.0   1027.8
     1     1    15    11    19    11     0     0   -31.0   52.044 -143.762     13.7   1027.0
     1     1    15    11    19    10     0     0   -32.0   52.057 -143.802     15.7   1026.3
     1     1    15    11    19     9     0     0   -33.0   52.068 -143.859     17.8   1025.5
     1     1    15    11    19     8     0     0   -34.0   52.079 -143.933     19.9   1024.8
     1     1    15    11    19     7     0     0   -35.0   52.090 -144.026     22.0   1024.0
     1     1    15    11    19     6     0     0   -36.0   52.099 -144.137     24.0   1023.4
     1     1    15    11    19     5     0     0   -37.0   52.109 -144.259     26.0   1023.0
     1     1    15    11    19     4     0     0   -38.0   52.120 -144.384     28.3   1022.7
     1     1    15    11    19     3     0     0   -39.0   52.131 -144.511     30.9   1022.3
     1     1    15    11    19     2     0     0   -40.0   52.144 -144.642     33.9   1021.8
     1     1    15    11    19     1     0     0   -41.0   52.156 -144.775     37.5   1021.4
     1     1    15    11    19     0     0     0   -42.0   52.168 -144.910     41.6   1020.9
     1     1    15    11    18    23     0     0   -43.0   52.185 -145.048     45.7   1020.2
     1     1    15    11    18    22     0     0   -44.0   52.211 -145.193     48.9   1019.6
     1     1    15    11    18    21     0     0   -45.0   52.245 -145.349     51.1   1019.2
     1     1    15    11    18    20     0     0   -46.0   52.286 -145.516     52.1   1018.9
     1     1    15    11    18    19     0     0   -47.0   52.332 -145.697     52.0   1018.7
     1     1    15    11    18    18     0     0   -48.0   52.382 -145.892     50.8   1018.7
     1     1    15    11    18    17     0     0   -49.0   52.438 -146.118     49.0   1018.6
     1     1    15    11    18    16     0     0   -50.0   52.503 -146.390     47.4   1018.5
     1     1    15    11    18    15     0     0   -51.0   52.578 -146.701     45.9   1017.9
     1     1    15    11    18    14     0     0   -52.0   52.663 -147.042     44.6   1017.3
     1     1    15    11    18    13     0     0   -53.0   52.759 -147.410     43.4   1016.4
     1     1    15    11    18    12     0     0   -54.0   52.861 -147.800     42.6   1016.0
     1     1    15    11    18    11     0     0   -55.0   52.960 -148.217     42.2   1015.6
     1     1    15    11    18    10     0     0   -56.0   53.054 -148.663     42.4   1015.2
     1     1    15    11    18     9     0     0   -57.0   53.145 -149.133     42.9   1014.8
     1     1    15    11    18     8     0     0   -58.0   53.236 -149.625     43.8   1014.4
     1     1    15    11    18     7     0     0   -59.0   53.333 -150.138     44.7   1013.9
     1     1    15    11    18     6     0     0   -60.0   53.432 -150.666     45.6   1013.4
     1     1    15    11    18     5     0     0   -61.0   53.528 -151.219     46.4   1012.8
     1     1    15    11    18     4     0     0   -62.0   53.617 -151.803     47.1   1012.4
     1     1    15    11    18     3     0     0   -63.0   53.700 -152.413     47.2   1012.4
     1     1    15    11    18     2     0     0   -64.0   53.782 -153.040     46.3   1012.4
     1     1    15    11    18     1     0     0   -65.0   53.864 -153.672     44.2   1012.7
     1     1    15    11    18     0     0     0   -66.0   53.956 -154.298     40.7   1013.4
     1     1    15    11    17    23     0     0   -67.0   54.048 -154.905     36.8   1014.0
     1     1    15    11    17    22     0     0   -68.0   54.124 -155.490     33.7   1013.9
     1     1    15    11    17    21     0     0   -69.0   54.182 -156.066     31.4   1013.9
     1     1    15    11    17    20     0     0   -70.0   54.227 -156.644     29.8   1014.1
     1     1    15    11    17    19     0     0   -71.0   54.266 -157.233     28.6   1014.3
     1     1    15    11    17    18     0     0   -72.0   54.303 -157.839     27.8   1014.2
