     1     1
    CDC1    15    10     1     0     0
     1 BACKWARD OMEGA   
    15    10    13     6   60.984 -139.059   750.0
     1 PRESSURE
     1     1    15    10    13     6     0     0     0.0   60.984 -139.059    750.0    799.0
     1     1    15    10    13     5     0     0    -1.0   60.708 -139.238    684.3    809.8
     1     1    15    10    13     4     0     0    -2.0   60.426 -139.378    610.5    822.4
     1     1    15    10    13     3     0     0    -3.0   60.145 -139.485    529.2    835.2
     1     1    15    10    13     2     0     0    -4.0   59.873 -139.572    444.8    851.0
     1     1    15    10    13     1     0     0    -5.0   59.618 -139.660    364.7    868.9
     1     1    15    10    13     0     0     0    -6.0   59.383 -139.763    296.6    884.0
     1     1    15    10    12    23     0     0    -7.0   59.157 -139.887    243.5    897.2
     1     1    15    10    12    22     0     0    -8.0   58.922 -140.040    203.3    910.0
     1     1    15    10    12    21     0     0    -9.0   58.676 -140.230    172.3    921.6
     1     1    15    10    12    20     0     0   -10.0   58.418 -140.462    148.2    933.6
     1     1    15    10    12    19     0     0   -11.0   58.150 -140.740    129.5    945.9
     1     1    15    10    12    18     0     0   -12.0   57.877 -141.069    115.3    958.1
     1     1    15    10    12    17     0     0   -13.0   57.604 -141.481    104.6    970.0
     1     1    15    10    12    16     0     0   -14.0   57.337 -142.002     96.7    976.4
     1     1    15    10    12    15     0     0   -15.0   57.089 -142.613     91.2    978.8
     1     1    15    10    12    14     0     0   -16.0   56.872 -143.274     87.2    980.5
     1     1    15    10    12    13     0     0   -17.0   56.698 -143.955     84.4    981.8
     1     1    15    10    12    12     0     0   -18.0   56.578 -144.651     83.0    982.7
     1     1    15    10    12    11     0     0   -19.0   56.517 -145.318     82.9    982.7
     1     1    15    10    12    10     0     0   -20.0   56.497 -145.914     83.9    981.8
     1     1    15    10    12     9     0     0   -21.0   56.503 -146.435     86.1    981.2
     1     1    15    10    12     8     0     0   -22.0   56.528 -146.886     89.6    980.6
     1     1    15    10    12     7     0     0   -23.0   56.566 -147.268     94.6    980.2
     1     1    15    10    12     6     0     0   -24.0   56.616 -147.585    100.6    979.6
     1     1    15    10    12     5     0     0   -25.0   56.683 -147.832    105.7    978.7
     1     1    15    10    12     4     0     0   -26.0   56.770 -148.000    108.3    978.9
     1     1    15    10    12     3     0     0   -27.0   56.878 -148.086    108.5    979.9
     1     1    15    10    12     2     0     0   -28.0   57.007 -148.086    106.7    981.7
     1     1    15    10    12     1     0     0   -29.0   57.159 -147.991    102.8    984.4
     1     1    15    10    12     0     0     0   -30.0   57.338 -147.791     96.8    988.1
     1     1    15    10    11    23     0     0   -31.0   57.535 -147.477     90.9    992.0
     1     1    15    10    11    22     0     0   -32.0   57.733 -147.062     87.2    987.5
     1     1    15    10    11    21     0     0   -33.0   57.922 -146.559     86.0    982.3
     1     1    15    10    11    20     0     0   -34.0   58.091 -145.967     87.0    976.7
     1     1    15    10    11    19     0     0   -35.0   58.226 -145.279     90.1    971.1
     1     1    15    10    11    18     0     0   -36.0   58.316 -144.477     93.9    964.1
     1     1    15    10    11    17     0     0   -37.0   58.358 -143.610     94.7    957.2
     1     1    15    10    11    16     0     0   -38.0   58.359 -142.764     91.9    953.0
     1     1    15    10    11    15     0     0   -39.0   58.316 -141.975     87.6    951.6
     1     1    15    10    11    14     0     0   -40.0   58.227 -141.267     82.7    952.8
     1     1    15    10    11    13     0     0   -41.0   58.098 -140.657     77.4    956.1
     1     1    15    10    11    12     0     0   -42.0   57.933 -140.162     71.8    961.3
     1     1    15    10    11    11     0     0   -43.0   57.746 -139.762     66.6    966.4
     1     1    15    10    11    10     0     0   -44.0   57.548 -139.429     62.2    972.1
     1     1    15    10    11     9     0     0   -45.0   57.342 -139.162     58.3    973.8
     1     1    15    10    11     8     0     0   -46.0   57.129 -138.959     54.7    974.8
     1     1    15    10    11     7     0     0   -47.0   56.909 -138.827     51.3    976.4
     1     1    15    10    11     6     0     0   -48.0   56.682 -138.773     48.0    978.6
     1     1    15    10    11     5     0     0   -49.0   56.454 -138.773     44.6    980.6
     1     1    15    10    11     4     0     0   -50.0   56.232 -138.807     41.1    982.5
     1     1    15    10    11     3     0     0   -51.0   56.016 -138.885     37.8    984.4
     1     1    15    10    11     2     0     0   -52.0   55.804 -139.021     34.9    986.0
     1     1    15    10    11     1     0     0   -53.0   55.595 -139.226     32.4    987.3
     1     1    15    10    11     0     0     0   -54.0   55.387 -139.514     30.4    988.3
     1     1    15    10    10    23     0     0   -55.0   55.167 -139.866     28.7    988.9
     1     1    15    10    10    22     0     0   -56.0   54.928 -140.254     27.3    988.9
     1     1    15    10    10    21     0     0   -57.0   54.671 -140.663     26.1    987.8
     1     1    15    10    10    20     0     0   -58.0   54.401 -141.079     25.0    986.9
     1     1    15    10    10    19     0     0   -59.0   54.122 -141.509     24.0    986.2
     1     1    15    10    10    18     0     0   -60.0   53.834 -141.958     23.1    985.7
     1     1    15    10    10    17     0     0   -61.0   53.539 -142.426     22.3    985.9
     1     1    15    10    10    16     0     0   -62.0   53.245 -142.912     21.6    986.2
     1     1    15    10    10    15     0     0   -63.0   52.956 -143.424     21.1    986.5
     1     1    15    10    10    14     0     0   -64.0   52.672 -143.973     20.8    987.0
     1     1    15    10    10    13     0     0   -65.0   52.389 -144.565     20.6    987.5
     1     1    15    10    10    12     0     0   -66.0   52.109 -145.191     20.4    987.4
     1     1    15    10    10    11     0     0   -67.0   51.834 -145.829     20.4    986.6
     1     1    15    10    10    10     0     0   -68.0   51.570 -146.471     20.4    985.6
     1     1    15    10    10     9     0     0   -69.0   51.320 -147.129     20.6    984.4
     1     1    15    10    10     8     0     0   -70.0   51.087 -147.815     20.9    983.6
     1     1    15    10    10     7     0     0   -71.0   50.869 -148.533     21.3    983.5
     1     1    15    10    10     6     0     0   -72.0   50.667 -149.289     21.8    983.4
