     1     1
    CDC1    16     2     1     0     0
     1 BACKWARD OMEGA   
    16     2     4     6   60.984 -139.059   750.0
     1 PRESSURE
     1     1    16     2     4     6     0     0     0.0   60.984 -139.059    750.0    794.0
     1     1    16     2     4     5     0     0    -1.0   60.746 -138.809    712.0    801.5
     1     1    16     2     4     4     0     0    -2.0   60.509 -138.517    666.2    810.3
     1     1    16     2     4     3     0     0    -3.0   60.272 -138.180    612.1    820.1
     1     1    16     2     4     2     0     0    -4.0   60.033 -137.793    549.4    830.2
     1     1    16     2     4     1     0     0    -5.0   59.789 -137.358    483.3    844.2
     1     1    16     2     4     0     0     0    -6.0   59.540 -136.888    419.7    857.9
     1     1    16     2     3    23     0     0    -7.0   59.291 -136.394    365.3    870.6
     1     1    16     2     3    22     0     0    -8.0   59.052 -135.885    324.8    879.7
     1     1    16     2     3    21     0     0    -9.0   58.831 -135.363    295.7    886.7
     1     1    16     2     3    20     0     0   -10.0   58.628 -134.829    275.0    890.9
     1     1    16     2     3    19     0     0   -11.0   58.442 -134.286    260.5    891.1
     1     1    16     2     3    18     0     0   -12.0   58.274 -133.735    250.5    889.7
     1     1    16     2     3    17     0     0   -13.0   58.120 -133.205    241.3    887.8
     1     1    16     2     3    16     0     0   -14.0   57.984 -132.722    229.8    886.4
     1     1    16     2     3    15     0     0   -15.0   57.860 -132.285    216.7    884.7
     1     1    16     2     3    14     0     0   -16.0   57.737 -131.888    202.7    882.7
     1     1    16     2     3    13     0     0   -17.0   57.607 -131.520    188.6    880.7
     1     1    16     2     3    12     0     0   -18.0   57.472 -131.172    174.8    878.5
     1     1    16     2     3    11     0     0   -19.0   57.330 -130.843    162.9    877.4
     1     1    16     2     3    10     0     0   -20.0   57.183 -130.535    153.5    876.5
     1     1    16     2     3     9     0     0   -21.0   57.035 -130.248    146.2    875.9
     1     1    16     2     3     8     0     0   -22.0   56.891 -129.984    140.7    875.5
     1     1    16     2     3     7     0     0   -23.0   56.756 -129.742    136.8    876.9
     1     1    16     2     3     6     0     0   -24.0   56.637 -129.526    134.2    877.9
     1     1    16     2     3     5     0     0   -25.0   56.525 -129.332    132.1    878.9
     1     1    16     2     3     4     0     0   -26.0   56.415 -129.155    130.1    879.9
     1     1    16     2     3     3     0     0   -27.0   56.306 -128.996    128.0    881.1
     1     1    16     2     3     2     0     0   -28.0   56.197 -128.853    125.9    882.4
     1     1    16     2     3     1     0     0   -29.0   56.090 -128.726    123.9    883.7
     1     1    16     2     3     0     0     0   -30.0   55.983 -128.613    121.9    885.1
     1     1    16     2     2    23     0     0   -31.0   55.886 -128.517    119.2    886.0
     1     1    16     2     2    22     0     0   -32.0   55.809 -128.443    114.9    887.1
     1     1    16     2     2    21     0     0   -33.0   55.754 -128.390    109.3    888.2
     1     1    16     2     2    20     0     0   -34.0   55.720 -128.359    102.4    889.3
     1     1    16     2     2    19     0     0   -35.0   55.709 -128.349     94.5    890.4
     1     1    16     2     2    18     0     0   -36.0   55.720 -128.360     85.7    891.6
     1     1    16     2     2    17     0     0   -37.0   55.739 -128.378     76.7    893.1
     1     1    16     2     2    16     0     0   -38.0   55.751 -128.389     68.4    894.2
     1     1    16     2     2    15     0     0   -39.0   55.756 -128.394     60.8    895.0
     1     1    16     2     2    14     0     0   -40.0   55.753 -128.393     53.9    895.9
     1     1    16     2     2    13     0     0   -41.0   55.742 -128.386     47.8    896.8
     1     1    16     2     2    12     0     0   -42.0   55.721 -128.373     42.3    897.8
     1     1    16     2     2    11     0     0   -43.0   55.701 -128.362     37.4    898.2
     1     1    16     2     2    10     0     0   -44.0   55.689 -128.361     33.0    898.5
     1     1    16     2     2     9     0     0   -45.0   55.684 -128.372     29.0    898.8
     1     1    16     2     2     8     0     0   -46.0   55.688 -128.396     25.5    899.1
     1     1    16     2     2     7     0     0   -47.0   55.699 -128.433     22.3    899.4
     1     1    16     2     2     6     0     0   -48.0   55.718 -128.483     19.4    899.8
     1     1    16     2     2     5     0     0   -49.0   55.736 -128.540     17.2    900.8
     1     1    16     2     2     4     0     0   -50.0   55.744 -128.598     15.6    901.8
     1     1    16     2     2     3     0     0   -51.0   55.741 -128.656     14.7    902.9
     1     1    16     2     2     2     0     0   -52.0   55.726 -128.713     14.2    904.2
     1     1    16     2     2     1     0     0   -53.0   55.700 -128.770     14.1    905.7
     1     1    16     2     2     0     0     0   -54.0   55.662 -128.826     14.4    907.3
     1     1    16     2     1    23     0     0   -55.0   55.619 -128.873     14.6    908.6
     1     1    16     2     1    22     0     0   -56.0   55.578 -128.906     14.5    909.7
     1     1    16     2     1    21     0     0   -57.0   55.540 -128.924     14.1    910.6
     1     1    16     2     1    20     0     0   -58.0   55.505 -128.928     13.4    911.3
     1     1    16     2     1    19     0     0   -59.0   55.473 -128.921     12.5    911.7
     1     1    16     2     1    18     0     0   -60.0   55.444 -128.901     11.5    912.0
     1     1    16     2     1    17     0     0   -61.0   55.413 -128.879     10.4    912.7
     1     1    16     2     1    16     0     0   -62.0   55.373 -128.861      9.3    913.6
     1     1    16     2     1    15     0     0   -63.0   55.324 -128.848      8.2    914.6
     1     1    16     2     1    14     0     0   -64.0   55.267 -128.839      6.9    915.8
     1     1    16     2     1    13     0     0   -65.0   55.203 -128.835      5.5    917.2
     1     1    16     2     1    12     0     0   -66.0   55.131 -128.835      4.0    918.9
     1     1    16     2     1    11     0     0   -67.0   55.059 -128.842      2.5    920.4
     1     1    16     2     1    10     0     0   -68.0   54.998 -128.859      1.3    921.9
     1     1    16     2     1     9     0     0   -69.0   54.946 -128.890      0.3    923.3
     1     1    16     2     1     8     0     0   -70.0   54.906 -128.934      0.0    924.7
     1     1    16     2     1     7     0     0   -71.0   54.877 -128.993      0.0    926.1
     1     1    16     2     1     6     0     0   -72.0   54.861 -129.064      0.0    927.5
