     1     1
    CDC1    16     1     1     0     0
     1 BACKWARD OMEGA   
    16     1     3     6   60.984 -139.059   750.0
     1 PRESSURE
     1     1    16     1     3     6     0     0     0.0   60.984 -139.059    750.0    807.6
     1     1    16     1     3     5     0     0    -1.0   60.725 -139.398    721.4    814.6
     1     1    16     1     3     4     0     0    -2.0   60.449 -139.649    675.9    824.6
     1     1    16     1     3     3     0     0    -3.0   60.162 -139.809    612.2    837.2
     1     1    16     1     3     2     0     0    -4.0   59.872 -139.898    537.2    853.1
     1     1    16     1     3     1     0     0    -5.0   59.586 -139.956    463.2    871.5
     1     1    16     1     3     0     0     0    -6.0   59.308 -140.007    393.6    889.4
     1     1    16     1     2    23     0     0    -7.0   59.039 -140.040    330.4    906.0
     1     1    16     1     2    22     0     0    -8.0   58.781 -140.043    275.1    921.2
     1     1    16     1     2    21     0     0    -9.0   58.532 -140.015    228.2    935.3
     1     1    16     1     2    20     0     0   -10.0   58.293 -139.957    190.0    947.9
     1     1    16     1     2    19     0     0   -11.0   58.065 -139.868    160.1    958.2
     1     1    16     1     2    18     0     0   -12.0   57.849 -139.748    138.3    967.2
     1     1    16     1     2    17     0     0   -13.0   57.632 -139.582    121.0    974.8
     1     1    16     1     2    16     0     0   -14.0   57.400 -139.359    104.9    980.5
     1     1    16     1     2    15     0     0   -15.0   57.150 -139.089     89.6    982.8
     1     1    16     1     2    14     0     0   -16.0   56.883 -138.779     75.0    985.8
     1     1    16     1     2    13     0     0   -17.0   56.599 -138.438     60.4    988.4
     1     1    16     1     2    12     0     0   -18.0   56.303 -138.076     46.0    991.9
     1     1    16     1     2    11     0     0   -19.0   56.003 -137.697     33.1    996.3
     1     1    16     1     2    10     0     0   -20.0   55.701 -137.297     22.6   1000.6
     1     1    16     1     2     9     0     0   -21.0   55.385 -136.866     15.0   1005.1
     1     1    16     1     2     8     0     0   -22.0   55.038 -136.390      9.6   1010.2
     1     1    16     1     2     7     0     0   -23.0   54.656 -135.858      5.9   1010.8
     1     1    16     1     2     6     0     0   -24.0   54.233 -135.272      2.7   1011.8
     1     1    16     1     2     5     0     0   -25.0   53.776 -134.655      0.2   1011.8
     1     1    16     1     2     4     0     0   -26.0   53.302 -134.045      0.0   1012.1
     1     1    16     1     2     3     0     0   -27.0   52.812 -133.451      0.0   1015.3
     1     1    16     1     2     2     0     0   -28.0   52.308 -132.872      0.0   1019.4
     1     1    16     1     2     1     0     0   -29.0   51.818 -132.309      0.0   1019.3
     1     1    16     1     2     0     0     0   -30.0   51.364 -131.769      0.0   1016.5
     1     1    16     1     1    23     0     0   -31.0   50.939 -131.250      0.0   1015.3
     1     1    16     1     1    22     0     0   -32.0   50.524 -130.742      0.0   1015.7
     1     1    16     1     1    21     0     0   -33.0   50.105 -130.234      0.0   1017.7
     1     1    16     1     1    20     0     0   -34.0   49.686 -129.727      0.0   1016.0
     1     1    16     1     1    19     0     0   -35.0   49.290 -129.221      0.0   1013.4
     1     1    16     1     1    18     0     0   -36.0   48.921 -128.707      0.0   1012.8
     1     1    16     1     1    17     0     0   -37.0   48.586 -128.179      0.0   1014.2
     1     1    16     1     1    16     0     0   -38.0   48.289 -127.637      0.2   1017.1
     1     1    16     1     1    15     0     0   -39.0   48.033 -127.090      0.7   1018.2
     1     1    16     1     1    14     0     0   -40.0   47.821 -126.559      1.6   1019.1
     1     1    16     1     1    13     0     0   -41.0   47.652 -126.048      3.0   1020.2
     1     1    16     1     1    12     0     0   -42.0   47.523 -125.561      4.7   1021.2
     1     1    16     1     1    11     0     0   -43.0   47.429 -125.101      6.6   1019.9
     1     1    16     1     1    10     0     0   -44.0   47.359 -124.674      8.4   1015.6
     1     1    16     1     1     9     0     0   -45.0   47.306 -124.284      9.8   1010.8
     1     1    16     1     1     8     0     0   -46.0   47.268 -123.931     10.9   1006.2
     1     1    16     1     1     7     0     0   -47.0   47.244 -123.609     12.0   1002.0
     1     1    16     1     1     6     0     0   -48.0   47.231 -123.317     12.9    998.3
     1     1    16     1     1     5     0     0   -49.0   47.234 -123.056     13.8    994.8
     1     1    16     1     1     4     0     0   -50.0   47.254 -122.827     15.0    992.0
     1     1    16     1     1     3     0     0   -51.0   47.289 -122.625     16.5    989.8
     1     1    16     1     1     2     0     0   -52.0   47.336 -122.444     18.2    988.1
     1     1    16     1     1     1     0     0   -53.0   47.389 -122.279     20.3    986.6
     1     1    16     1     1     0     0     0   -54.0   47.443 -122.122     22.8    985.2
