     1     1
    CDC1    16     4     1     0     0
     1 BACKWARD OMEGA   
    16     4    22    12   60.984 -139.059   750.0
     1 PRESSURE
     1     1    16     4    22    12     0     0     0.0   60.984 -139.059    750.0    808.4
     1     1    16     4    22    11     0     0    -1.0   60.788 -138.839    713.0    815.3
     1     1    16     4    22    10     0     0    -2.0   60.593 -138.630    676.0    822.4
     1     1    16     4    22     9     0     0    -3.0   60.400 -138.428    639.5    829.5
     1     1    16     4    22     8     0     0    -4.0   60.212 -138.232    603.8    836.5
     1     1    16     4    22     7     0     0    -5.0   60.030 -138.040    570.0    842.7
     1     1    16     4    22     6     0     0    -6.0   59.859 -137.854    540.6    850.4
     1     1    16     4    22     5     0     0    -7.0   59.699 -137.661    515.2    857.4
     1     1    16     4    22     4     0     0    -8.0   59.547 -137.450    491.5    863.9
     1     1    16     4    22     3     0     0    -9.0   59.403 -137.224    469.0    869.8
     1     1    16     4    22     2     0     0   -10.0   59.262 -136.986    447.2    875.4
     1     1    16     4    22     1     0     0   -11.0   59.124 -136.741    425.6    880.9
     1     1    16     4    22     0     0     0   -12.0   58.986 -136.495    403.8    886.3
     1     1    16     4    21    23     0     0   -13.0   58.853 -136.253    382.0    891.4
     1     1    16     4    21    22     0     0   -14.0   58.730 -136.019    360.6    895.7
     1     1    16     4    21    21     0     0   -15.0   58.617 -135.793    339.4    899.4
     1     1    16     4    21    20     0     0   -16.0   58.515 -135.575    318.3    902.8
     1     1    16     4    21    19     0     0   -17.0   58.424 -135.365    297.0    906.0
     1     1    16     4    21    18     0     0   -18.0   58.345 -135.162    275.6    908.9
     1     1    16     4    21    17     0     0   -19.0   58.279 -134.963    256.7    911.7
     1     1    16     4    21    16     0     0   -20.0   58.229 -134.761    242.1    912.1
     1     1    16     4    21    15     0     0   -21.0   58.191 -134.549    231.1    911.7
     1     1    16     4    21    14     0     0   -22.0   58.163 -134.326    222.8    910.4
     1     1    16     4    21    13     0     0   -23.0   58.140 -134.088    216.7    908.6
     1     1    16     4    21    12     0     0   -24.0   58.118 -133.835    212.0    906.2
     1     1    16     4    21    11     0     0   -25.0   58.098 -133.575    207.3    903.8
     1     1    16     4    21    10     0     0   -26.0   58.083 -133.321    201.9    901.5
     1     1    16     4    21     9     0     0   -27.0   58.073 -133.070    196.1    899.2
     1     1    16     4    21     8     0     0   -28.0   58.066 -132.824    190.0    896.8
     1     1    16     4    21     7     0     0   -29.0   58.062 -132.581    183.8    894.3
     1     1    16     4    21     6     0     0   -30.0   58.059 -132.341    177.7    891.6
     1     1    16     4    21     5     0     0   -31.0   58.044 -132.104    170.6    889.1
     1     1    16     4    21     4     0     0   -32.0   58.009 -131.868    161.7    887.3
     1     1    16     4    21     3     0     0   -33.0   57.955 -131.635    151.3    885.9
     1     1    16     4    21     2     0     0   -34.0   57.885 -131.405    139.7    884.8
     1     1    16     4    21     1     0     0   -35.0   57.800 -131.178    127.5    883.9
     1     1    16     4    21     0     0     0   -36.0   57.702 -130.953    114.8    883.3
     1     1    16     4    20    23     0     0   -37.0   57.601 -130.719    102.9    882.0
     1     1    16     4    20    22     0     0   -38.0   57.506 -130.466     92.4    879.9
     1     1    16     4    20    21     0     0   -39.0   57.416 -130.193     83.2    878.3
     1     1    16     4    20    20     0     0   -40.0   57.331 -129.901     74.7    877.1
     1     1    16     4    20    19     0     0   -41.0   57.251 -129.592     66.0    876.8
     1     1    16     4    20    18     0     0   -42.0   57.177 -129.268     56.7    876.2
     1     1    16     4    20    17     0     0   -43.0   57.107 -128.925     47.2    875.2
     1     1    16     4    20    16     0     0   -44.0   57.039 -128.565     37.9    874.0
     1     1    16     4    20    15     0     0   -45.0   56.975 -128.188     29.4    872.4
     1     1    16     4    20    14     0     0   -46.0   56.915 -127.799     22.1    870.5
     1     1    16     4    20    13     0     0   -47.0   56.861 -127.400     16.3    869.6
     1     1    16     4    20    12     0     0   -48.0   56.821 -127.003     12.5    872.4
     1     1    16     4    20    11     0     0   -49.0   56.799 -126.618     10.1    874.3
     1     1    16     4    20    10     0     0   -50.0   56.795 -126.246      8.6    875.5
     1     1    16     4    20     9     0     0   -51.0   56.805 -125.884      7.4    876.4
     1     1    16     4    20     8     0     0   -52.0   56.828 -125.529      6.5    877.1
     1     1    16     4    20     7     0     0   -53.0   56.861 -125.177      5.7    877.7
     1     1    16     4    20     6     0     0   -54.0   56.905 -124.827      5.0    879.7
     1     1    16     4    20     5     0     0   -55.0   56.965 -124.536      4.5    882.5
     1     1    16     4    20     4     0     0   -56.0   57.042 -124.352      4.2    884.2
     1     1    16     4    20     3     0     0   -57.0   57.135 -124.273      4.0    884.6
     1     1    16     4    20     2     0     0   -58.0   57.242 -124.298      4.0    883.7
     1     1    16     4    20     1     0     0   -59.0   57.362 -124.425      4.1    881.4
     1     1    16     4    20     0     0     0   -60.0   57.494 -124.654      4.5    877.7
     1     1    16     4    19    23     0     0   -61.0   57.627 -124.937      5.0    875.9
     1     1    16     4    19    22     0     0   -62.0   57.746 -125.227      5.9    875.4
     1     1    16     4    19    21     0     0   -63.0   57.852 -125.528      7.1    875.1
     1     1    16     4    19    20     0     0   -64.0   57.942 -125.842      8.6    874.3
     1     1    16     4    19    19     0     0   -65.0   58.018 -126.172     10.7    872.9
     1     1    16     4    19    18     0     0   -66.0   58.083 -126.522     13.8    870.8
     1     1    16     4    19    17     0     0   -67.0   58.145 -126.905     19.1    867.4
     1     1    16     4    19    16     0     0   -68.0   58.213 -127.335     28.6    863.2
     1     1    16     4    19    15     0     0   -69.0   58.292 -127.813     43.6    862.4
     1     1    16     4    19    14     0     0   -70.0   58.376 -128.332     62.9    863.6
     1     1    16     4    19    13     0     0   -71.0   58.460 -128.879     83.3    863.9
     1     1    16     4    19    12     0     0   -72.0   58.541 -129.444    101.5    864.0
