     1     1
    CDC1    15    11     1     0     0
     1 BACKWARD OMEGA   
    15    11    15     6   60.984 -139.059   750.0
     1 PRESSURE
     1     1    15    11    15     6     0     0     0.0   60.984 -139.059    750.0    794.0
     1     1    15    11    15     5     0     0    -1.0   60.886 -138.795    713.2    798.9
     1     1    15    11    15     4     0     0    -2.0   60.790 -138.521    670.3    804.8
     1     1    15    11    15     3     0     0    -3.0   60.698 -138.237    621.2    811.5
     1     1    15    11    15     2     0     0    -4.0   60.610 -137.940    565.4    818.4
     1     1    15    11    15     1     0     0    -5.0   60.525 -137.630    502.7    825.7
     1     1    15    11    15     0     0     0    -6.0   60.444 -137.307    432.8    833.8
     1     1    15    11    14    23     0     0    -7.0   60.369 -136.988    360.8    842.7
     1     1    15    11    14    22     0     0    -8.0   60.293 -136.693    295.6    850.0
     1     1    15    11    14    21     0     0    -9.0   60.213 -136.422    239.9    856.5
     1     1    15    11    14    20     0     0   -10.0   60.129 -136.167    192.5    862.6
     1     1    15    11    14    19     0     0   -11.0   60.043 -135.923    152.5    867.0
     1     1    15    11    14    18     0     0   -12.0   59.956 -135.686    119.6    871.8
     1     1    15    11    14    17     0     0   -13.0   59.868 -135.459     93.5    876.5
     1     1    15    11    14    16     0     0   -14.0   59.777 -135.244     73.0    880.6
     1     1    15    11    14    15     0     0   -15.0   59.686 -135.044     56.5    883.2
     1     1    15    11    14    14     0     0   -16.0   59.593 -134.864     42.4    885.2
     1     1    15    11    14    13     0     0   -17.0   59.499 -134.704     30.6    887.1
     1     1    15    11    14    12     0     0   -18.0   59.402 -134.563     21.5    889.1
     1     1    15    11    14    11     0     0   -19.0   59.298 -134.445     14.8    891.2
     1     1    15    11    14    10     0     0   -20.0   59.179 -134.354     10.1    893.5
     1     1    15    11    14     9     0     0   -21.0   59.045 -134.285      6.4    895.7
     1     1    15    11    14     8     0     0   -22.0   58.896 -134.238      2.7    898.5
     1     1    15    11    14     7     0     0   -23.0   58.733 -134.208      0.0    901.9
     1     1    15    11    14     6     0     0   -24.0   58.558 -134.194      0.0    905.8
     1     1    15    11    14     5     0     0   -25.0   58.373 -134.184      0.0    909.7
     1     1    15    11    14     4     0     0   -26.0   58.177 -134.169      0.0    913.9
     1     1    15    11    14     3     0     0   -27.0   57.965 -134.158      0.0    918.5
     1     1    15    11    14     2     0     0   -28.0   57.737 -134.160      0.0    923.6
     1     1    15    11    14     1     0     0   -29.0   57.489 -134.185      0.0    929.5
     1     1    15    11    14     0     0     0   -30.0   57.228 -134.251      0.0    935.7
     1     1    15    11    13    23     0     0   -31.0   56.969 -134.352      0.0    942.4
     1     1    15    11    13    22     0     0   -32.0   56.716 -134.473      0.0    949.1
     1     1    15    11    13    21     0     0   -33.0   56.467 -134.627      0.0    955.9
     1     1    15    11    13    20     0     0   -34.0   56.219 -134.827      0.0    963.1
     1     1    15    11    13    19     0     0   -35.0   55.971 -135.089      0.0    970.0
     1     1    15    11    13    18     0     0   -36.0   55.722 -135.436      0.0    975.2
     1     1    15    11    13    17     0     0   -37.0   55.474 -135.900      0.0    980.6
     1     1    15    11    13    16     0     0   -38.0   55.228 -136.517      0.0    985.5
     1     1    15    11    13    15     0     0   -39.0   54.979 -137.308      0.0    989.2
     1     1    15    11    13    14     0     0   -40.0   54.740 -138.233      0.0    986.8
     1     1    15    11    13    13     0     0   -41.0   54.525 -139.220      0.0    983.8
     1     1    15    11    13    12     0     0   -42.0   54.337 -140.247      0.0    981.6
     1     1    15    11    13    11     0     0   -43.0   54.188 -141.296      0.0    982.1
     1     1    15    11    13    10     0     0   -44.0   54.088 -142.357      0.0    982.4
     1     1    15    11    13     9     0     0   -45.0   54.036 -143.433      0.0    982.0
     1     1    15    11    13     8     0     0   -46.0   54.033 -144.527      0.0    981.2
     1     1    15    11    13     7     0     0   -47.0   54.075 -145.632      0.0    980.0
     1     1    15    11    13     6     0     0   -48.0   54.150 -146.737      0.0    978.6
     1     1    15    11    13     5     0     0   -49.0   54.255 -147.850      0.0    977.1
     1     1    15    11    13     4     0     0   -50.0   54.379 -148.978      0.0    975.7
     1     1    15    11    13     3     0     0   -51.0   54.513 -150.114      0.0    974.3
     1     1    15    11    13     2     0     0   -52.0   54.654 -151.247      0.0    975.3
     1     1    15    11    13     1     0     0   -53.0   54.795 -152.359      0.0    976.0
     1     1    15    11    13     0     0     0   -54.0   54.944 -153.438      0.0    977.8
     1     1    15    11    12    23     0     0   -55.0   55.121 -154.474      0.0    980.4
     1     1    15    11    12    22     0     0   -56.0   55.332 -155.452      0.0    982.2
     1     1    15    11    12    21     0     0   -57.0   55.573 -156.360      0.0    982.9
     1     1    15    11    12    20     0     0   -58.0   55.840 -157.193      0.1    982.7
     1     1    15    11    12    19     0     0   -59.0   56.123 -157.945      0.2    981.4
     1     1    15    11    12    18     0     0   -60.0   56.417 -158.615      0.4    980.1
     1     1    15    11    12    17     0     0   -61.0   56.728 -159.226      0.6    979.5
     1     1    15    11    12    16     0     0   -62.0   57.060 -159.802      0.9    979.1
     1     1    15    11    12    15     0     0   -63.0   57.407 -160.342      1.1    979.1
     1     1    15    11    12    14     0     0   -64.0   57.756 -160.836      1.4    979.8
     1     1    15    11    12    13     0     0   -65.0   58.095 -161.277      1.8    980.7
     1     1    15    11    12    12     0     0   -66.0   58.422 -161.658      2.1    981.5
     1     1    15    11    12    11     0     0   -67.0   58.748 -161.977      2.5    982.4
     1     1    15    11    12    10     0     0   -68.0   59.085 -162.236      2.8    983.3
     1     1    15    11    12     9     0     0   -69.0   59.430 -162.434      3.1    984.1
     1     1    15    11    12     8     0     0   -70.0   59.782 -162.570      3.4    984.6
     1     1    15    11    12     7     0     0   -71.0   60.136 -162.647      3.7    984.8
     1     1    15    11    12     6     0     0   -72.0   60.480 -162.677      4.0    985.3
