     1     1
    CDC1    16     1     1     0     0
     1 BACKWARD OMEGA   
    16     1    14    18   60.984 -139.059   750.0
     1 PRESSURE
     1     1    16     1    14    18     0     0     0.0   60.984 -139.059    750.0    804.4
     1     1    16     1    14    17     0     0    -1.0   60.940 -139.052    750.9    804.4
     1     1    16     1    14    16     0     0    -2.0   60.888 -139.024    748.9    804.9
     1     1    16     1    14    15     0     0    -3.0   60.826 -138.976    744.1    805.9
     1     1    16     1    14    14     0     0    -4.0   60.756 -138.905    736.3    807.2
     1     1    16     1    14    13     0     0    -5.0   60.675 -138.811    725.6    809.0
     1     1    16     1    14    12     0     0    -6.0   60.584 -138.694    711.9    811.3
     1     1    16     1    14    11     0     0    -7.0   60.482 -138.553    697.7    814.0
     1     1    16     1    14    10     0     0    -8.0   60.367 -138.388    685.8    816.4
     1     1    16     1    14     9     0     0    -9.0   60.239 -138.198    675.6    818.6
     1     1    16     1    14     8     0     0   -10.0   60.098 -137.981    666.5    821.0
     1     1    16     1    14     7     0     0   -11.0   59.944 -137.738    658.3    824.1
     1     1    16     1    14     6     0     0   -12.0   59.783 -137.483    651.4    828.8
     1     1    16     1    14     5     0     0   -13.0   59.618 -137.222    645.3    833.0
     1     1    16     1    14     4     0     0   -14.0   59.448 -136.952    639.6    837.2
     1     1    16     1    14     3     0     0   -15.0   59.271 -136.672    634.0    841.4
     1     1    16     1    14     2     0     0   -16.0   59.086 -136.384    628.5    845.6
     1     1    16     1    14     1     0     0   -17.0   58.891 -136.085    622.8    849.9
     1     1    16     1    14     0     0     0   -18.0   58.682 -135.774    616.9    854.4
     1     1    16     1    13    23     0     0   -19.0   58.465 -135.459    608.6    858.7
     1     1    16     1    13    22     0     0   -20.0   58.245 -135.146    596.6    863.3
     1     1    16     1    13    21     0     0   -21.0   58.022 -134.832    580.3    866.9
     1     1    16     1    13    20     0     0   -22.0   57.794 -134.516    560.0    869.7
     1     1    16     1    13    19     0     0   -23.0   57.562 -134.196    536.2    872.6
     1     1    16     1    13    18     0     0   -24.0   57.327 -133.880    510.0    875.3
     1     1    16     1    13    17     0     0   -25.0   57.096 -133.577    484.3    878.4
     1     1    16     1    13    16     0     0   -26.0   56.870 -133.282    459.9    881.4
     1     1    16     1    13    15     0     0   -27.0   56.647 -132.991    436.7    884.6
     1     1    16     1    13    14     0     0   -28.0   56.426 -132.700    414.4    887.8
     1     1    16     1    13    13     0     0   -29.0   56.204 -132.407    393.0    890.7
     1     1    16     1    13    12     0     0   -30.0   55.981 -132.109    372.4    892.6
     1     1    16     1    13    11     0     0   -31.0   55.751 -131.817    350.9    894.7
     1     1    16     1    13    10     0     0   -32.0   55.513 -131.538    327.0    897.8
     1     1    16     1    13     9     0     0   -33.0   55.269 -131.263    301.9    901.4
     1     1    16     1    13     8     0     0   -34.0   55.023 -130.987    276.4    905.2
     1     1    16     1    13     7     0     0   -35.0   54.775 -130.723    251.7    908.2
     1     1    16     1    13     6     0     0   -36.0   54.521 -130.489    228.6    912.0
     1     1    16     1    13     5     0     0   -37.0   54.255 -130.270    208.2    916.5
     1     1    16     1    13     4     0     0   -38.0   53.972 -130.053    190.9    920.9
     1     1    16     1    13     3     0     0   -39.0   53.664 -129.839    175.3    925.0
     1     1    16     1    13     2     0     0   -40.0   53.325 -129.628    160.1    929.6
     1     1    16     1    13     1     0     0   -41.0   52.950 -129.414    144.6    934.5
     1     1    16     1    13     0     0     0   -42.0   52.534 -129.192    128.0    940.0
     1     1    16     1    12    23     0     0   -43.0   52.106 -128.968    109.6    944.4
     1     1    16     1    12    22     0     0   -44.0   51.700 -128.751     90.4    949.2
     1     1    16     1    12    21     0     0   -45.0   51.318 -128.532     71.7    953.9
     1     1    16     1    12    20     0     0   -46.0   50.956 -128.303     54.6    957.4
     1     1    16     1    12    19     0     0   -47.0   50.611 -128.055     40.2    960.6
     1     1    16     1    12    18     0     0   -48.0   50.273 -127.773     29.1    963.4
     1     1    16     1    12    17     0     0   -49.0   49.952 -127.454     21.3    966.3
     1     1    16     1    12    16     0     0   -50.0   49.654 -127.116     14.5    968.3
     1     1    16     1    12    15     0     0   -51.0   49.375 -126.775      8.2    970.9
     1     1    16     1    12    14     0     0   -52.0   49.113 -126.430      2.6    972.9
     1     1    16     1    12    13     0     0   -53.0   48.867 -126.086      0.0    975.3
     1     1    16     1    12    12     0     0   -54.0   48.638 -125.742      0.0    978.0
     1     1    16     1    12    11     0     0   -55.0   48.425 -125.419      0.0    981.1
     1     1    16     1    12    10     0     0   -56.0   48.223 -125.136      0.0    984.9
     1     1    16     1    12     9     0     0   -57.0   48.028 -124.888      0.0    988.9
     1     1    16     1    12     8     0     0   -58.0   47.835 -124.672      0.0    992.8
     1     1    16     1    12     7     0     0   -59.0   47.640 -124.484      0.0    997.3
     1     1    16     1    12     6     0     0   -60.0   47.441 -124.322      0.0   1000.1
     1     1    16     1    12     5     0     0   -61.0   47.238 -124.183      0.0    997.5
     1     1    16     1    12     4     0     0   -62.0   47.034 -124.067      0.0    994.9
     1     1    16     1    12     3     0     0   -63.0   46.826 -123.974      0.0    992.5
     1     1    16     1    12     2     0     0   -64.0   46.612 -123.906      0.0    990.2
     1     1    16     1    12     1     0     0   -65.0   46.390 -123.864      0.0    988.2
     1     1    16     1    12     0     0     0   -66.0   46.156 -123.850      0.0    986.6
     1     1    16     1    11    23     0     0   -67.0   45.911 -123.849      0.0    984.8
     1     1    16     1    11    22     0     0   -68.0   45.658 -123.843      0.0    982.8
     1     1    16     1    11    21     0     0   -69.0   45.395 -123.835      0.0    980.7
     1     1    16     1    11    20     0     0   -70.0   45.121 -123.830      0.0    978.5
     1     1    16     1    11    19     0     0   -71.0   44.838 -123.824      0.0    975.6
     1     1    16     1    11    18     0     0   -72.0   44.551 -123.807      0.0    972.0
