     1     1
    CDC1    15    10     1     0     0
     1 BACKWARD OMEGA   
    15    10    18     0   60.984 -139.059   750.0
     1 PRESSURE
     1     1    15    10    18     0     0     0     0.0   60.984 -139.059    750.0    800.2
     1     1    15    10    17    23     0     0    -1.0   60.753 -139.190    711.1    807.8
     1     1    15    10    17    22     0     0    -2.0   60.518 -139.301    666.4    816.8
     1     1    15    10    17    21     0     0    -3.0   60.282 -139.388    617.0    826.4
     1     1    15    10    17    20     0     0    -4.0   60.048 -139.450    564.5    835.8
     1     1    15    10    17    19     0     0    -5.0   59.826 -139.487    512.8    847.7
     1     1    15    10    17    18     0     0    -6.0   59.620 -139.510    463.5    859.5
     1     1    15    10    17    17     0     0    -7.0   59.420 -139.508    417.0    871.1
     1     1    15    10    17    16     0     0    -8.0   59.215 -139.472    373.5    882.8
     1     1    15    10    17    15     0     0    -9.0   59.008 -139.404    334.5    893.3
     1     1    15    10    17    14     0     0   -10.0   58.800 -139.305    300.9    903.3
     1     1    15    10    17    13     0     0   -11.0   58.592 -139.181    272.5    913.0
     1     1    15    10    17    12     0     0   -12.0   58.386 -139.032    248.8    922.1
     1     1    15    10    17    11     0     0   -13.0   58.179 -138.863    229.1    930.8
     1     1    15    10    17    10     0     0   -14.0   57.966 -138.678    212.4    939.3
     1     1    15    10    17     9     0     0   -15.0   57.745 -138.478    198.1    947.8
     1     1    15    10    17     8     0     0   -16.0   57.510 -138.265    185.5    956.0
     1     1    15    10    17     7     0     0   -17.0   57.259 -138.040    173.3    959.2
     1     1    15    10    17     6     0     0   -18.0   56.991 -137.803    160.8    962.7
     1     1    15    10    17     5     0     0   -19.0   56.715 -137.540    147.7    966.1
     1     1    15    10    17     4     0     0   -20.0   56.441 -137.247    134.5    969.1
     1     1    15    10    17     3     0     0   -21.0   56.166 -136.935    121.5    972.6
     1     1    15    10    17     2     0     0   -22.0   55.889 -136.611    109.4    976.6
     1     1    15    10    17     1     0     0   -23.0   55.610 -136.280     98.7    981.1
     1     1    15    10    17     0     0     0   -24.0   55.330 -135.942     90.3    986.0
     1     1    15    10    16    23     0     0   -25.0   55.055 -135.593     85.2    991.3
     1     1    15    10    16    22     0     0   -26.0   54.793 -135.228     84.2    992.8
     1     1    15    10    16    21     0     0   -27.0   54.539 -134.856     86.8    991.7
     1     1    15    10    16    20     0     0   -28.0   54.284 -134.485     91.6    989.0
     1     1    15    10    16    19     0     0   -29.0   54.022 -134.122     97.3    987.2
     1     1    15    10    16    18     0     0   -30.0   53.753 -133.773    103.7    986.3
     1     1    15    10    16    17     0     0   -31.0   53.480 -133.432    109.3    986.6
     1     1    15    10    16    16     0     0   -32.0   53.209 -133.087    113.3    988.0
     1     1    15    10    16    15     0     0   -33.0   52.941 -132.734    116.7    990.1
     1     1    15    10    16    14     0     0   -34.0   52.676 -132.365    119.8    991.5
     1     1    15    10    16    13     0     0   -35.0   52.414 -131.983    121.7    989.8
     1     1    15    10    16    12     0     0   -36.0   52.159 -131.598    121.4    987.0
     1     1    15    10    16    11     0     0   -37.0   51.913 -131.226    119.0    985.5
     1     1    15    10    16    10     0     0   -38.0   51.682 -130.876    114.9    984.8
     1     1    15    10    16     9     0     0   -39.0   51.465 -130.545    109.8    984.7
     1     1    15    10    16     8     0     0   -40.0   51.266 -130.231    103.9    985.2
     1     1    15    10    16     7     0     0   -41.0   51.084 -129.931     97.6    985.5
     1     1    15    10    16     6     0     0   -42.0   50.918 -129.644     90.8    984.1
     1     1    15    10    16     5     0     0   -43.0   50.764 -129.365     85.8    983.3
     1     1    15    10    16     4     0     0   -44.0   50.618 -129.091     84.4    981.7
     1     1    15    10    16     3     0     0   -45.0   50.479 -128.824     86.3    979.9
     1     1    15    10    16     2     0     0   -46.0   50.348 -128.565     91.0    977.9
     1     1    15    10    16     1     0     0   -47.0   50.226 -128.316     98.0    975.7
     1     1    15    10    16     0     0     0   -48.0   50.114 -128.077    106.7    973.4
     1     1    15    10    15    23     0     0   -49.0   50.010 -127.843    115.2    971.2
     1     1    15    10    15    22     0     0   -50.0   49.909 -127.608    121.6    969.6
     1     1    15    10    15    21     0     0   -51.0   49.813 -127.372    127.1    967.7
     1     1    15    10    15    20     0     0   -52.0   49.720 -127.133    132.9    965.3
     1     1    15    10    15    19     0     0   -53.0   49.629 -126.890    139.5    962.8
     1     1    15    10    15    18     0     0   -54.0   49.542 -126.643    146.8    960.4
     1     1    15    10    15    17     0     0   -55.0   49.462 -126.396    157.0    957.5
     1     1    15    10    15    16     0     0   -56.0   49.394 -126.157    172.9    954.0
     1     1    15    10    15    15     0     0   -57.0   49.336 -125.922    196.1    949.8
     1     1    15    10    15    14     0     0   -58.0   49.288 -125.690    227.4    943.9
     1     1    15    10    15    13     0     0   -59.0   49.249 -125.465    266.5    937.3
     1     1    15    10    15    12     0     0   -60.0   49.216 -125.246    313.7    930.0
     1     1    15    10    15    11     0     0   -61.0   49.187 -125.027    365.1    922.6
     1     1    15    10    15    10     0     0   -62.0   49.160 -124.803    415.6    914.5
     1     1    15    10    15     9     0     0   -63.0   49.133 -124.573    464.5    906.6
     1     1    15    10    15     8     0     0   -64.0   49.109 -124.337    512.6    898.9
     1     1    15    10    15     7     0     0   -65.0   49.088 -124.092    560.7    891.3
     1     1    15    10    15     6     0     0   -66.0   49.070 -123.836    609.7    883.6
     1     1    15    10    15     5     0     0   -67.0   49.059 -123.595    661.1    875.2
     1     1    15    10    15     4     0     0   -68.0   49.058 -123.397    715.4    866.7
     1     1    15    10    15     3     0     0   -69.0   49.067 -123.241    772.5    858.4
     1     1    15    10    15     2     0     0   -70.0   49.089 -123.129    832.6    850.4
     1     1    15    10    15     1     0     0   -71.0   49.123 -123.061    895.8    842.4
     1     1    15    10    15     0     0     0   -72.0   49.170 -123.037    962.3    833.9
