     1     1
    CDC1    16     3     1     0     0
     1 BACKWARD OMEGA   
    16     3    16     6   60.984 -139.059   750.0
     1 PRESSURE
     1     1    16     3    16     6     0     0     0.0   60.984 -139.059    750.0    807.5
     1     1    16     3    16     5     0     0    -1.0   60.843 -139.040    737.6    811.0
     1     1    16     3    16     4     0     0    -2.0   60.704 -139.014    728.2    814.0
     1     1    16     3    16     3     0     0    -3.0   60.567 -138.977    722.0    816.7
     1     1    16     3    16     2     0     0    -4.0   60.433 -138.928    718.9    818.9
     1     1    16     3    16     1     0     0    -5.0   60.301 -138.865    719.1    820.7
     1     1    16     3    16     0     0     0    -6.0   60.171 -138.787    722.6    822.0
     1     1    16     3    15    23     0     0    -7.0   60.036 -138.691    725.8    822.7
     1     1    16     3    15    22     0     0    -8.0   59.892 -138.580    725.6    825.9
     1     1    16     3    15    21     0     0    -9.0   59.737 -138.464    721.5    830.3
     1     1    16     3    15    20     0     0   -10.0   59.574 -138.347    713.3    835.6
     1     1    16     3    15    19     0     0   -11.0   59.401 -138.230    701.1    841.5
     1     1    16     3    15    18     0     0   -12.0   59.220 -138.112    684.9    848.1
     1     1    16     3    15    17     0     0   -13.0   59.041 -138.007    666.6    855.5
     1     1    16     3    15    16     0     0   -14.0   58.877 -137.926    647.4    862.4
     1     1    16     3    15    15     0     0   -15.0   58.727 -137.868    627.6    869.1
     1     1    16     3    15    14     0     0   -16.0   58.594 -137.833    607.3    875.2
     1     1    16     3    15    13     0     0   -17.0   58.476 -137.819    586.9    880.8
     1     1    16     3    15    12     0     0   -18.0   58.376 -137.825    566.7    885.8
     1     1    16     3    15    11     0     0   -19.0   58.289 -137.834    547.8    890.3
     1     1    16     3    15    10     0     0   -20.0   58.211 -137.830    531.6    894.1
     1     1    16     3    15     9     0     0   -21.0   58.142 -137.810    517.8    897.2
     1     1    16     3    15     8     0     0   -22.0   58.082 -137.775    506.3    899.8
     1     1    16     3    15     7     0     0   -23.0   58.030 -137.723    497.0    901.8
     1     1    16     3    15     6     0     0   -24.0   57.986 -137.653    489.9    903.2
     1     1    16     3    15     5     0     0   -25.0   57.946 -137.568    486.2    904.4
     1     1    16     3    15     4     0     0   -26.0   57.906 -137.473    486.7    904.9
     1     1    16     3    15     3     0     0   -27.0   57.863 -137.365    491.3    904.6
     1     1    16     3    15     2     0     0   -28.0   57.817 -137.243    499.6    904.0
     1     1    16     3    15     1     0     0   -29.0   57.764 -137.105    511.4    902.9
     1     1    16     3    15     0     0     0   -30.0   57.705 -136.950    526.5    901.6
     1     1    16     3    14    23     0     0   -31.0   57.640 -136.779    541.9    899.7
     1     1    16     3    14    22     0     0   -32.0   57.571 -136.595    555.9    898.2
     1     1    16     3    14    21     0     0   -33.0   57.498 -136.398    568.6    896.8
     1     1    16     3    14    20     0     0   -34.0   57.423 -136.193    580.0    894.5
     1     1    16     3    14    19     0     0   -35.0   57.345 -135.985    590.7    892.3
     1     1    16     3    14    18     0     0   -36.0   57.266 -135.773    601.0    890.2
     1     1    16     3    14    17     0     0   -37.0   57.185 -135.548    610.2    888.4
     1     1    16     3    14    16     0     0   -38.0   57.099 -135.301    617.0    887.0
     1     1    16     3    14    15     0     0   -39.0   57.008 -135.030    621.8    885.8
     1     1    16     3    14    14     0     0   -40.0   56.914 -134.738    624.0    882.9
     1     1    16     3    14    13     0     0   -41.0   56.814 -134.426    624.3    879.9
     1     1    16     3    14    12     0     0   -42.0   56.711 -134.095    622.8    877.0
     1     1    16     3    14    11     0     0   -43.0   56.606 -133.755    621.2    874.6
     1     1    16     3    14    10     0     0   -44.0   56.499 -133.418    620.7    872.0
     1     1    16     3    14     9     0     0   -45.0   56.391 -133.087    621.4    869.4
     1     1    16     3    14     8     0     0   -46.0   56.279 -132.764    623.3    867.1
     1     1    16     3    14     7     0     0   -47.0   56.165 -132.450    626.6    864.7
     1     1    16     3    14     6     0     0   -48.0   56.048 -132.150    630.4    861.4
     1     1    16     3    14     5     0     0   -49.0   55.927 -131.848    635.6    858.4
     1     1    16     3    14     4     0     0   -50.0   55.798 -131.530    643.5    854.8
     1     1    16     3    14     3     0     0   -51.0   55.662 -131.190    654.7    850.7
     1     1    16     3    14     2     0     0   -52.0   55.518 -130.825    670.1    845.9
     1     1    16     3    14     1     0     0   -53.0   55.368 -130.430    690.4    840.2
     1     1    16     3    14     0     0     0   -54.0   55.211 -130.000    716.8    833.4
     1     1    16     3    13    23     0     0   -55.0   55.035 -129.563    745.1    827.6
     1     1    16     3    13    22     0     0   -56.0   54.829 -129.159    770.5    822.9
     1     1    16     3    13    21     0     0   -57.0   54.594 -128.800    792.3    819.5
     1     1    16     3    13    20     0     0   -58.0   54.332 -128.479    809.9    817.4
     1     1    16     3    13    19     0     0   -59.0   54.042 -128.187    823.1    816.4
     1     1    16     3    13    18     0     0   -60.0   53.725 -127.909    831.3    816.5
     1     1    16     3    13    17     0     0   -61.0   53.390 -127.634    833.8    817.4
     1     1    16     3    13    16     0     0   -62.0   53.046 -127.362    829.6    819.5
     1     1    16     3    13    15     0     0   -63.0   52.694 -127.101    819.1    822.2
     1     1    16     3    13    14     0     0   -64.0   52.334 -126.861    802.6    825.3
     1     1    16     3    13    13     0     0   -65.0   51.968 -126.649    781.5    829.5
     1     1    16     3    13    12     0     0   -66.0   51.594 -126.463    756.4    834.7
     1     1    16     3    13    11     0     0   -67.0   51.216 -126.304    726.5    840.7
     1     1    16     3    13    10     0     0   -68.0   50.841 -126.179    689.8    848.3
     1     1    16     3    13     9     0     0   -69.0   50.469 -126.089    645.2    857.7
     1     1    16     3    13     8     0     0   -70.0   50.099 -126.033    592.7    868.5
     1     1    16     3    13     7     0     0   -71.0   49.738 -126.006    536.3    882.3
     1     1    16     3    13     6     0     0   -72.0   49.393 -126.005    479.8    897.3
