     1     1
    CDC1    16     2     1     0     0
     1 BACKWARD OMEGA   
    16     2    22     0   60.984 -139.059   750.0
     1 PRESSURE
     1     1    16     2    22     0     0     0     0.0   60.984 -139.059    750.0    804.8
     1     1    16     2    21    23     0     0    -1.0   60.449 -138.828    679.1    820.4
     1     1    16     2    21    22     0     0    -2.0   59.909 -138.436    596.6    839.9
     1     1    16     2    21    21     0     0    -3.0   59.402 -137.928    518.8    864.5
     1     1    16     2    21    20     0     0    -4.0   58.948 -137.364    454.8    884.2
     1     1    16     2    21    19     0     0    -5.0   58.544 -136.760    403.3    899.0
     1     1    16     2    21    18     0     0    -6.0   58.184 -136.125    363.1    909.6
     1     1    16     2    21    17     0     0    -7.0   57.851 -135.460    329.6    917.8
     1     1    16     2    21    16     0     0    -8.0   57.531 -134.750    297.7    923.6
     1     1    16     2    21    15     0     0    -9.0   57.214 -134.013    269.3    922.9
     1     1    16     2    21    14     0     0   -10.0   56.887 -133.274    246.3    922.1
     1     1    16     2    21    13     0     0   -11.0   56.543 -132.522    227.3    922.2
     1     1    16     2    21    12     0     0   -12.0   56.187 -131.775    215.0    919.2
     1     1    16     2    21    11     0     0   -13.0   55.821 -131.080    213.0    916.0
     1     1    16     2    21    10     0     0   -14.0   55.429 -130.435    220.6    913.2
     1     1    16     2    21     9     0     0   -15.0   55.001 -129.818    236.7    911.3
     1     1    16     2    21     8     0     0   -16.0   54.579 -129.265    257.7    908.4
     1     1    16     2    21     7     0     0   -17.0   54.187 -128.794    282.2    905.8
     1     1    16     2    21     6     0     0   -18.0   53.801 -128.368    312.6    902.8
     1     1    16     2    21     5     0     0   -19.0   53.413 -127.978    347.9    899.3
     1     1    16     2    21     4     0     0   -20.0   53.021 -127.622    383.6    896.4
     1     1    16     2    21     3     0     0   -21.0   52.628 -127.298    417.0    893.9
     1     1    16     2    21     2     0     0   -22.0   52.243 -127.016    444.1    892.2
     1     1    16     2    21     1     0     0   -23.0   51.874 -126.785    463.4    892.2
     1     1    16     2    21     0     0     0   -24.0   51.517 -126.598    475.9    893.6
     1     1    16     2    20    23     0     0   -25.0   51.177 -126.448    485.0    895.0
     1     1    16     2    20    22     0     0   -26.0   50.857 -126.330    493.1    896.7
     1     1    16     2    20    21     0     0   -27.0   50.557 -126.241    500.4    898.8
     1     1    16     2    20    20     0     0   -28.0   50.275 -126.180    506.7    901.3
     1     1    16     2    20    19     0     0   -29.0   50.013 -126.144    511.8    904.2
     1     1    16     2    20    18     0     0   -30.0   49.771 -126.134    516.3    909.1
     1     1    16     2    20    17     0     0   -31.0   49.546 -126.156    518.0    913.5
     1     1    16     2    20    16     0     0   -32.0   49.331 -126.212    514.9    919.0
     1     1    16     2    20    15     0     0   -33.0   49.126 -126.302    507.5    925.1
     1     1    16     2    20    14     0     0   -34.0   48.929 -126.428    496.9    931.8
     1     1    16     2    20    13     0     0   -35.0   48.739 -126.592    483.9    938.8
     1     1    16     2    20    12     0     0   -36.0   48.557 -126.797    469.8    946.1
     1     1    16     2    20    11     0     0   -37.0   48.381 -127.036    454.5    952.7
     1     1    16     2    20    10     0     0   -38.0   48.210 -127.302    437.7    959.4
     1     1    16     2    20     9     0     0   -39.0   48.046 -127.599    419.8    965.3
     1     1    16     2    20     8     0     0   -40.0   47.887 -127.929    401.0    969.7
     1     1    16     2    20     7     0     0   -41.0   47.735 -128.294    382.4    973.6
     1     1    16     2    20     6     0     0   -42.0   47.592 -128.696    365.1    976.4
     1     1    16     2    20     5     0     0   -43.0   47.454 -129.141    351.0    977.0
     1     1    16     2    20     4     0     0   -44.0   47.317 -129.637    341.0    975.6
     1     1    16     2    20     3     0     0   -45.0   47.189 -130.194    335.6    973.1
     1     1    16     2    20     2     0     0   -46.0   47.074 -130.814    335.0    970.0
     1     1    16     2    20     1     0     0   -47.0   46.983 -131.504    340.0    966.5
     1     1    16     2    20     0     0     0   -48.0   46.932 -132.280    351.5    962.7
     1     1    16     2    19    23     0     0   -49.0   46.913 -133.093    369.5    959.5
     1     1    16     2    19    22     0     0   -50.0   46.909 -133.888    392.2    956.6
     1     1    16     2    19    21     0     0   -51.0   46.931 -134.672    419.9    952.7
     1     1    16     2    19    20     0     0   -52.0   46.987 -135.451    452.5    947.9
     1     1    16     2    19    19     0     0   -53.0   47.082 -136.223    489.0    942.8
     1     1    16     2    19    18     0     0   -54.0   47.229 -136.996    529.5    937.8
     1     1    16     2    19    17     0     0   -55.0   47.408 -137.766    568.5    932.0
     1     1    16     2    19    16     0     0   -56.0   47.582 -138.518    600.2    927.4
     1     1    16     2    19    15     0     0   -57.0   47.748 -139.253    624.3    924.3
     1     1    16     2    19    14     0     0   -58.0   47.916 -139.986    643.6    922.0
     1     1    16     2    19    13     0     0   -59.0   48.087 -140.721    660.3    919.5
     1     1    16     2    19    12     0     0   -60.0   48.258 -141.465    676.8    917.4
     1     1    16     2    19    11     0     0   -61.0   48.424 -142.194    693.6    915.3
     1     1    16     2    19    10     0     0   -62.0   48.577 -142.884    708.5    912.5
     1     1    16     2    19     9     0     0   -63.0   48.724 -143.549    720.5    909.5
     1     1    16     2    19     8     0     0   -64.0   48.875 -144.205    729.8    907.1
     1     1    16     2    19     7     0     0   -65.0   49.045 -144.874    736.4    905.3
     1     1    16     2    19     6     0     0   -66.0   49.242 -145.566    741.4    904.2
     1     1    16     2    19     5     0     0   -67.0   49.458 -146.286    746.6    902.7
     1     1    16     2    19     4     0     0   -68.0   49.686 -147.045    752.2    901.0
     1     1    16     2    19     3     0     0   -69.0   49.935 -147.845    758.1    900.2
     1     1    16     2    19     2     0     0   -70.0   50.207 -148.674    764.5    901.1
     1     1    16     2    19     1     0     0   -71.0   50.509 -149.519    771.0    902.1
     1     1    16     2    19     0     0     0   -72.0   50.849 -150.380    778.3    902.8
