     1     1
    CDC1    16     2     1     0     0
     1 BACKWARD OMEGA   
    16     2    28     6   60.984 -139.059   750.0
     1 PRESSURE
     1     1    16     2    28     6     0     0     0.0   60.984 -139.059    750.0    796.2
     1     1    16     2    28     5     0     0    -1.0   60.574 -138.524    702.0    807.1
     1     1    16     2    28     4     0     0    -2.0   60.172 -137.987    647.5    819.5
     1     1    16     2    28     3     0     0    -3.0   59.779 -137.455    593.4    835.1
     1     1    16     2    28     2     0     0    -4.0   59.399 -136.931    546.1    850.6
     1     1    16     2    28     1     0     0    -5.0   59.033 -136.412    506.7    864.2
     1     1    16     2    28     0     0     0    -6.0   58.676 -135.895    473.6    876.4
     1     1    16     2    27    23     0     0    -7.0   58.327 -135.388    444.3    887.2
     1     1    16     2    27    22     0     0    -8.0   57.987 -134.897    416.5    896.6
     1     1    16     2    27    21     0     0    -9.0   57.662 -134.423    389.7    901.9
     1     1    16     2    27    20     0     0   -10.0   57.357 -133.975    364.8    905.2
     1     1    16     2    27    19     0     0   -11.0   57.071 -133.566    342.8    907.7
     1     1    16     2    27    18     0     0   -12.0   56.801 -133.198    324.0    910.7
     1     1    16     2    27    17     0     0   -13.0   56.542 -132.864    307.4    914.0
     1     1    16     2    27    16     0     0   -14.0   56.289 -132.560    292.6    917.7
     1     1    16     2    27    15     0     0   -15.0   56.041 -132.287    279.6    920.6
     1     1    16     2    27    14     0     0   -16.0   55.799 -132.051    268.4    923.5
     1     1    16     2    27    13     0     0   -17.0   55.566 -131.856    258.9    926.8
     1     1    16     2    27    12     0     0   -18.0   55.345 -131.703    251.1    930.4
     1     1    16     2    27    11     0     0   -19.0   55.133 -131.587    243.2    934.1
     1     1    16     2    27    10     0     0   -20.0   54.931 -131.502    232.8    938.1
     1     1    16     2    27     9     0     0   -21.0   54.736 -131.446    220.5    941.9
     1     1    16     2    27     8     0     0   -22.0   54.549 -131.420    206.7    946.3
     1     1    16     2    27     7     0     0   -23.0   54.369 -131.421    192.1    951.2
     1     1    16     2    27     6     0     0   -24.0   54.195 -131.448    177.3    956.0
     1     1    16     2    27     5     0     0   -25.0   54.020 -131.487    163.0    960.6
     1     1    16     2    27     4     0     0   -26.0   53.839 -131.528    149.6    965.2
     1     1    16     2    27     3     0     0   -27.0   53.654 -131.577    137.2    970.0
     1     1    16     2    27     2     0     0   -28.0   53.467 -131.640    126.1    974.9
     1     1    16     2    27     1     0     0   -29.0   53.280 -131.724    116.2    980.0
     1     1    16     2    27     0     0     0   -30.0   53.093 -131.834    107.7    985.3
     1     1    16     2    26    23     0     0   -31.0   52.900 -131.957    100.6    990.6
     1     1    16     2    26    22     0     0   -32.0   52.693 -132.080     94.5    995.8
     1     1    16     2    26    21     0     0   -33.0   52.474 -132.201     89.2   1000.7
     1     1    16     2    26    20     0     0   -34.0   52.242 -132.318     84.2   1003.1
     1     1    16     2    26    19     0     0   -35.0   52.001 -132.424     79.8   1005.1
     1     1    16     2    26    18     0     0   -36.0   51.753 -132.523     76.0   1006.5
     1     1    16     2    26    17     0     0   -37.0   51.495 -132.615     73.7   1006.4
     1     1    16     2    26    16     0     0   -38.0   51.226 -132.706     73.8   1005.9
     1     1    16     2    26    15     0     0   -39.0   50.946 -132.802     76.0   1005.1
     1     1    16     2    26    14     0     0   -40.0   50.657 -132.914     79.9   1003.8
     1     1    16     2    26    13     0     0   -41.0   50.358 -133.050     85.3   1002.1
     1     1    16     2    26    12     0     0   -42.0   50.047 -133.221     91.8   1000.0
     1     1    16     2    26    11     0     0   -43.0   49.725 -133.406     97.8    997.6
     1     1    16     2    26    10     0     0   -44.0   49.393 -133.581    101.8    995.9
     1     1    16     2    26     9     0     0   -45.0   49.054 -133.749    104.7    994.5
     1     1    16     2    26     8     0     0   -46.0   48.706 -133.914    107.3    993.3
     1     1    16     2    26     7     0     0   -47.0   48.347 -134.076    110.4    992.1
     1     1    16     2    26     6     0     0   -48.0   47.974 -134.238    115.2    991.0
     1     1    16     2    26     5     0     0   -49.0   47.584 -134.400    121.2    990.0
     1     1    16     2    26     4     0     0   -50.0   47.181 -134.563    126.5    989.5
     1     1    16     2    26     3     0     0   -51.0   46.774 -134.728    130.7    989.3
     1     1    16     2    26     2     0     0   -52.0   46.367 -134.901    133.5    989.6
     1     1    16     2    26     1     0     0   -53.0   45.963 -135.083    135.0    990.0
     1     1    16     2    26     0     0     0   -54.0   45.565 -135.280    135.6    990.4
     1     1    16     2    25    23     0     0   -55.0   45.168 -135.483    135.1    991.1
     1     1    16     2    25    22     0     0   -56.0   44.763 -135.678    133.5    991.8
     1     1    16     2    25    21     0     0   -57.0   44.350 -135.867    130.7    992.5
     1     1    16     2    25    20     0     0   -58.0   43.926 -136.051    127.4    993.2
     1     1    16     2    25    19     0     0   -59.0   43.492 -136.237    124.0    993.7
     1     1    16     2    25    18     0     0   -60.0   43.044 -136.430    121.1    994.1
     1     1    16     2    25    17     0     0   -61.0   42.590 -136.630    118.2    994.1
     1     1    16     2    25    16     0     0   -62.0   42.134 -136.822    113.7    993.8
     1     1    16     2    25    15     0     0   -63.0   41.672 -136.997    107.3    993.8
     1     1    16     2    25    14     0     0   -64.0   41.198 -137.153     99.2    994.2
     1     1    16     2    25    13     0     0   -65.0   40.707 -137.292     89.8    994.9
     1     1    16     2    25    12     0     0   -66.0   40.193 -137.418     79.7    995.8
     1     1    16     2    25    11     0     0   -67.0   39.670 -137.530     70.4    997.5
     1     1    16     2    25    10     0     0   -68.0   39.162 -137.622     62.7    999.2
     1     1    16     2    25     9     0     0   -69.0   38.668 -137.692     56.5   1000.7
     1     1    16     2    25     8     0     0   -70.0   38.188 -137.738     51.8   1002.0
     1     1    16     2    25     7     0     0   -71.0   37.718 -137.759     48.5   1003.3
     1     1    16     2    25     6     0     0   -72.0   37.256 -137.753     46.5   1004.4
