     1     1
    CDC1    16     2     1     0     0
     1 BACKWARD OMEGA   
    16     2     6     0   60.984 -139.059   750.0
     1 PRESSURE
     1     1    16     2     6     0     0     0     0.0   60.984 -139.059    750.0    794.6
     1     1    16     2     5    23     0     0    -1.0   60.944 -139.395    721.8    798.5
     1     1    16     2     5    22     0     0    -2.0   60.889 -139.720    696.6    802.1
     1     1    16     2     5    21     0     0    -3.0   60.817 -140.035    673.7    805.9
     1     1    16     2     5    20     0     0    -4.0   60.726 -140.339    652.1    810.5
     1     1    16     2     5    19     0     0    -5.0   60.615 -140.631    630.6    815.6
     1     1    16     2     5    18     0     0    -6.0   60.485 -140.914    608.6    821.2
     1     1    16     2     5    17     0     0    -7.0   60.340 -141.178    583.4    827.3
     1     1    16     2     5    16     0     0    -8.0   60.186 -141.415    553.0    834.3
     1     1    16     2     5    15     0     0    -9.0   60.024 -141.630    517.9    842.1
     1     1    16     2     5    14     0     0   -10.0   59.854 -141.822    480.4    852.6
     1     1    16     2     5    13     0     0   -11.0   59.678 -141.994    442.7    863.7
     1     1    16     2     5    12     0     0   -12.0   59.494 -142.150    406.1    875.1
     1     1    16     2     5    11     0     0   -13.0   59.294 -142.291    371.6    886.8
     1     1    16     2     5    10     0     0   -14.0   59.073 -142.416    340.1    898.3
     1     1    16     2     5     9     0     0   -15.0   58.829 -142.529    312.1    910.2
     1     1    16     2     5     8     0     0   -16.0   58.561 -142.633    287.1    922.8
     1     1    16     2     5     7     0     0   -17.0   58.268 -142.731    264.7    935.9
     1     1    16     2     5     6     0     0   -18.0   57.951 -142.826    244.6    949.7
     1     1    16     2     5     5     0     0   -19.0   57.598 -142.923    226.0    964.2
     1     1    16     2     5     4     0     0   -20.0   57.205 -143.032    208.0    969.2
     1     1    16     2     5     3     0     0   -21.0   56.781 -143.163    191.5    969.8
     1     1    16     2     5     2     0     0   -22.0   56.330 -143.328    176.7    969.5
     1     1    16     2     5     1     0     0   -23.0   55.852 -143.544    163.7    968.7
     1     1    16     2     5     0     0     0   -24.0   55.349 -143.828    152.4    966.9
     1     1    16     2     4    23     0     0   -25.0   54.830 -144.195    142.6    964.9
     1     1    16     2     4    22     0     0   -26.0   54.312 -144.625    134.8    965.7
     1     1    16     2     4    21     0     0   -27.0   53.806 -145.105    129.3    966.6
     1     1    16     2     4    20     0     0   -28.0   53.326 -145.646    125.9    967.3
     1     1    16     2     4    19     0     0   -29.0   52.880 -146.258    124.5    968.3
     1     1    16     2     4    18     0     0   -30.0   52.464 -146.943    125.3    969.3
     1     1    16     2     4    17     0     0   -31.0   52.071 -147.669    127.2    967.3
     1     1    16     2     4    16     0     0   -32.0   51.701 -148.396    129.4    966.6
     1     1    16     2     4    15     0     0   -33.0   51.352 -149.122    132.1    966.1
     1     1    16     2     4    14     0     0   -34.0   51.018 -149.858    136.0    965.5
     1     1    16     2     4    13     0     0   -35.0   50.695 -150.614    141.3    964.7
     1     1    16     2     4    12     0     0   -36.0   50.375 -151.400    148.3    963.8
     1     1    16     2     4    11     0     0   -37.0   50.067 -152.214    155.9    962.4
     1     1    16     2     4    10     0     0   -38.0   49.785 -153.044    163.4    959.4
     1     1    16     2     4     9     0     0   -39.0   49.532 -153.882    170.3    956.4
     1     1    16     2     4     8     0     0   -40.0   49.306 -154.731    176.7    954.1
     1     1    16     2     4     7     0     0   -41.0   49.104 -155.591    182.8    953.4
     1     1    16     2     4     6     0     0   -42.0   48.925 -156.453    188.3    953.2
     1     1    16     2     4     5     0     0   -43.0   48.773 -157.309    192.9    953.2
     1     1    16     2     4     4     0     0   -44.0   48.661 -158.159    197.2    954.2
     1     1    16     2     4     3     0     0   -45.0   48.586 -159.004    201.4    955.2
     1     1    16     2     4     2     0     0   -46.0   48.539 -159.847    205.1    956.1
     1     1    16     2     4     1     0     0   -47.0   48.513 -160.689    207.9    956.0
     1     1    16     2     4     0     0     0   -48.0   48.504 -161.522    209.3    955.9
     1     1    16     2     3    23     0     0   -49.0   48.516 -162.328    208.6    956.0
     1     1    16     2     3    22     0     0   -50.0   48.562 -163.099    206.8    956.2
     1     1    16     2     3    21     0     0   -51.0   48.642 -163.837    204.8    956.4
     1     1    16     2     3    20     0     0   -52.0   48.750 -164.545    202.4    956.7
     1     1    16     2     3    19     0     0   -53.0   48.884 -165.222    199.7    957.2
     1     1    16     2     3    18     0     0   -54.0   49.040 -165.868    196.6    957.5
     1     1    16     2     3    17     0     0   -55.0   49.219 -166.486    193.6    958.0
     1     1    16     2     3    16     0     0   -56.0   49.422 -167.080    191.8    958.3
     1     1    16     2     3    15     0     0   -57.0   49.644 -167.653    191.4    958.6
     1     1    16     2     3    14     0     0   -58.0   49.885 -168.206    192.6    959.4
     1     1    16     2     3    13     0     0   -59.0   50.141 -168.730    195.1    960.0
     1     1    16     2     3    12     0     0   -60.0   50.409 -169.210    198.4    960.5
     1     1    16     2     3    11     0     0   -61.0   50.681 -169.627    201.7    960.8
     1     1    16     2     3    10     0     0   -62.0   50.949 -169.971    204.5    961.3
     1     1    16     2     3     9     0     0   -63.0   51.209 -170.246    206.9    961.9
     1     1    16     2     3     8     0     0   -64.0   51.461 -170.457    209.0    962.5
     1     1    16     2     3     7     0     0   -65.0   51.705 -170.610    210.7    963.1
     1     1    16     2     3     6     0     0   -66.0   51.941 -170.708    212.1    963.8
     1     1    16     2     3     5     0     0   -67.0   52.173 -170.772    212.9    964.4
     1     1    16     2     3     4     0     0   -68.0   52.404 -170.816    213.1    965.0
     1     1    16     2     3     3     0     0   -69.0   52.634 -170.834    212.7    965.9
     1     1    16     2     3     2     0     0   -70.0   52.858 -170.818    211.8    966.9
     1     1    16     2     3     1     0     0   -71.0   53.075 -170.765    210.5    967.9
     1     1    16     2     3     0     0     0   -72.0   53.286 -170.678    208.9    969.0
