     1     1
    CDC1    16     2     1     0     0
     1 BACKWARD OMEGA   
    16     2    25     0   60.984 -139.059   750.0
     1 PRESSURE
     1     1    16     2    25     0     0     0     0.0   60.984 -139.059    750.0    805.5
     1     1    16     2    24    23     0     0    -1.0   60.532 -138.821    680.7    819.4
     1     1    16     2    24    22     0     0    -2.0   60.060 -138.491    596.9    836.4
     1     1    16     2    24    21     0     0    -3.0   59.592 -138.095    511.5    859.5
     1     1    16     2    24    20     0     0    -4.0   59.153 -137.664    434.2    881.5
     1     1    16     2    24    19     0     0    -5.0   58.749 -137.200    365.9    900.8
     1     1    16     2    24    18     0     0    -6.0   58.388 -136.716    307.5    915.9
     1     1    16     2    24    17     0     0    -7.0   58.060 -136.209    258.9    928.4
     1     1    16     2    24    16     0     0    -8.0   57.755 -135.673    218.2    938.9
     1     1    16     2    24    15     0     0    -9.0   57.474 -135.120    183.7    946.6
     1     1    16     2    24    14     0     0   -10.0   57.214 -134.572    153.4    947.2
     1     1    16     2    24    13     0     0   -11.0   56.964 -134.043    126.0    947.5
     1     1    16     2    24    12     0     0   -12.0   56.722 -133.528    100.9    948.5
     1     1    16     2    24    11     0     0   -13.0   56.488 -133.014     79.0    950.2
     1     1    16     2    24    10     0     0   -14.0   56.272 -132.491     62.0    950.3
     1     1    16     2    24     9     0     0   -15.0   56.087 -131.970     51.0    946.3
     1     1    16     2    24     8     0     0   -16.0   55.939 -131.465     45.6    941.1
     1     1    16     2    24     7     0     0   -17.0   55.824 -130.983     44.2    935.1
     1     1    16     2    24     6     0     0   -18.0   55.739 -130.528     46.6    928.7
     1     1    16     2    24     5     0     0   -19.0   55.673 -130.105     52.3    921.8
     1     1    16     2    24     4     0     0   -20.0   55.615 -129.706     60.6    916.4
     1     1    16     2    24     3     0     0   -21.0   55.560 -129.320     70.9    911.5
     1     1    16     2    24     2     0     0   -22.0   55.506 -128.946     83.0    905.9
     1     1    16     2    24     1     0     0   -23.0   55.450 -128.584     96.9    900.1
     1     1    16     2    24     0     0     0   -24.0   55.393 -128.235    112.6    894.4
     1     1    16     2    23    23     0     0   -25.0   55.346 -127.901    129.5    889.2
     1     1    16     2    23    22     0     0   -26.0   55.320 -127.586    147.4    883.9
     1     1    16     2    23    21     0     0   -27.0   55.315 -127.285    166.9    880.9
     1     1    16     2    23    20     0     0   -28.0   55.326 -126.996    189.0    878.5
     1     1    16     2    23    19     0     0   -29.0   55.354 -126.717    214.4    874.8
     1     1    16     2    23    18     0     0   -30.0   55.400 -126.446    243.6    870.5
     1     1    16     2    23    17     0     0   -31.0   55.458 -126.215    276.4    865.5
     1     1    16     2    23    16     0     0   -32.0   55.517 -126.055    312.8    860.6
     1     1    16     2    23    15     0     0   -33.0   55.580 -125.972    352.4    855.8
     1     1    16     2    23    14     0     0   -34.0   55.648 -125.971    394.9    850.4
     1     1    16     2    23    13     0     0   -35.0   55.718 -126.051    439.4    844.7
     1     1    16     2    23    12     0     0   -36.0   55.791 -126.210    485.5    839.3
     1     1    16     2    23    11     0     0   -37.0   55.868 -126.403    533.5    833.9
     1     1    16     2    23    10     0     0   -38.0   55.954 -126.598    583.9    828.1
     1     1    16     2    23     9     0     0   -39.0   56.052 -126.794    636.1    821.5
     1     1    16     2    23     8     0     0   -40.0   56.162 -126.993    689.2    814.4
     1     1    16     2    23     7     0     0   -41.0   56.286 -127.199    742.2    807.1
     1     1    16     2    23     6     0     0   -42.0   56.421 -127.418    794.7    799.8
     1     1    16     2    23     5     0     0   -43.0   56.558 -127.663    847.4    794.1
     1     1    16     2    23     4     0     0   -44.0   56.680 -127.942    900.4    789.7
     1     1    16     2    23     3     0     0   -45.0   56.786 -128.250    953.7    785.5
     1     1    16     2    23     2     0     0   -46.0   56.875 -128.587   1007.9    781.8
     1     1    16     2    23     1     0     0   -47.0   56.944 -128.947   1063.6    778.6
     1     1    16     2    23     0     0     0   -48.0   56.994 -129.331   1121.5    775.9
     1     1    16     2    22    23     0     0   -49.0   57.029 -129.713   1177.6    772.8
     1     1    16     2    22    22     0     0   -50.0   57.053 -130.072   1226.6    771.3
     1     1    16     2    22    21     0     0   -51.0   57.069 -130.405   1267.6    772.0
     1     1    16     2    22    20     0     0   -52.0   57.075 -130.714   1298.4    773.5
     1     1    16     2    22    19     0     0   -53.0   57.075 -131.003   1319.1    775.9
     1     1    16     2    22    18     0     0   -54.0   57.069 -131.274   1329.4    779.2
     1     1    16     2    22    17     0     0   -55.0   57.050 -131.543   1336.6    783.5
     1     1    16     2    22    16     0     0   -56.0   57.012 -131.822   1348.9    787.1
     1     1    16     2    22    15     0     0   -57.0   56.957 -132.111   1365.1    790.9
     1     1    16     2    22    14     0     0   -58.0   56.891 -132.409   1384.1    794.9
     1     1    16     2    22    13     0     0   -59.0   56.814 -132.716   1404.2    798.4
     1     1    16     2    22    12     0     0   -60.0   56.729 -133.027   1423.8    801.8
     1     1    16     2    22    11     0     0   -61.0   56.632 -133.330   1435.8    805.2
     1     1    16     2    22    10     0     0   -62.0   56.519 -133.610   1437.0    810.4
     1     1    16     2    22     9     0     0   -63.0   56.394 -133.871   1428.8    816.4
     1     1    16     2    22     8     0     0   -64.0   56.260 -134.116   1413.3    823.1
     1     1    16     2    22     7     0     0   -65.0   56.120 -134.347   1392.8    830.2
     1     1    16     2    22     6     0     0   -66.0   55.975 -134.568   1369.3    837.6
     1     1    16     2    22     5     0     0   -67.0   55.817 -134.746   1341.5    844.8
     1     1    16     2    22     4     0     0   -68.0   55.634 -134.848   1309.5    852.3
     1     1    16     2    22     3     0     0   -69.0   55.427 -134.881   1274.4    859.4
     1     1    16     2    22     2     0     0   -70.0   55.199 -134.853   1238.1    866.1
     1     1    16     2    22     1     0     0   -71.0   54.953 -134.775   1201.5    871.8
     1     1    16     2    22     0     0     0   -72.0   54.690 -134.664   1164.4    874.4
