     1     1
    CDC1    16     3     1     0     0
     1 BACKWARD OMEGA   
    16     3    23     6   60.984 -139.059   750.0
     1 PRESSURE
     1     1    16     3    23     6     0     0     0.0   60.984 -139.059    750.0    805.7
     1     1    16     3    23     5     0     0    -1.0   60.825 -138.822    746.0    809.1
     1     1    16     3    23     4     0     0    -2.0   60.670 -138.598    744.0    812.2
     1     1    16     3    23     3     0     0    -3.0   60.521 -138.387    743.7    814.8
     1     1    16     3    23     2     0     0    -4.0   60.380 -138.193    745.0    817.2
     1     1    16     3    23     1     0     0    -5.0   60.249 -138.016    747.9    819.2
     1     1    16     3    23     0     0     0    -6.0   60.129 -137.858    752.4    820.7
     1     1    16     3    22    23     0     0    -7.0   60.014 -137.713    757.3    821.6
     1     1    16     3    22    22     0     0    -8.0   59.896 -137.571    761.6    824.3
     1     1    16     3    22    21     0     0    -9.0   59.777 -137.432    764.8    827.2
     1     1    16     3    22    20     0     0   -10.0   59.659 -137.298    766.9    830.0
     1     1    16     3    22    19     0     0   -11.0   59.542 -137.170    768.1    832.9
     1     1    16     3    22    18     0     0   -12.0   59.429 -137.051    768.5    835.7
     1     1    16     3    22    17     0     0   -13.0   59.320 -136.934    766.7    838.2
     1     1    16     3    22    16     0     0   -14.0   59.212 -136.816    760.4    841.3
     1     1    16     3    22    15     0     0   -15.0   59.106 -136.699    750.1    844.7
     1     1    16     3    22    14     0     0   -16.0   59.001 -136.584    735.6    848.5
     1     1    16     3    22    13     0     0   -17.0   58.897 -136.473    717.2    852.7
     1     1    16     3    22    12     0     0   -18.0   58.791 -136.366    695.2    857.4
     1     1    16     3    22    11     0     0   -19.0   58.683 -136.257    671.7    862.5
     1     1    16     3    22    10     0     0   -20.0   58.570 -136.138    649.4    867.4
     1     1    16     3    22     9     0     0   -21.0   58.452 -136.010    627.9    872.3
     1     1    16     3    22     8     0     0   -22.0   58.330 -135.873    607.4    876.9
     1     1    16     3    22     7     0     0   -23.0   58.202 -135.729    587.9    881.2
     1     1    16     3    22     6     0     0   -24.0   58.070 -135.579    569.4    885.5
     1     1    16     3    22     5     0     0   -25.0   57.936 -135.416    555.2    889.7
     1     1    16     3    22     4     0     0   -26.0   57.803 -135.233    548.8    892.4
     1     1    16     3    22     3     0     0   -27.0   57.670 -135.028    550.3    894.0
     1     1    16     3    22     2     0     0   -28.0   57.538 -134.800    559.6    892.9
     1     1    16     3    22     1     0     0   -29.0   57.407 -134.553    576.0    889.6
     1     1    16     3    22     0     0     0   -30.0   57.279 -134.293    599.7    885.2
     1     1    16     3    21    23     0     0   -31.0   57.155 -134.034    626.8    880.2
     1     1    16     3    21    22     0     0   -32.0   57.035 -133.787    653.8    875.5
     1     1    16     3    21    21     0     0   -33.0   56.917 -133.552    680.8    871.1
     1     1    16     3    21    20     0     0   -34.0   56.801 -133.327    707.9    867.1
     1     1    16     3    21    19     0     0   -35.0   56.684 -133.110    735.1    863.2
     1     1    16     3    21    18     0     0   -36.0   56.566 -132.899    762.4    859.7
     1     1    16     3    21    17     0     0   -37.0   56.445 -132.689    787.2    856.3
     1     1    16     3    21    16     0     0   -38.0   56.318 -132.470    806.3    853.9
     1     1    16     3    21    15     0     0   -39.0   56.184 -132.244    819.1    851.5
     1     1    16     3    21    14     0     0   -40.0   56.040 -132.011    825.4    849.8
     1     1    16     3    21    13     0     0   -41.0   55.886 -131.770    825.1    848.8
     1     1    16     3    21    12     0     0   -42.0   55.722 -131.522    818.4    848.7
     1     1    16     3    21    11     0     0   -43.0   55.545 -131.263    807.9    849.3
     1     1    16     3    21    10     0     0   -44.0   55.352 -130.992    795.8    849.9
     1     1    16     3    21     9     0     0   -45.0   55.143 -130.707    781.4    850.9
     1     1    16     3    21     8     0     0   -46.0   54.916 -130.408    763.9    851.8
     1     1    16     3    21     7     0     0   -47.0   54.670 -130.099    743.5    852.8
     1     1    16     3    21     6     0     0   -48.0   54.404 -129.785    720.8    855.0
     1     1    16     3    21     5     0     0   -49.0   54.134 -129.467    700.3    857.9
     1     1    16     3    21     4     0     0   -50.0   53.872 -129.139    686.1    859.2
     1     1    16     3    21     3     0     0   -51.0   53.617 -128.799    677.7    859.4
     1     1    16     3    21     2     0     0   -52.0   53.369 -128.446    674.8    858.5
     1     1    16     3    21     1     0     0   -53.0   53.126 -128.079    677.1    856.5
     1     1    16     3    21     0     0     0   -54.0   52.888 -127.698    684.0    853.5
     1     1    16     3    20    23     0     0   -55.0   52.648 -127.321    687.6    850.2
     1     1    16     3    20    22     0     0   -56.0   52.402 -126.972    681.4    849.1
     1     1    16     3    20    21     0     0   -57.0   52.151 -126.655    665.8    849.6
     1     1    16     3    20    20     0     0   -58.0   51.895 -126.369    641.6    851.8
     1     1    16     3    20    19     0     0   -59.0   51.634 -126.108    609.5    855.5
     1     1    16     3    20    18     0     0   -60.0   51.369 -125.866    570.4    859.9
     1     1    16     3    20    17     0     0   -61.0   51.100 -125.643    531.1    865.4
     1     1    16     3    20    16     0     0   -62.0   50.831 -125.438    498.5    870.1
     1     1    16     3    20    15     0     0   -63.0   50.562 -125.248    473.3    874.2
     1     1    16     3    20    14     0     0   -64.0   50.296 -125.069    456.6    877.6
     1     1    16     3    20    13     0     0   -65.0   50.033 -124.899    449.2    880.2
     1     1    16     3    20    12     0     0   -66.0   49.782 -124.734    451.8    884.1
     1     1    16     3    20    11     0     0   -67.0   49.547 -124.583    458.2    887.1
     1     1    16     3    20    10     0     0   -68.0   49.328 -124.457    463.2    891.0
     1     1    16     3    20     9     0     0   -69.0   49.125 -124.352    467.1    895.0
     1     1    16     3    20     8     0     0   -70.0   48.936 -124.268    470.2    899.1
     1     1    16     3    20     7     0     0   -71.0   48.761 -124.204    472.8    903.3
     1     1    16     3    20     6     0     0   -72.0   48.599 -124.158    475.0    907.3
