     1     1
    CDC1    15    10     1     0     0
     1 BACKWARD OMEGA   
    15    10    20    18   60.984 -139.059   750.0
     1 PRESSURE
     1     1    15    10    20    18     0     0     0.0   60.984 -139.059    750.0    805.5
     1     1    15    10    20    17     0     0    -1.0   60.767 -138.921    719.2    812.2
     1     1    15    10    20    16     0     0    -2.0   60.542 -138.750    685.6    819.7
     1     1    15    10    20    15     0     0    -3.0   60.311 -138.548    648.4    827.7
     1     1    15    10    20    14     0     0    -4.0   60.075 -138.316    606.5    836.5
     1     1    15    10    20    13     0     0    -5.0   59.842 -138.053    563.0    847.3
     1     1    15    10    20    12     0     0    -6.0   59.620 -137.759    521.5    858.4
     1     1    15    10    20    11     0     0    -7.0   59.401 -137.457    481.7    869.0
     1     1    15    10    20    10     0     0    -8.0   59.181 -137.165    441.9    879.6
     1     1    15    10    20     9     0     0    -9.0   58.958 -136.881    402.6    890.3
     1     1    15    10    20     8     0     0   -10.0   58.728 -136.601    363.8    901.0
     1     1    15    10    20     7     0     0   -11.0   58.493 -136.322    325.6    911.2
     1     1    15    10    20     6     0     0   -12.0   58.253 -136.040    288.2    921.6
     1     1    15    10    20     5     0     0   -13.0   58.019 -135.759    255.2    931.3
     1     1    15    10    20     4     0     0   -14.0   57.802 -135.493    229.2    939.3
     1     1    15    10    20     3     0     0   -15.0   57.600 -135.252    209.4    946.3
     1     1    15    10    20     2     0     0   -16.0   57.412 -135.049    194.8    951.3
     1     1    15    10    20     1     0     0   -17.0   57.234 -134.890    185.0    953.8
     1     1    15    10    20     0     0     0   -18.0   57.065 -134.774    179.9    956.1
     1     1    15    10    19    23     0     0   -19.0   56.909 -134.692    176.4    957.7
     1     1    15    10    19    22     0     0   -20.0   56.769 -134.642    172.0    960.0
     1     1    15    10    19    21     0     0   -21.0   56.647 -134.621    166.5    962.6
     1     1    15    10    19    20     0     0   -22.0   56.543 -134.629    160.0    965.4
     1     1    15    10    19    19     0     0   -23.0   56.458 -134.665    152.7    968.4
     1     1    15    10    19    18     0     0   -24.0   56.392 -134.726    144.6    971.5
     1     1    15    10    19    17     0     0   -25.0   56.340 -134.816    136.4    974.7
     1     1    15    10    19    16     0     0   -26.0   56.294 -134.938    128.6    978.1
     1     1    15    10    19    15     0     0   -27.0   56.256 -135.094    121.5    980.9
     1     1    15    10    19    14     0     0   -28.0   56.225 -135.291    115.1    983.0
     1     1    15    10    19    13     0     0   -29.0   56.202 -135.534    109.5    985.0
     1     1    15    10    19    12     0     0   -30.0   56.186 -135.830    104.8    987.1
     1     1    15    10    19    11     0     0   -31.0   56.169 -136.170    100.4    989.0
     1     1    15    10    19    10     0     0   -32.0   56.145 -136.540     95.8    991.2
     1     1    15    10    19     9     0     0   -33.0   56.114 -136.943     90.9    993.5
     1     1    15    10    19     8     0     0   -34.0   56.075 -137.384     85.9    996.1
     1     1    15    10    19     7     0     0   -35.0   56.028 -137.861     80.6    997.8
     1     1    15    10    19     6     0     0   -36.0   55.970 -138.374     75.0    999.3
     1     1    15    10    19     5     0     0   -37.0   55.901 -138.922     69.3   1000.0
     1     1    15    10    19     4     0     0   -38.0   55.819 -139.505     63.8   1000.6
     1     1    15    10    19     3     0     0   -39.0   55.720 -140.123     58.4   1001.2
     1     1    15    10    19     2     0     0   -40.0   55.608 -140.767     53.0   1001.6
     1     1    15    10    19     1     0     0   -41.0   55.485 -141.433     47.8   1001.6
     1     1    15    10    19     0     0     0   -42.0   55.349 -142.128     43.9   1001.1
     1     1    15    10    18    23     0     0   -43.0   55.206 -142.847     41.4   1000.0
     1     1    15    10    18    22     0     0   -44.0   55.065 -143.589     40.3    998.2
     1     1    15    10    18    21     0     0   -45.0   54.926 -144.364     40.6    996.2
     1     1    15    10    18    20     0     0   -46.0   54.790 -145.168     41.6    994.6
     1     1    15    10    18    19     0     0   -47.0   54.665 -145.985     42.3    992.6
     1     1    15    10    18    18     0     0   -48.0   54.560 -146.808     41.9    990.8
     1     1    15    10    18    17     0     0   -49.0   54.465 -147.627     41.3    989.6
     1     1    15    10    18    16     0     0   -50.0   54.363 -148.414     41.0    989.3
     1     1    15    10    18    15     0     0   -51.0   54.253 -149.161     41.1    989.2
     1     1    15    10    18    14     0     0   -52.0   54.133 -149.877     41.4    989.2
     1     1    15    10    18    13     0     0   -53.0   54.005 -150.564     41.7    990.4
     1     1    15    10    18    12     0     0   -54.0   53.871 -151.229     42.1    991.8
     1     1    15    10    18    11     0     0   -55.0   53.738 -151.868     42.6    993.2
     1     1    15    10    18    10     0     0   -56.0   53.611 -152.477     43.2    994.3
     1     1    15    10    18     9     0     0   -57.0   53.489 -153.066     44.3    994.7
     1     1    15    10    18     8     0     0   -58.0   53.375 -153.647     46.2    994.6
     1     1    15    10    18     7     0     0   -59.0   53.268 -154.226     49.3    994.3
     1     1    15    10    18     6     0     0   -60.0   53.171 -154.811     53.9    993.6
     1     1    15    10    18     5     0     0   -61.0   53.082 -155.396     58.9    992.1
     1     1    15    10    18     4     0     0   -62.0   53.000 -155.974     62.9    990.7
     1     1    15    10    18     3     0     0   -63.0   52.930 -156.547     65.7    989.3
     1     1    15    10    18     2     0     0   -64.0   52.874 -157.119     67.5    988.0
     1     1    15    10    18     1     0     0   -65.0   52.831 -157.695     68.8    986.7
     1     1    15    10    18     0     0     0   -66.0   52.801 -158.275     69.8    986.0
     1     1    15    10    17    23     0     0   -67.0   52.777 -158.843     70.8    985.4
     1     1    15    10    17    22     0     0   -68.0   52.758 -159.388     71.9    984.9
     1     1    15    10    17    21     0     0   -69.0   52.747 -159.914     73.2    984.5
     1     1    15    10    17    20     0     0   -70.0   52.744 -160.419     74.4    984.1
     1     1    15    10    17    19     0     0   -71.0   52.751 -160.902     75.7    983.5
     1     1    15    10    17    18     0     0   -72.0   52.770 -161.362     76.9    982.7
