     1     1
    CDC1    15    10     1     0     0
     1 BACKWARD OMEGA   
    15    10    23    12   60.984 -139.059   750.0
     1 PRESSURE
     1     1    15    10    23    12     0     0     0.0   60.984 -139.059    750.0    810.7
     1     1    15    10    23    11     0     0    -1.0   60.891 -139.399    720.3    815.8
     1     1    15    10    23    10     0     0    -2.0   60.787 -139.737    692.4    821.1
     1     1    15    10    23     9     0     0    -3.0   60.673 -140.075    666.4    826.6
     1     1    15    10    23     8     0     0    -4.0   60.553 -140.416    642.8    832.6
     1     1    15    10    23     7     0     0    -5.0   60.426 -140.762    621.9    838.6
     1     1    15    10    23     6     0     0    -6.0   60.297 -141.114    603.9    844.3
     1     1    15    10    23     5     0     0    -7.0   60.162 -141.459    585.7    849.6
     1     1    15    10    23     4     0     0    -8.0   60.020 -141.781    564.4    855.7
     1     1    15    10    23     3     0     0    -9.0   59.873 -142.084    541.3    864.0
     1     1    15    10    23     2     0     0   -10.0   59.724 -142.372    517.1    872.8
     1     1    15    10    23     1     0     0   -11.0   59.573 -142.653    492.5    882.2
     1     1    15    10    23     0     0     0   -12.0   59.424 -142.935    467.5    891.9
     1     1    15    10    22    23     0     0   -13.0   59.281 -143.223    444.1    901.3
     1     1    15    10    22    22     0     0   -14.0   59.149 -143.519    424.5    909.7
     1     1    15    10    22    21     0     0   -15.0   59.026 -143.821    408.1    917.4
     1     1    15    10    22    20     0     0   -16.0   58.912 -144.130    394.5    924.5
     1     1    15    10    22    19     0     0   -17.0   58.804 -144.445    383.6    931.1
     1     1    15    10    22    18     0     0   -18.0   58.703 -144.765    375.5    936.8
     1     1    15    10    22    17     0     0   -19.0   58.607 -145.089    369.0    942.0
     1     1    15    10    22    16     0     0   -20.0   58.519 -145.415    363.3    946.3
     1     1    15    10    22    15     0     0   -21.0   58.436 -145.744    358.9    950.0
     1     1    15    10    22    14     0     0   -22.0   58.358 -146.076    356.1    953.3
     1     1    15    10    22    13     0     0   -23.0   58.284 -146.414    355.2    956.2
     1     1    15    10    22    12     0     0   -24.0   58.213 -146.759    356.5    958.7
     1     1    15    10    22    11     0     0   -25.0   58.148 -147.113    359.9    960.6
     1     1    15    10    22    10     0     0   -26.0   58.098 -147.473    365.1    961.9
     1     1    15    10    22     9     0     0   -27.0   58.060 -147.836    371.0    961.0
     1     1    15    10    22     8     0     0   -28.0   58.036 -148.196    377.3    959.6
     1     1    15    10    22     7     0     0   -29.0   58.025 -148.550    383.8    957.9
     1     1    15    10    22     6     0     0   -30.0   58.024 -148.895    390.0    955.8
     1     1    15    10    22     5     0     0   -31.0   58.039 -149.228    398.5    953.3
     1     1    15    10    22     4     0     0   -32.0   58.076 -149.546    412.0    949.5
     1     1    15    10    22     3     0     0   -33.0   58.137 -149.847    430.7    944.6
     1     1    15    10    22     2     0     0   -34.0   58.224 -150.128    454.4    938.6
     1     1    15    10    22     1     0     0   -35.0   58.336 -150.382    482.6    931.5
     1     1    15    10    22     0     0     0   -36.0   58.472 -150.604    515.2    924.0
     1     1    15    10    21    23     0     0   -37.0   58.625 -150.783    549.9    916.3
     1     1    15    10    21    22     0     0   -38.0   58.785 -150.915    583.4    909.4
     1     1    15    10    21    21     0     0   -39.0   58.949 -151.000    616.5    902.7
     1     1    15    10    21    20     0     0   -40.0   59.114 -151.036    649.4    895.8
     1     1    15    10    21    19     0     0   -41.0   59.278 -151.025    682.5    889.1
     1     1    15    10    21    18     0     0   -42.0   59.437 -150.966    716.2    882.6
     1     1    15    10    21    17     0     0   -43.0   59.592 -150.853    747.5    876.0
     1     1    15    10    21    16     0     0   -44.0   59.743 -150.678    773.5    870.7
     1     1    15    10    21    15     0     0   -45.0   59.890 -150.441    793.7    866.2
     1     1    15    10    21    14     0     0   -46.0   60.032 -150.139    808.3    862.3
     1     1    15    10    21    13     0     0   -47.0   60.166 -149.783    816.9    858.3
     1     1    15    10    21    12     0     0   -48.0   60.289 -149.383    819.8    854.3
     1     1    15    10    21    11     0     0   -49.0   60.391 -148.940    821.3    851.3
     1     1    15    10    21    10     0     0   -50.0   60.461 -148.457    824.4    848.2
     1     1    15    10    21     9     0     0   -51.0   60.499 -147.936    828.2    845.4
     1     1    15    10    21     8     0     0   -52.0   60.506 -147.379    831.1    842.9
     1     1    15    10    21     7     0     0   -53.0   60.479 -146.798    831.0    839.8
     1     1    15    10    21     6     0     0   -54.0   60.415 -146.200    826.8    837.9
     1     1    15    10    21     5     0     0   -55.0   60.323 -145.587    815.5    837.4
     1     1    15    10    21     4     0     0   -56.0   60.211 -144.963    795.2    838.4
     1     1    15    10    21     3     0     0   -57.0   60.079 -144.338    764.6    840.1
     1     1    15    10    21     2     0     0   -58.0   59.929 -143.724    723.8    844.1
     1     1    15    10    21     1     0     0   -59.0   59.761 -143.138    674.6    850.9
     1     1    15    10    21     0     0     0   -60.0   59.572 -142.591    618.6    859.9
     1     1    15    10    20    23     0     0   -61.0   59.365 -142.089    562.1    870.6
     1     1    15    10    20    22     0     0   -62.0   59.144 -141.628    511.2    881.2
     1     1    15    10    20    21     0     0   -63.0   58.913 -141.192    465.1    892.1
     1     1    15    10    20    20     0     0   -64.0   58.676 -140.769    423.5    903.1
     1     1    15    10    20    19     0     0   -65.0   58.437 -140.347    386.0    914.0
     1     1    15    10    20    18     0     0   -66.0   58.198 -139.919    352.5    923.9
     1     1    15    10    20    17     0     0   -67.0   57.968 -139.482    323.2    933.6
     1     1    15    10    20    16     0     0   -68.0   57.752 -139.038    298.3    942.3
     1     1    15    10    20    15     0     0   -69.0   57.544 -138.582    277.1    950.3
     1     1    15    10    20    14     0     0   -70.0   57.339 -138.121    258.5    954.2
     1     1    15    10    20    13     0     0   -71.0   57.134 -137.663    242.0    957.5
     1     1    15    10    20    12     0     0   -72.0   56.924 -137.209    227.1    960.0
