     1     1
    CDC1    15    12     1     0     0
     1 BACKWARD OMEGA   
    15    12    12    12   60.984 -139.059   750.0
     1 PRESSURE
     1     1    15    12    12    12     0     0     0.0   60.984 -139.059    750.0    793.6
     1     1    15    12    12    11     0     0    -1.0   60.860 -139.142    735.2    797.2
     1     1    15    12    12    10     0     0    -2.0   60.723 -139.212    713.5    802.1
     1     1    15    12    12     9     0     0    -3.0   60.577 -139.273    684.3    808.0
     1     1    15    12    12     8     0     0    -4.0   60.422 -139.327    646.8    815.0
     1     1    15    12    12     7     0     0    -5.0   60.259 -139.375    600.0    823.2
     1     1    15    12    12     6     0     0    -6.0   60.092 -139.416    543.5    831.9
     1     1    15    12    12     5     0     0    -7.0   59.918 -139.440    482.4    843.4
     1     1    15    12    12     4     0     0    -8.0   59.736 -139.433    422.8    856.6
     1     1    15    12    12     3     0     0    -9.0   59.547 -139.394    367.0    869.8
     1     1    15    12    12     2     0     0   -10.0   59.352 -139.313    318.0    881.8
     1     1    15    12    12     1     0     0   -11.0   59.152 -139.190    277.4    893.0
     1     1    15    12    12     0     0     0   -12.0   58.948 -139.034    244.1    903.6
     1     1    15    12    11    23     0     0   -13.0   58.755 -138.860    217.7    913.1
     1     1    15    12    11    22     0     0   -14.0   58.583 -138.682    197.5    920.8
     1     1    15    12    11    21     0     0   -15.0   58.434 -138.503    181.9    926.6
     1     1    15    12    11    20     0     0   -16.0   58.306 -138.324    169.8    931.3
     1     1    15    12    11    19     0     0   -17.0   58.200 -138.145    160.6    934.9
     1     1    15    12    11    18     0     0   -18.0   58.117 -137.968    153.8    937.6
     1     1    15    12    11    17     0     0   -19.0   58.052 -137.797    147.8    939.4
     1     1    15    12    11    16     0     0   -20.0   58.004 -137.636    141.2    940.8
     1     1    15    12    11    15     0     0   -21.0   57.971 -137.488    134.0    941.8
     1     1    15    12    11    14     0     0   -22.0   57.952 -137.354    126.3    942.0
     1     1    15    12    11    13     0     0   -23.0   57.944 -137.235    118.3    942.1
     1     1    15    12    11    12     0     0   -24.0   57.949 -137.130    110.0    942.0
     1     1    15    12    11    11     0     0   -25.0   57.965 -137.036    103.4    941.7
     1     1    15    12    11    10     0     0   -26.0   57.992 -136.947     99.9    940.4
     1     1    15    12    11     9     0     0   -27.0   58.029 -136.861     99.4    938.5
     1     1    15    12    11     8     0     0   -28.0   58.076 -136.778    101.8    935.9
     1     1    15    12    11     7     0     0   -29.0   58.132 -136.694    107.4    932.6
     1     1    15    12    11     6     0     0   -30.0   58.194 -136.607    116.7    928.7
     1     1    15    12    11     5     0     0   -31.0   58.256 -136.510    128.7    924.2
     1     1    15    12    11     4     0     0   -32.0   58.314 -136.401    141.9    919.9
     1     1    15    12    11     3     0     0   -33.0   58.367 -136.284    156.5    915.6
     1     1    15    12    11     2     0     0   -34.0   58.415 -136.158    172.5    911.4
     1     1    15    12    11     1     0     0   -35.0   58.458 -136.028    190.0    907.3
     1     1    15    12    11     0     0     0   -36.0   58.498 -135.896    208.9    902.7
     1     1    15    12    10    23     0     0   -37.0   58.533 -135.756    229.5    898.2
     1     1    15    12    10    22     0     0   -38.0   58.560 -135.600    252.9    893.7
     1     1    15    12    10    21     0     0   -39.0   58.581 -135.430    279.1    889.0
     1     1    15    12    10    20     0     0   -40.0   58.597 -135.248    308.6    884.2
     1     1    15    12    10    19     0     0   -41.0   58.609 -135.055    341.6    879.3
     1     1    15    12    10    18     0     0   -42.0   58.619 -134.853    378.0    873.2
     1     1    15    12    10    17     0     0   -43.0   58.617 -134.660    411.6    866.2
     1     1    15    12    10    16     0     0   -44.0   58.595 -134.493    436.2    862.1
     1     1    15    12    10    15     0     0   -45.0   58.555 -134.350    452.4    859.7
     1     1    15    12    10    14     0     0   -46.0   58.497 -134.232    460.2    859.0
     1     1    15    12    10    13     0     0   -47.0   58.423 -134.135    459.7    859.8
     1     1    15    12    10    12     0     0   -48.0   58.334 -134.058    450.9    862.2
     1     1    15    12    10    11     0     0   -49.0   58.229 -133.984    436.5    865.7
     1     1    15    12    10    10     0     0   -50.0   58.108 -133.902    419.6    869.4
     1     1    15    12    10     9     0     0   -51.0   57.972 -133.812    399.9    873.6
     1     1    15    12    10     8     0     0   -52.0   57.821 -133.712    377.3    878.3
     1     1    15    12    10     7     0     0   -53.0   57.654 -133.603    351.9    883.0
     1     1    15    12    10     6     0     0   -54.0   57.473 -133.486    323.9    888.0
     1     1    15    12    10     5     0     0   -55.0   57.286 -133.362    295.7    893.0
     1     1    15    12    10     4     0     0   -56.0   57.103 -133.237    269.3    897.7
     1     1    15    12    10     3     0     0   -57.0   56.922 -133.118    245.1    902.5
     1     1    15    12    10     2     0     0   -58.0   56.742 -133.008    223.2    907.3
     1     1    15    12    10     1     0     0   -59.0   56.562 -132.913    203.8    912.3
     1     1    15    12    10     0     0     0   -60.0   56.378 -132.839    186.7    917.2
     1     1    15    12     9    23     0     0   -61.0   56.197 -132.778    172.0    921.5
     1     1    15    12     9    22     0     0   -62.0   56.025 -132.722    160.1    925.4
     1     1    15    12     9    21     0     0   -63.0   55.863 -132.670    150.6    928.9
     1     1    15    12     9    20     0     0   -64.0   55.712 -132.621    143.4    932.1
     1     1    15    12     9    19     0     0   -65.0   55.574 -132.575    138.4    934.8
     1     1    15    12     9    18     0     0   -66.0   55.451 -132.530    135.2    936.9
     1     1    15    12     9    17     0     0   -67.0   55.329 -132.485    133.4    939.1
     1     1    15    12     9    16     0     0   -68.0   55.198 -132.440    132.2    941.4
     1     1    15    12     9    15     0     0   -69.0   55.055 -132.397    131.5    943.9
     1     1    15    12     9    14     0     0   -70.0   54.905 -132.359    131.2    945.5
     1     1    15    12     9    13     0     0   -71.0   54.750 -132.329    131.0    946.8
     1     1    15    12     9    12     0     0   -72.0   54.596 -132.305    130.6    948.1
