     1     1
    CDC1    15    10     1     0     0
     1 BACKWARD OMEGA   
    15    10    13    12   60.984 -139.059   750.0
     1 PRESSURE
     1     1    15    10    13    12     0     0     0.0   60.984 -139.059    750.0    803.0
     1     1    15    10    13    11     0     0    -1.0   60.696 -139.279    675.0    815.0
     1     1    15    10    13    10     0     0    -2.0   60.396 -139.450    593.1    829.0
     1     1    15    10    13     9     0     0    -3.0   60.086 -139.582    507.2    842.9
     1     1    15    10    13     8     0     0    -4.0   59.776 -139.701    424.1    861.2
     1     1    15    10    13     7     0     0    -5.0   59.477 -139.834    350.0    879.7
     1     1    15    10    13     6     0     0    -6.0   59.193 -139.999    288.5    896.2
     1     1    15    10    13     5     0     0    -7.0   58.924 -140.194    239.8    911.5
     1     1    15    10    13     4     0     0    -8.0   58.673 -140.420    201.7    925.6
     1     1    15    10    13     3     0     0    -9.0   58.431 -140.686    171.0    937.6
     1     1    15    10    13     2     0     0   -10.0   58.195 -141.004    146.1    949.6
     1     1    15    10    13     1     0     0   -11.0   57.960 -141.391    126.4    961.6
     1     1    15    10    13     0     0     0   -12.0   57.720 -141.865    112.4    973.8
     1     1    15    10    12    23     0     0   -13.0   57.472 -142.415    103.0    984.9
     1     1    15    10    12    22     0     0   -14.0   57.223 -142.986     95.9    987.2
     1     1    15    10    12    21     0     0   -15.0   56.988 -143.550     90.0    988.6
     1     1    15    10    12    20     0     0   -16.0   56.768 -144.117     85.0    989.3
     1     1    15    10    12    19     0     0   -17.0   56.571 -144.698     80.5    989.5
     1     1    15    10    12    18     0     0   -18.0   56.402 -145.305     76.7    988.7
     1     1    15    10    12    17     0     0   -19.0   56.262 -145.939     74.6    986.9
     1     1    15    10    12    16     0     0   -20.0   56.151 -146.587     74.8    984.6
     1     1    15    10    12    15     0     0   -21.0   56.070 -147.230     76.7    982.0
     1     1    15    10    12    14     0     0   -22.0   56.018 -147.853     79.6    978.8
     1     1    15    10    12    13     0     0   -23.0   55.993 -148.443     82.8    975.6
     1     1    15    10    12    12     0     0   -24.0   55.995 -148.993     85.9    973.1
     1     1    15    10    12    11     0     0   -25.0   56.014 -149.490     88.6    971.5
     1     1    15    10    12    10     0     0   -26.0   56.040 -149.928     90.7    970.2
     1     1    15    10    12     9     0     0   -27.0   56.069 -150.313     92.2    969.3
     1     1    15    10    12     8     0     0   -28.0   56.099 -150.655     93.2    968.6
     1     1    15    10    12     7     0     0   -29.0   56.129 -150.957     93.7    967.9
     1     1    15    10    12     6     0     0   -30.0   56.158 -151.222     93.7    967.4
     1     1    15    10    12     5     0     0   -31.0   56.186 -151.444     93.0    967.1
     1     1    15    10    12     4     0     0   -32.0   56.214 -151.612     91.4    967.1
     1     1    15    10    12     3     0     0   -33.0   56.242 -151.728     89.0    967.3
     1     1    15    10    12     2     0     0   -34.0   56.267 -151.789     85.8    967.7
     1     1    15    10    12     1     0     0   -35.0   56.290 -151.798     81.9    968.3
     1     1    15    10    12     0     0     0   -36.0   56.313 -151.754     77.4    969.1
     1     1    15    10    11    23     0     0   -37.0   56.327 -151.668     73.2    970.1
     1     1    15    10    11    22     0     0   -38.0   56.327 -151.555     69.7    970.8
     1     1    15    10    11    21     0     0   -39.0   56.313 -151.417     66.9    971.4
     1     1    15    10    11    20     0     0   -40.0   56.286 -151.258     64.8    972.0
     1     1    15    10    11    19     0     0   -41.0   56.246 -151.082     63.2    972.4
     1     1    15    10    11    18     0     0   -42.0   56.195 -150.890     62.3    972.8
     1     1    15    10    11    17     0     0   -43.0   56.131 -150.705     61.6    972.7
     1     1    15    10    11    16     0     0   -44.0   56.048 -150.548     60.6    972.4
     1     1    15    10    11    15     0     0   -45.0   55.944 -150.419     59.3    971.8
     1     1    15    10    11    14     0     0   -46.0   55.819 -150.315     57.7    970.8
     1     1    15    10    11    13     0     0   -47.0   55.669 -150.234     55.9    969.6
     1     1    15    10    11    12     0     0   -48.0   55.494 -150.175     53.7    968.0
     1     1    15    10    11    11     0     0   -49.0   55.302 -150.146     51.7    966.3
     1     1    15    10    11    10     0     0   -50.0   55.099 -150.154     50.2    964.5
     1     1    15    10    11     9     0     0   -51.0   54.888 -150.201     49.3    964.6
     1     1    15    10    11     8     0     0   -52.0   54.674 -150.280     48.8    966.3
     1     1    15    10    11     7     0     0   -53.0   54.460 -150.379     48.8    967.9
     1     1    15    10    11     6     0     0   -54.0   54.247 -150.489     49.1    969.4
     1     1    15    10    11     5     0     0   -55.0   54.027 -150.620     49.4    970.8
     1     1    15    10    11     4     0     0   -56.0   53.791 -150.788     49.7    972.6
     1     1    15    10    11     3     0     0   -57.0   53.537 -150.996     50.0    974.6
     1     1    15    10    11     2     0     0   -58.0   53.261 -151.245     50.4    976.9
     1     1    15    10    11     1     0     0   -59.0   52.957 -151.540     51.0    979.5
     1     1    15    10    11     0     0     0   -60.0   52.618 -151.884     51.9    982.4
     1     1    15    10    10    23     0     0   -61.0   52.268 -152.274     52.8    983.1
     1     1    15    10    10    22     0     0   -62.0   51.939 -152.695     53.5    982.3
     1     1    15    10    10    21     0     0   -63.0   51.636 -153.144     54.0    980.9
     1     1    15    10    10    20     0     0   -64.0   51.352 -153.621     54.3    979.5
     1     1    15    10    10    19     0     0   -65.0   51.078 -154.128     54.6    978.0
     1     1    15    10    10    18     0     0   -66.0   50.806 -154.662     54.7    976.4
     1     1    15    10    10    17     0     0   -67.0   50.542 -155.224     54.7    974.7
     1     1    15    10    10    16     0     0   -68.0   50.303 -155.815     54.7    973.6
     1     1    15    10    10    15     0     0   -69.0   50.087 -156.433     54.6    972.6
     1     1    15    10    10    14     0     0   -70.0   49.895 -157.078     54.7    972.2
     1     1    15    10    10    13     0     0   -71.0   49.729 -157.743     54.8    973.2
     1     1    15    10    10    12     0     0   -72.0   49.586 -158.420     55.0    975.4
