     1     1
    CDC1    16     2     1     0     0
     1 BACKWARD OMEGA   
    16     2     7    18   60.984 -139.059   750.0
     1 PRESSURE
     1     1    16     2     7    18     0     0     0.0   60.984 -139.059    750.0    808.3
     1     1    16     2     7    17     0     0    -1.0   60.661 -138.863    686.1    821.3
     1     1    16     2     7    16     0     0    -2.0   60.346 -138.596    631.0    833.3
     1     1    16     2     7    15     0     0    -3.0   60.039 -138.249    585.7    843.6
     1     1    16     2     7    14     0     0    -4.0   59.748 -137.838    553.2    855.4
     1     1    16     2     7    13     0     0    -5.0   59.476 -137.379    533.3    865.1
     1     1    16     2     7    12     0     0    -6.0   59.218 -136.878    524.3    872.2
     1     1    16     2     7    11     0     0    -7.0   58.970 -136.380    523.2    877.5
     1     1    16     2     7    10     0     0    -8.0   58.729 -135.919    527.7    882.1
     1     1    16     2     7     9     0     0    -9.0   58.495 -135.488    538.3    885.7
     1     1    16     2     7     8     0     0   -10.0   58.270 -135.080    555.6    888.1
     1     1    16     2     7     7     0     0   -11.0   58.055 -134.692    579.8    887.5
     1     1    16     2     7     6     0     0   -12.0   57.851 -134.326    612.3    885.1
     1     1    16     2     7     5     0     0   -13.0   57.656 -134.011    647.4    880.5
     1     1    16     2     7     4     0     0   -14.0   57.467 -133.773    678.8    877.7
     1     1    16     2     7     3     0     0   -15.0   57.284 -133.611    706.9    875.9
     1     1    16     2     7     2     0     0   -16.0   57.105 -133.516    731.7    875.5
     1     1    16     2     7     1     0     0   -17.0   56.934 -133.474    754.0    876.2
     1     1    16     2     7     0     0     0   -18.0   56.772 -133.475    774.3    877.5
     1     1    16     2     6    23     0     0   -19.0   56.620 -133.505    790.2    878.5
     1     1    16     2     6    22     0     0   -20.0   56.478 -133.559    799.7    880.6
     1     1    16     2     6    21     0     0   -21.0   56.349 -133.641    802.9    883.5
     1     1    16     2     6    20     0     0   -22.0   56.235 -133.758    800.6    887.3
     1     1    16     2     6    19     0     0   -23.0   56.136 -133.913    793.0    891.7
     1     1    16     2     6    18     0     0   -24.0   56.054 -134.112    780.7    897.0
     1     1    16     2     6    17     0     0   -25.0   55.976 -134.331    764.9    902.2
     1     1    16     2     6    16     0     0   -26.0   55.892 -134.544    747.8    907.6
     1     1    16     2     6    15     0     0   -27.0   55.801 -134.758    729.5    913.2
     1     1    16     2     6    14     0     0   -28.0   55.705 -134.977    710.4    918.9
     1     1    16     2     6    13     0     0   -29.0   55.604 -135.209    690.7    923.1
     1     1    16     2     6    12     0     0   -30.0   55.497 -135.466    671.6    927.2
     1     1    16     2     6    11     0     0   -31.0   55.393 -135.741    654.0    931.0
     1     1    16     2     6    10     0     0   -32.0   55.299 -136.022    638.8    934.0
     1     1    16     2     6     9     0     0   -33.0   55.212 -136.305    625.2    936.3
     1     1    16     2     6     8     0     0   -34.0   55.131 -136.586    612.9    938.0
     1     1    16     2     6     7     0     0   -35.0   55.054 -136.863    601.3    939.4
     1     1    16     2     6     6     0     0   -36.0   54.981 -137.131    590.0    940.2
     1     1    16     2     6     5     0     0   -37.0   54.915 -137.409    579.3    941.0
     1     1    16     2     6     4     0     0   -38.0   54.855 -137.716    569.1    941.2
     1     1    16     2     6     3     0     0   -39.0   54.801 -138.049    559.2    941.0
     1     1    16     2     6     2     0     0   -40.0   54.751 -138.408    549.5    940.7
     1     1    16     2     6     1     0     0   -41.0   54.703 -138.788    539.5    940.3
     1     1    16     2     6     0     0     0   -42.0   54.655 -139.185    529.0    939.9
     1     1    16     2     5    23     0     0   -43.0   54.597 -139.585    518.7    939.7
     1     1    16     2     5    22     0     0   -44.0   54.521 -139.977    509.8    939.3
     1     1    16     2     5    21     0     0   -45.0   54.429 -140.362    502.7    939.2
     1     1    16     2     5    20     0     0   -46.0   54.323 -140.741    497.6    938.9
     1     1    16     2     5    19     0     0   -47.0   54.205 -141.120    494.7    938.4
     1     1    16     2     5    18     0     0   -48.0   54.078 -141.501    494.4    937.6
     1     1    16     2     5    17     0     0   -49.0   53.938 -141.888    495.6    937.0
     1     1    16     2     5    16     0     0   -50.0   53.779 -142.285    496.6    936.7
     1     1    16     2     5    15     0     0   -51.0   53.600 -142.695    497.6    936.3
     1     1    16     2     5    14     0     0   -52.0   53.402 -143.120    498.7    935.7
     1     1    16     2     5    13     0     0   -53.0   53.185 -143.568    500.0    935.1
     1     1    16     2     5    12     0     0   -54.0   52.950 -144.042    501.8    934.5
     1     1    16     2     5    11     0     0   -55.0   52.703 -144.537    504.0    934.4
     1     1    16     2     5    10     0     0   -56.0   52.446 -145.044    505.5    934.3
     1     1    16     2     5     9     0     0   -57.0   52.183 -145.561    505.4    933.7
     1     1    16     2     5     8     0     0   -58.0   51.917 -146.086    503.1    932.9
     1     1    16     2     5     7     0     0   -59.0   51.651 -146.620    498.3    932.0
     1     1    16     2     5     6     0     0   -60.0   51.389 -147.167    490.4    931.0
     1     1    16     2     5     5     0     0   -61.0   51.126 -147.734    480.3    931.5
     1     1    16     2     5     4     0     0   -62.0   50.858 -148.324    469.1    933.0
     1     1    16     2     5     3     0     0   -63.0   50.589 -148.936    456.8    934.6
     1     1    16     2     5     2     0     0   -64.0   50.322 -149.564    442.9    936.3
     1     1    16     2     5     1     0     0   -65.0   50.060 -150.207    427.2    937.9
     1     1    16     2     5     0     0     0   -66.0   49.807 -150.863    410.8    939.6
     1     1    16     2     4    23     0     0   -67.0   49.569 -151.538    396.7    941.5
     1     1    16     2     4    22     0     0   -68.0   49.344 -152.236    386.5    942.6
     1     1    16     2     4    21     0     0   -69.0   49.134 -152.953    378.6    942.3
     1     1    16     2     4    20     0     0   -70.0   48.939 -153.689    372.6    941.6
     1     1    16     2     4    19     0     0   -71.0   48.766 -154.446    367.6    941.1
     1     1    16     2     4    18     0     0   -72.0   48.621 -155.227    362.6    941.2
